"date","geography","geography code","Rural Urban","Hours Worked: All usual residents aged 16 to 74 in employment the week before the census; measures: Value","Hours Worked: Part-time: 15 hours or less worked; measures: Value","Hours Worked: Part-time: 16 to 30 hours worked; measures: Value","Hours Worked: Full-time: 31 to 48 hours worked; measures: Value","Hours Worked: Full-time: 49 or more hours worked; measures: Value","Hours Worked: Males: Total; measures: Value","Hours Worked: Males: Part-time: 15 hours or less worked; measures: Value","Hours Worked: Males: Part-time: 16 to 30 hours worked; measures: Value","Hours Worked: Males: Full-time: 31 to 48 hours worked; measures: Value","Hours Worked: Males: Full-time: 49 or more hours worked; measures: Value","Hours Worked: Females: Total; measures: Value","Hours Worked: Females: Part-time: 15 hours or less worked; measures: Value","Hours Worked: Females: Part-time: 16 to 30 hours worked; measures: Value","Hours Worked: Females: Full-time: 31 to 48 hours worked; measures: Value","Hours Worked: Females: Full-time: 49 or more hours worked; measures: Value"
"2011","Darlington 001B","E01012334","Total",1310,122,243,687,258,686,32,58,393,203,624,90,185,294,55
"2011","Darlington 001C","E01012335","Total",633,66,109,379,79,339,14,23,237,65,294,52,86,142,14
"2011","Darlington 001D","E01012366","Total",1051,107,191,519,234,531,29,47,290,165,520,78,144,229,69
"2011","Darlington 001E","E01033481","Total",815,40,122,496,157,424,9,19,280,116,391,31,103,216,41
"2011","Darlington 001F","E01033482","Total",926,65,165,559,137,481,17,21,336,107,445,48,144,223,30
"2011","Darlington 002C","E01012323","Total",824,76,160,516,72,424,23,27,313,61,400,53,133,203,11
"2011","Darlington 002D","E01012324","Total",731,63,149,450,69,369,22,20,274,53,362,41,129,176,16
"2011","Darlington 002E","E01032545","Total",647,52,146,389,60,324,16,28,233,47,323,36,118,156,13
"2011","Darlington 002F","E01032546","Total",925,93,171,561,100,488,25,34,347,82,437,68,137,214,18
"2011","Darlington 003A","E01012328","Total",755,56,168,465,66,382,18,40,270,54,373,38,128,195,12
"2011","Darlington 003B","E01012329","Total",908,57,175,572,104,472,16,33,342,81,436,41,142,230,23
"2011","Darlington 003C","E01012330","Total",608,60,117,371,60,306,20,21,219,46,302,40,96,152,14
"2011","Darlington 003D","E01012331","Total",632,61,157,364,50,308,13,30,224,41,324,48,127,140,9
"2011","Darlington 004A","E01012349","Total",598,39,153,337,69,318,10,35,219,54,280,29,118,118,15
"2011","Darlington 004B","E01012350","Total",740,63,152,458,67,388,20,30,278,60,352,43,122,180,7
"2011","Darlington 004C","E01012351","Total",766,87,159,443,77,384,30,27,271,56,382,57,132,172,21
"2011","Darlington 004D","E01012352","Total",668,46,162,409,51,326,9,45,234,38,342,37,117,175,13
"2011","Darlington 005A","E01012325","Total",721,55,149,448,69,370,18,40,252,60,351,37,109,196,9
"2011","Darlington 005B","E01012326","Total",477,42,112,272,51,228,15,14,158,41,249,27,98,114,10
"2011","Darlington 005C","E01012332","Total",545,40,126,332,47,268,13,25,192,38,277,27,101,140,9
"2011","Darlington 005D","E01012333","Total",677,65,161,399,52,335,21,30,238,46,342,44,131,161,6
"2011","Darlington 006A","E01012309","Total",1029,69,208,671,81,519,21,36,397,65,510,48,172,274,16
"2011","Darlington 006B","E01012310","Total",953,87,182,602,82,493,24,36,362,71,460,63,146,240,11
"2011","Darlington 006C","E01012311","Total",673,74,147,381,71,340,29,37,217,57,333,45,110,164,14
"2011","Darlington 006D","E01012312","Total",424,39,124,232,29,229,12,29,163,25,195,27,95,69,4
"2011","Darlington 006E","E01012313","Total",550,57,166,281,46,284,20,47,180,37,266,37,119,101,9
"2011","Darlington 006F","E01012314","Total",505,38,136,291,40,243,13,26,169,35,262,25,110,122,5
"2011","Darlington 007A","E01012362","Total",697,49,160,438,50,361,22,50,249,40,336,27,110,189,10
"2011","Darlington 007B","E01012363","Total",727,52,131,490,54,349,13,28,265,43,378,39,103,225,11
"2011","Darlington 007C","E01012364","Total",818,58,155,544,61,387,15,33,301,38,431,43,122,243,23
"2011","Darlington 007D","E01012365","Total",637,50,140,395,52,310,11,30,226,43,327,39,110,169,9
"2011","Darlington 008B","E01012353","Total",793,45,157,530,61,434,12,56,318,48,359,33,101,212,13
"2011","Darlington 008C","E01012354","Total",669,66,170,368,65,393,28,73,239,53,276,38,97,129,12
"2011","Darlington 008D","E01012355","Total",740,48,122,483,87,413,19,37,295,62,327,29,85,188,25
"2011","Darlington 008E","E01033483","Total",375,26,91,218,40,206,9,41,126,30,169,17,50,92,10
"2011","Darlington 008F","E01033484","Total",555,50,86,357,62,316,19,29,220,48,239,31,57,137,14
"2011","Darlington 009A","E01012307","Total",860,69,195,527,69,457,22,43,338,54,403,47,152,189,15
"2011","Darlington 009B","E01012327","Total",467,41,143,252,31,229,13,41,154,21,238,28,102,98,10
"2011","Darlington 009C","E01012342","Total",704,48,194,405,57,331,14,48,223,46,373,34,146,182,11
"2011","Darlington 009D","E01012343","Total",930,69,213,563,85,477,12,48,348,69,453,57,165,215,16
"2011","Darlington 010A","E01012315","Total",817,82,190,443,102,405,21,31,274,79,412,61,159,169,23
"2011","Darlington 010B","E01012316","Total",1286,110,189,757,230,697,36,49,450,162,589,74,140,307,68
"2011","Darlington 010C","E01012360","Total",723,62,126,417,118,380,20,27,247,86,343,42,99,170,32
"2011","Darlington 011A","E01012336","Total",737,102,133,397,105,393,32,36,246,79,344,70,97,151,26
"2011","Darlington 011B","E01012337","Total",751,77,134,437,103,384,26,28,253,77,367,51,106,184,26
"2011","Darlington 011C","E01012347","Total",781,79,157,470,75,387,26,34,273,54,394,53,123,197,21
"2011","Darlington 011D","E01012348","Total",752,77,145,469,61,398,24,33,291,50,354,53,112,178,11
"2011","Darlington 011E","E01012361","Total",900,113,174,491,122,461,35,32,300,94,439,78,142,191,28
"2011","Darlington 012A","E01012304","Total",480,27,91,311,51,236,10,19,172,35,244,17,72,139,16
"2011","Darlington 012B","E01012305","Total",645,44,125,422,54,339,11,32,256,40,306,33,93,166,14
"2011","Darlington 012C","E01012306","Total",688,43,162,407,76,361,11,37,250,63,327,32,125,157,13
"2011","Darlington 012D","E01012340","Total",1121,77,234,702,108,584,24,43,425,92,537,53,191,277,16
"2011","Darlington 012E","E01012341","Total",623,45,159,366,53,308,18,38,212,40,315,27,121,154,13
"2011","Darlington 013A","E01012317","Total",619,54,148,363,54,330,17,31,235,47,289,37,117,128,7
"2011","Darlington 013B","E01012318","Total",964,58,264,560,82,504,15,56,359,74,460,43,208,201,8
"2011","Darlington 013C","E01012319","Total",1275,92,302,761,120,630,34,63,440,93,645,58,239,321,27
"2011","Darlington 014A","E01012356","Total",768,59,130,473,106,413,19,30,287,77,355,40,100,186,29
"2011","Darlington 014B","E01012357","Total",677,44,131,446,56,361,15,37,267,42,316,29,94,179,14
"2011","Darlington 014C","E01012358","Total",763,66,170,456,71,403,20,47,287,49,360,46,123,169,22
"2011","Darlington 014D","E01012359","Total",462,34,141,245,42,228,6,44,143,35,234,28,97,102,7
"2011","Darlington 015A","E01012338","Total",917,79,179,562,97,468,26,42,320,80,449,53,137,242,17
"2011","Darlington 015B","E01012339","Total",808,85,159,447,117,428,27,43,270,88,380,58,116,177,29
"2011","Darlington 015C","E01012344","Total",729,66,133,429,101,378,24,20,249,85,351,42,113,180,16
"2011","Darlington 015D","E01012345","Total",639,59,114,343,123,342,24,34,198,86,297,35,80,145,37
"2011","Darlington 015E","E01012346","Total",1026,69,183,652,122,524,20,43,369,92,502,49,140,283,30
"2011","County Durham 002A","E01020613","Total",702,75,141,406,80,358,19,28,246,65,344,56,113,160,15
"2011","County Durham 002B","E01020614","Total",628,65,155,358,50,334,22,42,227,43,294,43,113,131,7
"2011","County Durham 002C","E01020622","Total",990,65,192,621,112,513,22,34,370,87,477,43,158,251,25
"2011","County Durham 002D","E01020623","Total",906,78,142,589,97,463,25,26,330,82,443,53,116,259,15
"2011","County Durham 005A","E01020606","Total",659,45,116,438,60,374,16,27,280,51,285,29,89,158,9
"2011","County Durham 005B","E01020615","Total",714,54,185,420,55,370,19,43,260,48,344,35,142,160,7
"2011","County Durham 005C","E01020616","Total",816,52,182,500,82,428,11,34,314,69,388,41,148,186,13
"2011","County Durham 005D","E01020617","Total",953,70,177,629,77,496,20,40,370,66,457,50,137,259,11
"2011","County Durham 007A","E01020596","Total",721,64,180,435,42,365,20,38,272,35,356,44,142,163,7
"2011","County Durham 007B","E01020597","Total",703,74,144,413,72,370,23,29,256,62,333,51,115,157,10
"2011","County Durham 007C","E01020598","Total",848,58,160,535,95,459,17,43,321,78,389,41,117,214,17
"2011","County Durham 007D","E01020611","Total",638,56,106,386,90,321,22,18,211,70,317,34,88,175,20
"2011","County Durham 007E","E01020612","Total",735,69,162,402,102,400,26,45,242,87,335,43,117,160,15
"2011","County Durham 011A","E01020592","Total",543,38,179,284,42,263,8,52,171,32,280,30,127,113,10
"2011","County Durham 011B","E01020593","Total",598,34,120,400,44,305,12,22,232,39,293,22,98,168,5
"2011","County Durham 011C","E01020599","Total",725,59,162,439,65,384,18,45,268,53,341,41,117,171,12
"2011","County Durham 011D","E01020601","Total",833,71,188,474,100,427,19,49,279,80,406,52,139,195,20
"2011","County Durham 011E","E01020602","Total",698,66,170,412,50,348,13,62,236,37,350,53,108,176,13
"2011","County Durham 011F","E01020618","Total",681,45,121,436,79,343,13,26,241,63,338,32,95,195,16
"2011","County Durham 013A","E01020594","Total",912,69,140,606,97,484,25,33,353,73,428,44,107,253,24
"2011","County Durham 013B","E01020595","Total",806,65,139,495,107,408,22,25,275,86,398,43,114,220,21
"2011","County Durham 013C","E01020600","Total",708,62,145,425,76,370,25,36,247,62,338,37,109,178,14
"2011","County Durham 013D","E01020603","Total",1010,101,191,589,129,518,29,34,346,109,492,72,157,243,20
"2011","County Durham 013E","E01020605","Total",996,73,154,656,113,510,21,22,379,88,486,52,132,277,25
"2011","County Durham 015A","E01020590","Total",624,43,136,375,70,312,21,31,212,48,312,22,105,163,22
"2011","County Durham 015B","E01020591","Total",619,49,136,385,49,313,12,33,224,44,306,37,103,161,5
"2011","County Durham 015C","E01020608","Total",832,60,172,503,97,421,19,33,304,65,411,41,139,199,32
"2011","County Durham 015D","E01020609","Total",567,51,121,332,63,292,16,23,206,47,275,35,98,126,16
"2011","County Durham 015E","E01020610","Total",777,72,147,465,93,392,24,25,278,65,385,48,122,187,28
"2011","County Durham 019A","E01020604","Total",703,46,147,422,88,367,13,38,249,67,336,33,109,173,21
"2011","County Durham 019B","E01020607","Total",742,47,162,445,88,388,16,32,270,70,354,31,130,175,18
"2011","County Durham 019C","E01020619","Total",810,57,179,499,75,404,15,47,281,61,406,42,132,218,14
"2011","County Durham 019D","E01020620","Total",767,56,168,449,94,386,21,32,257,76,381,35,136,192,18
"2011","County Durham 019E","E01020621","Total",835,50,172,527,86,420,16,33,307,64,415,34,139,220,22
"2011","County Durham 001A","E01020634","Total",809,55,161,492,101,422,20,29,293,80,387,35,132,199,21
"2011","County Durham 001B","E01020635","Total",752,50,117,470,115,399,21,24,270,84,353,29,93,200,31
"2011","County Durham 001C","E01020636","Total",767,52,147,476,92,395,17,34,278,66,372,35,113,198,26
"2011","County Durham 001D","E01020654","Total",916,58,162,582,114,466,12,31,336,87,450,46,131,246,27
"2011","County Durham 001E","E01020676","Total",795,67,129,524,75,411,25,31,303,52,384,42,98,221,23
"2011","County Durham 003A","E01020627","Total",810,57,143,523,87,424,13,32,312,67,386,44,111,211,20
"2011","County Durham 003B","E01020628","Total",773,59,131,472,111,416,19,36,273,88,357,40,95,199,23
"2011","County Durham 003C","E01020629","Total",684,60,140,402,82,356,31,23,238,64,328,29,117,164,18
"2011","County Durham 003D","E01020655","Total",998,80,171,617,130,517,28,48,343,98,481,52,123,274,32
"2011","County Durham 003E","E01020656","Total",596,50,117,354,75,315,12,41,203,59,281,38,76,151,16
"2011","County Durham 003F","E01020657","Total",769,68,139,475,87,409,21,42,280,66,360,47,97,195,21
"2011","County Durham 004A","E01020661","Total",854,42,158,570,84,433,11,43,315,64,421,31,115,255,20
"2011","County Durham 004B","E01020662","Total",842,59,163,547,73,445,13,44,329,59,397,46,119,218,14
"2011","County Durham 004C","E01020663","Total",922,68,177,570,107,484,22,41,351,70,438,46,136,219,37
"2011","County Durham 004D","E01020674","Total",682,50,142,443,47,354,13,30,273,38,328,37,112,170,9
"2011","County Durham 004E","E01020678","Total",657,46,132,417,62,336,15,26,242,53,321,31,106,175,9
"2011","County Durham 006A","E01020626","Total",583,34,130,372,47,318,12,33,232,41,265,22,97,140,6
"2011","County Durham 006B","E01020638","Total",723,61,139,456,67,376,17,24,279,56,347,44,115,177,11
"2011","County Durham 006C","E01020639","Total",587,44,132,351,60,305,11,30,219,45,282,33,102,132,15
"2011","County Durham 006D","E01020653","Total",644,46,136,395,67,318,8,33,232,45,326,38,103,163,22
"2011","County Durham 006E","E01020677","Total",623,45,126,383,69,334,13,34,231,56,289,32,92,152,13
"2011","County Durham 008A","E01020647","Total",841,56,190,530,65,422,22,45,311,44,419,34,145,219,21
"2011","County Durham 008B","E01020648","Total",717,55,143,462,57,373,11,43,275,44,344,44,100,187,13
"2011","County Durham 008C","E01020649","Total",681,53,131,436,61,349,15,32,253,49,332,38,99,183,12
"2011","County Durham 008D","E01020673","Total",608,51,143,375,39,314,14,43,224,33,294,37,100,151,6
"2011","County Durham 008E","E01020675","Total",690,51,164,422,53,359,19,44,260,36,331,32,120,162,17
"2011","County Durham 009A","E01020624","Total",728,54,144,450,80,372,19,35,251,67,356,35,109,199,13
"2011","County Durham 009B","E01020625","Total",781,64,157,473,87,400,15,39,276,70,381,49,118,197,17
"2011","County Durham 009C","E01020670","Total",642,60,138,398,46,319,15,31,234,39,323,45,107,164,7
"2011","County Durham 009D","E01020671","Total",544,36,125,339,44,282,6,37,205,34,262,30,88,134,10
"2011","County Durham 009E","E01020672","Total",776,53,178,461,84,421,13,55,287,66,355,40,123,174,18
"2011","County Durham 010A","E01020632","Total",993,52,164,660,117,529,20,32,395,82,464,32,132,265,35
"2011","County Durham 010B","E01020640","Total",1309,70,248,858,133,686,21,49,519,97,623,49,199,339,36
"2011","County Durham 010C","E01020641","Total",1005,57,189,666,93,543,13,48,414,68,462,44,141,252,25
"2011","County Durham 010D","E01020642","Total",670,42,119,446,63,338,13,26,249,50,332,29,93,197,13
"2011","County Durham 010E","E01020643","Total",1120,67,189,745,119,595,22,39,434,100,525,45,150,311,19
"2011","County Durham 010F","E01020667","Total",671,38,112,453,68,353,10,26,256,61,318,28,86,197,7
"2011","County Durham 012A","E01020650","Total",1099,68,232,678,121,573,22,51,400,100,526,46,181,278,21
"2011","County Durham 012B","E01020651","Total",758,67,141,480,70,390,23,34,274,59,368,44,107,206,11
"2011","County Durham 012C","E01020652","Total",876,71,181,549,75,459,23,28,348,60,417,48,153,201,15
"2011","County Durham 012D","E01020668","Total",674,40,142,417,75,337,9,22,244,62,337,31,120,173,13
"2011","County Durham 012E","E01020669","Total",680,54,136,404,86,334,14,25,229,66,346,40,111,175,20
"2011","County Durham 014A","E01020630","Total",599,51,123,381,44,288,13,26,215,34,311,38,97,166,10
"2011","County Durham 014B","E01020631","Total",707,55,158,441,53,360,19,34,263,44,347,36,124,178,9
"2011","County Durham 014C","E01020637","Total",807,54,159,473,121,420,17,33,276,94,387,37,126,197,27
"2011","County Durham 014D","E01020644","Total",1261,90,229,795,147,664,29,54,470,111,597,61,175,325,36
"2011","County Durham 014E","E01020645","Total",580,45,141,346,48,296,12,27,213,44,284,33,114,133,4
"2011","County Durham 020A","E01020633","Total",722,49,142,426,105,390,11,38,258,83,332,38,104,168,22
"2011","County Durham 020B","E01020664","Total",709,48,104,389,168,380,23,28,213,116,329,25,76,176,52
"2011","County Durham 020C","E01020665","Total",604,59,121,356,68,315,24,34,203,54,289,35,87,153,14
"2011","County Durham 020D","E01020666","Total",667,57,104,427,79,350,21,32,239,58,317,36,72,188,21
"2011","County Durham 024A","E01020646","Total",756,63,143,434,116,401,16,37,258,90,355,47,106,176,26
"2011","County Durham 024B","E01020658","Total",813,60,184,485,84,383,20,45,259,59,430,40,139,226,25
"2011","County Durham 024C","E01020659","Total",858,58,160,524,116,445,15,37,305,88,413,43,123,219,28
"2011","County Durham 024D","E01020660","Total",730,43,134,444,109,382,13,27,252,90,348,30,107,192,19
"2011","County Durham 022A","E01020709","Total",1167,189,331,524,123,755,140,200,313,102,412,49,131,211,21
"2011","County Durham 022B","E01020717","Total",708,79,137,410,82,369,28,37,239,65,339,51,100,171,17
"2011","County Durham 022C","E01020718","Total",635,56,112,400,67,329,22,25,237,45,306,34,87,163,22
"2011","County Durham 022D","E01020719","Total",663,58,135,401,69,325,16,37,225,47,338,42,98,176,22
"2011","County Durham 022E","E01020721","Total",657,61,128,390,78,342,19,35,224,64,315,42,93,166,14
"2011","County Durham 023A","E01020708","Total",543,40,90,340,73,284,14,20,200,50,259,26,70,140,23
"2011","County Durham 023B","E01020710","Total",844,71,147,540,86,425,24,44,301,56,419,47,103,239,30
"2011","County Durham 023C","E01020711","Total",733,66,166,442,59,360,24,39,252,45,373,42,127,190,14
"2011","County Durham 023D","E01020720","Total",642,52,132,404,54,323,15,29,235,44,319,37,103,169,10
"2011","County Durham 026A","E01020679","Total",688,60,169,386,73,366,15,44,249,58,322,45,125,137,15
"2011","County Durham 026B","E01020680","Total",840,58,140,522,120,441,22,42,295,82,399,36,98,227,38
"2011","County Durham 026C","E01020681","Total",690,48,162,426,54,330,14,37,240,39,360,34,125,186,15
"2011","County Durham 026D","E01020714","Total",801,46,144,506,105,399,17,29,275,78,402,29,115,231,27
"2011","County Durham 026E","E01020716","Total",649,51,149,407,42,319,12,34,241,32,330,39,115,166,10
"2011","County Durham 027A","E01020725","Total",763,54,152,450,107,401,14,43,268,76,362,40,109,182,31
"2011","County Durham 027B","E01020726","Total",634,51,112,376,95,315,16,32,207,60,319,35,80,169,35
"2011","County Durham 027C","E01020727","Total",422,34,87,257,44,219,10,20,156,33,203,24,67,101,11
"2011","County Durham 027D","E01020729","Total",1042,64,200,654,124,539,19,48,378,94,503,45,152,276,30
"2011","County Durham 027E","E01020730","Total",761,46,162,486,67,389,13,37,287,52,372,33,125,199,15
"2011","County Durham 027F","E01020731","Total",756,52,154,461,89,385,16,41,266,62,371,36,113,195,27
"2011","County Durham 028A","E01020682","Total",828,86,176,489,77,422,36,51,283,52,406,50,125,206,25
"2011","County Durham 028B","E01020683","Total",831,72,160,511,88,415,16,42,293,64,416,56,118,218,24
"2011","County Durham 028C","E01020690","Total",572,59,105,365,43,295,25,24,212,34,277,34,81,153,9
"2011","County Durham 028D","E01020691","Total",668,53,133,430,52,336,14,25,260,37,332,39,108,170,15
"2011","County Durham 028E","E01020692","Total",656,65,128,372,91,358,30,35,225,68,298,35,93,147,23
"2011","County Durham 029A","E01020693","Total",624,69,128,352,75,327,29,32,216,50,297,40,96,136,25
"2011","County Durham 029B","E01020722","Total",803,105,166,466,66,426,44,48,288,46,377,61,118,178,20
"2011","County Durham 029C","E01020723","Total",704,123,132,372,77,363,55,37,224,47,341,68,95,148,30
"2011","County Durham 029D","E01020724","Total",563,66,179,292,26,265,24,43,178,20,298,42,136,114,6
"2011","County Durham 030A","E01020703","Total",549,232,78,182,57,303,114,39,113,37,246,118,39,69,20
"2011","County Durham 030D","E01033164","Total",560,250,77,172,61,310,117,30,117,46,250,133,47,55,15
"2011","County Durham 030E","E01033195","Total",412,122,43,176,71,214,54,15,102,43,198,68,28,74,28
"2011","County Durham 030F","E01033197","Total",357,156,62,109,30,189,69,30,69,21,168,87,32,40,9
"2011","County Durham 030G","E01033221","Total",846,496,96,171,83,437,238,45,93,61,409,258,51,78,22
"2011","County Durham 033A","E01020684","Total",1255,86,221,777,171,654,22,53,448,131,601,64,168,329,40
"2011","County Durham 033B","E01020702","Total",991,147,142,518,184,516,53,36,296,131,475,94,106,222,53
"2011","County Durham 033C","E01020704","Total",588,171,97,229,91,316,82,36,132,66,272,89,61,97,25
"2011","County Durham 033D","E01020712","Total",765,89,123,432,121,403,21,35,259,88,362,68,88,173,33
"2011","County Durham 033E","E01020713","Total",980,124,160,515,181,529,49,49,294,137,451,75,111,221,44
"2011","County Durham 031A","E01020705","Total",620,36,116,418,50,336,9,30,260,37,284,27,86,158,13
"2011","County Durham 031B","E01020706","Total",907,73,186,517,131,460,20,45,298,97,447,53,141,219,34
"2011","County Durham 031C","E01020715","Total",1157,70,209,769,109,603,26,46,448,83,554,44,163,321,26
"2011","County Durham 038A","E01020685","Total",827,63,155,502,107,425,17,35,284,89,402,46,120,218,18
"2011","County Durham 038B","E01020686","Total",618,37,169,360,52,313,13,39,220,41,305,24,130,140,11
"2011","County Durham 038C","E01020687","Total",715,64,124,470,57,375,21,31,278,45,340,43,93,192,12
"2011","County Durham 038D","E01020688","Total",755,42,192,454,67,370,9,35,273,53,385,33,157,181,14
"2011","County Durham 038E","E01020689","Total",572,54,146,319,53,291,15,43,196,37,281,39,103,123,16
"2011","County Durham 041A","E01020694","Total",622,39,115,396,72,331,11,27,235,58,291,28,88,161,14
"2011","County Durham 041B","E01020696","Total",635,52,110,378,95,335,18,31,222,64,300,34,79,156,31
"2011","County Durham 041C","E01020697","Total",804,78,132,512,82,434,28,35,306,65,370,50,97,206,17
"2011","County Durham 041D","E01020732","Total",822,98,150,425,149,428,34,34,253,107,394,64,116,172,42
"2011","County Durham 044A","E01020695","Total",871,52,163,541,115,442,14,33,306,89,429,38,130,235,26
"2011","County Durham 044B","E01020698","Total",856,64,141,539,112,420,22,20,292,86,436,42,121,247,26
"2011","County Durham 044C","E01020699","Total",455,37,106,272,40,230,9,23,163,35,225,28,83,109,5
"2011","County Durham 044D","E01020700","Total",605,65,129,355,56,307,14,32,213,48,298,51,97,142,8
"2011","County Durham 044E","E01020701","Total",688,52,119,435,82,364,19,38,245,62,324,33,81,190,20
"2011","County Durham 016A","E01020750","Total",654,55,108,427,64,346,20,28,255,43,308,35,80,172,21
"2011","County Durham 016B","E01020781","Total",496,36,100,320,40,247,9,20,188,30,249,27,80,132,10
"2011","County Durham 016D","E01020786","Total",838,48,170,522,98,447,19,31,324,73,391,29,139,198,25
"2011","County Durham 016E","E01020787","Total",785,55,164,501,65,405,14,33,302,56,380,41,131,199,9
"2011","County Durham 016F","E01033163","Total",1166,59,178,778,151,614,18,29,452,115,552,41,149,326,36
"2011","County Durham 016G","E01033202","Total",538,26,105,371,36,276,5,29,211,31,262,21,76,160,5
"2011","County Durham 017A","E01020740","Total",723,64,165,428,66,376,17,39,265,55,347,47,126,163,11
"2011","County Durham 017B","E01020741","Total",591,36,94,395,66,328,10,21,252,45,263,26,73,143,21
"2011","County Durham 017C","E01020742","Total",785,27,165,516,77,399,7,40,285,67,386,20,125,231,10
"2011","County Durham 017D","E01020782","Total",544,48,94,340,62,269,18,19,187,45,275,30,75,153,17
"2011","County Durham 017E","E01020783","Total",629,50,111,414,54,328,10,24,248,46,301,40,87,166,8
"2011","County Durham 017F","E01020784","Total",560,37,103,366,54,296,15,29,217,35,264,22,74,149,19
"2011","County Durham 018A","E01020743","Total",517,38,134,306,39,251,7,25,193,26,266,31,109,113,13
"2011","County Durham 018B","E01020747","Total",377,29,110,212,26,191,10,26,132,23,186,19,84,80,3
"2011","County Durham 018C","E01020748","Total",530,53,108,341,28,258,16,27,195,20,272,37,81,146,8
"2011","County Durham 018D","E01020749","Total",373,36,78,231,28,188,8,22,133,25,185,28,56,98,3
"2011","County Durham 018E","E01020773","Total",537,41,112,343,41,271,16,23,198,34,266,25,89,145,7
"2011","County Durham 018F","E01020775","Total",554,38,132,328,56,271,10,31,186,44,283,28,101,142,12
"2011","County Durham 021C","E01020776","Total",828,44,156,530,98,429,9,34,314,72,399,35,122,216,26
"2011","County Durham 021D","E01033161","Total",784,45,119,532,88,420,15,25,317,63,364,30,94,215,25
"2011","County Durham 021E","E01033198","Total",633,49,106,426,52,342,23,24,260,35,291,26,82,166,17
"2011","County Durham 021F","E01033205","Total",720,49,123,463,85,392,13,43,268,68,328,36,80,195,17
"2011","County Durham 021G","E01033206","Total",676,38,128,453,57,352,8,25,275,44,324,30,103,178,13
"2011","County Durham 025A","E01020751","Total",794,53,164,525,52,404,15,30,324,35,390,38,134,201,17
"2011","County Durham 025B","E01020752","Total",398,37,96,226,39,198,13,22,138,25,200,24,74,88,14
"2011","County Durham 025C","E01020754","Total",544,51,93,329,71,293,19,26,193,55,251,32,67,136,16
"2011","County Durham 025D","E01020756","Total",719,59,122,458,80,378,18,30,266,64,341,41,92,192,16
"2011","County Durham 032A","E01020745","Total",447,28,112,282,25,226,9,27,170,20,221,19,85,112,5
"2011","County Durham 032B","E01020753","Total",757,50,136,507,64,391,11,22,307,51,366,39,114,200,13
"2011","County Durham 032C","E01020757","Total",402,27,90,258,27,209,11,24,154,20,193,16,66,104,7
"2011","County Durham 032D","E01020758","Total",506,39,119,308,40,270,9,35,193,33,236,30,84,115,7
"2011","County Durham 032E","E01020759","Total",371,27,90,227,27,193,4,31,135,23,178,23,59,92,4
"2011","County Durham 032F","E01020765","Total",647,46,141,409,51,343,11,44,248,40,304,35,97,161,11
"2011","County Durham 034A","E01020760","Total",704,47,131,461,65,369,10,29,283,47,335,37,102,178,18
"2011","County Durham 034B","E01020761","Total",522,38,120,324,40,296,16,38,210,32,226,22,82,114,8
"2011","County Durham 034C","E01020762","Total",462,41,111,267,43,241,8,26,172,35,221,33,85,95,8
"2011","County Durham 034D","E01020763","Total",799,47,146,493,113,439,14,47,297,81,360,33,99,196,32
"2011","County Durham 036A","E01020764","Total",412,31,95,255,31,218,13,26,151,28,194,18,69,104,3
"2011","County Durham 036B","E01020766","Total",584,50,112,386,36,291,12,26,223,30,293,38,86,163,6
"2011","County Durham 036C","E01020767","Total",624,37,139,381,67,323,14,45,213,51,301,23,94,168,16
"2011","County Durham 036D","E01020768","Total",694,41,154,443,56,360,13,33,270,44,334,28,121,173,12
"2011","County Durham 035A","E01020733","Total",507,31,107,332,37,248,11,20,190,27,259,20,87,142,10
"2011","County Durham 035B","E01020734","Total",533,38,120,344,31,250,10,25,192,23,283,28,95,152,8
"2011","County Durham 035C","E01020735","Total",653,42,148,409,54,336,6,41,244,45,317,36,107,165,9
"2011","County Durham 035D","E01020770","Total",540,30,121,347,42,285,12,24,217,32,255,18,97,130,10
"2011","County Durham 035E","E01020771","Total",412,31,79,277,25,216,11,22,162,21,196,20,57,115,4
"2011","County Durham 035F","E01020780","Total",453,31,101,283,38,226,13,20,169,24,227,18,81,114,14
"2011","County Durham 037A","E01020746","Total",510,42,97,319,52,265,14,22,184,45,245,28,75,135,7
"2011","County Durham 037B","E01020769","Total",554,42,103,364,45,277,14,24,205,34,277,28,79,159,11
"2011","County Durham 037C","E01020777","Total",579,45,138,360,36,284,16,30,211,27,295,29,108,149,9
"2011","County Durham 037D","E01020778","Total",599,32,106,391,70,323,12,24,236,51,276,20,82,155,19
"2011","County Durham 037E","E01020779","Total",887,74,156,569,88,463,27,40,322,74,424,47,116,247,14
"2011","County Durham 039A","E01020736","Total",466,36,102,281,47,235,5,18,176,36,231,31,84,105,11
"2011","County Durham 039B","E01020737","Total",615,53,123,385,54,310,14,23,225,48,305,39,100,160,6
"2011","County Durham 039C","E01020738","Total",438,29,85,278,46,239,7,20,176,36,199,22,65,102,10
"2011","County Durham 039D","E01020739","Total",446,40,74,296,36,237,10,23,172,32,209,30,51,124,4
"2011","County Durham 039E","E01020744","Total",436,30,97,264,45,215,10,15,156,34,221,20,82,108,11
"2011","County Durham 040A","E01020788","Total",622,43,96,407,76,334,17,23,242,52,288,26,73,165,24
"2011","County Durham 040B","E01020789","Total",578,40,105,366,67,326,12,23,239,52,252,28,82,127,15
"2011","County Durham 040C","E01020790","Total",458,39,94,291,34,233,14,24,166,29,225,25,70,125,5
"2011","County Durham 040D","E01020791","Total",521,30,116,316,59,266,11,19,191,45,255,19,97,125,14
"2011","County Durham 040E","E01020792","Total",624,47,105,394,78,321,11,25,224,61,303,36,80,170,17
"2011","County Durham 043A","E01020772","Total",969,81,177,547,164,506,18,46,319,123,463,63,131,228,41
"2011","County Durham 043B","E01020793","Total",660,51,140,402,67,352,21,27,251,53,308,30,113,151,14
"2011","County Durham 043C","E01020794","Total",904,61,169,591,83,470,21,36,352,61,434,40,133,239,22
"2011","County Durham 043D","E01020795","Total",805,53,143,519,90,392,17,26,277,72,413,36,117,242,18
"2011","County Durham 047A","E01020817","Total",711,57,113,489,52,377,18,27,294,38,334,39,86,195,14
"2011","County Durham 047B","E01020818","Total",632,40,118,411,63,330,9,26,244,51,302,31,92,167,12
"2011","County Durham 047C","E01020819","Total",391,33,93,241,24,203,7,19,157,20,188,26,74,84,4
"2011","County Durham 047D","E01020837","Total",864,56,173,560,75,455,17,36,339,63,409,39,137,221,12
"2011","County Durham 047E","E01020843","Total",810,57,140,501,112,419,21,33,279,86,391,36,107,222,26
"2011","County Durham 048A","E01020809","Total",553,36,124,345,48,299,14,36,209,40,254,22,88,136,8
"2011","County Durham 048B","E01020810","Total",630,51,125,384,70,325,15,24,225,61,305,36,101,159,9
"2011","County Durham 048C","E01020811","Total",536,38,111,322,65,272,6,21,192,53,264,32,90,130,12
"2011","County Durham 048D","E01020812","Total",688,40,137,427,84,352,11,27,246,68,336,29,110,181,16
"2011","County Durham 048E","E01020827","Total",819,61,154,524,80,417,20,37,298,62,402,41,117,226,18
"2011","County Durham 049A","E01020806","Total",589,33,146,358,52,320,13,36,229,42,269,20,110,129,10
"2011","County Durham 049B","E01020807","Total",485,48,106,292,39,256,17,28,180,31,229,31,78,112,8
"2011","County Durham 049C","E01020820","Total",541,40,109,341,51,273,8,16,211,38,268,32,93,130,13
"2011","County Durham 049D","E01020842","Total",820,65,187,498,70,410,26,43,291,50,410,39,144,207,20
"2011","County Durham 050A","E01020797","Total",965,54,187,614,110,523,16,37,386,84,442,38,150,228,26
"2011","County Durham 050B","E01020798","Total",529,21,126,338,44,279,6,25,211,37,250,15,101,127,7
"2011","County Durham 050C","E01020799","Total",707,51,141,458,57,356,8,22,276,50,351,43,119,182,7
"2011","County Durham 050D","E01020808","Total",629,32,112,427,58,343,7,29,266,41,286,25,83,161,17
"2011","County Durham 052A","E01020821","Total",908,53,182,558,115,470,9,49,325,87,438,44,133,233,28
"2011","County Durham 052B","E01020822","Total",932,66,176,570,120,479,23,33,324,99,453,43,143,246,21
"2011","County Durham 052C","E01020823","Total",672,52,138,414,68,363,15,33,261,54,309,37,105,153,14
"2011","County Durham 052D","E01020835","Total",803,44,146,541,72,424,7,33,326,58,379,37,113,215,14
"2011","County Durham 052E","E01020836","Total",875,54,170,557,94,445,15,38,326,66,430,39,132,231,28
"2011","County Durham 053B","E01020803","Total",974,73,158,643,100,533,21,28,398,86,441,52,130,245,14
"2011","County Durham 053D","E01020805","Total",724,54,150,458,62,363,16,26,272,49,361,38,124,186,13
"2011","County Durham 053E","E01033203","Total",1335,94,224,872,145,714,31,48,527,108,621,63,176,345,37
"2011","County Durham 054A","E01020796","Total",658,42,128,389,99,343,13,23,228,79,315,29,105,161,20
"2011","County Durham 054B","E01020828","Total",790,79,145,421,145,427,23,42,250,112,363,56,103,171,33
"2011","County Durham 054C","E01020829","Total",1221,106,191,750,174,629,21,42,431,135,592,85,149,319,39
"2011","County Durham 054D","E01020830","Total",650,70,110,388,82,347,24,32,230,61,303,46,78,158,21
"2011","County Durham 059A","E01020801","Total",762,49,165,492,56,388,11,30,305,42,374,38,135,187,14
"2011","County Durham 059B","E01020802","Total",874,53,171,566,84,471,14,32,360,65,403,39,139,206,19
"2011","County Durham 059C","E01020838","Total",760,65,165,465,65,416,27,28,310,51,344,38,137,155,14
"2011","County Durham 059D","E01020839","Total",604,46,135,374,49,311,21,33,218,39,293,25,102,156,10
"2011","County Durham 059E","E01020840","Total",584,50,131,350,53,300,12,32,210,46,284,38,99,140,7
"2011","County Durham 059F","E01020841","Total",620,50,162,360,48,324,13,41,230,40,296,37,121,130,8
"2011","County Durham 060A","E01020813","Total",629,65,111,380,73,326,22,19,226,59,303,43,92,154,14
"2011","County Durham 060B","E01020814","Total",810,47,137,551,75,423,17,30,311,65,387,30,107,240,10
"2011","County Durham 060C","E01020815","Total",590,59,104,351,76,298,19,16,204,59,292,40,88,147,17
"2011","County Durham 060D","E01020848","Total",535,37,107,327,64,272,13,23,188,48,263,24,84,139,16
"2011","County Durham 060E","E01020850","Total",1100,82,205,659,154,588,29,48,391,120,512,53,157,268,34
"2011","County Durham 060F","E01020851","Total",719,61,104,468,86,381,26,28,264,63,338,35,76,204,23
"2011","County Durham 061A","E01020816","Total",533,40,127,333,33,283,17,32,210,24,250,23,95,123,9
"2011","County Durham 061B","E01020844","Total",598,46,137,376,39,317,12,36,240,29,281,34,101,136,10
"2011","County Durham 061C","E01020847","Total",577,29,148,357,43,301,13,42,212,34,276,16,106,145,9
"2011","County Durham 061D","E01020849","Total",524,33,117,336,38,291,10,34,215,32,233,23,83,121,6
"2011","County Durham 062A","E01020825","Total",724,64,163,434,63,379,21,44,271,43,345,43,119,163,20
"2011","County Durham 062B","E01020831","Total",579,42,121,371,45,289,13,31,207,38,290,29,90,164,7
"2011","County Durham 062C","E01020833","Total",556,42,95,370,49,278,12,17,209,40,278,30,78,161,9
"2011","County Durham 062D","E01020834","Total",546,31,117,359,39,262,13,25,192,32,284,18,92,167,7
"2011","County Durham 063A","E01020824","Total",701,45,136,474,46,360,12,26,289,33,341,33,110,185,13
"2011","County Durham 063B","E01020826","Total",661,62,126,392,81,355,20,31,250,54,306,42,95,142,27
"2011","County Durham 063C","E01020832","Total",599,43,113,377,66,328,16,30,229,53,271,27,83,148,13
"2011","County Durham 063D","E01020845","Total",579,41,102,400,36,303,12,26,236,29,276,29,76,164,7
"2011","County Durham 063E","E01020846","Total",571,53,103,345,70,288,15,24,192,57,283,38,79,153,13
"2011","County Durham 064A","E01020856","Total",649,45,141,377,86,349,15,34,230,70,300,30,107,147,16
"2011","County Durham 064B","E01020858","Total",495,43,97,294,61,253,8,18,177,50,242,35,79,117,11
"2011","County Durham 064C","E01020859","Total",588,45,119,331,93,306,14,30,185,77,282,31,89,146,16
"2011","County Durham 064D","E01020860","Total",448,27,93,276,52,231,9,21,160,41,217,18,72,116,11
"2011","County Durham 064E","E01020861","Total",534,52,97,302,83,267,8,21,174,64,267,44,76,128,19
"2011","County Durham 064F","E01020862","Total",1160,118,194,615,233,598,34,45,346,173,562,84,149,269,60
"2011","County Durham 064G","E01020864","Total",1034,76,188,577,193,570,20,46,347,157,464,56,142,230,36
"2011","County Durham 064H","E01020867","Total",1056,78,233,554,191,526,19,43,321,143,530,59,190,233,48
"2011","County Durham 065A","E01020857","Total",735,83,146,321,185,384,21,31,186,146,351,62,115,135,39
"2011","County Durham 065B","E01020863","Total",789,77,137,365,210,424,21,31,209,163,365,56,106,156,47
"2011","County Durham 065C","E01020865","Total",644,66,111,299,168,336,20,16,170,130,308,46,95,129,38
"2011","County Durham 065D","E01020866","Total",529,51,89,276,113,295,14,19,169,93,234,37,70,107,20
"2011","County Durham 066A","E01020852","Total",660,61,124,377,98,346,18,29,236,63,314,43,95,141,35
"2011","County Durham 066B","E01020853","Total",672,65,135,395,77,343,23,25,239,56,329,42,110,156,21
"2011","County Durham 066C","E01020854","Total",1096,107,203,600,186,570,30,63,346,131,526,77,140,254,55
"2011","County Durham 066D","E01020855","Total",524,65,112,288,59,261,14,23,177,47,263,51,89,111,12
"2011","County Durham 042A","E01020889","Total",723,60,148,347,168,400,19,36,209,136,323,41,112,138,32
"2011","County Durham 042B","E01020890","Total",781,55,158,430,138,416,14,31,260,111,365,41,127,170,27
"2011","County Durham 042C","E01020891","Total",795,69,153,389,184,427,24,37,226,140,368,45,116,163,44
"2011","County Durham 042D","E01020905","Total",694,53,156,377,108,346,10,40,215,81,348,43,116,162,27
"2011","County Durham 042E","E01020906","Total",803,76,157,408,162,423,29,35,235,124,380,47,122,173,38
"2011","County Durham 045A","E01020876","Total",781,53,158,486,84,418,16,31,307,64,363,37,127,179,20
"2011","County Durham 045B","E01020878","Total",638,43,160,381,54,323,9,30,238,46,315,34,130,143,8
"2011","County Durham 045C","E01020887","Total",910,65,176,556,113,496,24,41,347,84,414,41,135,209,29
"2011","County Durham 045D","E01020892","Total",444,38,92,241,73,243,5,21,156,61,201,33,71,85,12
"2011","County Durham 045E","E01020894","Total",478,30,100,278,70,261,8,24,168,61,217,22,76,110,9
"2011","County Durham 045F","E01020898","Total",486,38,120,288,40,245,9,32,172,32,241,29,88,116,8
"2011","County Durham 046A","E01020877","Total",697,54,131,430,82,373,16,27,260,70,324,38,104,170,12
"2011","County Durham 046B","E01020879","Total",1077,82,174,700,121,541,19,31,385,106,536,63,143,315,15
"2011","County Durham 046C","E01020893","Total",778,71,161,448,98,416,18,41,280,77,362,53,120,168,21
"2011","County Durham 046D","E01020899","Total",600,40,128,376,56,320,8,30,236,46,280,32,98,140,10
"2011","County Durham 046E","E01020903","Total",586,43,117,348,78,309,13,36,202,58,277,30,81,146,20
"2011","County Durham 046F","E01020904","Total",826,55,154,521,96,431,13,32,318,68,395,42,122,203,28
"2011","County Durham 051A","E01020873","Total",524,44,147,294,39,263,6,36,191,30,261,38,111,103,9
"2011","County Durham 051B","E01020875","Total",652,54,150,365,83,345,15,49,220,61,307,39,101,145,22
"2011","County Durham 051C","E01020900","Total",623,43,124,377,79,332,17,25,222,68,291,26,99,155,11
"2011","County Durham 051D","E01020901","Total",436,33,97,270,36,233,5,25,173,30,203,28,72,97,6
"2011","County Durham 051E","E01020902","Total",487,26,127,293,41,253,10,35,175,33,234,16,92,118,8
"2011","County Durham 055A","E01020868","Total",851,58,160,532,101,451,19,45,319,68,400,39,115,213,33
"2011","County Durham 055B","E01020869","Total",668,58,139,410,61,339,22,30,237,50,329,36,109,173,11
"2011","County Durham 055C","E01020874","Total",595,38,119,371,67,328,8,24,239,57,267,30,95,132,10
"2011","County Durham 055D","E01020880","Total",553,49,135,319,50,287,18,36,195,38,266,31,99,124,12
"2011","County Durham 055E","E01020881","Total",627,60,131,371,65,311,15,29,217,50,316,45,102,154,15
"2011","County Durham 056A","E01020870","Total",573,45,87,373,68,287,8,20,206,53,286,37,67,167,15
"2011","County Durham 056B","E01020871","Total",650,44,147,399,60,312,10,43,219,40,338,34,104,180,20
"2011","County Durham 056C","E01020872","Total",796,56,193,470,77,405,17,36,290,62,391,39,157,180,15
"2011","County Durham 056D","E01020883","Total",931,82,171,582,96,484,21,37,355,71,447,61,134,227,25
"2011","County Durham 056E","E01020886","Total",611,42,143,389,37,297,13,26,230,28,314,29,117,159,9
"2011","County Durham 057A","E01020882","Total",737,59,156,425,97,391,15,27,275,74,346,44,129,150,23
"2011","County Durham 057B","E01020888","Total",1016,78,178,621,139,534,18,47,363,106,482,60,131,258,33
"2011","County Durham 057C","E01020895","Total",627,50,140,394,43,324,13,34,244,33,303,37,106,150,10
"2011","County Durham 057D","E01020896","Total",587,58,131,341,57,310,16,31,215,48,277,42,100,126,9
"2011","County Durham 057E","E01020897","Total",1167,77,221,747,122,615,20,59,440,96,552,57,162,307,26
"2011","County Durham 058A","E01020884","Total",594,44,133,375,42,305,10,24,237,34,289,34,109,138,8
"2011","County Durham 058B","E01020885","Total",424,23,85,272,44,217,7,23,149,38,207,16,62,123,6
"2011","County Durham 058C","E01020907","Total",648,54,173,375,46,329,11,55,231,32,319,43,118,144,14
"2011","County Durham 058D","E01020908","Total",629,59,148,369,53,307,13,30,222,42,322,46,118,147,11
"2011","County Durham 058E","E01020909","Total",429,47,122,226,34,223,17,33,148,25,206,30,89,78,9
"2011","Hartlepool 001A","E01011954","Total",855,65,226,490,74,417,14,36,306,61,438,51,190,184,13
"2011","Hartlepool 001B","E01011969","Total",621,51,132,387,51,326,15,27,238,46,295,36,105,149,5
"2011","Hartlepool 001C","E01011970","Total",631,48,130,390,63,317,13,18,235,51,314,35,112,155,12
"2011","Hartlepool 001D","E01011971","Total",813,57,149,516,91,399,7,16,300,76,414,50,133,216,15
"2011","Hartlepool 001F","E01033465","Total",1005,64,151,650,140,513,17,34,361,101,492,47,117,289,39
"2011","Hartlepool 001G","E01033467","Total",420,24,80,271,45,212,3,9,162,38,208,21,71,109,7
"2011","Hartlepool 002A","E01011952","Total",536,58,152,279,47,265,18,30,176,41,271,40,122,103,6
"2011","Hartlepool 002B","E01011953","Total",582,47,187,299,49,289,9,46,191,43,293,38,141,108,6
"2011","Hartlepool 002C","E01011991","Total",768,66,165,441,96,408,25,42,266,75,360,41,123,175,21
"2011","Hartlepool 002D","E01011992","Total",577,38,143,364,32,284,9,32,214,29,293,29,111,150,3
"2011","Hartlepool 002E","E01011993","Total",641,64,195,310,72,328,22,49,203,54,313,42,146,107,18
"2011","Hartlepool 002F","E01011994","Total",447,41,125,241,40,234,13,38,147,36,213,28,87,94,4
"2011","Hartlepool 003A","E01011955","Total",469,49,114,267,39,247,13,37,165,32,222,36,77,102,7
"2011","Hartlepool 003C","E01011957","Total",518,44,123,307,44,292,14,28,212,38,226,30,95,95,6
"2011","Hartlepool 003G","E01032540","Total",466,36,98,285,47,240,12,21,165,42,226,24,77,120,5
"2011","Hartlepool 003H","E01032541","Total",819,79,207,472,61,410,21,43,295,51,409,58,164,177,10
"2011","Hartlepool 003I","E01033466","Total",568,55,161,315,37,281,13,48,192,28,287,42,113,123,9
"2011","Hartlepool 005A","E01011973","Total",350,36,100,188,26,183,11,35,113,24,167,25,65,75,2
"2011","Hartlepool 005B","E01011974","Total",817,49,147,529,92,489,16,47,347,79,328,33,100,182,13
"2011","Hartlepool 005C","E01011975","Total",628,59,139,379,51,321,13,40,225,43,307,46,99,154,8
"2011","Hartlepool 005D","E01011976","Total",381,27,108,221,25,214,13,37,143,21,167,14,71,78,4
"2011","Hartlepool 006A","E01011965","Total",804,93,147,450,114,411,30,31,264,86,393,63,116,186,28
"2011","Hartlepool 006B","E01011966","Total",650,44,128,406,72,344,15,33,242,54,306,29,95,164,18
"2011","Hartlepool 006C","E01011983","Total",808,86,160,407,155,425,29,32,242,122,383,57,128,165,33
"2011","Hartlepool 006D","E01012002","Total",643,68,130,389,56,338,22,29,240,47,305,46,101,149,9
"2011","Hartlepool 007A","E01011951","Total",570,34,143,354,39,310,11,37,233,29,260,23,106,121,10
"2011","Hartlepool 007B","E01011964","Total",537,56,116,300,65,310,20,40,199,51,227,36,76,101,14
"2011","Hartlepool 007C","E01011967","Total",720,70,154,414,82,365,20,38,249,58,355,50,116,165,24
"2011","Hartlepool 007D","E01011999","Total",708,54,201,386,67,381,14,78,239,50,327,40,123,147,17
"2011","Hartlepool 007E","E01012000","Total",393,27,105,222,39,224,10,35,145,34,169,17,70,77,5
"2011","Hartlepool 008A","E01011950","Total",546,45,135,320,46,298,11,41,208,38,248,34,94,112,8
"2011","Hartlepool 008B","E01011986","Total",598,43,162,347,46,303,11,39,219,34,295,32,123,128,12
"2011","Hartlepool 008C","E01011987","Total",675,61,171,397,46,336,25,37,237,37,339,36,134,160,9
"2011","Hartlepool 008D","E01012001","Total",758,72,233,381,72,376,20,46,247,63,382,52,187,134,9
"2011","Hartlepool 009A","E01011949","Total",730,67,224,377,62,366,20,53,242,51,364,47,171,135,11
"2011","Hartlepool 009B","E01011980","Total",545,40,147,318,40,288,10,36,210,32,257,30,111,108,8
"2011","Hartlepool 009C","E01011981","Total",543,46,165,291,41,255,16,28,176,35,288,30,137,115,6
"2011","Hartlepool 009D","E01011984","Total",529,48,125,315,41,274,12,24,206,32,255,36,101,109,9
"2011","Hartlepool 010A","E01011985","Total",519,47,110,307,55,283,10,21,205,47,236,37,89,102,8
"2011","Hartlepool 010B","E01011988","Total",821,71,191,481,78,398,20,31,279,68,423,51,160,202,10
"2011","Hartlepool 010C","E01011989","Total",647,57,168,365,57,324,12,41,227,44,323,45,127,138,13
"2011","Hartlepool 010D","E01011990","Total",801,63,212,460,66,394,17,50,270,57,407,46,162,190,9
"2011","Hartlepool 011A","E01011995","Total",609,72,138,343,56,315,29,34,213,39,294,43,104,130,17
"2011","Hartlepool 011B","E01011996","Total",675,63,127,406,79,350,18,30,244,58,325,45,97,162,21
"2011","Hartlepool 011C","E01011997","Total",1058,91,224,645,98,526,26,37,383,80,532,65,187,262,18
"2011","Hartlepool 011D","E01011998","Total",675,61,149,385,80,357,19,29,236,73,318,42,120,149,7
"2011","Hartlepool 012A","E01011961","Total",536,42,133,312,49,273,10,22,197,44,263,32,111,115,5
"2011","Hartlepool 012B","E01011962","Total",490,43,136,279,32,229,12,25,165,27,261,31,111,114,5
"2011","Hartlepool 012C","E01011977","Total",627,46,197,339,45,314,10,45,223,36,313,36,152,116,9
"2011","Hartlepool 012D","E01011978","Total",452,36,135,242,39,233,10,39,153,31,219,26,96,89,8
"2011","Hartlepool 012E","E01011979","Total",534,37,169,282,46,252,6,36,169,41,282,31,133,113,5
"2011","Hartlepool 014A","E01011959","Total",1019,102,190,502,225,552,30,46,296,180,467,72,144,206,45
"2011","Hartlepool 014B","E01011960","Total",572,56,120,337,59,312,18,28,216,50,260,38,92,121,9
"2011","Hartlepool 014C","E01011963","Total",640,52,141,366,81,360,16,38,240,66,280,36,103,126,15
"2011","Hartlepool 014D","E01011968","Total",958,89,227,527,115,498,26,47,322,103,460,63,180,205,12
"2011","Hartlepool 014E","E01011982","Total",608,57,124,326,101,325,19,29,198,79,283,38,95,128,22
"2011","Hartlepool 014F","E01012003","Total",734,71,153,417,93,362,16,23,248,75,372,55,130,169,18
"2011","Hartlepool 014G","E01012005","Total",1123,80,217,666,160,581,23,33,395,130,542,57,184,271,30
"2011","Middlesbrough 001A","E01012068","Total",664,231,143,258,32,384,117,73,168,26,280,114,70,90,6
"2011","Middlesbrough 001D","E01012092","Total",503,157,154,161,31,284,67,88,104,25,219,90,66,57,6
"2011","Middlesbrough 001E","E01012093","Total",541,93,163,246,39,349,48,107,167,27,192,45,56,79,12
"2011","Middlesbrough 001F","E01012094","Total",845,103,235,447,60,518,39,118,310,51,327,64,117,137,9
"2011","Middlesbrough 001G","E01033468","Total",661,105,195,310,51,444,61,108,227,48,217,44,87,83,3
"2011","Middlesbrough 002A","E01012058","Total",554,56,144,317,37,288,21,43,193,31,266,35,101,124,6
"2011","Middlesbrough 002B","E01012059","Total",502,56,116,298,32,251,29,29,166,27,251,27,87,132,5
"2011","Middlesbrough 002C","E01012060","Total",526,48,170,283,25,260,13,42,183,22,266,35,128,100,3
"2011","Middlesbrough 002D","E01012061","Total",482,47,134,265,36,232,9,23,165,35,250,38,111,100,1
"2011","Middlesbrough 003A","E01012036","Total",470,92,113,231,34,274,39,49,154,32,196,53,64,77,2
"2011","Middlesbrough 003B","E01012037","Total",498,64,138,259,37,283,30,51,170,32,215,34,87,89,5
"2011","Middlesbrough 003C","E01012038","Total",556,76,138,299,43,310,30,57,186,37,246,46,81,113,6
"2011","Middlesbrough 003D","E01012039","Total",489,92,144,235,18,308,52,81,157,18,181,40,63,78,0
"2011","Middlesbrough 003E","E01012040","Total",473,72,146,213,42,259,35,62,126,36,214,37,84,87,6
"2011","Middlesbrough 003F","E01012041","Total",287,23,85,152,27,149,8,27,92,22,138,15,58,60,5
"2011","Middlesbrough 004A","E01012074","Total",606,57,174,337,38,294,9,35,220,30,312,48,139,117,8
"2011","Middlesbrough 004B","E01012075","Total",521,52,163,274,32,242,11,44,162,25,279,41,119,112,7
"2011","Middlesbrough 004C","E01012076","Total",429,40,163,202,24,188,10,27,130,21,241,30,136,72,3
"2011","Middlesbrough 004D","E01012077","Total",496,44,138,272,42,242,10,27,167,38,254,34,111,105,4
"2011","Middlesbrough 004E","E01012088","Total",409,39,135,208,27,206,10,36,135,25,203,29,99,73,2
"2011","Middlesbrough 005A","E01012078","Total",591,70,146,338,37,317,24,64,200,29,274,46,82,138,8
"2011","Middlesbrough 005B","E01012079","Total",600,52,130,354,64,325,18,43,217,47,275,34,87,137,17
"2011","Middlesbrough 005C","E01012080","Total",585,66,143,326,50,313,22,44,201,46,272,44,99,125,4
"2011","Middlesbrough 005D","E01012081","Total",724,73,160,421,70,381,16,55,255,55,343,57,105,166,15
"2011","Middlesbrough 006A","E01012026","Total",710,53,195,394,68,380,14,57,251,58,330,39,138,143,10
"2011","Middlesbrough 006B","E01012027","Total",635,49,160,371,55,296,8,36,205,47,339,41,124,166,8
"2011","Middlesbrough 006E","E01033469","Total",717,61,178,437,41,356,14,51,257,34,361,47,127,180,7
"2011","Middlesbrough 007A","E01012015","Total",530,47,140,299,44,270,10,35,185,40,260,37,105,114,4
"2011","Middlesbrough 007B","E01012016","Total",592,57,170,326,39,285,12,32,207,34,307,45,138,119,5
"2011","Middlesbrough 007C","E01012017","Total",656,80,145,363,68,351,20,35,238,58,305,60,110,125,10
"2011","Middlesbrough 007D","E01012089","Total",470,38,157,237,38,239,6,41,156,36,231,32,116,81,2
"2011","Middlesbrough 007E","E01012090","Total",455,41,148,237,29,236,15,56,139,26,219,26,92,98,3
"2011","Middlesbrough 007F","E01012091","Total",471,55,143,234,39,240,12,37,153,38,231,43,106,81,1
"2011","Middlesbrough 008A","E01012011","Total",631,63,221,305,42,286,22,51,178,35,345,41,170,127,7
"2011","Middlesbrough 008B","E01012012","Total",806,73,195,474,64,414,16,46,301,51,392,57,149,173,13
"2011","Middlesbrough 008C","E01012013","Total",572,47,143,324,58,276,12,23,192,49,296,35,120,132,9
"2011","Middlesbrough 008D","E01012014","Total",656,70,161,384,41,321,25,35,225,36,335,45,126,159,5
"2011","Middlesbrough 009A","E01012053","Total",776,77,162,457,80,399,22,42,268,67,377,55,120,189,13
"2011","Middlesbrough 009B","E01012054","Total",811,92,180,451,88,436,38,56,271,71,375,54,124,180,17
"2011","Middlesbrough 009C","E01012055","Total",876,93,172,496,115,492,38,61,307,86,384,55,111,189,29
"2011","Middlesbrough 009D","E01012056","Total",1160,88,231,746,95,609,36,69,434,70,551,52,162,312,25
"2011","Middlesbrough 009E","E01012057","Total",898,76,191,535,96,459,29,52,308,70,439,47,139,227,26
"2011","Middlesbrough 010A","E01012082","Total",617,61,180,319,57,307,11,50,200,46,310,50,130,119,11
"2011","Middlesbrough 010B","E01012083","Total",561,54,186,292,29,263,19,40,180,24,298,35,146,112,5
"2011","Middlesbrough 010C","E01012084","Total",511,50,165,262,34,241,11,38,164,28,270,39,127,98,6
"2011","Middlesbrough 010D","E01012085","Total",522,50,169,274,29,250,14,38,176,22,272,36,131,98,7
"2011","Middlesbrough 011A","E01012018","Total",623,52,153,355,63,324,21,45,203,55,299,31,108,152,8
"2011","Middlesbrough 011B","E01012019","Total",294,25,97,158,14,134,6,18,99,11,160,19,79,59,3
"2011","Middlesbrough 011C","E01012020","Total",559,53,158,307,41,273,17,44,178,34,286,36,114,129,7
"2011","Middlesbrough 011D","E01012021","Total",432,48,116,235,33,206,14,26,138,28,226,34,90,97,5
"2011","Middlesbrough 012A","E01012007","Total",633,56,129,387,61,339,13,29,247,50,294,43,100,140,11
"2011","Middlesbrough 012B","E01012008","Total",689,82,158,365,84,349,22,39,218,70,340,60,119,147,14
"2011","Middlesbrough 012C","E01012009","Total",926,78,171,577,100,481,24,35,344,78,445,54,136,233,22
"2011","Middlesbrough 012D","E01012010","Total",658,62,150,364,82,337,15,35,224,63,321,47,115,140,19
"2011","Middlesbrough 013A","E01012046","Total",699,56,190,383,70,382,22,55,250,55,317,34,135,133,15
"2011","Middlesbrough 013B","E01012047","Total",746,71,175,426,74,381,21,42,256,62,365,50,133,170,12
"2011","Middlesbrough 013C","E01012048","Total",770,77,169,448,76,393,16,36,277,64,377,61,133,171,12
"2011","Middlesbrough 014A","E01012049","Total",693,59,156,400,78,352,27,37,225,63,341,32,119,175,15
"2011","Middlesbrough 014B","E01012050","Total",547,50,143,310,44,273,22,30,186,35,274,28,113,124,9
"2011","Middlesbrough 014C","E01012051","Total",502,51,137,262,52,237,14,20,162,41,265,37,117,100,11
"2011","Middlesbrough 014D","E01012052","Total",605,58,138,345,64,312,18,26,218,50,293,40,112,127,14
"2011","Middlesbrough 015A","E01012022","Total",857,82,188,502,85,435,24,30,311,70,422,58,158,191,15
"2011","Middlesbrough 015B","E01012023","Total",478,54,113,263,48,244,23,28,150,43,234,31,85,113,5
"2011","Middlesbrough 015C","E01012024","Total",682,76,164,384,58,320,21,26,221,52,362,55,138,163,6
"2011","Middlesbrough 015D","E01012025","Total",637,65,138,373,61,338,19,26,241,52,299,46,112,132,9
"2011","Middlesbrough 017A","E01012065","Total",741,67,167,406,101,377,21,36,239,81,364,46,131,167,20
"2011","Middlesbrough 017B","E01012066","Total",1166,84,231,697,154,599,19,29,431,120,567,65,202,266,34
"2011","Middlesbrough 017C","E01012067","Total",683,73,161,375,74,359,33,36,230,60,324,40,125,145,14
"2011","Middlesbrough 018A","E01012042","Total",610,49,153,359,49,303,14,37,212,40,307,35,116,147,9
"2011","Middlesbrough 018B","E01012043","Total",628,73,162,336,57,323,15,40,215,53,305,58,122,121,4
"2011","Middlesbrough 018C","E01012044","Total",527,53,165,270,39,241,19,41,153,28,286,34,124,117,11
"2011","Middlesbrough 018D","E01012045","Total",471,49,143,247,32,231,12,35,159,25,240,37,108,88,7
"2011","Middlesbrough 018G","E01032552","Total",739,66,207,407,59,349,15,44,240,50,390,51,163,167,9
"2011","Middlesbrough 018H","E01032553","Total",529,42,110,300,77,261,11,32,162,56,268,31,78,138,21
"2011","Middlesbrough 019A","E01012030","Total",766,76,133,465,92,403,23,27,281,72,363,53,106,184,20
"2011","Middlesbrough 019B","E01012031","Total",690,44,157,406,83,346,11,33,233,69,344,33,124,173,14
"2011","Middlesbrough 019C","E01012032","Total",984,72,194,593,125,512,20,33,351,108,472,52,161,242,17
"2011","Middlesbrough 019D","E01012033","Total",495,45,110,295,45,240,15,19,169,37,255,30,91,126,8
"2011","Middlesbrough 019E","E01012034","Total",764,67,165,426,106,390,22,32,254,82,374,45,133,172,24
"2011","Middlesbrough 019F","E01012035","Total",557,47,88,361,61,296,16,28,200,52,261,31,60,161,9
"2011","Middlesbrough 020A","E01012062","Total",671,72,152,373,74,333,20,37,215,61,338,52,115,158,13
"2011","Middlesbrough 020B","E01012063","Total",690,50,151,416,73,347,16,26,253,52,343,34,125,163,21
"2011","Middlesbrough 020C","E01012064","Total",933,83,170,543,137,491,15,35,326,115,442,68,135,217,22
"2011","Middlesbrough 020D","E01012071","Total",647,67,136,354,90,348,23,24,227,74,299,44,112,127,16
"2011","Middlesbrough 020E","E01012073","Total",672,63,128,400,81,357,17,28,250,62,315,46,100,150,19
"2011","Middlesbrough 020F","E01032593","Total",909,136,162,471,140,474,36,38,292,108,435,100,124,179,32
"2011","Northumberland 004A","E01027356","Total",774,92,146,397,139,409,30,43,237,99,365,62,103,160,40
"2011","Northumberland 004B","E01027357","Total",592,68,118,331,75,296,24,20,193,59,296,44,98,138,16
"2011","Northumberland 004C","E01027366","Total",694,65,153,359,117,359,18,37,215,89,335,47,116,144,28
"2011","Northumberland 004D","E01027367","Total",1074,91,169,655,159,637,29,36,450,122,437,62,133,205,37
"2011","Northumberland 005A","E01027358","Total",1013,89,221,594,109,516,30,45,360,81,497,59,176,234,28
"2011","Northumberland 005B","E01027359","Total",984,87,282,519,96,508,30,77,319,82,476,57,205,200,14
"2011","Northumberland 005D","E01033715","Total",484,44,106,281,53,249,17,37,160,35,235,27,69,121,18
"2011","Northumberland 005E","E01033717","Total",708,66,146,414,82,345,19,35,234,57,363,47,111,180,25
"2011","Northumberland 006A","E01027361","Total",992,93,211,557,131,522,17,49,349,107,470,76,162,208,24
"2011","Northumberland 006B","E01027362","Total",549,45,105,320,79,285,11,23,191,60,264,34,82,129,19
"2011","Northumberland 006C","E01027363","Total",417,42,113,222,40,212,16,25,137,34,205,26,88,85,6
"2011","Northumberland 006D","E01027364","Total",964,89,223,550,102,476,25,36,335,80,488,64,187,215,22
"2011","Northumberland 006E","E01027370","Total",907,101,203,432,171,477,30,56,256,135,430,71,147,176,36
"2011","Northumberland 006F","E01027371","Total",857,70,185,478,124,442,21,40,278,103,415,49,145,200,21
"2011","Northumberland 006G","E01027372","Total",918,114,178,474,152,483,36,55,276,116,435,78,123,198,36
"2011","Northumberland 007A","E01027365","Total",1073,124,187,532,230,576,41,46,314,175,497,83,141,218,55
"2011","Northumberland 007B","E01027368","Total",874,77,177,449,171,452,18,31,268,135,422,59,146,181,36
"2011","Northumberland 007C","E01027369","Total",640,81,134,332,93,334,25,36,201,72,306,56,98,131,21
"2011","Northumberland 007D","E01027373","Total",1060,108,214,493,245,573,30,47,297,199,487,78,167,196,46
"2011","Northumberland 001A","E01027376","Total",790,61,201,470,58,398,15,36,299,48,392,46,165,171,10
"2011","Northumberland 001B","E01027377","Total",838,74,186,489,89,444,25,61,297,61,394,49,125,192,28
"2011","Northumberland 001C","E01027385","Total",562,52,155,332,23,274,9,35,210,20,288,43,120,122,3
"2011","Northumberland 001D","E01027387","Total",824,62,192,479,91,414,12,40,293,69,410,50,152,186,22
"2011","Northumberland 001E","E01027388","Total",690,69,160,396,65,347,14,31,245,57,343,55,129,151,8
"2011","Northumberland 001F","E01027389","Total",818,71,193,447,107,436,16,38,304,78,382,55,155,143,29
"2011","Northumberland 002A","E01027378","Total",461,71,93,217,80,246,24,18,139,65,215,47,75,78,15
"2011","Northumberland 002B","E01027379","Total",624,73,139,327,85,332,19,21,223,69,292,54,118,104,16
"2011","Northumberland 002C","E01027380","Total",713,89,160,322,142,376,25,39,201,111,337,64,121,121,31
"2011","Northumberland 002D","E01027382","Total",779,87,173,359,160,419,24,45,228,122,360,63,128,131,38
"2011","Northumberland 002E","E01027386","Total",636,65,151,357,63,321,21,35,218,47,315,44,116,139,16
"2011","Northumberland 003A","E01027374","Total",984,109,184,498,193,524,29,48,295,152,460,80,136,203,41
"2011","Northumberland 003B","E01027375","Total",931,91,188,425,227,495,22,46,240,187,436,69,142,185,40
"2011","Northumberland 003C","E01027381","Total",900,98,186,404,212,487,20,45,251,171,413,78,141,153,41
"2011","Northumberland 003D","E01027383","Total",577,53,126,279,119,318,21,31,182,84,259,32,95,97,35
"2011","Northumberland 003E","E01027384","Total",665,65,143,313,144,364,20,31,204,109,301,45,112,109,35
"2011","Northumberland 003F","E01027390","Total",883,96,194,444,149,463,21,52,266,124,420,75,142,178,25
"2011","Northumberland 022A","E01027392","Total",566,41,152,322,51,284,14,31,197,42,282,27,121,125,9
"2011","Northumberland 022B","E01027393","Total",562,54,161,314,33,283,10,48,194,31,279,44,113,120,2
"2011","Northumberland 022C","E01027416","Total",449,31,111,274,33,212,8,31,147,26,237,23,80,127,7
"2011","Northumberland 022D","E01027424","Total",731,51,191,419,70,382,16,56,255,55,349,35,135,164,15
"2011","Northumberland 023A","E01027414","Total",728,55,153,448,72,377,17,37,270,53,351,38,116,178,19
"2011","Northumberland 023B","E01027415","Total",620,55,151,366,48,316,24,45,207,40,304,31,106,159,8
"2011","Northumberland 023C","E01027431","Total",755,46,164,475,70,395,15,41,276,63,360,31,123,199,7
"2011","Northumberland 023D","E01027441","Total",1013,64,200,643,106,528,23,35,387,83,485,41,165,256,23
"2011","Northumberland 023E","E01027442","Total",766,66,143,484,73,421,33,38,294,56,345,33,105,190,17
"2011","Northumberland 024A","E01027391","Total",646,69,139,373,65,325,18,26,227,54,321,51,113,146,11
"2011","Northumberland 024B","E01027422","Total",744,53,185,463,43,384,16,46,284,38,360,37,139,179,5
"2011","Northumberland 024C","E01027423","Total",595,48,162,335,50,306,7,34,221,44,289,41,128,114,6
"2011","Northumberland 024D","E01027429","Total",700,52,170,432,46,348,10,28,274,36,352,42,142,158,10
"2011","Northumberland 024E","E01027430","Total",607,57,151,345,54,309,12,29,221,47,298,45,122,124,7
"2011","Northumberland 025A","E01027425","Total",1209,84,218,770,137,611,21,45,438,107,598,63,173,332,30
"2011","Northumberland 025B","E01027426","Total",508,36,153,275,44,255,9,42,172,32,253,27,111,103,12
"2011","Northumberland 025C","E01027427","Total",687,49,157,423,58,363,12,39,264,48,324,37,118,159,10
"2011","Northumberland 025D","E01027428","Total",841,57,173,549,62,425,16,37,319,53,416,41,136,230,9
"2011","Northumberland 026A","E01027437","Total",943,77,164,607,95,498,26,30,359,83,445,51,134,248,12
"2011","Northumberland 026B","E01027438","Total",802,67,151,518,66,407,15,25,308,59,395,52,126,210,7
"2011","Northumberland 026C","E01027439","Total",1149,82,203,720,144,590,14,29,430,117,559,68,174,290,27
"2011","Northumberland 026D","E01027440","Total",735,54,141,460,80,393,15,29,286,63,342,39,112,174,17
"2011","Northumberland 027A","E01027400","Total",800,60,178,472,90,393,12,28,284,69,407,48,150,188,21
"2011","Northumberland 027B","E01027401","Total",838,52,185,500,101,422,14,21,303,84,416,38,164,197,17
"2011","Northumberland 027C","E01027402","Total",744,69,147,453,75,371,26,23,263,59,373,43,124,190,16
"2011","Northumberland 027D","E01027403","Total",637,52,120,405,60,314,17,23,225,49,323,35,97,180,11
"2011","Northumberland 029A","E01027398","Total",1039,98,222,626,93,505,35,48,351,71,534,63,174,275,22
"2011","Northumberland 029B","E01027409","Total",660,60,127,414,59,340,24,24,243,49,320,36,103,171,10
"2011","Northumberland 029C","E01027411","Total",516,38,118,320,40,256,14,28,180,34,260,24,90,140,6
"2011","Northumberland 029D","E01027412","Total",579,50,151,346,32,280,16,43,200,21,299,34,108,146,11
"2011","Northumberland 029E","E01027413","Total",885,69,186,556,74,449,20,46,318,65,436,49,140,238,9
"2011","Northumberland 028A","E01027395","Total",706,47,155,434,70,340,19,27,241,53,366,28,128,193,17
"2011","Northumberland 028B","E01027396","Total",665,50,162,404,49,329,12,35,245,37,336,38,127,159,12
"2011","Northumberland 028C","E01027397","Total",518,35,112,333,38,250,8,20,193,29,268,27,92,140,9
"2011","Northumberland 028D","E01027399","Total",942,56,181,607,98,479,19,30,350,80,463,37,151,257,18
"2011","Northumberland 028E","E01027404","Total",897,71,167,593,66,445,25,28,337,55,452,46,139,256,11
"2011","Northumberland 028F","E01027405","Total",782,61,170,495,56,386,12,30,296,48,396,49,140,199,8
"2011","Northumberland 030A","E01027417","Total",640,56,131,393,60,316,16,20,235,45,324,40,111,158,15
"2011","Northumberland 030B","E01027418","Total",1007,79,197,621,110,508,24,40,352,92,499,55,157,269,18
"2011","Northumberland 030C","E01027419","Total",687,58,146,377,106,360,21,33,222,84,327,37,113,155,22
"2011","Northumberland 030D","E01027420","Total",689,64,140,402,83,348,31,32,218,67,341,33,108,184,16
"2011","Northumberland 030E","E01027421","Total",659,58,122,432,47,319,14,26,245,34,340,44,96,187,13
"2011","Northumberland 031A","E01027394","Total",584,46,115,374,49,305,17,21,227,40,279,29,94,147,9
"2011","Northumberland 031B","E01027406","Total",622,51,114,401,56,316,13,25,234,44,306,38,89,167,12
"2011","Northumberland 031C","E01027407","Total",704,56,134,441,73,369,19,27,266,57,335,37,107,175,16
"2011","Northumberland 031D","E01027408","Total",569,46,131,368,24,275,13,29,217,16,294,33,102,151,8
"2011","Northumberland 031E","E01027410","Total",791,81,143,476,91,412,22,23,293,74,379,59,120,183,17
"2011","Northumberland 032A","E01027432","Total",766,60,149,485,72,416,21,36,305,54,350,39,113,180,18
"2011","Northumberland 032B","E01027433","Total",808,56,173,513,66,411,25,40,298,48,397,31,133,215,18
"2011","Northumberland 032C","E01027434","Total",654,54,149,397,54,346,20,33,245,48,308,34,116,152,6
"2011","Northumberland 032D","E01027435","Total",709,43,143,444,79,365,14,27,268,56,344,29,116,176,23
"2011","Northumberland 032E","E01027436","Total",725,53,140,444,88,373,18,21,260,74,352,35,119,184,14
"2011","Northumberland 008A","E01027443","Total",555,45,135,315,60,264,11,33,167,53,291,34,102,148,7
"2011","Northumberland 008B","E01027444","Total",970,102,308,444,116,641,64,195,280,102,329,38,113,164,14
"2011","Northumberland 008C","E01027445","Total",779,62,145,474,98,405,25,36,269,75,374,37,109,205,23
"2011","Northumberland 008D","E01027446","Total",701,53,132,442,74,358,13,35,255,55,343,40,97,187,19
"2011","Northumberland 008E","E01027451","Total",680,51,164,394,71,342,13,40,232,57,338,38,124,162,14
"2011","Northumberland 008F","E01027474","Total",876,64,168,526,118,439,15,31,291,102,437,49,137,235,16
"2011","Northumberland 008G","E01027475","Total",691,66,111,413,101,353,20,31,227,75,338,46,80,186,26
"2011","Northumberland 011A","E01027457","Total",638,51,114,366,107,332,24,19,211,78,306,27,95,155,29
"2011","Northumberland 011B","E01027462","Total",792,60,173,489,70,412,15,54,289,54,380,45,119,200,16
"2011","Northumberland 011C","E01027463","Total",968,50,192,601,125,493,9,45,344,95,475,41,147,257,30
"2011","Northumberland 015A","E01027447","Total",1010,112,176,482,240,528,32,43,271,182,482,80,133,211,58
"2011","Northumberland 015B","E01027448","Total",934,124,163,481,166,480,37,37,272,134,454,87,126,209,32
"2011","Northumberland 015C","E01027450","Total",841,76,159,425,181,425,22,39,225,139,416,54,120,200,42
"2011","Northumberland 015D","E01027473","Total",837,83,167,399,188,430,23,41,224,142,407,60,126,175,46
"2011","Northumberland 016A","E01027452","Total",678,62,136,391,89,355,21,44,236,54,323,41,92,155,35
"2011","Northumberland 016B","E01027453","Total",587,62,112,329,84,297,22,29,189,57,290,40,83,140,27
"2011","Northumberland 016E","E01027461","Total",507,57,120,292,38,240,14,31,163,32,267,43,89,129,6
"2011","Northumberland 016F","E01033718","Total",888,89,188,527,84,426,30,35,299,62,462,59,153,228,22
"2011","Northumberland 018A","E01027455","Total",668,66,124,396,82,351,18,30,238,65,317,48,94,158,17
"2011","Northumberland 018B","E01027456","Total",624,64,133,331,96,331,26,28,204,73,293,38,105,127,23
"2011","Northumberland 018C","E01027458","Total",757,87,142,424,104,389,29,37,245,78,368,58,105,179,26
"2011","Northumberland 018D","E01027460","Total",772,72,145,467,88,405,24,38,280,63,367,48,107,187,25
"2011","Northumberland 033A","E01027464","Total",572,72,97,303,100,302,26,27,170,79,270,46,70,133,21
"2011","Northumberland 033B","E01027465","Total",704,86,129,379,110,361,22,35,223,81,343,64,94,156,29
"2011","Northumberland 033C","E01027466","Total",521,51,118,284,68,268,20,33,162,53,253,31,85,122,15
"2011","Northumberland 033F","E01033714","Total",1070,157,195,495,223,560,50,56,285,169,510,107,139,210,54
"2011","Northumberland 034A","E01027449","Total",707,67,125,389,126,365,18,37,215,95,342,49,88,174,31
"2011","Northumberland 034B","E01027468","Total",506,76,98,236,96,279,18,25,161,75,227,58,73,75,21
"2011","Northumberland 034C","E01027469","Total",623,67,134,306,116,341,27,38,183,93,282,40,96,123,23
"2011","Northumberland 034D","E01027471","Total",753,82,159,340,172,393,20,41,190,142,360,62,118,150,30
"2011","Northumberland 034E","E01027472","Total",972,90,159,483,240,582,37,32,308,205,390,53,127,175,35
"2011","Northumberland 019A","E01027479","Total",1164,136,212,584,232,629,42,48,353,186,535,94,164,231,46
"2011","Northumberland 019B","E01027480","Total",683,71,131,311,170,366,27,27,182,130,317,44,104,129,40
"2011","Northumberland 019C","E01027503","Total",944,75,171,478,220,510,21,44,283,162,434,54,127,195,58
"2011","Northumberland 019D","E01027511","Total",621,56,117,298,150,338,15,20,178,125,283,41,97,120,25
"2011","Northumberland 037A","E01027484","Total",1120,103,222,535,260,591,26,55,307,203,529,77,167,228,57
"2011","Northumberland 037B","E01027485","Total",675,52,161,361,101,373,14,35,238,86,302,38,126,123,15
"2011","Northumberland 037C","E01027486","Total",562,49,132,289,92,308,11,29,187,81,254,38,103,102,11
"2011","Northumberland 037D","E01027487","Total",537,50,116,283,88,281,11,22,175,73,256,39,94,108,15
"2011","Northumberland 037E","E01027512","Total",556,45,115,246,150,317,15,30,150,122,239,30,85,96,28
"2011","Northumberland 036A","E01027483","Total",707,62,127,361,157,367,19,22,206,120,340,43,105,155,37
"2011","Northumberland 036B","E01027496","Total",542,47,124,300,71,262,12,24,173,53,280,35,100,127,18
"2011","Northumberland 036C","E01027508","Total",586,52,118,337,79,302,20,27,193,62,284,32,91,144,17
"2011","Northumberland 036D","E01027513","Total",932,99,197,484,152,468,31,46,279,112,464,68,151,205,40
"2011","Northumberland 035A","E01027476","Total",1177,128,244,672,133,594,44,58,387,105,583,84,186,285,28
"2011","Northumberland 035B","E01027489","Total",781,100,180,379,122,394,32,35,232,95,387,68,145,147,27
"2011","Northumberland 035C","E01027490","Total",860,77,200,483,100,432,23,46,290,73,428,54,154,193,27
"2011","Northumberland 035D","E01027491","Total",717,90,164,334,129,370,22,41,206,101,347,68,123,128,28
"2011","Northumberland 035E","E01027492","Total",885,98,183,473,131,446,23,33,295,95,439,75,150,178,36
"2011","Northumberland 035F","E01027493","Total",615,82,152,347,34,304,30,46,199,29,311,52,106,148,5
"2011","Northumberland 035G","E01027494","Total",1083,105,192,614,172,566,32,47,351,136,517,73,145,263,36
"2011","Northumberland 038A","E01027497","Total",1447,114,306,861,166,726,25,42,524,135,721,89,264,337,31
"2011","Northumberland 038B","E01027498","Total",1231,107,253,756,115,592,26,50,425,91,639,81,203,331,24
"2011","Northumberland 038C","E01027499","Total",692,59,142,412,79,355,16,37,236,66,337,43,105,176,13
"2011","Northumberland 038D","E01027500","Total",790,60,152,503,75,410,21,39,292,58,380,39,113,211,17
"2011","Northumberland 038E","E01027501","Total",570,47,110,345,68,284,12,31,187,54,286,35,79,158,14
"2011","Northumberland 038F","E01027502","Total",703,65,158,414,66,331,18,26,228,59,372,47,132,186,7
"2011","Northumberland 039A","E01027481","Total",765,72,142,400,151,404,22,31,233,118,361,50,111,167,33
"2011","Northumberland 039B","E01027482","Total",723,81,130,410,102,384,20,40,250,74,339,61,90,160,28
"2011","Northumberland 039C","E01027504","Total",893,130,152,421,190,466,40,35,253,138,427,90,117,168,52
"2011","Northumberland 039D","E01027506","Total",607,52,99,316,140,318,12,25,175,106,289,40,74,141,34
"2011","Northumberland 039E","E01027507","Total",728,88,128,368,144,388,30,19,223,116,340,58,109,145,28
"2011","Northumberland 039F","E01027509","Total",619,56,110,365,88,328,22,27,214,65,291,34,83,151,23
"2011","Northumberland 040A","E01027477","Total",643,68,134,298,143,348,24,39,171,114,295,44,95,127,29
"2011","Northumberland 040B","E01027478","Total",537,66,127,267,77,274,23,32,162,57,263,43,95,105,20
"2011","Northumberland 040C","E01027488","Total",1164,111,245,612,196,604,24,50,375,155,560,87,195,237,41
"2011","Northumberland 040D","E01027495","Total",524,71,97,235,121,278,22,30,130,96,246,49,67,105,25
"2011","Northumberland 040E","E01027505","Total",761,87,130,311,233,423,23,28,191,181,338,64,102,120,52
"2011","Northumberland 040F","E01027510","Total",623,66,133,329,95,321,20,28,202,71,302,46,105,127,24
"2011","Northumberland 009A","E01027541","Total",759,62,164,448,85,376,15,39,254,68,383,47,125,194,17
"2011","Northumberland 009B","E01027542","Total",563,44,126,347,46,288,21,24,209,34,275,23,102,138,12
"2011","Northumberland 009C","E01027543","Total",498,48,140,272,38,250,14,35,166,35,248,34,105,106,3
"2011","Northumberland 009D","E01027544","Total",591,52,116,365,58,309,20,32,214,43,282,32,84,151,15
"2011","Northumberland 010A","E01027528","Total",575,37,117,379,42,313,11,25,249,28,262,26,92,130,14
"2011","Northumberland 010B","E01027529","Total",576,42,111,371,52,323,19,36,224,44,253,23,75,147,8
"2011","Northumberland 010C","E01027539","Total",625,49,152,377,47,325,11,51,226,37,300,38,101,151,10
"2011","Northumberland 010D","E01027545","Total",741,41,194,458,48,383,14,54,276,39,358,27,140,182,9
"2011","Northumberland 010E","E01027546","Total",692,58,171,420,43,324,11,44,236,33,368,47,127,184,10
"2011","Northumberland 013A","E01027533","Total",574,52,129,352,41,294,14,34,215,31,280,38,95,137,10
"2011","Northumberland 013B","E01027540","Total",729,56,162,449,62,366,20,34,256,56,363,36,128,193,6
"2011","Northumberland 013E","E01027549","Total",927,78,192,557,100,489,24,31,354,80,438,54,161,203,20
"2011","Northumberland 013F","E01033716","Total",885,86,181,539,79,462,23,48,322,69,423,63,133,217,10
"2011","Northumberland 012A","E01027524","Total",671,58,133,422,58,318,18,26,224,50,353,40,107,198,8
"2011","Northumberland 012B","E01027525","Total",786,68,154,483,81,403,21,38,277,67,383,47,116,206,14
"2011","Northumberland 012C","E01027526","Total",674,56,149,402,67,331,21,38,221,51,343,35,111,181,16
"2011","Northumberland 012D","E01027527","Total",502,49,136,288,29,241,13,35,172,21,261,36,101,116,8
"2011","Northumberland 012E","E01027536","Total",736,67,130,468,71,379,16,23,277,63,357,51,107,191,8
"2011","Northumberland 014A","E01027532","Total",994,74,191,645,84,519,25,37,390,67,475,49,154,255,17
"2011","Northumberland 014B","E01027537","Total",534,32,119,344,39,267,13,28,195,31,267,19,91,149,8
"2011","Northumberland 014C","E01027538","Total",954,70,185,611,88,490,27,28,358,77,464,43,157,253,11
"2011","Northumberland 017A","E01027530","Total",625,46,117,402,60,305,11,17,227,50,320,35,100,175,10
"2011","Northumberland 017B","E01027531","Total",844,50,191,525,78,434,14,46,309,65,410,36,145,216,13
"2011","Northumberland 017C","E01027534","Total",767,52,171,485,59,383,13,41,275,54,384,39,130,210,5
"2011","Northumberland 017D","E01027535","Total",667,38,131,434,64,320,7,22,241,50,347,31,109,193,14
"2011","Northumberland 017E","E01027553","Total",837,61,161,524,91,426,20,40,292,74,411,41,121,232,17
"2011","Northumberland 017F","E01027554","Total",599,48,129,373,49,310,15,31,223,41,289,33,98,150,8
"2011","Northumberland 020A","E01027515","Total",726,51,120,470,85,388,11,30,277,70,338,40,90,193,15
"2011","Northumberland 020B","E01027517","Total",1003,77,178,667,81,518,20,40,392,66,485,57,138,275,15
"2011","Northumberland 020C","E01027518","Total",525,39,147,303,36,253,7,41,180,25,272,32,106,123,11
"2011","Northumberland 020D","E01027519","Total",578,50,130,358,40,307,15,42,221,29,271,35,88,137,11
"2011","Northumberland 020E","E01027550","Total",532,40,108,343,41,276,14,26,201,35,256,26,82,142,6
"2011","Northumberland 020F","E01027551","Total",588,48,137,353,50,296,10,42,205,39,292,38,95,148,11
"2011","Northumberland 020G","E01027552","Total",581,30,128,351,72,299,11,35,200,53,282,19,93,151,19
"2011","Northumberland 021A","E01027514","Total",726,55,152,425,94,360,12,32,245,71,366,43,120,180,23
"2011","Northumberland 021B","E01027516","Total",554,36,104,360,54,290,11,22,210,47,264,25,82,150,7
"2011","Northumberland 021C","E01027520","Total",775,68,152,472,83,405,26,26,290,63,370,42,126,182,20
"2011","Northumberland 021D","E01027521","Total",945,75,178,572,120,492,16,39,342,95,453,59,139,230,25
"2011","Northumberland 021E","E01027522","Total",534,31,113,350,40,250,5,21,193,31,284,26,92,157,9
"2011","Northumberland 021F","E01027523","Total",534,40,108,343,43,268,11,24,194,39,266,29,84,149,4
"2011","Redcar and Cleveland 001A","E01012100","Total",591,39,148,332,72,316,15,34,210,57,275,24,114,122,15
"2011","Redcar and Cleveland 001B","E01012101","Total",613,69,114,350,80,339,20,30,228,61,274,49,84,122,19
"2011","Redcar and Cleveland 001C","E01012102","Total",997,91,237,550,119,503,25,60,325,93,494,66,177,225,26
"2011","Redcar and Cleveland 001D","E01012184","Total",634,62,164,349,59,317,23,38,206,50,317,39,126,143,9
"2011","Redcar and Cleveland 002A","E01012105","Total",616,60,145,352,59,315,18,37,208,52,301,42,108,144,7
"2011","Redcar and Cleveland 002B","E01012142","Total",719,71,195,387,66,365,14,42,248,61,354,57,153,139,5
"2011","Redcar and Cleveland 002C","E01012143","Total",353,47,112,164,30,167,11,28,105,23,186,36,84,59,7
"2011","Redcar and Cleveland 002D","E01012144","Total",640,69,136,374,61,337,19,34,239,45,303,50,102,135,16
"2011","Redcar and Cleveland 003C","E01012106","Total",599,44,146,348,61,319,10,38,220,51,280,34,108,128,10
"2011","Redcar and Cleveland 003D","E01012107","Total",479,55,119,262,43,241,14,30,159,38,238,41,89,103,5
"2011","Redcar and Cleveland 003E","E01032560","Total",454,31,97,268,58,237,11,16,167,43,217,20,81,101,15
"2011","Redcar and Cleveland 003F","E01032561","Total",588,51,160,323,54,279,7,29,203,40,309,44,131,120,14
"2011","Redcar and Cleveland 004A","E01012176","Total",602,53,129,352,68,316,13,27,225,51,286,40,102,127,17
"2011","Redcar and Cleveland 004B","E01012177","Total",790,50,161,481,98,406,15,18,294,79,384,35,143,187,19
"2011","Redcar and Cleveland 004C","E01012178","Total",684,61,167,394,62,342,14,36,242,50,342,47,131,152,12
"2011","Redcar and Cleveland 004D","E01012179","Total",678,52,157,399,70,324,17,24,226,57,354,35,133,173,13
"2011","Redcar and Cleveland 004E","E01012180","Total",978,104,181,583,110,500,33,28,347,92,478,71,153,236,18
"2011","Redcar and Cleveland 004F","E01012185","Total",665,72,139,384,70,326,23,30,219,54,339,49,109,165,16
"2011","Redcar and Cleveland 004G","E01012186","Total",725,69,178,397,81,371,19,39,242,71,354,50,139,155,10
"2011","Redcar and Cleveland 005A","E01012127","Total",264,19,72,157,16,125,2,14,94,15,139,17,58,63,1
"2011","Redcar and Cleveland 005B","E01012128","Total",375,38,111,194,32,185,10,30,122,23,190,28,81,72,9
"2011","Redcar and Cleveland 005C","E01012129","Total",954,78,202,562,112,477,22,44,320,91,477,56,158,242,21
"2011","Redcar and Cleveland 005D","E01012130","Total",589,61,117,357,54,283,14,32,195,42,306,47,85,162,12
"2011","Redcar and Cleveland 005E","E01012131","Total",349,37,109,176,27,173,9,31,109,24,176,28,78,67,3
"2011","Redcar and Cleveland 006A","E01012138","Total",1372,102,287,803,180,695,26,42,477,150,677,76,245,326,30
"2011","Redcar and Cleveland 006B","E01012139","Total",920,93,185,547,95,478,19,36,337,86,442,74,149,210,9
"2011","Redcar and Cleveland 006C","E01012140","Total",559,63,116,322,58,282,22,20,188,52,277,41,96,134,6
"2011","Redcar and Cleveland 006D","E01012141","Total",470,44,94,280,52,236,11,17,164,44,234,33,77,116,8
"2011","Redcar and Cleveland 006E","E01012154","Total",518,65,116,284,53,255,12,28,174,41,263,53,88,110,12
"2011","Redcar and Cleveland 006F","E01012155","Total",586,51,131,344,60,281,14,34,189,44,305,37,97,155,16
"2011","Redcar and Cleveland 006G","E01012156","Total",741,84,159,419,79,374,23,42,243,66,367,61,117,176,13
"2011","Redcar and Cleveland 006H","E01012157","Total",675,72,158,379,66,338,17,39,232,50,337,55,119,147,16
"2011","Redcar and Cleveland 007A","E01012158","Total",575,61,147,299,68,293,21,39,180,53,282,40,108,119,15
"2011","Redcar and Cleveland 007B","E01012159","Total",653,64,126,389,74,355,20,27,252,56,298,44,99,137,18
"2011","Redcar and Cleveland 007C","E01012160","Total",614,61,149,335,69,314,12,37,209,56,300,49,112,126,13
"2011","Redcar and Cleveland 007D","E01012161","Total",632,57,150,355,70,324,17,40,214,53,308,40,110,141,17
"2011","Redcar and Cleveland 009A","E01012113","Total",418,36,138,212,32,210,10,33,140,27,208,26,105,72,5
"2011","Redcar and Cleveland 009B","E01012114","Total",396,38,105,220,33,201,10,19,142,30,195,28,86,78,3
"2011","Redcar and Cleveland 009E","E01012175","Total",451,45,139,222,45,220,17,30,138,35,231,28,109,84,10
"2011","Redcar and Cleveland 009F","E01033471","Total",729,76,210,390,53,355,19,51,241,44,374,57,159,149,9
"2011","Redcar and Cleveland 010A","E01012095","Total",629,64,163,323,79,327,15,24,221,67,302,49,139,102,12
"2011","Redcar and Cleveland 010B","E01012097","Total",443,61,101,237,44,240,16,21,162,41,203,45,80,75,3
"2011","Redcar and Cleveland 010C","E01012098","Total",627,61,138,354,74,317,21,18,217,61,310,40,120,137,13
"2011","Redcar and Cleveland 010D","E01012099","Total",561,51,139,315,56,303,9,26,221,47,258,42,113,94,9
"2011","Redcar and Cleveland 011A","E01012108","Total",585,66,148,313,58,278,13,31,189,45,307,53,117,124,13
"2011","Redcar and Cleveland 011B","E01012109","Total",642,37,130,382,93,331,9,32,216,74,311,28,98,166,19
"2011","Redcar and Cleveland 011C","E01012110","Total",755,59,143,471,82,385,14,27,278,66,370,45,116,193,16
"2011","Redcar and Cleveland 011D","E01012111","Total",470,44,105,265,56,220,8,21,144,47,250,36,84,121,9
"2011","Redcar and Cleveland 011E","E01012171","Total",527,61,138,265,63,260,13,20,170,57,267,48,118,95,6
"2011","Redcar and Cleveland 011F","E01012172","Total",608,58,155,340,55,314,17,20,228,49,294,41,135,112,6
"2011","Redcar and Cleveland 012A","E01012162","Total",698,54,168,404,72,364,14,31,257,62,334,40,137,147,10
"2011","Redcar and Cleveland 012B","E01012163","Total",1073,90,239,625,119,563,29,41,392,101,510,61,198,233,18
"2011","Redcar and Cleveland 012C","E01012164","Total",733,64,169,418,82,391,16,44,272,59,342,48,125,146,23
"2011","Redcar and Cleveland 012D","E01012165","Total",796,88,187,425,96,409,22,40,268,79,387,66,147,157,17
"2011","Redcar and Cleveland 013A","E01012096","Total",571,65,140,308,58,313,22,30,209,52,258,43,110,99,6
"2011","Redcar and Cleveland 013D","E01012136","Total",582,61,134,342,45,300,19,33,215,33,282,42,101,127,12
"2011","Redcar and Cleveland 013E","E01033473","Total",727,78,166,421,62,374,20,24,282,48,353,58,142,139,14
"2011","Redcar and Cleveland 015A","E01012112","Total",498,59,141,242,56,249,15,32,152,50,249,44,109,90,6
"2011","Redcar and Cleveland 015B","E01012145","Total",693,55,161,405,72,345,11,32,238,64,348,44,129,167,8
"2011","Redcar and Cleveland 015C","E01012147","Total",792,77,168,454,93,404,31,23,263,87,388,46,145,191,6
"2011","Redcar and Cleveland 015D","E01012149","Total",566,61,131,297,77,295,29,23,176,67,271,32,108,121,10
"2011","Redcar and Cleveland 016A","E01012132","Total",746,81,160,386,119,403,27,39,251,86,343,54,121,135,33
"2011","Redcar and Cleveland 016B","E01012134","Total",522,61,126,254,81,282,19,32,163,68,240,42,94,91,13
"2011","Redcar and Cleveland 016C","E01012137","Total",559,57,119,302,81,302,18,28,195,61,257,39,91,107,20
"2011","Redcar and Cleveland 016D","E01012181","Total",732,65,174,413,80,378,12,30,268,68,354,53,144,145,12
"2011","Redcar and Cleveland 018A","E01012117","Total",567,52,99,342,74,300,13,23,209,55,267,39,76,133,19
"2011","Redcar and Cleveland 018B","E01012118","Total",630,70,118,393,49,335,30,23,240,42,295,40,95,153,7
"2011","Redcar and Cleveland 018C","E01012119","Total",911,87,204,507,113,461,31,45,296,89,450,56,159,211,24
"2011","Redcar and Cleveland 018D","E01012121","Total",480,48,117,264,51,247,11,31,164,41,233,37,86,100,10
"2011","Redcar and Cleveland 019E","E01032548","Total",599,70,110,348,71,306,19,19,213,55,293,51,91,135,16
"2011","Redcar and Cleveland 019F","E01032549","Total",750,85,148,406,111,386,28,35,241,82,364,57,113,165,29
"2011","Redcar and Cleveland 019G","E01033472","Total",1279,127,292,730,130,653,37,54,455,107,626,90,238,275,23
"2011","Redcar and Cleveland 020A","E01012120","Total",539,55,100,327,57,281,19,28,193,41,258,36,72,134,16
"2011","Redcar and Cleveland 020B","E01012124","Total",644,98,131,324,91,335,29,35,202,69,309,69,96,122,22
"2011","Redcar and Cleveland 020C","E01012182","Total",643,69,136,345,93,332,19,28,214,71,311,50,108,131,22
"2011","Redcar and Cleveland 020D","E01012183","Total",820,78,152,502,88,415,17,17,307,74,405,61,135,195,14
"2011","Redcar and Cleveland 021A","E01012148","Total",543,45,134,316,48,277,8,25,202,42,266,37,109,114,6
"2011","Redcar and Cleveland 021B","E01012150","Total",536,47,150,301,38,234,12,25,164,33,302,35,125,137,5
"2011","Redcar and Cleveland 021C","E01012151","Total",636,60,139,359,78,316,15,24,212,65,320,45,115,147,13
"2011","Redcar and Cleveland 021D","E01012152","Total",721,72,149,402,98,375,25,32,233,85,346,47,117,169,13
"2011","Redcar and Cleveland 021E","E01032594","Total",560,53,124,315,68,285,17,21,191,56,275,36,103,124,12
"2011","Redcar and Cleveland 022A","E01012146","Total",561,53,121,307,80,300,12,26,189,73,261,41,95,118,7
"2011","Redcar and Cleveland 022B","E01012167","Total",703,75,194,379,55,337,21,35,235,46,366,54,159,144,9
"2011","Redcar and Cleveland 022C","E01012168","Total",819,74,213,458,74,399,15,38,286,60,420,59,175,172,14
"2011","Redcar and Cleveland 022D","E01012170","Total",368,30,137,177,24,175,6,30,116,23,193,24,107,61,1
"2011","Redcar and Cleveland 022E","E01012173","Total",521,49,118,300,54,272,16,20,188,48,249,33,98,112,6
"2011","Redcar and Cleveland 022F","E01012174","Total",488,62,124,264,38,234,13,19,166,36,254,49,105,98,2
"2011","Redcar and Cleveland 022G","E01033470","Total",656,76,152,351,77,343,23,32,227,61,313,53,120,124,16
"2011","Stockton-on-Tees 001A","E01012242","Total",726,53,164,432,77,379,15,33,263,68,347,38,131,169,9
"2011","Stockton-on-Tees 001B","E01012243","Total",880,72,164,549,95,450,21,33,317,79,430,51,131,232,16
"2011","Stockton-on-Tees 001C","E01012244","Total",798,63,159,497,79,410,16,34,292,68,388,47,125,205,11
"2011","Stockton-on-Tees 001D","E01012246","Total",866,67,181,533,85,447,14,36,324,73,419,53,145,209,12
"2011","Stockton-on-Tees 001E","E01012296","Total",662,52,132,402,76,353,18,27,250,58,309,34,105,152,18
"2011","Stockton-on-Tees 001F","E01012297","Total",1461,119,298,863,181,752,32,49,516,155,709,87,249,347,26
"2011","Stockton-on-Tees 002A","E01012197","Total",850,62,208,496,84,416,16,39,291,70,434,46,169,205,14
"2011","Stockton-on-Tees 002B","E01012256","Total",551,51,107,333,60,299,18,30,205,46,252,33,77,128,14
"2011","Stockton-on-Tees 002C","E01012257","Total",654,56,144,386,68,343,15,27,244,57,311,41,117,142,11
"2011","Stockton-on-Tees 002D","E01012275","Total",645,55,154,388,48,331,19,35,236,41,314,36,119,152,7
"2011","Stockton-on-Tees 002E","E01012276","Total",677,51,140,419,67,343,15,30,246,52,334,36,110,173,15
"2011","Stockton-on-Tees 002F","E01012277","Total",718,61,176,412,69,355,17,49,234,55,363,44,127,178,14
"2011","Stockton-on-Tees 003A","E01012196","Total",720,73,185,406,56,370,21,45,256,48,350,52,140,150,8
"2011","Stockton-on-Tees 003B","E01012198","Total",552,65,117,318,52,282,19,29,189,45,270,46,88,129,7
"2011","Stockton-on-Tees 003C","E01012214","Total",686,62,174,385,65,348,14,37,240,57,338,48,137,145,8
"2011","Stockton-on-Tees 003D","E01012215","Total",442,42,118,252,30,219,11,30,152,26,223,31,88,100,4
"2011","Stockton-on-Tees 003E","E01012216","Total",553,53,126,320,54,270,21,22,183,44,283,32,104,137,10
"2011","Stockton-on-Tees 003F","E01012245","Total",545,51,156,293,45,282,13,42,187,40,263,38,114,106,5
"2011","Stockton-on-Tees 004A","E01012278","Total",571,42,141,316,72,296,12,34,188,62,275,30,107,128,10
"2011","Stockton-on-Tees 004B","E01012279","Total",896,68,216,531,81,449,20,36,330,63,447,48,180,201,18
"2011","Stockton-on-Tees 004C","E01012280","Total",695,73,158,389,75,360,24,36,237,63,335,49,122,152,12
"2011","Stockton-on-Tees 004D","E01012281","Total",477,44,109,278,46,238,11,24,165,38,239,33,85,113,8
"2011","Stockton-on-Tees 005A","E01012255","Total",565,42,141,326,56,298,9,42,204,43,267,33,99,122,13
"2011","Stockton-on-Tees 005B","E01012269","Total",812,86,164,414,148,443,29,41,257,116,369,57,123,157,32
"2011","Stockton-on-Tees 005D","E01012294","Total",588,50,122,301,115,310,12,29,177,92,278,38,93,124,23
"2011","Stockton-on-Tees 005E","E01012295","Total",621,59,127,364,71,310,8,23,225,54,311,51,104,139,17
"2011","Stockton-on-Tees 005F","E01033476","Total",921,87,147,487,200,492,28,33,273,158,429,59,114,214,42
"2011","Stockton-on-Tees 005G","E01033480","Total",904,80,168,495,161,467,22,38,276,131,437,58,130,219,30
"2011","Stockton-on-Tees 006A","E01012210","Total",853,85,181,503,84,450,21,50,322,57,403,64,131,181,27
"2011","Stockton-on-Tees 006B","E01012211","Total",969,92,174,576,127,489,19,28,340,102,480,73,146,236,25
"2011","Stockton-on-Tees 006C","E01012212","Total",747,68,133,447,99,393,22,32,263,76,354,46,101,184,23
"2011","Stockton-on-Tees 006D","E01012213","Total",522,44,134,304,40,266,12,32,188,34,256,32,102,116,6
"2011","Stockton-on-Tees 007A","E01012192","Total",718,66,179,404,69,373,24,45,249,55,345,42,134,155,14
"2011","Stockton-on-Tees 007B","E01012193","Total",648,48,182,377,41,326,15,50,226,35,322,33,132,151,6
"2011","Stockton-on-Tees 007C","E01012260","Total",806,55,172,489,90,426,28,43,285,70,380,27,129,204,20
"2011","Stockton-on-Tees 007D","E01012261","Total",804,67,155,506,76,420,19,38,305,58,384,48,117,201,18
"2011","Stockton-on-Tees 008A","E01012247","Total",546,31,147,323,45,272,7,27,199,39,274,24,120,124,6
"2011","Stockton-on-Tees 008B","E01012249","Total",614,55,196,325,38,309,14,48,215,32,305,41,148,110,6
"2011","Stockton-on-Tees 008C","E01012271","Total",540,51,161,284,44,249,11,38,168,32,291,40,123,116,12
"2011","Stockton-on-Tees 008D","E01012272","Total",456,33,115,263,45,246,10,27,172,37,210,23,88,91,8
"2011","Stockton-on-Tees 008E","E01012273","Total",591,48,193,313,37,283,13,43,193,34,308,35,150,120,3
"2011","Stockton-on-Tees 008F","E01012274","Total",539,42,153,298,46,278,14,37,189,38,261,28,116,109,8
"2011","Stockton-on-Tees 009D","E01012248","Total",576,38,154,328,56,280,9,36,195,40,296,29,118,133,16
"2011","Stockton-on-Tees 009E","E01012250","Total",471,40,152,244,35,229,13,33,155,28,242,27,119,89,7
"2011","Stockton-on-Tees 009F","E01032542","Total",432,29,112,253,38,209,7,27,145,30,223,22,85,108,8
"2011","Stockton-on-Tees 009G","E01032543","Total",755,61,227,406,61,375,20,54,247,54,380,41,173,159,7
"2011","Stockton-on-Tees 009H","E01032544","Total",1040,68,231,642,99,513,20,41,366,86,527,48,190,276,13
"2011","Stockton-on-Tees 010A","E01012194","Total",692,40,170,419,63,352,9,45,246,52,340,31,125,173,11
"2011","Stockton-on-Tees 010B","E01012195","Total",501,56,133,285,27,241,9,30,182,20,260,47,103,103,7
"2011","Stockton-on-Tees 010C","E01012258","Total",553,73,154,276,50,343,52,68,180,43,210,21,86,96,7
"2011","Stockton-on-Tees 010D","E01012259","Total",884,71,202,536,75,451,17,50,325,59,433,54,152,211,16
"2011","Stockton-on-Tees 010E","E01012268","Total",634,57,184,345,48,317,22,37,218,40,317,35,147,127,8
"2011","Stockton-on-Tees 011A","E01012187","Total",757,62,185,459,51,398,18,32,302,46,359,44,153,157,5
"2011","Stockton-on-Tees 011B","E01012188","Total",691,56,150,410,75,374,16,38,254,66,317,40,112,156,9
"2011","Stockton-on-Tees 011C","E01012189","Total",679,55,155,414,55,351,17,34,253,47,328,38,121,161,8
"2011","Stockton-on-Tees 011D","E01012205","Total",677,63,147,400,67,339,14,34,238,53,338,49,113,162,14
"2011","Stockton-on-Tees 012A","E01012219","Total",914,79,218,523,94,473,24,42,332,75,441,55,176,191,19
"2011","Stockton-on-Tees 012B","E01012251","Total",658,68,181,365,44,321,14,38,235,34,337,54,143,130,10
"2011","Stockton-on-Tees 012C","E01012252","Total",433,34,152,222,25,204,5,41,139,19,229,29,111,83,6
"2011","Stockton-on-Tees 012D","E01012253","Total",560,46,148,327,39,279,11,38,197,33,281,35,110,130,6
"2011","Stockton-on-Tees 012E","E01012254","Total",528,58,148,285,37,284,17,39,198,30,244,41,109,87,7
"2011","Stockton-on-Tees 013A","E01012204","Total",569,39,124,343,63,285,11,30,194,50,284,28,94,149,13
"2011","Stockton-on-Tees 013B","E01012206","Total",586,60,135,342,49,307,18,34,214,41,279,42,101,128,8
"2011","Stockton-on-Tees 013C","E01012207","Total",859,66,185,514,94,449,18,41,317,73,410,48,144,197,21
"2011","Stockton-on-Tees 013D","E01012208","Total",856,86,188,508,74,437,23,35,318,61,419,63,153,190,13
"2011","Stockton-on-Tees 014A","E01012262","Total",818,97,229,427,65,441,29,95,266,51,377,68,134,161,14
"2011","Stockton-on-Tees 014C","E01012264","Total",1216,88,243,760,125,640,36,62,445,97,576,52,181,315,28
"2011","Stockton-on-Tees 014E","E01012266","Total",651,68,216,308,59,330,24,65,194,47,321,44,151,114,12
"2011","Stockton-on-Tees 014F","E01012267","Total",503,56,131,275,41,293,26,48,182,37,210,30,83,93,4
"2011","Stockton-on-Tees 014G","E01033477","Total",818,93,196,439,90,498,40,93,298,67,320,53,103,141,23
"2011","Stockton-on-Tees 015A","E01012190","Total",826,58,188,501,79,417,13,37,304,63,409,45,151,197,16
"2011","Stockton-on-Tees 015B","E01012191","Total",634,56,151,364,63,307,13,28,211,55,327,43,123,153,8
"2011","Stockton-on-Tees 015C","E01012224","Total",793,60,180,490,63,390,13,36,294,47,403,47,144,196,16
"2011","Stockton-on-Tees 015D","E01012225","Total",711,64,148,421,78,365,23,26,260,56,346,41,122,161,22
"2011","Stockton-on-Tees 015E","E01012226","Total",695,60,158,419,58,353,24,36,244,49,342,36,122,175,9
"2011","Stockton-on-Tees 016A","E01012209","Total",817,92,192,462,71,426,27,53,287,59,391,65,139,175,12
"2011","Stockton-on-Tees 016B","E01012217","Total",647,54,158,383,52,348,20,50,235,43,299,34,108,148,9
"2011","Stockton-on-Tees 016C","E01012218","Total",711,68,147,420,76,373,22,43,250,58,338,46,104,170,18
"2011","Stockton-on-Tees 016D","E01012223","Total",724,64,149,429,82,377,23,30,255,69,347,41,119,174,13
"2011","Stockton-on-Tees 017A","E01012286","Total",515,53,137,295,30,261,19,38,177,27,254,34,99,118,3
"2011","Stockton-on-Tees 017B","E01012287","Total",856,129,142,493,92,472,48,38,310,76,384,81,104,183,16
"2011","Stockton-on-Tees 017C","E01012288","Total",503,44,141,292,26,257,16,42,176,23,246,28,99,116,3
"2011","Stockton-on-Tees 017D","E01012289","Total",519,51,126,302,40,282,14,48,184,36,237,37,78,118,4
"2011","Stockton-on-Tees 018A","E01012238","Total",617,53,169,336,59,279,12,38,179,50,338,41,131,157,9
"2011","Stockton-on-Tees 018B","E01012239","Total",872,63,185,540,84,447,17,36,329,65,425,46,149,211,19
"2011","Stockton-on-Tees 018C","E01012240","Total",865,72,199,507,87,446,24,42,308,72,419,48,157,199,15
"2011","Stockton-on-Tees 018D","E01012241","Total",794,70,194,475,55,395,17,35,292,51,399,53,159,183,4
"2011","Stockton-on-Tees 019A","E01012290","Total",741,73,175,410,83,382,17,46,245,74,359,56,129,165,9
"2011","Stockton-on-Tees 019B","E01012291","Total",722,56,173,413,80,385,11,35,278,61,337,45,138,135,19
"2011","Stockton-on-Tees 019C","E01012292","Total",1092,85,234,682,91,557,22,49,403,83,535,63,185,279,8
"2011","Stockton-on-Tees 020A","E01012282","Total",541,50,157,292,42,271,11,37,182,41,270,39,120,110,1
"2011","Stockton-on-Tees 020B","E01012283","Total",506,45,140,277,44,257,14,34,171,38,249,31,106,106,6
"2011","Stockton-on-Tees 020C","E01012284","Total",470,41,136,259,34,233,16,30,158,29,237,25,106,101,5
"2011","Stockton-on-Tees 020D","E01012285","Total",581,42,129,357,53,291,10,32,206,43,290,32,97,151,10
"2011","Stockton-on-Tees 021A","E01012199","Total",725,70,148,418,89,356,15,31,243,67,369,55,117,175,22
"2011","Stockton-on-Tees 021B","E01012200","Total",983,101,168,574,140,515,28,38,341,108,468,73,130,233,32
"2011","Stockton-on-Tees 021C","E01012201","Total",813,76,176,475,86,414,15,30,299,70,399,61,146,176,16
"2011","Stockton-on-Tees 021D","E01012202","Total",730,80,139,416,95,373,29,28,245,71,357,51,111,171,24
"2011","Stockton-on-Tees 021E","E01012203","Total",1006,73,192,621,120,514,17,38,354,105,492,56,154,267,15
"2011","Stockton-on-Tees 021F","E01012270","Total",638,59,142,346,91,327,17,41,198,71,311,42,101,148,20
"2011","Stockton-on-Tees 022A","E01012228","Total",807,76,164,476,91,422,23,28,295,76,385,53,136,181,15
"2011","Stockton-on-Tees 022B","E01012230","Total",870,61,168,541,100,454,18,33,329,74,416,43,135,212,26
"2011","Stockton-on-Tees 022C","E01012233","Total",756,81,151,394,130,400,25,38,236,101,356,56,113,158,29
"2011","Stockton-on-Tees 022D","E01012236","Total",731,63,131,460,77,389,23,24,277,65,342,40,107,183,12
"2011","Stockton-on-Tees 022E","E01012237","Total",766,86,135,436,109,413,22,30,274,87,353,64,105,162,22
"2011","Stockton-on-Tees 023A","E01012227","Total",903,53,167,560,123,458,18,30,312,98,445,35,137,248,25
"2011","Stockton-on-Tees 023C","E01012231","Total",1129,83,235,667,144,572,25,24,413,110,557,58,211,254,34
"2011","Stockton-on-Tees 023D","E01012232","Total",827,61,173,509,84,422,15,21,319,67,405,46,152,190,17
"2011","Stockton-on-Tees 023E","E01012234","Total",953,96,175,569,113,495,30,34,333,98,458,66,141,236,15
"2011","Stockton-on-Tees 023F","E01033474","Total",989,58,145,654,132,493,15,22,345,111,496,43,123,309,21
"2011","Stockton-on-Tees 023G","E01033475","Total",1021,77,170,590,184,524,21,17,337,149,497,56,153,253,35
"2011","Stockton-on-Tees 023H","E01033478","Total",1057,82,202,612,161,557,26,27,379,125,500,56,175,233,36
"2011","Stockton-on-Tees 023I","E01033479","Total",985,67,207,582,129,502,22,26,354,100,483,45,181,228,29
"2011","Stockton-on-Tees 024A","E01012235","Total",574,63,109,307,95,317,21,32,190,74,257,42,77,117,21
"2011","Stockton-on-Tees 024B","E01012298","Total",704,96,118,369,121,375,27,27,220,101,329,69,91,149,20
"2011","Stockton-on-Tees 024C","E01012299","Total",875,69,130,507,169,490,26,31,299,134,385,43,99,208,35
"2011","Stockton-on-Tees 024D","E01012300","Total",633,68,142,354,69,312,21,38,202,51,321,47,104,152,18
"2011","Stockton-on-Tees 024E","E01012301","Total",752,90,134,395,133,389,26,35,224,104,363,64,99,171,29
"2011","Stockton-on-Tees 024F","E01012302","Total",646,76,124,363,83,340,23,31,222,64,306,53,93,141,19
"2011","Stockton-on-Tees 024G","E01012303","Total",797,57,149,482,109,409,18,32,270,89,388,39,117,212,20
"2011","Gateshead 001A","E01008246","Total",675,52,149,408,66,340,14,30,250,46,335,38,119,158,20
"2011","Gateshead 001B","E01008247","Total",668,58,145,409,56,334,14,28,248,44,334,44,117,161,12
"2011","Gateshead 001C","E01008248","Total",1018,65,189,650,114,540,21,45,384,90,478,44,144,266,24
"2011","Gateshead 001D","E01008249","Total",646,56,143,390,57,333,16,37,238,42,313,40,106,152,15
"2011","Gateshead 001E","E01008250","Total",719,62,157,424,76,356,16,32,245,63,363,46,125,179,13
"2011","Gateshead 002A","E01008195","Total",1044,55,217,657,115,533,16,44,380,93,511,39,173,277,22
"2011","Gateshead 002B","E01008197","Total",863,53,144,586,80,440,19,35,325,61,423,34,109,261,19
"2011","Gateshead 002C","E01008198","Total",612,38,152,357,65,294,7,36,200,51,318,31,116,157,14
"2011","Gateshead 002D","E01008199","Total",727,42,134,471,80,369,9,34,265,61,358,33,100,206,19
"2011","Gateshead 002E","E01008200","Total",715,81,162,383,89,364,25,35,244,60,351,56,127,139,29
"2011","Gateshead 002F","E01008245","Total",709,58,149,432,70,355,22,39,250,44,354,36,110,182,26
"2011","Gateshead 003A","E01008214","Total",564,48,156,325,35,264,18,35,190,21,300,30,121,135,14
"2011","Gateshead 003B","E01008215","Total",674,46,125,441,62,364,11,38,270,45,310,35,87,171,17
"2011","Gateshead 003C","E01008243","Total",732,46,120,518,48,374,13,26,300,35,358,33,94,218,13
"2011","Gateshead 003D","E01008244","Total",1128,69,199,757,103,563,21,34,427,81,565,48,165,330,22
"2011","Gateshead 004A","E01008178","Total",870,45,157,573,95,442,17,32,333,60,428,28,125,240,35
"2011","Gateshead 004B","E01008180","Total",561,48,155,310,48,273,11,39,187,36,288,37,116,123,12
"2011","Gateshead 004C","E01008182","Total",760,42,143,504,71,381,7,32,285,57,379,35,111,219,14
"2011","Gateshead 004D","E01008277","Total",601,58,122,376,45,319,15,25,238,41,282,43,97,138,4
"2011","Gateshead 004E","E01008280","Total",830,59,187,513,71,417,17,44,300,56,413,42,143,213,15
"2011","Gateshead 005A","E01008177","Total",703,62,122,441,78,361,22,26,256,57,342,40,96,185,21
"2011","Gateshead 005B","E01008179","Total",696,34,146,456,60,348,10,32,261,45,348,24,114,195,15
"2011","Gateshead 005C","E01008181","Total",741,57,162,447,75,374,15,34,268,57,367,42,128,179,18
"2011","Gateshead 005D","E01008276","Total",672,43,142,421,66,343,16,30,248,49,329,27,112,173,17
"2011","Gateshead 005E","E01008279","Total",681,65,116,428,72,373,25,22,268,58,308,40,94,160,14
"2011","Gateshead 007A","E01008209","Total",1087,85,186,720,96,554,28,53,399,74,533,57,133,321,22
"2011","Gateshead 007B","E01008210","Total",626,51,150,374,51,324,15,41,238,30,302,36,109,136,21
"2011","Gateshead 007C","E01008258","Total",1142,58,197,791,96,608,24,53,459,72,534,34,144,332,24
"2011","Gateshead 007D","E01008259","Total",818,53,192,491,82,466,22,73,301,70,352,31,119,190,12
"2011","Gateshead 008A","E01008167","Total",784,54,136,516,78,423,18,44,304,57,361,36,92,212,21
"2011","Gateshead 008B","E01008169","Total",529,70,194,228,37,298,23,96,148,31,231,47,98,80,6
"2011","Gateshead 008C","E01008170","Total",936,66,186,580,104,490,23,55,332,80,446,43,131,248,24
"2011","Gateshead 008D","E01008171","Total",506,31,126,309,40,287,14,43,202,28,219,17,83,107,12
"2011","Gateshead 008E","E01008257","Total",528,42,142,313,31,263,13,38,186,26,265,29,104,127,5
"2011","Gateshead 009A","E01008262","Total",930,65,178,582,105,488,16,54,334,84,442,49,124,248,21
"2011","Gateshead 009B","E01008263","Total",721,54,161,458,48,347,14,35,256,42,374,40,126,202,6
"2011","Gateshead 009C","E01008264","Total",681,55,125,416,85,352,20,30,241,61,329,35,95,175,24
"2011","Gateshead 009D","E01008265","Total",684,40,164,412,68,354,13,48,239,54,330,27,116,173,14
"2011","Gateshead 009E","E01008266","Total",652,69,120,397,66,349,26,27,240,56,303,43,93,157,10
"2011","Gateshead 010A","E01008251","Total",998,57,154,696,91,547,22,69,398,58,451,35,85,298,33
"2011","Gateshead 010B","E01008252","Total",748,46,188,425,89,393,14,67,249,63,355,32,121,176,26
"2011","Gateshead 010C","E01008253","Total",905,60,154,592,99,475,20,53,332,70,430,40,101,260,29
"2011","Gateshead 010D","E01008254","Total",674,56,128,434,56,354,22,35,258,39,320,34,93,176,17
"2011","Gateshead 010E","E01008255","Total",769,71,184,418,96,401,26,49,248,78,368,45,135,170,18
"2011","Gateshead 011A","E01008165","Total",583,49,152,347,35,289,13,41,203,32,294,36,111,144,3
"2011","Gateshead 011B","E01008201","Total",462,40,123,277,22,233,12,27,177,17,229,28,96,100,5
"2011","Gateshead 011C","E01008202","Total",936,54,208,613,61,475,17,51,359,48,461,37,157,254,13
"2011","Gateshead 011D","E01008204","Total",568,36,164,327,41,291,14,43,201,33,277,22,121,126,8
"2011","Gateshead 012A","E01008212","Total",559,36,128,358,37,283,12,30,212,29,276,24,98,146,8
"2011","Gateshead 012B","E01008213","Total",645,46,130,426,43,326,18,31,244,33,319,28,99,182,10
"2011","Gateshead 012C","E01008216","Total",584,50,114,392,28,308,19,35,233,21,276,31,79,159,7
"2011","Gateshead 012D","E01008228","Total",494,35,104,320,35,251,13,17,191,30,243,22,87,129,5
"2011","Gateshead 013A","E01008206","Total",889,66,203,559,61,450,21,40,344,45,439,45,163,215,16
"2011","Gateshead 013B","E01008207","Total",748,44,141,498,65,386,6,28,304,48,362,38,113,194,17
"2011","Gateshead 013C","E01008208","Total",734,52,151,466,65,377,11,34,284,48,357,41,117,182,17
"2011","Gateshead 013D","E01008211","Total",881,70,186,543,82,454,20,38,334,62,427,50,148,209,20
"2011","Gateshead 014A","E01008283","Total",776,46,153,509,68,411,19,33,306,53,365,27,120,203,15
"2011","Gateshead 014B","E01008284","Total",715,47,133,479,56,382,18,26,294,44,333,29,107,185,12
"2011","Gateshead 014C","E01008286","Total",641,48,135,404,54,337,14,24,255,44,304,34,111,149,10
"2011","Gateshead 014D","E01008287","Total",1166,61,234,759,112,598,17,32,459,90,568,44,202,300,22
"2011","Gateshead 015A","E01008231","Total",656,50,163,401,42,319,13,38,235,33,337,37,125,166,9
"2011","Gateshead 015B","E01008240","Total",622,42,131,413,36,311,12,24,244,31,311,30,107,169,5
"2011","Gateshead 015C","E01008241","Total",664,54,144,412,54,332,20,29,241,42,332,34,115,171,12
"2011","Gateshead 015D","E01008242","Total",687,47,176,412,52,334,22,31,239,42,353,25,145,173,10
"2011","Gateshead 015E","E01008281","Total",583,46,115,375,47,295,11,22,225,37,288,35,93,150,10
"2011","Gateshead 015F","E01008282","Total",608,44,156,364,44,304,18,35,210,41,304,26,121,154,3
"2011","Gateshead 016A","E01008219","Total",819,59,153,522,85,428,16,41,306,65,391,43,112,216,20
"2011","Gateshead 016B","E01008235","Total",802,84,148,480,90,400,34,27,270,69,402,50,121,210,21
"2011","Gateshead 016C","E01008236","Total",709,39,120,480,70,352,8,23,271,50,357,31,97,209,20
"2011","Gateshead 016D","E01008237","Total",815,63,155,505,92,403,20,29,289,65,412,43,126,216,27
"2011","Gateshead 016E","E01008238","Total",874,54,143,585,92,455,21,33,336,65,419,33,110,249,27
"2011","Gateshead 017A","E01008267","Total",559,53,109,325,72,302,13,28,214,47,257,40,81,111,25
"2011","Gateshead 017B","E01008269","Total",698,68,157,398,75,357,22,30,247,58,341,46,127,151,17
"2011","Gateshead 017C","E01008270","Total",538,50,120,313,55,276,12,30,193,41,262,38,90,120,14
"2011","Gateshead 017D","E01008271","Total",717,61,150,420,86,377,21,38,256,62,340,40,112,164,24
"2011","Gateshead 017E","E01008275","Total",711,63,132,434,82,350,20,21,251,58,361,43,111,183,24
"2011","Gateshead 018A","E01008229","Total",602,48,132,367,55,308,10,25,234,39,294,38,107,133,16
"2011","Gateshead 018B","E01008230","Total",643,42,139,413,49,324,10,27,245,42,319,32,112,168,7
"2011","Gateshead 018C","E01008232","Total",509,36,130,297,46,255,11,17,191,36,254,25,113,106,10
"2011","Gateshead 018D","E01008233","Total",802,68,170,502,62,404,15,31,308,50,398,53,139,194,12
"2011","Gateshead 018E","E01008285","Total",590,34,156,357,43,287,7,28,215,37,303,27,128,142,6
"2011","Gateshead 019A","E01008256","Total",920,78,182,584,76,462,28,41,339,54,458,50,141,245,22
"2011","Gateshead 019B","E01008260","Total",904,43,188,573,100,462,16,38,336,72,442,27,150,237,28
"2011","Gateshead 019C","E01008261","Total",621,40,146,391,44,302,10,36,228,28,319,30,110,163,16
"2011","Gateshead 019D","E01008268","Total",717,55,169,408,85,373,15,42,248,68,344,40,127,160,17
"2011","Gateshead 019E","E01008272","Total",643,65,119,366,93,327,19,36,201,71,316,46,83,165,22
"2011","Gateshead 019F","E01008273","Total",813,66,177,483,87,414,11,34,301,68,399,55,143,182,19
"2011","Gateshead 019G","E01008274","Total",700,57,137,443,63,334,18,28,244,44,366,39,109,199,19
"2011","Gateshead 020A","E01008193","Total",583,49,110,374,50,295,19,23,221,32,288,30,87,153,18
"2011","Gateshead 020B","E01008194","Total",696,65,137,426,68,363,20,25,262,56,333,45,112,164,12
"2011","Gateshead 020C","E01008234","Total",1068,89,186,686,107,559,33,42,402,82,509,56,144,284,25
"2011","Gateshead 020D","E01008239","Total",837,72,158,495,112,443,31,43,286,83,394,41,115,209,29
"2011","Gateshead 021A","E01008218","Total",619,49,178,348,44,319,16,39,232,32,300,33,139,116,12
"2011","Gateshead 021B","E01008220","Total",397,37,112,228,20,214,18,24,154,18,183,19,88,74,2
"2011","Gateshead 021C","E01008221","Total",688,55,168,417,48,348,20,31,256,41,340,35,137,161,7
"2011","Gateshead 021D","E01008225","Total",787,71,172,479,65,412,21,42,300,49,375,50,130,179,16
"2011","Gateshead 021E","E01008227","Total",525,48,162,274,41,257,21,32,169,35,268,27,130,105,6
"2011","Gateshead 022A","E01008184","Total",642,52,112,389,89,334,14,24,231,65,308,38,88,158,24
"2011","Gateshead 022B","E01008185","Total",519,56,116,301,46,260,16,29,176,39,259,40,87,125,7
"2011","Gateshead 022C","E01008188","Total",688,72,159,388,69,340,22,29,236,53,348,50,130,152,16
"2011","Gateshead 022D","E01008278","Total",693,61,140,405,87,363,14,43,237,69,330,47,97,168,18
"2011","Gateshead 023A","E01008189","Total",573,57,128,348,40,300,21,27,217,35,273,36,101,131,5
"2011","Gateshead 023B","E01008190","Total",569,47,118,356,48,282,11,18,219,34,287,36,100,137,14
"2011","Gateshead 023C","E01008191","Total",612,44,136,394,38,319,16,31,238,34,293,28,105,156,4
"2011","Gateshead 023D","E01008192","Total",617,44,124,399,50,321,13,28,239,41,296,31,96,160,9
"2011","Gateshead 023E","E01008217","Total",656,51,145,409,51,327,11,30,246,40,329,40,115,163,11
"2011","Gateshead 024A","E01008183","Total",671,59,132,410,70,326,15,25,244,42,345,44,107,166,28
"2011","Gateshead 024B","E01008186","Total",891,67,206,534,84,466,20,56,323,67,425,47,150,211,17
"2011","Gateshead 024C","E01008187","Total",665,57,162,403,43,323,15,42,230,36,342,42,120,173,7
"2011","Gateshead 024D","E01008196","Total",906,81,173,557,95,452,17,35,327,73,454,64,138,230,22
"2011","Gateshead 025A","E01008222","Total",691,47,161,429,54,341,10,32,255,44,350,37,129,174,10
"2011","Gateshead 025B","E01008223","Total",694,48,181,406,59,355,15,55,240,45,339,33,126,166,14
"2011","Gateshead 025C","E01008224","Total",822,66,140,508,108,416,16,30,290,80,406,50,110,218,28
"2011","Gateshead 025D","E01008226","Total",692,63,146,373,110,365,18,35,222,90,327,45,111,151,20
"2011","Gateshead 026A","E01008172","Total",696,61,129,450,56,344,14,18,266,46,352,47,111,184,10
"2011","Gateshead 026B","E01008173","Total",652,38,150,397,67,319,10,26,229,54,333,28,124,168,13
"2011","Gateshead 026C","E01008174","Total",931,78,174,594,85,486,20,33,359,74,445,58,141,235,11
"2011","Gateshead 026D","E01008175","Total",734,42,139,486,67,383,14,38,285,46,351,28,101,201,21
"2011","Gateshead 026E","E01008176","Total",743,62,145,481,55,403,17,37,305,44,340,45,108,176,11
"2011","Gateshead 027A","E01008162","Total",1357,71,177,945,164,744,29,69,531,115,613,42,108,414,49
"2011","Gateshead 027B","E01008164","Total",581,36,110,384,51,314,12,38,234,30,267,24,72,150,21
"2011","Gateshead 027C","E01008166","Total",707,44,102,446,115,431,19,52,281,79,276,25,50,165,36
"2011","Gateshead 027D","E01008168","Total",1093,50,159,724,160,632,24,56,441,111,461,26,103,283,49
"2011","Gateshead 028A","E01008163","Total",730,49,194,436,51,390,14,72,262,42,340,35,122,174,9
"2011","Gateshead 028B","E01008203","Total",845,50,141,582,72,454,20,43,334,57,391,30,98,248,15
"2011","Gateshead 028C","E01008205","Total",773,63,120,498,92,412,20,23,300,69,361,43,97,198,23
"2011","Newcastle upon Tyne 001A","E01008294","Total",840,72,164,526,78,424,26,29,311,58,416,46,135,215,20
"2011","Newcastle upon Tyne 001B","E01008306","Total",703,70,148,394,91,361,24,38,231,68,342,46,110,163,23
"2011","Newcastle upon Tyne 001C","E01008307","Total",453,38,103,274,38,211,9,21,152,29,242,29,82,122,9
"2011","Newcastle upon Tyne 001D","E01008308","Total",698,63,131,438,66,352,22,29,254,47,346,41,102,184,19
"2011","Newcastle upon Tyne 001E","E01008311","Total",960,62,177,593,128,504,23,41,348,92,456,39,136,245,36
"2011","Newcastle upon Tyne 001F","E01008312","Total",638,50,148,385,55,307,15,30,219,43,331,35,118,166,12
"2011","Newcastle upon Tyne 001G","E01008313","Total",627,63,122,384,58,312,16,28,222,46,315,47,94,162,12
"2011","Newcastle upon Tyne 002A","E01008309","Total",792,83,122,465,122,409,32,17,271,89,383,51,105,194,33
"2011","Newcastle upon Tyne 002C","E01008352","Total",673,43,134,412,84,358,11,45,240,62,315,32,89,172,22
"2011","Newcastle upon Tyne 002D","E01008357","Total",751,66,143,391,151,401,14,37,233,117,350,52,106,158,34
"2011","Newcastle upon Tyne 002E","E01008358","Total",734,59,102,473,100,359,15,24,245,75,375,44,78,228,25
"2011","Newcastle upon Tyne 002F","E01033550","Total",1120,82,189,626,223,603,22,38,369,174,517,60,151,257,49
"2011","Newcastle upon Tyne 002G","E01033551","Total",866,97,148,482,139,466,37,24,305,100,400,60,124,177,39
"2011","Newcastle upon Tyne 003A","E01008336","Total",546,38,111,340,57,265,11,24,193,37,281,27,87,147,20
"2011","Newcastle upon Tyne 003B","E01008337","Total",522,51,140,300,31,261,19,39,182,21,261,32,101,118,10
"2011","Newcastle upon Tyne 003C","E01008338","Total",570,44,114,366,46,298,17,28,215,38,272,27,86,151,8
"2011","Newcastle upon Tyne 003D","E01008339","Total",620,46,143,384,47,317,19,38,226,34,303,27,105,158,13
"2011","Newcastle upon Tyne 003E","E01008340","Total",512,41,145,290,36,255,18,40,171,26,257,23,105,119,10
"2011","Newcastle upon Tyne 003F","E01008341","Total",614,52,136,376,50,311,12,34,226,39,303,40,102,150,11
"2011","Newcastle upon Tyne 003G","E01008342","Total",669,46,131,439,53,350,16,30,263,41,319,30,101,176,12
"2011","Newcastle upon Tyne 004A","E01008293","Total",779,69,150,483,77,409,31,27,287,64,370,38,123,196,13
"2011","Newcastle upon Tyne 004B","E01008456","Total",625,50,166,375,34,308,16,37,225,30,317,34,129,150,4
"2011","Newcastle upon Tyne 004C","E01008457","Total",664,37,152,414,61,341,9,44,237,51,323,28,108,177,10
"2011","Newcastle upon Tyne 004D","E01008458","Total",801,70,158,445,128,414,20,42,256,96,387,50,116,189,32
"2011","Newcastle upon Tyne 004E","E01008459","Total",573,45,163,334,31,259,15,38,187,19,314,30,125,147,12
"2011","Newcastle upon Tyne 004F","E01008460","Total",567,57,148,316,46,292,23,39,196,34,275,34,109,120,12
"2011","Newcastle upon Tyne 005A","E01008351","Total",659,54,137,402,66,355,19,41,248,47,304,35,96,154,19
"2011","Newcastle upon Tyne 005B","E01008354","Total",867,46,135,557,129,455,16,38,324,77,412,30,97,233,52
"2011","Newcastle upon Tyne 005C","E01008418","Total",1055,86,170,568,231,578,26,46,337,169,477,60,124,231,62
"2011","Newcastle upon Tyne 005D","E01008420","Total",669,68,106,338,157,355,28,29,194,104,314,40,77,144,53
"2011","Newcastle upon Tyne 005E","E01008422","Total",849,102,134,484,129,412,36,28,273,75,437,66,106,211,54
"2011","Newcastle upon Tyne 005F","E01008424","Total",866,77,103,573,113,463,34,40,316,73,403,43,63,257,40
"2011","Newcastle upon Tyne 006A","E01008353","Total",642,66,146,379,51,326,19,39,226,42,316,47,107,153,9
"2011","Newcastle upon Tyne 006B","E01008355","Total",828,45,121,539,123,414,20,23,295,76,414,25,98,244,47
"2011","Newcastle upon Tyne 006C","E01008356","Total",697,63,125,386,123,390,22,39,235,94,307,41,86,151,29
"2011","Newcastle upon Tyne 006D","E01008378","Total",685,65,133,378,109,364,23,39,216,86,321,42,94,162,23
"2011","Newcastle upon Tyne 006E","E01008419","Total",876,64,125,501,186,451,21,26,276,128,425,43,99,225,58
"2011","Newcastle upon Tyne 006F","E01008421","Total",829,79,122,488,140,434,35,37,259,103,395,44,85,229,37
"2011","Newcastle upon Tyne 006G","E01008423","Total",637,68,125,315,129,355,26,34,193,102,282,42,91,122,27
"2011","Newcastle upon Tyne 007A","E01008317","Total",746,57,141,442,106,392,14,32,276,70,354,43,109,166,36
"2011","Newcastle upon Tyne 007B","E01008319","Total",1051,97,177,607,170,536,26,40,334,136,515,71,137,273,34
"2011","Newcastle upon Tyne 007C","E01008320","Total",721,63,152,453,53,371,21,41,273,36,350,42,111,180,17
"2011","Newcastle upon Tyne 007D","E01008321","Total",862,67,131,522,142,440,26,24,294,96,422,41,107,228,46
"2011","Newcastle upon Tyne 007E","E01008322","Total",785,53,155,478,99,427,24,35,295,73,358,29,120,183,26
"2011","Newcastle upon Tyne 007F","E01008323","Total",907,78,139,587,103,450,25,38,320,67,457,53,101,267,36
"2011","Newcastle upon Tyne 008A","E01008295","Total",573,56,159,322,36,280,14,47,191,28,293,42,112,131,8
"2011","Newcastle upon Tyne 008B","E01008374","Total",789,68,153,476,92,414,22,46,284,62,375,46,107,192,30
"2011","Newcastle upon Tyne 008C","E01008375","Total",651,42,147,406,56,337,18,40,242,37,314,24,107,164,19
"2011","Newcastle upon Tyne 008D","E01008376","Total",642,58,120,387,77,339,28,35,221,55,303,30,85,166,22
"2011","Newcastle upon Tyne 008E","E01008377","Total",989,73,187,618,111,529,27,62,362,78,460,46,125,256,33
"2011","Newcastle upon Tyne 008F","E01008379","Total",592,39,123,374,56,321,13,36,229,43,271,26,87,145,13
"2011","Newcastle upon Tyne 008G","E01008380","Total",515,47,152,278,38,275,17,61,168,29,240,30,91,110,9
"2011","Newcastle upon Tyne 011A","E01008296","Total",630,51,144,372,63,314,10,41,210,53,316,41,103,162,10
"2011","Newcastle upon Tyne 011B","E01008297","Total",471,47,129,261,34,237,15,43,154,25,234,32,86,107,9
"2011","Newcastle upon Tyne 011C","E01008298","Total",659,42,160,396,61,341,14,32,248,47,318,28,128,148,14
"2011","Newcastle upon Tyne 011D","E01008299","Total",513,39,135,306,33,251,11,26,191,23,262,28,109,115,10
"2011","Newcastle upon Tyne 012A","E01008314","Total",574,71,121,325,57,296,37,32,185,42,278,34,89,140,15
"2011","Newcastle upon Tyne 012B","E01008315","Total",787,67,176,431,113,407,22,52,244,89,380,45,124,187,24
"2011","Newcastle upon Tyne 012C","E01008316","Total",886,57,188,540,101,462,19,53,311,79,424,38,135,229,22
"2011","Newcastle upon Tyne 012D","E01008318","Total",621,57,168,346,50,330,21,57,212,40,291,36,111,134,10
"2011","Newcastle upon Tyne 012E","E01008363","Total",844,77,142,559,66,433,37,46,304,46,411,40,96,255,20
"2011","Newcastle upon Tyne 012F","E01008365","Total",890,89,174,499,128,462,31,56,291,84,428,58,118,208,44
"2011","Newcastle upon Tyne 013A","E01008366","Total",770,207,139,341,83,386,84,54,198,50,384,123,85,143,33
"2011","Newcastle upon Tyne 013B","E01008369","Total",829,186,126,365,152,444,80,57,199,108,385,106,69,166,44
"2011","Newcastle upon Tyne 013C","E01008371","Total",633,73,115,285,160,347,25,27,170,125,286,48,88,115,35
"2011","Newcastle upon Tyne 013D","E01008372","Total",770,213,115,364,78,426,88,55,225,58,344,125,60,139,20
"2011","Newcastle upon Tyne 013E","E01008373","Total",843,301,155,305,82,439,138,75,170,56,404,163,80,135,26
"2011","Newcastle upon Tyne 014A","E01008400","Total",500,37,112,305,46,252,12,27,175,38,248,25,85,130,8
"2011","Newcastle upon Tyne 014B","E01008401","Total",551,45,127,336,43,291,19,26,211,35,260,26,101,125,8
"2011","Newcastle upon Tyne 014C","E01008402","Total",711,58,151,423,79,359,17,27,252,63,352,41,124,171,16
"2011","Newcastle upon Tyne 014D","E01008403","Total",641,58,125,396,62,339,22,33,232,52,302,36,92,164,10
"2011","Newcastle upon Tyne 014E","E01008404","Total",891,53,192,553,93,439,17,44,311,67,452,36,148,242,26
"2011","Newcastle upon Tyne 014F","E01008405","Total",654,45,145,404,60,332,19,31,235,47,322,26,114,169,13
"2011","Newcastle upon Tyne 014G","E01008443","Total",758,72,145,449,92,393,19,29,269,76,365,53,116,180,16
"2011","Newcastle upon Tyne 015A","E01008324","Total",459,42,125,261,31,221,15,24,157,25,238,27,101,104,6
"2011","Newcastle upon Tyne 015B","E01008325","Total",497,47,124,304,22,233,14,24,177,18,264,33,100,127,4
"2011","Newcastle upon Tyne 015C","E01008326","Total",786,77,157,491,61,392,22,42,281,47,394,55,115,210,14
"2011","Newcastle upon Tyne 015D","E01008327","Total",435,48,116,256,15,222,18,28,164,12,213,30,88,92,3
"2011","Newcastle upon Tyne 015E","E01008328","Total",569,57,107,357,48,292,21,18,215,38,277,36,89,142,10
"2011","Newcastle upon Tyne 015F","E01008329","Total",713,52,152,460,49,350,21,26,267,36,363,31,126,193,13
"2011","Newcastle upon Tyne 015G","E01008330","Total",534,30,136,335,33,261,8,28,199,26,273,22,108,136,7
"2011","Newcastle upon Tyne 016A","E01008300","Total",671,48,170,408,45,334,17,47,233,37,337,31,123,175,8
"2011","Newcastle upon Tyne 016B","E01008450","Total",523,47,160,291,25,245,9,46,170,20,278,38,114,121,5
"2011","Newcastle upon Tyne 016C","E01008451","Total",898,63,188,568,79,443,22,58,305,58,455,41,130,263,21
"2011","Newcastle upon Tyne 016D","E01008452","Total",647,67,146,339,95,358,26,53,205,74,289,41,93,134,21
"2011","Newcastle upon Tyne 017A","E01008367","Total",1021,224,147,491,159,531,97,60,260,114,490,127,87,231,45
"2011","Newcastle upon Tyne 017B","E01008368","Total",605,180,82,267,76,323,76,35,164,48,282,104,47,103,28
"2011","Newcastle upon Tyne 017C","E01008370","Total",793,92,108,415,178,421,26,48,231,116,372,66,60,184,62
"2011","Newcastle upon Tyne 017D","E01008409","Total",882,179,141,456,106,455,82,52,253,68,427,97,89,203,38
"2011","Newcastle upon Tyne 017E","E01008411","Total",747,228,140,324,55,371,96,56,177,42,376,132,84,147,13
"2011","Newcastle upon Tyne 018A","E01008303","Total",644,88,149,365,42,361,48,56,228,29,283,40,93,137,13
"2011","Newcastle upon Tyne 018B","E01008359","Total",820,141,141,466,72,443,56,53,276,58,377,85,88,190,14
"2011","Newcastle upon Tyne 018C","E01008360","Total",1051,99,158,696,98,560,30,74,393,63,491,69,84,303,35
"2011","Newcastle upon Tyne 018D","E01008361","Total",899,118,147,567,67,511,52,63,350,46,388,66,84,217,21
"2011","Newcastle upon Tyne 018E","E01008362","Total",894,191,179,467,57,462,81,83,263,35,432,110,96,204,22
"2011","Newcastle upon Tyne 018F","E01008364","Total",1021,123,165,635,98,568,51,73,380,64,453,72,92,255,34
"2011","Newcastle upon Tyne 019A","E01008343","Total",706,61,160,421,64,367,23,44,250,50,339,38,116,171,14
"2011","Newcastle upon Tyne 019B","E01008344","Total",684,52,174,401,57,347,14,46,241,46,337,38,128,160,11
"2011","Newcastle upon Tyne 019C","E01008345","Total",656,48,166,389,53,332,13,47,226,46,324,35,119,163,7
"2011","Newcastle upon Tyne 019D","E01008346","Total",611,117,130,309,55,302,42,46,173,41,309,75,84,136,14
"2011","Newcastle upon Tyne 019E","E01008347","Total",654,62,151,382,59,364,19,57,240,48,290,43,94,142,11
"2011","Newcastle upon Tyne 019F","E01008348","Total",393,42,115,213,23,197,9,42,130,16,196,33,73,83,7
"2011","Newcastle upon Tyne 019G","E01008349","Total",571,69,181,276,45,357,43,105,171,38,214,26,76,105,7
"2011","Newcastle upon Tyne 019H","E01008350","Total",600,35,135,364,66,304,14,32,213,45,296,21,103,151,21
"2011","Newcastle upon Tyne 020A","E01008430","Total",620,44,130,408,38,304,17,31,224,32,316,27,99,184,6
"2011","Newcastle upon Tyne 020B","E01008431","Total",691,59,151,424,57,370,23,36,262,49,321,36,115,162,8
"2011","Newcastle upon Tyne 020C","E01008433","Total",639,53,131,391,64,338,20,28,243,47,301,33,103,148,17
"2011","Newcastle upon Tyne 020D","E01008434","Total",738,51,170,456,61,391,20,36,286,49,347,31,134,170,12
"2011","Newcastle upon Tyne 020E","E01008435","Total",578,64,131,352,31,282,24,26,208,24,296,40,105,144,7
"2011","Newcastle upon Tyne 020F","E01008436","Total",606,44,164,357,41,335,15,54,230,36,271,29,110,127,5
"2011","Newcastle upon Tyne 021A","E01008381","Total",810,54,154,529,73,425,19,34,308,64,385,35,120,221,9
"2011","Newcastle upon Tyne 021B","E01008382","Total",420,35,111,252,22,205,10,21,153,21,215,25,90,99,1
"2011","Newcastle upon Tyne 021C","E01008383","Total",604,54,160,341,49,268,12,36,182,38,336,42,124,159,11
"2011","Newcastle upon Tyne 021D","E01008384","Total",671,46,143,417,65,344,16,28,251,49,327,30,115,166,16
"2011","Newcastle upon Tyne 021E","E01008385","Total",675,51,133,435,56,350,20,37,249,44,325,31,96,186,12
"2011","Newcastle upon Tyne 021F","E01008386","Total",664,53,157,401,53,327,18,35,231,43,337,35,122,170,10
"2011","Newcastle upon Tyne 021G","E01008387","Total",681,56,120,432,73,348,23,21,245,59,333,33,99,187,14
"2011","Newcastle upon Tyne 022B","E01008396","Total",736,162,226,303,45,478,102,136,209,31,258,60,90,94,14
"2011","Newcastle upon Tyne 022C","E01008398","Total",581,76,184,287,34,378,51,111,187,29,203,25,73,100,5
"2011","Newcastle upon Tyne 022D","E01008449","Total",677,109,168,347,53,427,55,113,219,40,250,54,55,128,13
"2011","Newcastle upon Tyne 022E","E01008453","Total",723,78,158,396,91,391,39,59,230,63,332,39,99,166,28
"2011","Newcastle upon Tyne 022G","E01008455","Total",575,80,142,310,43,380,50,87,205,38,195,30,55,105,5
"2011","Newcastle upon Tyne 022H","E01033556","Total",986,173,247,473,93,608,105,145,302,56,378,68,102,171,37
"2011","Newcastle upon Tyne 023A","E01008406","Total",503,74,100,290,39,288,37,44,178,29,215,37,56,112,10
"2011","Newcastle upon Tyne 023B","E01008407","Total",887,346,181,313,47,486,166,89,200,31,401,180,92,113,16
"2011","Newcastle upon Tyne 023D","E01008410","Total",739,165,143,376,55,349,61,58,194,36,390,104,85,182,19
"2011","Newcastle upon Tyne 023E","E01008412","Total",911,169,160,482,100,467,68,70,268,61,444,101,90,214,39
"2011","Newcastle upon Tyne 023F","E01008413","Total",660,140,156,315,49,350,61,72,181,36,310,79,84,134,13
"2011","Newcastle upon Tyne 023G","E01033548","Total",582,46,78,360,98,339,18,29,222,70,243,28,49,138,28
"2011","Newcastle upon Tyne 023H","E01033553","Total",882,345,168,308,61,459,158,70,183,48,423,187,98,125,13
"2011","Newcastle upon Tyne 024A","E01008394","Total",293,149,41,89,14,140,63,17,50,10,153,86,24,39,4
"2011","Newcastle upon Tyne 024B","E01008395","Total",469,47,86,269,67,268,23,41,161,43,201,24,45,108,24
"2011","Newcastle upon Tyne 024C","E01008397","Total",442,146,66,193,37,241,68,33,115,25,201,78,33,78,12
"2011","Newcastle upon Tyne 024D","E01008399","Total",554,65,166,292,31,310,32,72,179,27,244,33,94,113,4
"2011","Newcastle upon Tyne 024E","E01008439","Total",568,79,192,263,34,297,22,86,164,25,271,57,106,99,9
"2011","Newcastle upon Tyne 024G","E01033543","Total",563,71,76,334,82,350,31,38,223,58,213,40,38,111,24
"2011","Newcastle upon Tyne 024H","E01033545","Total",644,56,59,422,107,396,27,31,261,77,248,29,28,161,30
"2011","Newcastle upon Tyne 024I","E01033554","Total",632,53,94,382,103,407,22,55,253,77,225,31,39,129,26
"2011","Newcastle upon Tyne 025B","E01008415","Total",488,41,120,291,36,245,8,35,173,29,243,33,85,118,7
"2011","Newcastle upon Tyne 025C","E01008416","Total",860,50,155,577,78,441,14,39,329,59,419,36,116,248,19
"2011","Newcastle upon Tyne 025E","E01033547","Total",642,65,182,351,44,345,20,61,231,33,297,45,121,120,11
"2011","Newcastle upon Tyne 026A","E01008301","Total",952,80,163,585,124,499,27,39,340,93,453,53,124,245,31
"2011","Newcastle upon Tyne 026B","E01008302","Total",625,50,150,384,41,330,8,42,244,36,295,42,108,140,5
"2011","Newcastle upon Tyne 026C","E01008304","Total",686,75,169,391,51,382,36,73,236,37,304,39,96,155,14
"2011","Newcastle upon Tyne 026D","E01008305","Total",687,71,187,370,59,344,20,55,226,43,343,51,132,144,16
"2011","Newcastle upon Tyne 026E","E01008391","Total",471,41,133,271,26,224,11,29,162,22,247,30,104,109,4
"2011","Newcastle upon Tyne 026F","E01008392","Total",692,57,154,428,53,354,23,45,243,43,338,34,109,185,10
"2011","Newcastle upon Tyne 026G","E01008432","Total",589,50,113,383,43,309,16,32,228,33,280,34,81,155,10
"2011","Newcastle upon Tyne 027A","E01008288","Total",637,42,131,415,49,313,7,37,235,34,324,35,94,180,15
"2011","Newcastle upon Tyne 027B","E01008289","Total",528,51,164,282,31,250,17,46,165,22,278,34,118,117,9
"2011","Newcastle upon Tyne 027C","E01008290","Total",473,47,118,286,22,245,18,34,177,16,228,29,84,109,6
"2011","Newcastle upon Tyne 027D","E01008291","Total",619,57,212,318,32,328,23,80,199,26,291,34,132,119,6
"2011","Newcastle upon Tyne 027E","E01008292","Total",708,50,131,461,66,359,14,35,254,56,349,36,96,207,10
"2011","Newcastle upon Tyne 028A","E01008388","Total",600,52,180,342,26,283,13,52,196,22,317,39,128,146,4
"2011","Newcastle upon Tyne 028B","E01008389","Total",601,54,178,341,28,277,9,52,192,24,324,45,126,149,4
"2011","Newcastle upon Tyne 028C","E01008426","Total",494,51,152,251,40,246,9,44,161,32,248,42,108,90,8
"2011","Newcastle upon Tyne 028D","E01008429","Total",481,47,143,253,38,230,14,33,155,28,251,33,110,98,10
"2011","Newcastle upon Tyne 029A","E01008331","Total",546,80,191,240,35,327,39,122,140,26,219,41,69,100,9
"2011","Newcastle upon Tyne 029B","E01008332","Total",703,97,234,328,44,427,46,126,219,36,276,51,108,109,8
"2011","Newcastle upon Tyne 029C","E01008333","Total",595,71,188,281,55,377,36,113,186,42,218,35,75,95,13
"2011","Newcastle upon Tyne 029D","E01008334","Total",765,86,230,400,49,463,43,124,255,41,302,43,106,145,8
"2011","Newcastle upon Tyne 029E","E01008335","Total",724,75,243,340,66,465,39,162,211,53,259,36,81,129,13
"2011","Newcastle upon Tyne 029F","E01008437","Total",344,50,95,178,21,195,27,40,114,14,149,23,55,64,7
"2011","Newcastle upon Tyne 029G","E01008438","Total",538,78,141,292,27,300,24,62,195,19,238,54,79,97,8
"2011","Newcastle upon Tyne 030A","E01008390","Total",564,47,177,299,41,285,14,57,182,32,279,33,120,117,9
"2011","Newcastle upon Tyne 030B","E01008425","Total",579,58,136,349,36,323,29,43,221,30,256,29,93,128,6
"2011","Newcastle upon Tyne 030C","E01008427","Total",321,30,98,178,15,166,10,24,120,12,155,20,74,58,3
"2011","Newcastle upon Tyne 030D","E01008428","Total",504,47,111,308,38,252,18,22,178,34,252,29,89,130,4
"2011","Newcastle upon Tyne 031A","E01008441","Total",704,50,185,417,52,351,12,47,253,39,353,38,138,164,13
"2011","Newcastle upon Tyne 031B","E01008442","Total",634,50,151,369,64,316,20,30,214,52,318,30,121,155,12
"2011","Newcastle upon Tyne 031C","E01008444","Total",749,61,139,461,88,389,15,27,278,69,360,46,112,183,19
"2011","Newcastle upon Tyne 031D","E01008445","Total",908,79,199,555,75,458,21,53,325,59,450,58,146,230,16
"2011","Newcastle upon Tyne 031E","E01008446","Total",622,61,125,375,61,325,20,34,223,48,297,41,91,152,13
"2011","Newcastle upon Tyne 031F","E01008447","Total",584,53,136,355,40,306,16,35,221,34,278,37,101,134,6
"2011","Newcastle upon Tyne 031G","E01008448","Total",805,77,142,505,81,426,29,33,302,62,379,48,109,203,19
"2011","North Tyneside 001A","E01008547","Total",542,65,115,285,77,296,30,28,174,64,246,35,87,111,13
"2011","North Tyneside 001B","E01008548","Total",608,60,129,323,96,308,18,32,184,74,300,42,97,139,22
"2011","North Tyneside 001C","E01008549","Total",639,78,131,345,85,334,30,31,209,64,305,48,100,136,21
"2011","North Tyneside 001D","E01008551","Total",609,63,109,355,82,319,17,23,224,55,290,46,86,131,27
"2011","North Tyneside 002A","E01008478","Total",623,42,148,384,49,308,11,31,228,38,315,31,117,156,11
"2011","North Tyneside 002B","E01008480","Total",666,46,145,414,61,333,12,28,254,39,333,34,117,160,22
"2011","North Tyneside 002C","E01008504","Total",801,54,144,524,79,425,24,27,308,66,376,30,117,216,13
"2011","North Tyneside 002D","E01008578","Total",696,44,161,430,61,360,10,36,263,51,336,34,125,167,10
"2011","North Tyneside 002E","E01008583","Total",730,51,147,461,71,385,17,34,275,59,345,34,113,186,12
"2011","North Tyneside 003A","E01008520","Total",682,66,132,383,101,352,20,28,223,81,330,46,104,160,20
"2011","North Tyneside 003B","E01008523","Total",659,76,134,351,98,338,27,32,207,72,321,49,102,144,26
"2011","North Tyneside 003C","E01008546","Total",680,71,140,373,96,353,26,26,230,71,327,45,114,143,25
"2011","North Tyneside 003D","E01008550","Total",828,64,162,478,124,410,19,32,271,88,418,45,130,207,36
"2011","North Tyneside 004A","E01008577","Total",602,45,141,364,52,312,14,30,225,43,290,31,111,139,9
"2011","North Tyneside 004B","E01008579","Total",637,54,150,378,55,313,14,28,228,43,324,40,122,150,12
"2011","North Tyneside 004C","E01008580","Total",698,52,134,435,77,360,13,33,257,57,338,39,101,178,20
"2011","North Tyneside 004D","E01008581","Total",537,45,105,350,37,271,9,20,214,28,266,36,85,136,9
"2011","North Tyneside 004E","E01008582","Total",651,47,130,415,59,339,15,28,249,47,312,32,102,166,12
"2011","North Tyneside 005A","E01008517","Total",766,66,159,464,77,374,22,33,262,57,392,44,126,202,20
"2011","North Tyneside 005B","E01008519","Total",706,61,131,445,69,331,18,19,237,57,375,43,112,208,12
"2011","North Tyneside 005C","E01008521","Total",716,63,145,431,77,346,16,29,244,57,370,47,116,187,20
"2011","North Tyneside 005D","E01008522","Total",824,72,178,465,109,405,25,25,275,80,419,47,153,190,29
"2011","North Tyneside 006A","E01008584","Total",786,54,143,497,92,402,20,45,279,58,384,34,98,218,34
"2011","North Tyneside 006B","E01008585","Total",818,54,160,497,107,410,19,50,266,75,408,35,110,231,32
"2011","North Tyneside 006C","E01008587","Total",749,51,116,483,99,390,15,29,273,73,359,36,87,210,26
"2011","North Tyneside 006D","E01008588","Total",861,63,146,555,97,449,27,42,314,66,412,36,104,241,31
"2011","North Tyneside 006E","E01008589","Total",752,67,154,439,92,391,23,36,263,69,361,44,118,176,23
"2011","North Tyneside 007A","E01008518","Total",759,61,126,480,92,402,23,25,286,68,357,38,101,194,24
"2011","North Tyneside 007B","E01008564","Total",756,55,164,452,85,378,17,35,262,64,378,38,129,190,21
"2011","North Tyneside 007C","E01008565","Total",1039,56,164,690,129,527,16,45,372,94,512,40,119,318,35
"2011","North Tyneside 007D","E01008567","Total",631,53,156,374,48,319,18,27,234,40,312,35,129,140,8
"2011","North Tyneside 008A","E01008475","Total",1001,55,175,676,95,502,12,24,393,73,499,43,151,283,22
"2011","North Tyneside 008B","E01008476","Total",753,62,161,463,67,372,13,39,268,52,381,49,122,195,15
"2011","North Tyneside 008C","E01008477","Total",719,77,187,405,50,339,18,48,232,41,380,59,139,173,9
"2011","North Tyneside 008D","E01008479","Total",790,64,138,519,69,404,22,25,296,61,386,42,113,223,8
"2011","North Tyneside 009A","E01008552","Total",808,66,160,482,100,410,22,29,279,80,398,44,131,203,20
"2011","North Tyneside 009B","E01008553","Total",926,90,185,563,88,452,28,36,325,63,474,62,149,238,25
"2011","North Tyneside 009C","E01008554","Total",782,71,169,462,80,383,21,43,254,65,399,50,126,208,15
"2011","North Tyneside 009D","E01008555","Total",674,57,180,383,54,340,15,43,240,42,334,42,137,143,12
"2011","North Tyneside 009E","E01008586","Total",782,73,173,435,101,385,21,36,259,69,397,52,137,176,32
"2011","North Tyneside 010A","E01008495","Total",831,81,177,475,98,415,28,31,279,77,416,53,146,196,21
"2011","North Tyneside 010B","E01008496","Total",737,49,132,448,108,394,21,41,258,74,343,28,91,190,34
"2011","North Tyneside 010C","E01008497","Total",673,65,154,390,64,349,21,34,245,49,324,44,120,145,15
"2011","North Tyneside 010D","E01008498","Total",549,58,119,311,61,290,20,31,197,42,259,38,88,114,19
"2011","North Tyneside 011B","E01008568","Total",631,53,131,382,65,316,17,20,226,53,315,36,111,156,12
"2011","North Tyneside 011C","E01008569","Total",590,33,151,357,49,296,12,39,202,43,294,21,112,155,6
"2011","North Tyneside 011D","E01008570","Total",782,51,138,524,69,385,20,21,284,60,397,31,117,240,9
"2011","North Tyneside 011E","E01032647","Total",1084,61,157,708,158,556,23,21,393,119,528,38,136,315,39
"2011","North Tyneside 011F","E01032648","Total",706,48,130,455,73,351,10,21,265,55,355,38,109,190,18
"2011","North Tyneside 012A","E01008500","Total",830,60,149,526,95,425,15,27,312,71,405,45,122,214,24
"2011","North Tyneside 012B","E01008505","Total",842,49,145,542,106,462,20,36,328,78,380,29,109,214,28
"2011","North Tyneside 012C","E01008506","Total",659,53,148,404,54,322,15,38,225,44,337,38,110,179,10
"2011","North Tyneside 012D","E01008507","Total",812,54,154,521,83,434,21,27,318,68,378,33,127,203,15
"2011","North Tyneside 013A","E01008493","Total",690,61,163,396,70,343,25,36,229,53,347,36,127,167,17
"2011","North Tyneside 013B","E01008494","Total",670,51,151,386,82,332,17,32,212,71,338,34,119,174,11
"2011","North Tyneside 013C","E01008556","Total",955,96,183,585,91,493,35,49,335,74,462,61,134,250,17
"2011","North Tyneside 013D","E01008557","Total",831,77,193,429,132,431,36,42,260,93,400,41,151,169,39
"2011","North Tyneside 014A","E01008470","Total",658,62,148,401,47,333,18,40,236,39,325,44,108,165,8
"2011","North Tyneside 014B","E01008499","Total",794,62,185,495,52,384,19,41,282,42,410,43,144,213,10
"2011","North Tyneside 014C","E01008502","Total",714,68,153,438,55,371,18,41,265,47,343,50,112,173,8
"2011","North Tyneside 014D","E01008516","Total",604,48,113,377,66,326,19,22,230,55,278,29,91,147,11
"2011","North Tyneside 015A","E01008488","Total",641,35,143,419,44,312,13,30,233,36,329,22,113,186,8
"2011","North Tyneside 015B","E01008489","Total",644,66,169,362,47,292,15,35,203,39,352,51,134,159,8
"2011","North Tyneside 015C","E01008490","Total",714,46,148,461,59,374,17,44,262,51,340,29,104,199,8
"2011","North Tyneside 015D","E01008491","Total",694,60,181,399,54,346,19,49,235,43,348,41,132,164,11
"2011","North Tyneside 016A","E01008558","Total",807,62,122,506,117,397,21,24,267,85,410,41,98,239,32
"2011","North Tyneside 016B","E01008560","Total",924,81,169,520,154,480,27,54,290,109,444,54,115,230,45
"2011","North Tyneside 016C","E01008561","Total",749,62,121,456,110,390,20,33,263,74,359,42,88,193,36
"2011","North Tyneside 016D","E01008562","Total",684,52,129,398,105,354,16,27,244,67,330,36,102,154,38
"2011","North Tyneside 017A","E01008525","Total",736,56,165,425,90,386,19,41,251,75,350,37,124,174,15
"2011","North Tyneside 017B","E01008527","Total",858,62,131,575,90,454,27,36,315,76,404,35,95,260,14
"2011","North Tyneside 017C","E01008559","Total",909,53,170,595,91,454,19,51,317,67,455,34,119,278,24
"2011","North Tyneside 017D","E01008563","Total",656,73,136,330,117,348,19,30,209,90,308,54,106,121,27
"2011","North Tyneside 018A","E01008469","Total",764,55,115,501,93,420,24,24,307,65,344,31,91,194,28
"2011","North Tyneside 018B","E01008472","Total",738,52,155,435,96,376,21,34,250,71,362,31,121,185,25
"2011","North Tyneside 018C","E01008473","Total",637,64,128,379,66,326,20,37,218,51,311,44,91,161,15
"2011","North Tyneside 018D","E01008501","Total",1202,76,221,758,147,610,19,33,448,110,592,57,188,310,37
"2011","North Tyneside 018E","E01008503","Total",759,55,143,497,64,390,14,38,287,51,369,41,105,210,13
"2011","North Tyneside 019A","E01008471","Total",756,61,156,480,59,370,22,33,269,46,386,39,123,211,13
"2011","North Tyneside 019B","E01008474","Total",632,46,156,385,45,313,14,44,227,28,319,32,112,158,17
"2011","North Tyneside 019C","E01008513","Total",1169,61,175,791,142,581,22,32,427,100,588,39,143,364,42
"2011","North Tyneside 019D","E01008514","Total",804,60,180,485,79,406,15,37,300,54,398,45,143,185,25
"2011","North Tyneside 019F","E01032649","Total",607,24,80,435,68,302,9,23,226,44,305,15,57,209,24
"2011","North Tyneside 019G","E01032650","Total",513,25,109,345,34,270,11,28,203,28,243,14,81,142,6
"2011","North Tyneside 020A","E01008486","Total",651,49,145,389,68,323,13,33,223,54,328,36,112,166,14
"2011","North Tyneside 020B","E01008487","Total",615,49,140,378,48,322,13,30,237,42,293,36,110,141,6
"2011","North Tyneside 020C","E01008526","Total",786,91,156,444,95,387,24,34,250,79,399,67,122,194,16
"2011","North Tyneside 020D","E01008530","Total",697,59,164,428,46,354,17,31,265,41,343,42,133,163,5
"2011","North Tyneside 021A","E01008461","Total",607,42,143,367,55,285,14,18,206,47,322,28,125,161,8
"2011","North Tyneside 021B","E01008466","Total",798,49,150,512,87,406,17,34,284,71,392,32,116,228,16
"2011","North Tyneside 021C","E01008467","Total",797,54,147,529,67,393,14,22,301,56,404,40,125,228,11
"2011","North Tyneside 021D","E01008468","Total",692,47,140,445,60,347,15,31,252,49,345,32,109,193,11
"2011","North Tyneside 022A","E01008483","Total",897,64,177,568,88,467,24,51,330,62,430,40,126,238,26
"2011","North Tyneside 022B","E01008524","Total",796,28,157,514,97,423,12,51,288,72,373,16,106,226,25
"2011","North Tyneside 022C","E01008528","Total",794,63,135,519,77,420,21,30,306,63,374,42,105,213,14
"2011","North Tyneside 022D","E01008529","Total",820,66,138,538,78,423,24,32,311,56,397,42,106,227,22
"2011","North Tyneside 023A","E01008481","Total",620,51,175,352,42,290,11,42,208,29,330,40,133,144,13
"2011","North Tyneside 023B","E01008482","Total",666,55,175,382,54,330,19,40,227,44,336,36,135,155,10
"2011","North Tyneside 023C","E01008484","Total",541,28,131,345,37,276,10,28,207,31,265,18,103,138,6
"2011","North Tyneside 023D","E01008485","Total",437,37,146,216,38,211,7,45,131,28,226,30,101,85,10
"2011","North Tyneside 023E","E01008492","Total",751,69,167,447,68,379,27,42,262,48,372,42,125,185,20
"2011","North Tyneside 024A","E01008462","Total",553,40,119,358,36,294,14,26,230,24,259,26,93,128,12
"2011","North Tyneside 024B","E01008463","Total",610,49,140,370,51,315,14,36,221,44,295,35,104,149,7
"2011","North Tyneside 024C","E01008464","Total",693,53,161,428,51,355,13,36,259,47,338,40,125,169,4
"2011","North Tyneside 024D","E01008465","Total",698,47,173,409,69,358,11,39,245,63,340,36,134,164,6
"2011","North Tyneside 025A","E01008531","Total",884,68,168,586,62,457,21,39,350,47,427,47,129,236,15
"2011","North Tyneside 025B","E01008532","Total",712,38,185,455,34,364,13,46,280,25,348,25,139,175,9
"2011","North Tyneside 025C","E01008534","Total",745,53,134,494,64,392,18,24,299,51,353,35,110,195,13
"2011","North Tyneside 025D","E01008538","Total",777,63,144,511,59,405,19,36,300,50,372,44,108,211,9
"2011","North Tyneside 026A","E01008508","Total",670,49,174,397,50,333,14,40,235,44,337,35,134,162,6
"2011","North Tyneside 026B","E01008509","Total",655,46,150,412,47,336,18,27,251,40,319,28,123,161,7
"2011","North Tyneside 026C","E01008510","Total",749,39,153,502,55,368,7,22,295,44,381,32,131,207,11
"2011","North Tyneside 026D","E01008512","Total",647,50,168,371,58,314,17,40,208,49,333,33,128,163,9
"2011","North Tyneside 027A","E01008539","Total",859,48,120,563,128,453,17,30,311,95,406,31,90,252,33
"2011","North Tyneside 027B","E01008540","Total",579,46,163,315,55,291,15,51,181,44,288,31,112,134,11
"2011","North Tyneside 027C","E01008541","Total",654,42,126,434,52,362,14,43,266,39,292,28,83,168,13
"2011","North Tyneside 027D","E01008544","Total",640,58,155,348,79,366,26,54,224,62,274,32,101,124,17
"2011","North Tyneside 027E","E01008545","Total",455,28,127,254,46,255,8,35,178,34,200,20,92,76,12
"2011","North Tyneside 028A","E01008511","Total",746,45,185,464,52,375,15,37,283,40,371,30,148,181,12
"2011","North Tyneside 028B","E01008542","Total",579,41,147,352,39,276,11,33,200,32,303,30,114,152,7
"2011","North Tyneside 028C","E01008543","Total",1027,77,211,626,113,525,31,56,354,84,502,46,155,272,29
"2011","North Tyneside 028D","E01008571","Total",766,54,163,479,70,399,25,48,277,49,367,29,115,202,21
"2011","North Tyneside 029A","E01008572","Total",822,46,151,546,79,449,11,39,332,67,373,35,112,214,12
"2011","North Tyneside 029B","E01008573","Total",806,58,147,539,62,413,21,40,304,48,393,37,107,235,14
"2011","North Tyneside 029C","E01008574","Total",787,57,155,491,84,404,16,33,289,66,383,41,122,202,18
"2011","North Tyneside 029D","E01008576","Total",978,71,219,599,89,484,29,50,339,66,494,42,169,260,23
"2011","North Tyneside 030A","E01008533","Total",624,41,180,345,58,288,12,39,193,44,336,29,141,152,14
"2011","North Tyneside 030B","E01008535","Total",744,68,152,465,59,350,16,30,253,51,394,52,122,212,8
"2011","North Tyneside 030C","E01008536","Total",778,35,141,520,82,403,9,38,297,59,375,26,103,223,23
"2011","North Tyneside 030D","E01008537","Total",637,49,126,408,54,328,15,32,241,40,309,34,94,167,14
"2011","North Tyneside 030E","E01008575","Total",662,43,128,423,68,325,8,40,229,48,337,35,88,194,20
"2011","South Tyneside 001A","E01008595","Total",799,56,164,490,89,400,19,36,273,72,399,37,128,217,17
"2011","South Tyneside 001B","E01008596","Total",483,46,165,213,59,281,25,80,126,50,202,21,85,87,9
"2011","South Tyneside 001C","E01008597","Total",1262,88,231,768,175,678,26,50,461,141,584,62,181,307,34
"2011","South Tyneside 001D","E01008598","Total",740,70,167,401,102,416,30,64,244,78,324,40,103,157,24
"2011","South Tyneside 001E","E01008599","Total",560,44,140,305,71,295,15,42,184,54,265,29,98,121,17
"2011","South Tyneside 002A","E01008664","Total",602,41,131,365,65,377,18,46,255,58,225,23,85,110,7
"2011","South Tyneside 002B","E01008665","Total",675,59,142,407,67,372,27,41,250,54,303,32,101,157,13
"2011","South Tyneside 002C","E01008666","Total",412,30,122,217,43,223,9,58,123,33,189,21,64,94,10
"2011","South Tyneside 002D","E01008667","Total",626,34,128,389,75,344,6,46,226,66,282,28,82,163,9
"2011","South Tyneside 002E","E01008668","Total",652,40,156,381,75,361,13,51,235,62,291,27,105,146,13
"2011","South Tyneside 003A","E01008673","Total",640,46,127,383,84,331,12,29,218,72,309,34,98,165,12
"2011","South Tyneside 003B","E01008675","Total",764,34,156,476,98,415,18,42,278,77,349,16,114,198,21
"2011","South Tyneside 003C","E01008676","Total",643,48,121,396,78,343,19,34,233,57,300,29,87,163,21
"2011","South Tyneside 003D","E01008677","Total",694,63,140,403,88,406,27,45,259,75,288,36,95,144,13
"2011","South Tyneside 003E","E01008678","Total",628,59,114,375,80,324,23,32,208,61,304,36,82,167,19
"2011","South Tyneside 004A","E01008647","Total",681,67,136,384,94,347,17,24,226,80,334,50,112,158,14
"2011","South Tyneside 004B","E01008648","Total",581,61,114,340,66,317,15,28,217,57,264,46,86,123,9
"2011","South Tyneside 004C","E01008649","Total",623,46,145,372,60,323,15,29,229,50,300,31,116,143,10
"2011","South Tyneside 004D","E01008651","Total",601,49,168,348,36,275,15,32,200,28,326,34,136,148,8
"2011","South Tyneside 005A","E01008679","Total",626,50,156,360,60,310,13,36,212,49,316,37,120,148,11
"2011","South Tyneside 005B","E01008680","Total",666,64,143,389,70,342,16,31,234,61,324,48,112,155,9
"2011","South Tyneside 005C","E01008682","Total",395,35,109,223,28,207,8,36,143,20,188,27,73,80,8
"2011","South Tyneside 005D","E01008683","Total",717,49,130,446,92,398,22,46,253,77,319,27,84,193,15
"2011","South Tyneside 006A","E01008635","Total",564,48,126,325,65,280,17,28,181,54,284,31,98,144,11
"2011","South Tyneside 006B","E01008650","Total",721,57,144,434,86,373,15,28,258,72,348,42,116,176,14
"2011","South Tyneside 006C","E01008674","Total",634,51,120,387,76,323,16,22,216,69,311,35,98,171,7
"2011","South Tyneside 006D","E01008681","Total",635,70,106,362,97,349,24,21,222,82,286,46,85,140,15
"2011","South Tyneside 007A","E01008600","Total",550,42,128,332,48,281,13,32,198,38,269,29,96,134,10
"2011","South Tyneside 007B","E01008604","Total",629,45,125,397,62,336,14,42,228,52,293,31,83,169,10
"2011","South Tyneside 007C","E01008660","Total",756,62,144,457,93,395,22,34,269,70,361,40,110,188,23
"2011","South Tyneside 007D","E01008661","Total",498,30,119,299,50,265,9,35,180,41,233,21,84,119,9
"2011","South Tyneside 008A","E01008633","Total",568,50,158,317,43,285,18,30,200,37,283,32,128,117,6
"2011","South Tyneside 008B","E01008634","Total",453,41,117,252,43,217,12,19,148,38,236,29,98,104,5
"2011","South Tyneside 008C","E01008636","Total",579,40,147,329,63,301,15,35,199,52,278,25,112,130,11
"2011","South Tyneside 008D","E01008637","Total",649,38,144,390,77,355,13,28,249,65,294,25,116,141,12
"2011","South Tyneside 009A","E01008639","Total",924,59,165,606,94,464,16,31,348,69,460,43,134,258,25
"2011","South Tyneside 009B","E01008652","Total",476,23,102,298,53,249,10,20,176,43,227,13,82,122,10
"2011","South Tyneside 009C","E01008653","Total",548,46,125,324,53,239,9,17,173,40,309,37,108,151,13
"2011","South Tyneside 009D","E01008654","Total",668,41,123,451,53,377,10,34,288,45,291,31,89,163,8
"2011","South Tyneside 009E","E01008655","Total",576,36,126,366,48,296,6,28,223,39,280,30,98,143,9
"2011","South Tyneside 009F","E01008657","Total",715,52,136,443,84,360,13,24,256,67,355,39,112,187,17
"2011","South Tyneside 010A","E01008638","Total",855,50,150,552,103,438,8,26,317,87,417,42,124,235,16
"2011","South Tyneside 010B","E01008640","Total",989,47,181,646,115,509,11,34,370,94,480,36,147,276,21
"2011","South Tyneside 010C","E01008641","Total",600,36,110,398,56,328,10,29,245,44,272,26,81,153,12
"2011","South Tyneside 010D","E01008642","Total",742,66,111,486,79,379,18,22,278,61,363,48,89,208,18
"2011","South Tyneside 011A","E01008590","Total",650,45,153,400,52,335,22,44,224,45,315,23,109,176,7
"2011","South Tyneside 011B","E01008591","Total",661,39,139,420,63,326,7,40,225,54,335,32,99,195,9
"2011","South Tyneside 011C","E01008592","Total",745,55,143,473,74,412,22,37,290,63,333,33,106,183,11
"2011","South Tyneside 011D","E01008594","Total",730,42,160,434,94,380,14,30,251,85,350,28,130,183,9
"2011","South Tyneside 012A","E01008601","Total",573,38,153,333,49,285,14,38,194,39,288,24,115,139,10
"2011","South Tyneside 012B","E01008669","Total",515,43,106,328,38,263,14,25,196,28,252,29,81,132,10
"2011","South Tyneside 012C","E01008671","Total",518,45,97,325,51,291,15,27,202,47,227,30,70,123,4
"2011","South Tyneside 012D","E01008672","Total",562,47,126,336,53,287,16,21,204,46,275,31,105,132,7
"2011","South Tyneside 013A","E01008622","Total",673,57,139,383,94,351,19,34,220,78,322,38,105,163,16
"2011","South Tyneside 013C","E01008625","Total",482,51,134,255,42,232,16,27,153,36,250,35,107,102,6
"2011","South Tyneside 013E","E01033074","Total",881,68,210,518,85,432,16,50,295,71,449,52,160,223,14
"2011","South Tyneside 014A","E01008602","Total",583,41,147,342,53,297,11,38,204,44,286,30,109,138,9
"2011","South Tyneside 014B","E01008603","Total",537,48,123,320,46,293,20,25,209,39,244,28,98,111,7
"2011","South Tyneside 014C","E01008608","Total",380,25,102,220,33,179,3,17,131,28,201,22,85,89,5
"2011","South Tyneside 014D","E01008670","Total",621,59,127,359,76,317,14,15,217,71,304,45,112,142,5
"2011","South Tyneside 015A","E01008643","Total",714,44,145,453,72,371,15,30,268,58,343,29,115,185,14
"2011","South Tyneside 015B","E01008644","Total",568,35,119,367,47,304,12,17,234,41,264,23,102,133,6
"2011","South Tyneside 015C","E01008645","Total",577,35,140,354,48,302,15,33,211,43,275,20,107,143,5
"2011","South Tyneside 015D","E01008646","Total",587,43,133,349,62,296,13,18,216,49,291,30,115,133,13
"2011","South Tyneside 015E","E01008656","Total",616,52,135,371,58,316,17,35,213,51,300,35,100,158,7
"2011","South Tyneside 015F","E01008658","Total",511,41,146,273,51,238,9,36,157,36,273,32,110,116,15
"2011","South Tyneside 016A","E01008593","Total",458,31,128,258,41,219,7,27,154,31,239,24,101,104,10
"2011","South Tyneside 016B","E01008605","Total",585,42,135,334,74,298,11,25,199,63,287,31,110,135,11
"2011","South Tyneside 016C","E01008606","Total",490,36,112,293,49,259,10,23,182,44,231,26,89,111,5
"2011","South Tyneside 016D","E01008607","Total",450,34,149,235,32,211,12,26,145,28,239,22,123,90,4
"2011","South Tyneside 016E","E01008609","Total",528,41,132,302,53,273,13,33,179,48,255,28,99,123,5
"2011","South Tyneside 017A","E01008631","Total",658,33,165,391,69,332,8,40,225,59,326,25,125,166,10
"2011","South Tyneside 017B","E01008632","Total",549,41,118,337,53,270,11,16,199,44,279,30,102,138,9
"2011","South Tyneside 017C","E01008659","Total",588,62,113,352,61,299,19,18,213,49,289,43,95,139,12
"2011","South Tyneside 017D","E01008662","Total",528,38,104,339,47,270,10,18,198,44,258,28,86,141,3
"2011","South Tyneside 017E","E01008663","Total",507,41,116,294,56,264,17,22,175,50,243,24,94,119,6
"2011","South Tyneside 018A","E01008624","Total",639,53,132,358,96,314,15,26,189,84,325,38,106,169,12
"2011","South Tyneside 018B","E01008684","Total",503,34,102,311,56,252,14,28,167,43,251,20,74,144,13
"2011","South Tyneside 018C","E01008685","Total",819,65,157,479,118,422,21,33,272,96,397,44,124,207,22
"2011","South Tyneside 018D","E01008686","Total",724,49,149,438,88,375,14,26,260,75,349,35,123,178,13
"2011","South Tyneside 018E","E01008687","Total",688,69,124,392,103,374,22,29,239,84,314,47,95,153,19
"2011","South Tyneside 019A","E01008688","Total",565,39,142,337,47,268,10,27,198,33,297,29,115,139,14
"2011","South Tyneside 019B","E01008689","Total",561,34,133,338,56,301,9,31,211,50,260,25,102,127,6
"2011","South Tyneside 019C","E01008690","Total",612,48,160,355,49,309,17,38,209,45,303,31,122,146,4
"2011","South Tyneside 019D","E01008691","Total",680,50,134,421,75,364,18,19,258,69,316,32,115,163,6
"2011","South Tyneside 019E","E01008692","Total",602,39,160,360,43,308,11,32,229,36,294,28,128,131,7
"2011","South Tyneside 020A","E01008627","Total",691,49,137,437,68,371,10,28,278,55,320,39,109,159,13
"2011","South Tyneside 020B","E01008628","Total",509,38,137,292,42,247,12,28,172,35,262,26,109,120,7
"2011","South Tyneside 020C","E01008629","Total",734,53,141,467,73,363,12,31,265,55,371,41,110,202,18
"2011","South Tyneside 020D","E01008630","Total",562,38,120,347,57,281,13,31,191,46,281,25,89,156,11
"2011","South Tyneside 021A","E01008610","Total",441,34,125,246,36,214,4,18,162,30,227,30,107,84,6
"2011","South Tyneside 021B","E01008611","Total",894,70,156,548,120,465,21,35,310,99,429,49,121,238,21
"2011","South Tyneside 021C","E01008612","Total",814,65,143,500,106,423,18,30,288,87,391,47,113,212,19
"2011","South Tyneside 021D","E01008613","Total",667,51,144,407,65,351,9,32,256,54,316,42,112,151,11
"2011","South Tyneside 022A","E01008616","Total",815,57,157,488,113,419,19,40,281,79,396,38,117,207,34
"2011","South Tyneside 022B","E01008618","Total",586,71,108,290,117,307,25,23,167,92,279,46,85,123,25
"2011","South Tyneside 022C","E01008619","Total",684,77,113,370,124,368,26,34,210,98,316,51,79,160,26
"2011","South Tyneside 022D","E01008621","Total",672,44,151,379,98,351,14,39,224,74,321,30,112,155,24
"2011","South Tyneside 023A","E01008614","Total",743,45,131,485,82,381,5,28,281,67,362,40,103,204,15
"2011","South Tyneside 023B","E01008615","Total",678,66,137,395,80,332,16,32,224,60,346,50,105,171,20
"2011","South Tyneside 023C","E01008617","Total",691,62,144,399,86,363,21,27,251,64,328,41,117,148,22
"2011","South Tyneside 023D","E01008620","Total",624,57,110,376,81,322,23,21,220,58,302,34,89,156,23
"2011","Sunderland 001A","E01008713","Total",811,67,164,480,100,419,21,31,289,78,392,46,133,191,22
"2011","Sunderland 001B","E01008722","Total",707,54,162,433,58,357,23,26,261,47,350,31,136,172,11
"2011","Sunderland 001C","E01008724","Total",628,68,136,371,53,315,28,37,207,43,313,40,99,164,10
"2011","Sunderland 001D","E01008726","Total",714,52,146,441,75,360,14,40,247,59,354,38,106,194,16
"2011","Sunderland 002A","E01008723","Total",597,62,117,334,84,321,21,26,211,63,276,41,91,123,21
"2011","Sunderland 002B","E01008725","Total",659,57,141,407,54,343,16,42,242,43,316,41,99,165,11
"2011","Sunderland 002C","E01008727","Total",765,76,140,487,62,381,18,33,276,54,384,58,107,211,8
"2011","Sunderland 002D","E01008728","Total",758,62,155,473,68,375,17,27,274,57,383,45,128,199,11
"2011","Sunderland 002E","E01008792","Total",558,67,111,304,76,289,21,27,186,55,269,46,84,118,21
"2011","Sunderland 003A","E01008698","Total",582,46,142,335,59,305,11,43,202,49,277,35,99,133,10
"2011","Sunderland 003B","E01008837","Total",543,32,129,345,37,272,11,34,199,28,271,21,95,146,9
"2011","Sunderland 003C","E01008838","Total",639,55,176,373,35,310,19,34,227,30,329,36,142,146,5
"2011","Sunderland 003D","E01008839","Total",521,38,144,298,41,271,10,41,184,36,250,28,103,114,5
"2011","Sunderland 003E","E01008840","Total",599,38,138,370,53,329,14,30,240,45,270,24,108,130,8
"2011","Sunderland 003F","E01008841","Total",369,28,116,202,23,180,10,28,123,19,189,18,88,79,4
"2011","Sunderland 004A","E01008712","Total",626,45,166,373,42,312,14,37,231,30,314,31,129,142,12
"2011","Sunderland 004B","E01008817","Total",352,31,98,207,16,165,11,18,124,12,187,20,80,83,4
"2011","Sunderland 004C","E01008819","Total",542,31,140,341,30,264,4,21,214,25,278,27,119,127,5
"2011","Sunderland 004D","E01008821","Total",414,28,120,239,27,197,5,29,144,19,217,23,91,95,8
"2011","Sunderland 004E","E01008822","Total",609,49,184,346,30,300,12,42,221,25,309,37,142,125,5
"2011","Sunderland 004F","E01008842","Total",713,46,155,446,66,375,13,32,277,53,338,33,123,169,13
"2011","Sunderland 005A","E01008708","Total",662,49,162,400,51,337,15,31,250,41,325,34,131,150,10
"2011","Sunderland 005B","E01008709","Total",536,38,138,327,33,260,8,41,185,26,276,30,97,142,7
"2011","Sunderland 005D","E01008711","Total",713,56,139,468,50,359,16,40,270,33,354,40,99,198,17
"2011","Sunderland 005F","E01008820","Total",524,38,139,303,44,259,9,27,185,38,265,29,112,118,6
"2011","Sunderland 005G","E01033075","Total",746,56,217,422,51,370,21,52,259,38,376,35,165,163,13
"2011","Sunderland 006A","E01008786","Total",654,42,130,419,63,349,12,35,254,48,305,30,95,165,15
"2011","Sunderland 006B","E01008787","Total",767,73,141,475,78,397,27,32,281,57,370,46,109,194,21
"2011","Sunderland 006C","E01008788","Total",756,45,163,496,52,378,12,38,285,43,378,33,125,211,9
"2011","Sunderland 006D","E01008789","Total",722,43,115,457,107,394,19,26,262,87,328,24,89,195,20
"2011","Sunderland 006E","E01008790","Total",728,71,137,442,78,386,31,28,265,62,342,40,109,177,16
"2011","Sunderland 006F","E01008791","Total",672,72,145,398,57,391,40,63,245,43,281,32,82,153,14
"2011","Sunderland 007A","E01008855","Total",818,43,153,533,89,433,9,41,310,73,385,34,112,223,16
"2011","Sunderland 007B","E01008856","Total",684,61,124,436,63,348,21,29,249,49,336,40,95,187,14
"2011","Sunderland 007C","E01008876","Total",743,55,143,452,93,394,19,29,276,70,349,36,114,176,23
"2011","Sunderland 007D","E01008877","Total",721,40,139,454,88,362,13,27,257,65,359,27,112,197,23
"2011","Sunderland 008A","E01008693","Total",532,35,122,338,37,266,10,32,191,33,266,25,90,147,4
"2011","Sunderland 008B","E01008694","Total",594,40,146,377,31,307,18,31,232,26,287,22,115,145,5
"2011","Sunderland 008C","E01008695","Total",652,49,176,375,52,345,20,40,243,42,307,29,136,132,10
"2011","Sunderland 008D","E01008696","Total",713,43,168,429,73,381,15,35,275,56,332,28,133,154,17
"2011","Sunderland 008E","E01008697","Total",504,37,113,314,40,259,6,23,194,36,245,31,90,120,4
"2011","Sunderland 008F","E01008699","Total",565,42,136,349,38,283,12,26,213,32,282,30,110,136,6
"2011","Sunderland 009A","E01008853","Total",547,44,132,329,42,262,9,33,187,33,285,35,99,142,9
"2011","Sunderland 009B","E01008854","Total",693,41,134,458,60,385,11,51,282,41,308,30,83,176,19
"2011","Sunderland 009C","E01008857","Total",608,40,134,394,40,325,8,28,257,32,283,32,106,137,8
"2011","Sunderland 009D","E01008858","Total",487,31,132,303,21,235,6,16,196,17,252,25,116,107,4
"2011","Sunderland 009E","E01008859","Total",560,42,133,328,57,268,5,29,190,44,292,37,104,138,13
"2011","Sunderland 009F","E01008860","Total",577,45,125,361,46,291,20,23,209,39,286,25,102,152,7
"2011","Sunderland 009G","E01008878","Total",691,53,160,415,63,349,15,36,248,50,342,38,124,167,13
"2011","Sunderland 010A","E01008873","Total",667,50,137,418,62,347,15,38,247,47,320,35,99,171,15
"2011","Sunderland 010B","E01008874","Total",776,57,183,482,54,376,12,48,274,42,400,45,135,208,12
"2011","Sunderland 010C","E01008875","Total",788,45,157,513,73,384,11,35,285,53,404,34,122,228,20
"2011","Sunderland 010D","E01008879","Total",749,38,160,500,51,392,8,44,304,36,357,30,116,196,15
"2011","Sunderland 010E","E01008880","Total",572,35,135,356,46,302,6,35,229,32,270,29,100,127,14
"2011","Sunderland 011A","E01008701","Total",767,131,185,416,35,383,62,59,237,25,384,69,126,179,10
"2011","Sunderland 011B","E01008704","Total",698,65,154,433,46,356,26,54,236,40,342,39,100,197,6
"2011","Sunderland 011C","E01008706","Total",681,64,156,414,47,365,22,60,246,37,316,42,96,168,10
"2011","Sunderland 011D","E01008707","Total",636,93,148,352,43,340,45,65,201,29,296,48,83,151,14
"2011","Sunderland 012A","E01008756","Total",588,48,146,356,38,297,17,41,205,34,291,31,105,151,4
"2011","Sunderland 012B","E01008762","Total",531,48,151,293,39,246,14,42,158,32,285,34,109,135,7
"2011","Sunderland 012C","E01008812","Total",709,49,191,408,61,320,14,39,221,46,389,35,152,187,15
"2011","Sunderland 012F","E01033076","Total",496,35,157,281,23,249,4,44,184,17,247,31,113,97,6
"2011","Sunderland 013A","E01008700","Total",482,67,115,270,30,239,18,34,166,21,243,49,81,104,9
"2011","Sunderland 013B","E01008703","Total",752,134,157,395,66,436,59,71,257,49,316,75,86,138,17
"2011","Sunderland 013C","E01008705","Total",481,60,124,263,34,256,26,47,156,27,225,34,77,107,7
"2011","Sunderland 013D","E01008831","Total",958,180,183,523,72,608,106,97,346,59,350,74,86,177,13
"2011","Sunderland 013E","E01008834","Total",964,100,157,598,109,550,34,57,392,67,414,66,100,206,42
"2011","Sunderland 014A","E01008810","Total",664,39,149,420,56,338,11,42,242,43,326,28,107,178,13
"2011","Sunderland 014B","E01008811","Total",784,46,170,492,76,397,13,32,290,62,387,33,138,202,14
"2011","Sunderland 014C","E01008813","Total",605,41,171,343,50,319,14,55,208,42,286,27,116,135,8
"2011","Sunderland 014D","E01008814","Total",732,54,165,452,61,370,18,37,267,48,362,36,128,185,13
"2011","Sunderland 015A","E01008757","Total",596,41,142,378,35,307,11,43,225,28,289,30,99,153,7
"2011","Sunderland 015B","E01008758","Total",675,61,148,413,53,338,16,30,246,46,337,45,118,167,7
"2011","Sunderland 015C","E01008759","Total",688,53,124,443,68,360,19,25,261,55,328,34,99,182,13
"2011","Sunderland 015D","E01008761","Total",649,72,139,369,69,336,29,41,205,61,313,43,98,164,8
"2011","Sunderland 016A","E01008702","Total",340,33,124,162,21,158,10,29,102,17,182,23,95,60,4
"2011","Sunderland 016B","E01008735","Total",814,79,151,501,83,461,33,47,320,61,353,46,104,181,22
"2011","Sunderland 016C","E01008736","Total",423,51,114,235,23,207,20,30,139,18,216,31,84,96,5
"2011","Sunderland 016D","E01008737","Total",553,47,145,309,52,283,19,44,184,36,270,28,101,125,16
"2011","Sunderland 016E","E01008738","Total",521,46,114,320,41,279,17,31,194,37,242,29,83,126,4
"2011","Sunderland 016F","E01008836","Total",433,44,146,223,20,264,23,84,141,16,169,21,62,82,4
"2011","Sunderland 017A","E01008845","Total",710,50,137,438,85,378,19,34,265,60,332,31,103,173,25
"2011","Sunderland 017B","E01008846","Total",435,31,95,278,31,222,8,19,173,22,213,23,76,105,9
"2011","Sunderland 017C","E01008847","Total",521,28,157,302,34,256,5,35,188,28,265,23,122,114,6
"2011","Sunderland 017D","E01008850","Total",973,72,179,611,111,487,17,40,345,85,486,55,139,266,26
"2011","Sunderland 017E","E01008851","Total",781,61,144,492,84,409,19,33,281,76,372,42,111,211,8
"2011","Sunderland 018A","E01008760","Total",777,69,145,490,73,397,26,37,279,55,380,43,108,211,18
"2011","Sunderland 018B","E01008830","Total",658,89,149,360,60,359,32,66,218,43,299,57,83,142,17
"2011","Sunderland 018C","E01008832","Total",688,48,170,423,47,355,16,73,237,29,333,32,97,186,18
"2011","Sunderland 018D","E01008833","Total",624,51,143,384,46,336,32,57,211,36,288,19,86,173,10
"2011","Sunderland 019A","E01008843","Total",685,52,137,436,60,368,17,42,260,49,317,35,95,176,11
"2011","Sunderland 019B","E01008844","Total",652,40,129,417,66,332,13,28,239,52,320,27,101,178,14
"2011","Sunderland 019C","E01008848","Total",591,46,121,370,54,306,16,34,213,43,285,30,87,157,11
"2011","Sunderland 019D","E01008849","Total",495,36,136,283,40,240,10,26,176,28,255,26,110,107,12
"2011","Sunderland 019E","E01008852","Total",725,58,146,463,58,361,22,31,266,42,364,36,115,197,16
"2011","Sunderland 020A","E01008867","Total",774,43,185,485,61,417,14,54,296,53,357,29,131,189,8
"2011","Sunderland 020B","E01008868","Total",711,42,143,474,52,367,6,44,277,40,344,36,99,197,12
"2011","Sunderland 020C","E01008869","Total",693,48,145,450,50,354,14,32,267,41,339,34,113,183,9
"2011","Sunderland 020D","E01008870","Total",817,52,155,529,81,433,19,33,321,60,384,33,122,208,21
"2011","Sunderland 020E","E01008871","Total",713,47,136,474,56,346,10,24,265,47,367,37,112,209,9
"2011","Sunderland 020F","E01008872","Total",819,53,142,561,63,420,18,40,308,54,399,35,102,253,9
"2011","Sunderland 021A","E01008729","Total",396,25,116,231,24,185,8,28,130,19,211,17,88,101,5
"2011","Sunderland 021B","E01008730","Total",595,52,177,334,32,279,13,41,196,29,316,39,136,138,3
"2011","Sunderland 021C","E01008731","Total",442,27,150,240,25,231,10,49,150,22,211,17,101,90,3
"2011","Sunderland 021D","E01008732","Total",955,53,235,595,72,484,18,60,353,53,471,35,175,242,19
"2011","Sunderland 021E","E01008733","Total",663,47,162,419,35,330,15,42,247,26,333,32,120,172,9
"2011","Sunderland 021F","E01008734","Total",623,42,139,389,53,341,15,39,243,44,282,27,100,146,9
"2011","Sunderland 022A","E01008740","Total",646,78,141,350,77,337,34,43,206,54,309,44,98,144,23
"2011","Sunderland 022B","E01008781","Total",735,73,133,427,102,383,24,35,257,67,352,49,98,170,35
"2011","Sunderland 022C","E01008782","Total",650,63,115,408,64,352,27,27,246,52,298,36,88,162,12
"2011","Sunderland 022D","E01008783","Total",673,74,120,381,98,347,28,28,218,73,326,46,92,163,25
"2011","Sunderland 022E","E01008784","Total",732,63,154,418,97,390,27,36,259,68,342,36,118,159,29
"2011","Sunderland 022F","E01008785","Total",631,47,142,363,79,331,15,31,225,60,300,32,111,138,19
"2011","Sunderland 022G","E01008835","Total",772,71,144,453,104,428,29,57,266,76,344,42,87,187,28
"2011","Sunderland 023A","E01008823","Total",514,56,114,309,35,264,17,36,183,28,250,39,78,126,7
"2011","Sunderland 023B","E01008824","Total",576,43,170,323,40,285,10,41,197,37,291,33,129,126,3
"2011","Sunderland 023C","E01008825","Total",599,47,140,373,39,315,15,42,226,32,284,32,98,147,7
"2011","Sunderland 023D","E01008826","Total",605,42,167,360,36,298,12,39,220,27,307,30,128,140,9
"2011","Sunderland 023E","E01008827","Total",445,37,133,253,22,216,9,35,153,19,229,28,98,100,3
"2011","Sunderland 023F","E01008828","Total",554,44,167,311,32,240,9,36,167,28,314,35,131,144,4
"2011","Sunderland 023G","E01008829","Total",481,33,130,282,36,259,12,41,177,29,222,21,89,105,7
"2011","Sunderland 024A","E01008739","Total",650,61,151,390,48,339,23,41,235,40,311,38,110,155,8
"2011","Sunderland 024B","E01008741","Total",681,52,149,436,44,342,9,27,275,31,339,43,122,161,13
"2011","Sunderland 024C","E01008779","Total",640,38,121,436,45,318,9,22,251,36,322,29,99,185,9
"2011","Sunderland 024D","E01008780","Total",853,65,181,536,71,444,23,48,318,55,409,42,133,218,16
"2011","Sunderland 025A","E01008799","Total",941,69,179,575,118,486,13,39,339,95,455,56,140,236,23
"2011","Sunderland 025B","E01008861","Total",714,66,138,436,74,390,24,36,272,58,324,42,102,164,16
"2011","Sunderland 025C","E01008862","Total",836,76,138,519,103,463,25,32,325,81,373,51,106,194,22
"2011","Sunderland 025D","E01008863","Total",843,70,160,466,147,446,29,39,271,107,397,41,121,195,40
"2011","Sunderland 025E","E01008864","Total",629,61,122,337,109,326,19,30,190,87,303,42,92,147,22
"2011","Sunderland 025F","E01008865","Total",618,45,137,395,41,326,12,32,245,37,292,33,105,150,4
"2011","Sunderland 025G","E01008866","Total",708,39,140,476,53,330,5,28,252,45,378,34,112,224,8
"2011","Sunderland 026A","E01008773","Total",548,35,138,346,29,246,8,35,181,22,302,27,103,165,7
"2011","Sunderland 026B","E01008776","Total",490,39,136,278,37,227,12,31,154,30,263,27,105,124,7
"2011","Sunderland 026C","E01008777","Total",418,25,107,261,25,206,5,32,149,20,212,20,75,112,5
"2011","Sunderland 026D","E01008778","Total",585,35,152,361,37,279,10,31,210,28,306,25,121,151,9
"2011","Sunderland 026E","E01008809","Total",733,42,172,461,58,362,15,30,274,43,371,27,142,187,15
"2011","Sunderland 027A","E01008803","Total",605,43,153,368,41,315,12,30,242,31,290,31,123,126,10
"2011","Sunderland 027B","E01008804","Total",664,48,168,398,50,337,16,35,247,39,327,32,133,151,11
"2011","Sunderland 027C","E01008805","Total",659,46,152,403,58,321,13,29,233,46,338,33,123,170,12
"2011","Sunderland 027F","E01033077","Total",795,79,159,489,68,406,24,28,294,60,389,55,131,195,8
"2011","Sunderland 028A","E01008763","Total",655,43,164,396,52,332,17,29,243,43,323,26,135,153,9
"2011","Sunderland 028B","E01008764","Total",723,66,140,456,61,366,17,28,269,52,357,49,112,187,9
"2011","Sunderland 028C","E01008766","Total",996,67,200,615,114,494,18,26,359,91,502,49,174,256,23
"2011","Sunderland 028D","E01008768","Total",699,56,137,426,80,366,16,28,263,59,333,40,109,163,21
"2011","Sunderland 028E","E01008769","Total",731,48,134,477,72,366,15,30,267,54,365,33,104,210,18
"2011","Sunderland 029A","E01008772","Total",664,64,123,400,77,348,23,31,235,59,316,41,92,165,18
"2011","Sunderland 029B","E01008774","Total",531,48,106,326,51,273,20,26,186,41,258,28,80,140,10
"2011","Sunderland 029C","E01008775","Total",667,60,141,391,75,357,22,35,234,66,310,38,106,157,9
"2011","Sunderland 029D","E01008802","Total",664,58,156,392,58,348,16,42,240,50,316,42,114,152,8
"2011","Sunderland 029E","E01008808","Total",850,76,131,575,68,442,23,29,334,56,408,53,102,241,12
"2011","Sunderland 030A","E01008793","Total",571,49,146,329,47,292,19,31,203,39,279,30,115,126,8
"2011","Sunderland 030B","E01008795","Total",921,70,190,560,101,470,26,48,319,77,451,44,142,241,24
"2011","Sunderland 030C","E01008797","Total",924,59,196,554,115,475,21,38,322,94,449,38,158,232,21
"2011","Sunderland 030D","E01008800","Total",546,44,143,316,43,278,12,28,197,41,268,32,115,119,2
"2011","Sunderland 030E","E01008801","Total",835,64,169,523,79,434,18,32,323,61,401,46,137,200,18
"2011","Sunderland 031A","E01008765","Total",820,60,159,509,92,418,19,34,292,73,402,41,125,217,19
"2011","Sunderland 031B","E01008767","Total",692,39,161,434,58,345,9,34,254,48,347,30,127,180,10
"2011","Sunderland 031C","E01008770","Total",778,53,158,490,77,402,21,39,279,63,376,32,119,211,14
"2011","Sunderland 031D","E01008771","Total",754,57,175,462,60,395,20,40,290,45,359,37,135,172,15
"2011","Sunderland 032A","E01008720","Total",614,43,139,360,72,334,8,34,235,57,280,35,105,125,15
"2011","Sunderland 032B","E01008721","Total",835,62,160,522,91,435,17,30,318,70,400,45,130,204,21
"2011","Sunderland 032D","E01008796","Total",840,48,156,550,86,432,14,30,319,69,408,34,126,231,17
"2011","Sunderland 032F","E01032483","Total",810,74,173,472,91,417,25,39,280,73,393,49,134,192,18
"2011","Sunderland 032G","E01032484","Total",617,45,108,387,77,317,12,17,227,61,300,33,91,160,16
"2011","Sunderland 033A","E01008750","Total",962,86,195,590,91,471,20,41,342,68,491,66,154,248,23
"2011","Sunderland 033B","E01008751","Total",467,39,116,276,36,233,9,25,170,29,234,30,91,106,7
"2011","Sunderland 033C","E01008752","Total",646,36,170,380,60,320,7,41,224,48,326,29,129,156,12
"2011","Sunderland 033D","E01008753","Total",535,30,129,339,37,273,8,27,206,32,262,22,102,133,5
"2011","Sunderland 033E","E01008755","Total",593,41,126,378,48,303,15,25,224,39,290,26,101,154,9
"2011","Sunderland 034A","E01008714","Total",446,47,112,246,41,215,15,27,142,31,231,32,85,104,10
"2011","Sunderland 034B","E01008715","Total",611,44,112,409,46,315,8,31,241,35,296,36,81,168,11
"2011","Sunderland 034C","E01008716","Total",645,41,129,403,72,342,14,31,242,55,303,27,98,161,17
"2011","Sunderland 034D","E01008717","Total",717,45,161,426,85,362,14,34,249,65,355,31,127,177,20
"2011","Sunderland 034E","E01008749","Total",642,44,134,412,52,331,12,26,251,42,311,32,108,161,10
"2011","Sunderland 034F","E01008754","Total",550,33,123,346,48,284,9,27,215,33,266,24,96,131,15
"2011","Sunderland 035A","E01008718","Total",573,44,123,358,48,299,15,20,221,43,274,29,103,137,5
"2011","Sunderland 035B","E01008719","Total",509,38,100,339,32,266,13,23,202,28,243,25,77,137,4
"2011","Sunderland 035C","E01008742","Total",805,55,176,497,77,416,17,36,303,60,389,38,140,194,17
"2011","Sunderland 035D","E01008747","Total",636,37,128,411,60,326,15,36,230,45,310,22,92,181,15
"2011","Sunderland 035E","E01008748","Total",539,54,111,328,46,284,15,28,201,40,255,39,83,127,6
"2011","Sunderland 036A","E01008743","Total",548,49,134,327,38,284,10,30,209,35,264,39,104,118,3
"2011","Sunderland 036B","E01008744","Total",632,46,135,401,50,337,18,36,243,40,295,28,99,158,10
"2011","Sunderland 036C","E01008745","Total",774,48,154,500,72,402,16,32,301,53,372,32,122,199,19
"2011","Sunderland 036D","E01008746","Total",558,49,130,332,47,292,13,34,205,40,266,36,96,127,7
"2011","Blackburn with Darwen 001A","E01012607","Total",603,58,125,388,32,337,20,58,234,25,266,38,67,154,7
"2011","Blackburn with Darwen 001B","E01012608","Total",661,47,175,394,45,353,21,73,221,38,308,26,102,173,7
"2011","Blackburn with Darwen 001C","E01012633","Total",769,61,168,476,64,400,20,54,281,45,369,41,114,195,19
"2011","Blackburn with Darwen 001D","E01012634","Total",666,56,122,426,62,370,25,39,257,49,296,31,83,169,13
"2011","Blackburn with Darwen 001E","E01012635","Total",682,69,148,414,51,387,21,59,269,38,295,48,89,145,13
"2011","Blackburn with Darwen 001F","E01012636","Total",668,47,123,426,72,344,17,33,237,57,324,30,90,189,15
"2011","Blackburn with Darwen 002A","E01012581","Total",573,46,113,356,58,311,15,43,215,38,262,31,70,141,20
"2011","Blackburn with Darwen 002B","E01012582","Total",772,77,145,446,104,436,23,54,277,82,336,54,91,169,22
"2011","Blackburn with Darwen 002C","E01012583","Total",764,73,167,441,83,418,24,59,269,66,346,49,108,172,17
"2011","Blackburn with Darwen 002D","E01012587","Total",788,60,183,474,71,455,27,81,295,52,333,33,102,179,19
"2011","Blackburn with Darwen 002E","E01012588","Total",727,65,242,375,45,468,30,139,266,33,259,35,103,109,12
"2011","Blackburn with Darwen 003A","E01012574","Total",389,40,129,202,18,227,17,65,133,12,162,23,64,69,6
"2011","Blackburn with Darwen 003B","E01012577","Total",508,68,173,239,28,352,41,113,178,20,156,27,60,61,8
"2011","Blackburn with Darwen 003C","E01012578","Total",579,67,221,259,32,369,31,133,184,21,210,36,88,75,11
"2011","Blackburn with Darwen 003D","E01012605","Total",579,61,233,259,26,372,29,143,181,19,207,32,90,78,7
"2011","Blackburn with Darwen 003E","E01012606","Total",511,55,190,242,24,345,21,119,185,20,166,34,71,57,4
"2011","Blackburn with Darwen 004A","E01012579","Total",505,66,151,270,18,312,28,92,182,10,193,38,59,88,8
"2011","Blackburn with Darwen 004B","E01012580","Total",656,86,209,336,25,462,35,143,261,23,194,51,66,75,2
"2011","Blackburn with Darwen 004C","E01012642","Total",525,55,175,270,25,362,33,106,200,23,163,22,69,70,2
"2011","Blackburn with Darwen 004D","E01012645","Total",749,79,234,392,44,450,22,132,261,35,299,57,102,131,9
"2011","Blackburn with Darwen 005A","E01012585","Total",581,65,173,286,57,353,20,101,186,46,228,45,72,100,11
"2011","Blackburn with Darwen 005B","E01012586","Total",550,53,161,302,34,378,31,105,210,32,172,22,56,92,2
"2011","Blackburn with Darwen 005C","E01012656","Total",561,49,188,285,39,363,28,112,192,31,198,21,76,93,8
"2011","Blackburn with Darwen 005D","E01012657","Total",611,46,207,321,37,395,24,116,222,33,216,22,91,99,4
"2011","Blackburn with Darwen 005E","E01012658","Total",773,59,187,484,43,414,26,59,296,33,359,33,128,188,10
"2011","Blackburn with Darwen 006A","E01012629","Total",524,32,111,344,37,299,10,46,216,27,225,22,65,128,10
"2011","Blackburn with Darwen 006B","E01012631","Total",386,32,100,224,30,239,16,55,146,22,147,16,45,78,8
"2011","Blackburn with Darwen 006C","E01012643","Total",435,38,165,204,28,301,17,113,146,25,134,21,52,58,3
"2011","Blackburn with Darwen 006D","E01012644","Total",903,111,297,423,72,609,45,196,316,52,294,66,101,107,20
"2011","Blackburn with Darwen 006E","E01012655","Total",480,60,120,272,28,301,38,61,184,18,179,22,59,88,10
"2011","Blackburn with Darwen 007A","E01012571","Total",420,58,148,203,11,284,26,97,150,11,136,32,51,53,0
"2011","Blackburn with Darwen 007B","E01012572","Total",421,60,164,182,15,280,29,103,138,10,141,31,61,44,5
"2011","Blackburn with Darwen 007C","E01012573","Total",580,80,198,286,16,408,37,137,221,13,172,43,61,65,3
"2011","Blackburn with Darwen 007D","E01012575","Total",372,56,123,172,21,228,32,64,115,17,144,24,59,57,4
"2011","Blackburn with Darwen 007E","E01012630","Total",688,68,272,328,20,461,28,173,246,14,227,40,99,82,6
"2011","Blackburn with Darwen 008A","E01012576","Total",449,46,136,245,22,280,18,76,167,19,169,28,60,78,3
"2011","Blackburn with Darwen 008B","E01012637","Total",464,36,111,288,29,230,11,29,167,23,234,25,82,121,6
"2011","Blackburn with Darwen 008C","E01012638","Total",533,30,140,328,35,269,12,42,189,26,264,18,98,139,9
"2011","Blackburn with Darwen 008D","E01012639","Total",539,41,133,328,37,295,12,49,204,30,244,29,84,124,7
"2011","Blackburn with Darwen 008E","E01012640","Total",676,43,151,427,55,378,18,50,270,40,298,25,101,157,15
"2011","Blackburn with Darwen 008F","E01012641","Total",508,53,132,290,33,280,17,50,192,21,228,36,82,98,12
"2011","Blackburn with Darwen 009A","E01012595","Total",831,58,181,519,73,445,24,50,313,58,386,34,131,206,15
"2011","Blackburn with Darwen 009B","E01012596","Total",831,44,158,561,68,447,23,52,328,44,384,21,106,233,24
"2011","Blackburn with Darwen 009C","E01012622","Total",550,46,130,344,30,305,14,45,228,18,245,32,85,116,12
"2011","Blackburn with Darwen 009D","E01012623","Total",753,49,160,474,70,393,23,43,269,58,360,26,117,205,12
"2011","Blackburn with Darwen 009E","E01012624","Total",713,44,142,480,47,372,14,31,289,38,341,30,111,191,9
"2011","Blackburn with Darwen 009F","E01012625","Total",752,44,196,465,47,380,15,64,267,34,372,29,132,198,13
"2011","Blackburn with Darwen 010A","E01012584","Total",716,65,151,396,104,413,19,60,251,83,303,46,91,145,21
"2011","Blackburn with Darwen 010B","E01012609","Total",796,77,154,478,87,410,22,52,263,73,386,55,102,215,14
"2011","Blackburn with Darwen 010C","E01012610","Total",667,63,122,422,60,329,17,23,246,43,338,46,99,176,17
"2011","Blackburn with Darwen 010D","E01012611","Total",540,38,105,324,73,288,14,23,199,52,252,24,82,125,21
"2011","Blackburn with Darwen 010E","E01012612","Total",618,56,110,397,55,317,27,24,226,40,301,29,86,171,15
"2011","Blackburn with Darwen 010F","E01012613","Total",690,57,116,462,55,375,24,25,283,43,315,33,91,179,12
"2011","Blackburn with Darwen 011A","E01012600","Total",483,41,111,301,30,245,9,33,176,27,238,32,78,125,3
"2011","Blackburn with Darwen 011B","E01012601","Total",473,36,121,279,37,237,10,30,171,26,236,26,91,108,11
"2011","Blackburn with Darwen 011C","E01012602","Total",979,57,147,679,96,484,21,23,367,73,495,36,124,312,23
"2011","Blackburn with Darwen 011D","E01012603","Total",607,50,121,391,45,307,18,31,229,29,300,32,90,162,16
"2011","Blackburn with Darwen 011E","E01012604","Total",794,55,145,521,73,377,18,41,267,51,417,37,104,254,22
"2011","Blackburn with Darwen 011F","E01012632","Total",894,77,190,542,85,496,29,73,323,71,398,48,117,219,14
"2011","Blackburn with Darwen 012A","E01012594","Total",526,56,122,315,33,257,24,27,179,27,269,32,95,136,6
"2011","Blackburn with Darwen 012B","E01012618","Total",725,52,126,494,53,375,21,27,286,41,350,31,99,208,12
"2011","Blackburn with Darwen 012C","E01012619","Total",452,38,118,267,29,229,14,29,164,22,223,24,89,103,7
"2011","Blackburn with Darwen 012D","E01012620","Total",612,50,107,407,48,313,13,27,233,40,299,37,80,174,8
"2011","Blackburn with Darwen 012E","E01012621","Total",702,60,147,444,51,325,19,26,241,39,377,41,121,203,12
"2011","Blackburn with Darwen 013A","E01012593","Total",917,67,167,615,68,490,34,36,365,55,427,33,131,250,13
"2011","Blackburn with Darwen 013B","E01012597","Total",1030,62,170,688,110,540,20,27,404,89,490,42,143,284,21
"2011","Blackburn with Darwen 013C","E01012598","Total",1760,101,268,1170,221,901,31,40,676,154,859,70,228,494,67
"2011","Blackburn with Darwen 013D","E01012599","Total",641,50,114,408,69,349,26,24,249,50,292,24,90,159,19
"2011","Blackburn with Darwen 014A","E01012589","Total",621,28,125,424,44,317,13,38,235,31,304,15,87,189,13
"2011","Blackburn with Darwen 014B","E01012590","Total",550,32,106,361,51,288,10,30,214,34,262,22,76,147,17
"2011","Blackburn with Darwen 014C","E01012591","Total",643,56,125,411,51,323,12,33,235,43,320,44,92,176,8
"2011","Blackburn with Darwen 014D","E01012648","Total",544,40,99,355,50,298,12,24,219,43,246,28,75,136,7
"2011","Blackburn with Darwen 014E","E01012652","Total",771,61,121,524,65,389,20,32,291,46,382,41,89,233,19
"2011","Blackburn with Darwen 015A","E01012617","Total",707,61,169,414,63,357,19,36,248,54,350,42,133,166,9
"2011","Blackburn with Darwen 015B","E01012646","Total",620,47,141,386,46,321,15,40,230,36,299,32,101,156,10
"2011","Blackburn with Darwen 015C","E01012647","Total",469,40,96,298,35,239,14,19,182,24,230,26,77,116,11
"2011","Blackburn with Darwen 015D","E01012650","Total",524,41,110,345,28,295,13,37,224,21,229,28,73,121,7
"2011","Blackburn with Darwen 016A","E01012649","Total",539,32,126,335,46,272,12,38,190,32,267,20,88,145,14
"2011","Blackburn with Darwen 016B","E01012651","Total",809,45,151,561,52,393,8,29,321,35,416,37,122,240,17
"2011","Blackburn with Darwen 016C","E01012653","Total",650,57,133,411,49,334,19,33,246,36,316,38,100,165,13
"2011","Blackburn with Darwen 016D","E01012654","Total",762,57,146,493,66,402,16,49,293,44,360,41,97,200,22
"2011","Blackburn with Darwen 017A","E01012614","Total",945,61,170,643,71,498,21,37,382,58,447,40,133,261,13
"2011","Blackburn with Darwen 017B","E01012615","Total",636,63,136,396,41,315,23,24,239,29,321,40,112,157,12
"2011","Blackburn with Darwen 017C","E01012616","Total",968,72,189,606,101,495,26,35,363,71,473,46,154,243,30
"2011","Blackburn with Darwen 017D","E01012659","Total",752,49,132,500,71,377,21,32,272,52,375,28,100,228,19
"2011","Blackburn with Darwen 017E","E01012660","Total",620,53,103,385,79,319,15,38,204,62,301,38,65,181,17
"2011","Blackburn with Darwen 017F","E01012661","Total",773,49,149,506,69,398,16,36,296,50,375,33,113,210,19
"2011","Blackburn with Darwen 018A","E01012592","Total",1058,109,172,651,126,560,39,42,385,94,498,70,130,266,32
"2011","Blackburn with Darwen 018D","E01012628","Total",684,75,121,350,138,368,28,34,204,102,316,47,87,146,36
"2011","Blackburn with Darwen 018E","E01032485","Total",980,88,170,522,200,530,22,42,297,169,450,66,128,225,31
"2011","Blackburn with Darwen 018F","E01032486","Total",718,72,137,383,126,378,22,31,230,95,340,50,106,153,31
"2011","Blackpool 001A","E01012663","Total",649,54,148,397,50,343,21,38,243,41,306,33,110,154,9
"2011","Blackpool 001B","E01012664","Total",755,65,171,464,55,357,22,42,249,44,398,43,129,215,11
"2011","Blackpool 001C","E01012665","Total",602,59,171,326,46,302,18,45,199,40,300,41,126,127,6
"2011","Blackpool 001D","E01012716","Total",649,52,137,392,68,331,19,29,225,58,318,33,108,167,10
"2011","Blackpool 001E","E01012719","Total",621,50,141,359,71,325,22,37,212,54,296,28,104,147,17
"2011","Blackpool 002A","E01012662","Total",560,66,123,338,33,271,25,36,184,26,289,41,87,154,7
"2011","Blackpool 002B","E01012703","Total",599,61,135,345,58,285,22,26,195,42,314,39,109,150,16
"2011","Blackpool 002C","E01012704","Total",744,61,205,409,69,355,20,52,232,51,389,41,153,177,18
"2011","Blackpool 002D","E01012706","Total",824,63,173,527,61,405,27,43,286,49,419,36,130,241,12
"2011","Blackpool 002E","E01012717","Total",774,66,187,439,82,405,19,52,266,68,369,47,135,173,14
"2011","Blackpool 003A","E01012666","Total",635,53,149,361,72,345,19,52,216,58,290,34,97,145,14
"2011","Blackpool 003B","E01012667","Total",714,77,167,392,78,365,32,45,227,61,349,45,122,165,17
"2011","Blackpool 003C","E01012668","Total",709,79,162,409,59,356,32,51,227,46,353,47,111,182,13
"2011","Blackpool 003D","E01012669","Total",833,56,203,468,106,453,24,61,290,78,380,32,142,178,28
"2011","Blackpool 003E","E01012718","Total",645,64,155,362,64,329,26,40,214,49,316,38,115,148,15
"2011","Blackpool 004A","E01012690","Total",890,60,202,565,63,453,25,49,329,50,437,35,153,236,13
"2011","Blackpool 004B","E01012691","Total",858,75,220,496,67,422,30,58,279,55,436,45,162,217,12
"2011","Blackpool 004C","E01012692","Total",757,73,176,444,64,365,22,51,244,48,392,51,125,200,16
"2011","Blackpool 004D","E01012705","Total",656,52,166,391,47,335,18,46,235,36,321,34,120,156,11
"2011","Blackpool 004E","E01012723","Total",751,60,166,455,70,366,16,47,250,53,385,44,119,205,17
"2011","Blackpool 005A","E01012693","Total",742,52,169,460,61,374,11,52,263,48,368,41,117,197,13
"2011","Blackpool 005B","E01012711","Total",637,45,134,406,52,326,15,32,236,43,311,30,102,170,9
"2011","Blackpool 005C","E01012747","Total",718,69,130,446,73,357,34,27,241,55,361,35,103,205,18
"2011","Blackpool 005D","E01012750","Total",817,69,180,485,83,420,27,51,273,69,397,42,129,212,14
"2011","Blackpool 006A","E01012681","Total",720,58,134,321,207,459,39,60,220,140,261,19,74,101,67
"2011","Blackpool 006B","E01012683","Total",500,33,122,296,49,289,20,47,187,35,211,13,75,109,14
"2011","Blackpool 006C","E01012748","Total",766,48,174,398,146,411,16,67,235,93,355,32,107,163,53
"2011","Blackpool 006D","E01012749","Total",749,45,164,450,90,410,21,56,273,60,339,24,108,177,30
"2011","Blackpool 007A","E01012707","Total",530,23,136,345,26,256,5,39,190,22,274,18,97,155,4
"2011","Blackpool 007B","E01012720","Total",454,41,129,257,27,214,12,36,145,21,240,29,93,112,6
"2011","Blackpool 007C","E01012721","Total",404,45,135,197,27,194,17,38,117,22,210,28,97,80,5
"2011","Blackpool 007D","E01012724","Total",444,39,125,245,35,227,13,36,151,27,217,26,89,94,8
"2011","Blackpool 008A","E01012678","Total",423,38,120,220,45,244,20,46,145,33,179,18,74,75,12
"2011","Blackpool 008B","E01012679","Total",446,44,121,250,31,239,28,45,140,26,207,16,76,110,5
"2011","Blackpool 008C","E01012680","Total",634,61,159,362,52,316,32,39,206,39,318,29,120,156,13
"2011","Blackpool 008D","E01012682","Total",464,37,115,268,44,252,18,39,159,36,212,19,76,109,8
"2011","Blackpool 008E","E01012684","Total",566,35,140,339,52,286,12,44,193,37,280,23,96,146,15
"2011","Blackpool 009A","E01012676","Total",628,55,129,382,62,305,25,41,192,47,323,30,88,190,15
"2011","Blackpool 009B","E01012677","Total",660,51,132,393,84,327,23,49,188,67,333,28,83,205,17
"2011","Blackpool 009C","E01012708","Total",675,54,139,427,55,336,26,26,239,45,339,28,113,188,10
"2011","Blackpool 009D","E01012709","Total",765,61,214,440,50,348,21,57,233,37,417,40,157,207,13
"2011","Blackpool 009E","E01012710","Total",565,50,113,340,62,282,18,26,188,50,283,32,87,152,12
"2011","Blackpool 009F","E01012722","Total",686,39,129,435,83,361,19,40,238,64,325,20,89,197,19
"2011","Blackpool 010A","E01012673","Total",418,44,118,197,59,248,21,48,133,46,170,23,70,64,13
"2011","Blackpool 010B","E01012675","Total",543,57,129,305,52,294,23,43,189,39,249,34,86,116,13
"2011","Blackpool 010C","E01012735","Total",524,41,117,310,56,287,17,38,189,43,237,24,79,121,13
"2011","Blackpool 010D","E01012736","Total",807,55,124,291,337,448,30,53,181,184,359,25,71,110,153
"2011","Blackpool 010E","E01012737","Total",529,59,130,274,66,327,35,59,191,42,202,24,71,83,24
"2011","Blackpool 011A","E01012670","Total",465,50,124,229,62,243,20,39,146,38,222,30,85,83,24
"2011","Blackpool 011B","E01012733","Total",440,40,106,251,43,238,21,38,150,29,202,19,68,101,14
"2011","Blackpool 011C","E01012734","Total",681,54,157,403,67,335,18,35,231,51,346,36,122,172,16
"2011","Blackpool 011D","E01012738","Total",482,37,117,300,28,266,15,40,188,23,216,22,77,112,5
"2011","Blackpool 011E","E01012739","Total",546,39,152,320,35,279,12,47,195,25,267,27,105,125,10
"2011","Blackpool 011F","E01012742","Total",552,48,140,310,54,271,14,44,174,39,281,34,96,136,15
"2011","Blackpool 012A","E01012712","Total",882,69,205,543,65,432,23,49,303,57,450,46,156,240,8
"2011","Blackpool 012B","E01012713","Total",1010,83,223,621,83,510,31,53,360,66,500,52,170,261,17
"2011","Blackpool 012C","E01012715","Total",777,55,178,457,87,389,23,46,251,69,388,32,132,206,18
"2011","Blackpool 012D","E01012740","Total",704,50,159,408,87,376,19,53,230,74,328,31,106,178,13
"2011","Blackpool 012E","E01012741","Total",647,56,152,395,44,322,27,36,223,36,325,29,116,172,8
"2011","Blackpool 013A","E01012671","Total",604,63,143,231,167,313,33,55,137,88,291,30,88,94,79
"2011","Blackpool 013B","E01012672","Total",616,45,137,262,172,340,25,55,162,98,276,20,82,100,74
"2011","Blackpool 013C","E01012674","Total",664,70,159,376,59,379,30,60,244,45,285,40,99,132,14
"2011","Blackpool 013D","E01012751","Total",644,33,119,311,181,365,18,42,199,106,279,15,77,112,75
"2011","Blackpool 014A","E01012686","Total",488,50,123,280,35,237,21,26,162,28,251,29,97,118,7
"2011","Blackpool 014B","E01012687","Total",507,46,143,276,42,253,15,43,164,31,254,31,100,112,11
"2011","Blackpool 014C","E01012688","Total",488,45,127,275,41,226,16,31,149,30,262,29,96,126,11
"2011","Blackpool 014D","E01012689","Total",577,38,145,338,56,286,12,37,199,38,291,26,108,139,18
"2011","Blackpool 014E","E01012714","Total",802,67,175,479,81,388,15,44,269,60,414,52,131,210,21
"2011","Blackpool 015A","E01012695","Total",585,41,158,350,36,292,18,45,201,28,293,23,113,149,8
"2011","Blackpool 015B","E01012743","Total",679,59,198,359,63,349,22,57,224,46,330,37,141,135,17
"2011","Blackpool 015C","E01012744","Total",675,52,166,398,59,332,20,42,229,41,343,32,124,169,18
"2011","Blackpool 015D","E01012745","Total",738,55,187,427,69,398,17,68,257,56,340,38,119,170,13
"2011","Blackpool 015E","E01012746","Total",711,41,189,428,53,377,16,51,270,40,334,25,138,158,13
"2011","Blackpool 016A","E01012685","Total",724,64,154,435,71,369,21,44,248,56,355,43,110,187,15
"2011","Blackpool 016B","E01012694","Total",602,51,146,351,54,322,18,41,222,41,280,33,105,129,13
"2011","Blackpool 016C","E01012696","Total",705,56,176,428,45,354,18,37,266,33,351,38,139,162,12
"2011","Blackpool 016D","E01012697","Total",575,33,151,354,37,286,7,38,212,29,289,26,113,142,8
"2011","Blackpool 016E","E01012698","Total",578,34,168,332,44,286,14,51,193,28,292,20,117,139,16
"2011","Blackpool 017A","E01012726","Total",736,54,173,437,72,370,16,42,259,53,366,38,131,178,19
"2011","Blackpool 017B","E01012728","Total",675,48,179,392,56,343,20,53,230,40,332,28,126,162,16
"2011","Blackpool 017C","E01012752","Total",577,38,139,323,77,300,16,47,187,50,277,22,92,136,27
"2011","Blackpool 017D","E01012753","Total",586,45,147,351,43,296,14,36,214,32,290,31,111,137,11
"2011","Blackpool 017E","E01012754","Total",525,46,113,298,68,265,14,35,169,47,260,32,78,129,21
"2011","Blackpool 017F","E01012755","Total",732,60,158,430,84,369,22,42,242,63,363,38,116,188,21
"2011","Blackpool 018A","E01012701","Total",685,63,149,422,51,337,18,36,244,39,348,45,113,178,12
"2011","Blackpool 018B","E01012729","Total",684,73,147,413,51,341,23,35,238,45,343,50,112,175,6
"2011","Blackpool 018C","E01012730","Total",874,71,177,520,106,426,22,42,281,81,448,49,135,239,25
"2011","Blackpool 018D","E01012731","Total",751,52,154,462,83,364,16,30,256,62,387,36,124,206,21
"2011","Blackpool 018E","E01012732","Total",721,61,190,391,79,361,25,47,230,59,360,36,143,161,20
"2011","Blackpool 019A","E01012699","Total",806,83,178,472,73,415,40,42,276,57,391,43,136,196,16
"2011","Blackpool 019B","E01012700","Total",894,74,202,538,80,441,27,54,299,61,453,47,148,239,19
"2011","Blackpool 019C","E01012702","Total",514,53,116,311,34,263,23,23,192,25,251,30,93,119,9
"2011","Blackpool 019D","E01012725","Total",684,66,164,377,77,328,24,40,204,60,356,42,124,173,17
"2011","Blackpool 019E","E01012727","Total",788,60,171,447,110,414,21,44,263,86,374,39,127,184,24
"2011","Cheshire East 022A","E01018393","Total",1056,124,203,489,240,573,39,46,293,195,483,85,157,196,45
"2011","Cheshire East 022B","E01018411","Total",1095,141,197,510,247,570,39,35,307,189,525,102,162,203,58
"2011","Cheshire East 022C","E01018412","Total",675,79,123,309,164,350,15,29,186,120,325,64,94,123,44
"2011","Cheshire East 023A","E01018413","Total",658,70,130,357,101,344,22,18,224,80,314,48,112,133,21
"2011","Cheshire East 023B","E01018414","Total",630,92,114,323,101,350,37,25,204,84,280,55,89,119,17
"2011","Cheshire East 023C","E01018415","Total",715,85,133,404,93,368,23,26,245,74,347,62,107,159,19
"2011","Cheshire East 023D","E01018416","Total",682,70,143,359,110,351,25,27,213,86,331,45,116,146,24
"2011","Cheshire East 024A","E01018424","Total",926,80,165,554,127,468,16,29,325,98,458,64,136,229,29
"2011","Cheshire East 024B","E01018425","Total",748,57,125,483,83,417,22,35,300,60,331,35,90,183,23
"2011","Cheshire East 024C","E01018426","Total",740,66,142,457,75,398,17,31,286,64,342,49,111,171,11
"2011","Cheshire East 024D","E01018427","Total",732,63,132,448,89,383,20,22,273,68,349,43,110,175,21
"2011","Cheshire East 025A","E01018419","Total",819,67,144,520,88,441,23,27,320,71,378,44,117,200,17
"2011","Cheshire East 025B","E01018420","Total",1060,90,199,624,147,529,24,36,359,110,531,66,163,265,37
"2011","Cheshire East 025C","E01018421","Total",756,48,118,504,86,396,10,24,295,67,360,38,94,209,19
"2011","Cheshire East 025D","E01018422","Total",613,58,110,364,81,318,16,17,224,61,295,42,93,140,20
"2011","Cheshire East 025E","E01018423","Total",633,43,108,420,62,328,6,21,252,49,305,37,87,168,13
"2011","Cheshire East 026A","E01018395","Total",791,73,160,455,103,440,30,43,286,81,351,43,117,169,22
"2011","Cheshire East 026B","E01018396","Total",634,71,142,351,70,324,24,44,202,54,310,47,98,149,16
"2011","Cheshire East 026C","E01018400","Total",892,59,206,536,91,488,24,55,327,82,404,35,151,209,9
"2011","Cheshire East 026D","E01018401","Total",699,63,157,400,79,367,21,41,241,64,332,42,116,159,15
"2011","Cheshire East 027A","E01018398","Total",663,54,136,403,70,332,17,28,230,57,331,37,108,173,13
"2011","Cheshire East 027B","E01018399","Total",781,62,141,478,100,413,12,34,292,75,368,50,107,186,25
"2011","Cheshire East 027C","E01018402","Total",1002,72,169,631,130,554,17,40,391,106,448,55,129,240,24
"2011","Cheshire East 027D","E01018403","Total",964,101,196,550,117,500,32,58,323,87,464,69,138,227,30
"2011","Cheshire East 028A","E01018397","Total",974,80,173,575,146,504,24,31,323,126,470,56,142,252,20
"2011","Cheshire East 028B","E01018408","Total",899,108,208,480,103,458,37,49,293,79,441,71,159,187,24
"2011","Cheshire East 028C","E01018409","Total",779,69,169,454,87,406,19,38,280,69,373,50,131,174,18
"2011","Cheshire East 028D","E01018410","Total",694,72,130,412,80,372,22,28,256,66,322,50,102,156,14
"2011","Cheshire East 029A","E01018404","Total",734,69,139,420,106,389,18,27,267,77,345,51,112,153,29
"2011","Cheshire East 029B","E01018405","Total",797,60,138,499,100,404,21,34,280,69,393,39,104,219,31
"2011","Cheshire East 029C","E01018406","Total",696,70,121,377,128,375,21,27,235,92,321,49,94,142,36
"2011","Cheshire East 029D","E01018407","Total",739,73,160,400,106,392,19,44,240,89,347,54,116,160,17
"2011","Cheshire East 030A","E01018436","Total",688,75,148,367,98,362,27,26,231,78,326,48,122,136,20
"2011","Cheshire East 030B","E01018437","Total",789,85,132,481,91,402,29,33,273,67,387,56,99,208,24
"2011","Cheshire East 030C","E01018438","Total",659,74,140,358,87,374,21,29,249,75,285,53,111,109,12
"2011","Cheshire East 030D","E01018439","Total",542,78,114,266,84,292,25,36,164,67,250,53,78,102,17
"2011","Cheshire East 031A","E01018440","Total",966,87,175,581,123,502,20,33,348,101,464,67,142,233,22
"2011","Cheshire East 031B","E01018441","Total",973,59,203,587,124,488,21,26,350,91,485,38,177,237,33
"2011","Cheshire East 031C","E01018442","Total",920,94,175,528,123,488,21,39,332,96,432,73,136,196,27
"2011","Cheshire East 031D","E01018443","Total",775,84,155,435,101,422,28,30,282,82,353,56,125,153,19
"2011","Cheshire East 032A","E01018432","Total",731,78,149,405,99,396,27,42,252,75,335,51,107,153,24
"2011","Cheshire East 032B","E01018433","Total",558,62,100,328,68,286,21,25,190,50,272,41,75,138,18
"2011","Cheshire East 032C","E01018434","Total",657,58,133,394,72,336,17,31,230,58,321,41,102,164,14
"2011","Cheshire East 032D","E01018435","Total",588,53,117,340,78,315,18,21,219,57,273,35,96,121,21
"2011","Cheshire East 033A","E01018394","Total",1069,115,213,489,252,571,24,58,285,204,498,91,155,204,48
"2011","Cheshire East 033B","E01018417","Total",710,60,145,390,115,378,21,30,239,88,332,39,115,151,27
"2011","Cheshire East 033C","E01018418","Total",760,73,145,402,140,410,22,39,238,111,350,51,106,164,29
"2011","Cheshire East 033D","E01018428","Total",681,58,151,382,90,367,16,43,238,70,314,42,108,144,20
"2011","Cheshire East 033E","E01018429","Total",693,65,149,388,91,365,24,45,226,70,328,41,104,162,21
"2011","Cheshire East 033F","E01018430","Total",736,73,150,429,84,385,26,46,244,69,351,47,104,185,15
"2011","Cheshire East 033G","E01018431","Total",687,61,118,389,119,368,11,33,226,98,319,50,85,163,21
"2011","Cheshire East 040A","E01018387","Total",692,88,155,353,96,359,34,40,212,73,333,54,115,141,23
"2011","Cheshire East 040B","E01018388","Total",641,60,134,396,51,321,18,34,233,36,320,42,100,163,15
"2011","Cheshire East 040C","E01018389","Total",732,71,147,414,100,377,17,24,259,77,355,54,123,155,23
"2011","Cheshire East 040D","E01018390","Total",756,64,135,469,88,403,23,32,278,70,353,41,103,191,18
"2011","Cheshire East 042A","E01018386","Total",582,89,119,295,79,313,36,36,180,61,269,53,83,115,18
"2011","Cheshire East 042B","E01018391","Total",947,67,201,554,125,477,23,41,324,89,470,44,160,230,36
"2011","Cheshire East 042C","E01018392","Total",978,96,201,561,120,513,36,51,337,89,465,60,150,224,31
"2011","Cheshire East 034A","E01018472","Total",798,64,153,513,68,418,23,39,302,54,380,41,114,211,14
"2011","Cheshire East 034B","E01018473","Total",1010,76,200,619,115,546,26,38,388,94,464,50,162,231,21
"2011","Cheshire East 034C","E01018474","Total",1144,108,208,703,125,606,28,41,438,99,538,80,167,265,26
"2011","Cheshire East 034D","E01018475","Total",1112,83,211,691,127,601,25,41,432,103,511,58,170,259,24
"2011","Cheshire East 035A","E01018463","Total",709,46,160,445,58,376,14,38,274,50,333,32,122,171,8
"2011","Cheshire East 035B","E01018476","Total",450,50,120,240,40,219,14,26,147,32,231,36,94,93,8
"2011","Cheshire East 035C","E01018477","Total",589,60,130,345,54,312,14,34,220,44,277,46,96,125,10
"2011","Cheshire East 035D","E01018478","Total",592,62,138,326,66,303,13,35,206,49,289,49,103,120,17
"2011","Cheshire East 035E","E01018479","Total",826,85,143,512,86,435,24,37,307,67,391,61,106,205,19
"2011","Cheshire East 036A","E01018459","Total",491,56,122,274,39,249,15,35,172,27,242,41,87,102,12
"2011","Cheshire East 036B","E01018460","Total",592,52,146,356,38,307,12,37,228,30,285,40,109,128,8
"2011","Cheshire East 036C","E01018461","Total",565,55,121,345,44,295,14,29,213,39,270,41,92,132,5
"2011","Cheshire East 036D","E01018466","Total",998,72,241,614,71,537,27,73,376,61,461,45,168,238,10
"2011","Cheshire East 036E","E01018467","Total",1102,67,219,722,94,610,22,67,451,70,492,45,152,271,24
"2011","Cheshire East 037A","E01018482","Total",590,51,144,329,66,308,10,35,211,52,282,41,109,118,14
"2011","Cheshire East 037B","E01018483","Total",629,62,134,375,58,338,25,35,234,44,291,37,99,141,14
"2011","Cheshire East 037C","E01018484","Total",919,60,208,544,107,455,10,50,313,82,464,50,158,231,25
"2011","Cheshire East 037D","E01018485","Total",604,56,137,360,51,321,13,34,229,45,283,43,103,131,6
"2011","Cheshire East 038A","E01018499","Total",825,81,173,493,78,424,20,35,302,67,401,61,138,191,11
"2011","Cheshire East 038B","E01018500","Total",641,77,127,391,46,319,21,32,230,36,322,56,95,161,10
"2011","Cheshire East 038C","E01018501","Total",709,84,162,403,60,371,28,38,258,47,338,56,124,145,13
"2011","Cheshire East 038D","E01018502","Total",750,229,151,313,57,353,78,43,193,39,397,151,108,120,18
"2011","Cheshire East 039A","E01018462","Total",655,54,113,427,61,358,19,34,262,43,297,35,79,165,18
"2011","Cheshire East 039B","E01018464","Total",727,58,146,446,77,381,13,37,272,59,346,45,109,174,18
"2011","Cheshire East 039C","E01018496","Total",825,68,162,515,80,436,21,37,317,61,389,47,125,198,19
"2011","Cheshire East 039D","E01018497","Total",616,47,125,380,64,343,15,31,243,54,273,32,94,137,10
"2011","Cheshire East 039E","E01018498","Total",728,44,172,447,65,367,17,48,255,47,361,27,124,192,18
"2011","Cheshire East 041A","E01018465","Total",1452,126,221,799,306,785,42,46,458,239,667,84,175,341,67
"2011","Cheshire East 041B","E01018468","Total",871,87,174,499,111,448,20,28,314,86,423,67,146,185,25
"2011","Cheshire East 041C","E01018469","Total",749,76,151,416,106,398,24,37,259,78,351,52,114,157,28
"2011","Cheshire East 041D","E01018470","Total",809,76,162,441,130,424,25,24,274,101,385,51,138,167,29
"2011","Cheshire East 041E","E01018471","Total",795,76,151,474,94,422,21,39,287,75,373,55,112,187,19
"2011","Cheshire East 043A","E01018486","Total",720,70,137,450,63,396,33,50,274,39,324,37,87,176,24
"2011","Cheshire East 043B","E01018487","Total",848,79,169,530,70,475,27,51,341,56,373,52,118,189,14
"2011","Cheshire East 043C","E01018488","Total",792,76,175,471,70,416,24,50,290,52,376,52,125,181,18
"2011","Cheshire East 043D","E01018489","Total",675,61,139,427,48,366,21,43,263,39,309,40,96,164,9
"2011","Cheshire East 044A","E01018510","Total",903,98,182,530,93,469,34,39,320,76,434,64,143,210,17
"2011","Cheshire East 044B","E01018511","Total",661,57,133,395,76,343,20,28,244,51,318,37,105,151,25
"2011","Cheshire East 044C","E01018512","Total",734,65,165,438,66,385,20,38,272,55,349,45,127,166,11
"2011","Cheshire East 044D","E01018513","Total",803,75,154,484,90,422,21,27,305,69,381,54,127,179,21
"2011","Cheshire East 045A","E01018445","Total",844,67,148,552,77,435,20,23,330,62,409,47,125,222,15
"2011","Cheshire East 045B","E01018446","Total",640,74,122,369,75,344,33,26,235,50,296,41,96,134,25
"2011","Cheshire East 045C","E01018447","Total",893,76,186,568,63,479,32,53,344,50,414,44,133,224,13
"2011","Cheshire East 045D","E01018448","Total",887,82,177,534,94,471,29,46,323,73,416,53,131,211,21
"2011","Cheshire East 046A","E01018490","Total",632,67,138,346,81,327,20,40,212,55,305,47,98,134,26
"2011","Cheshire East 046B","E01018491","Total",716,63,133,414,106,376,19,25,252,80,340,44,108,162,26
"2011","Cheshire East 046C","E01018492","Total",450,50,96,257,47,235,11,19,164,41,215,39,77,93,6
"2011","Cheshire East 046D","E01018505","Total",540,63,103,286,88,289,23,25,178,63,251,40,78,108,25
"2011","Cheshire East 046E","E01018506","Total",800,82,152,461,105,415,37,33,267,78,385,45,119,194,27
"2011","Cheshire East 046F","E01018507","Total",673,65,132,376,100,354,23,26,225,80,319,42,106,151,20
"2011","Cheshire East 047A","E01018451","Total",557,56,101,324,76,264,14,17,177,56,293,42,84,147,20
"2011","Cheshire East 047B","E01018454","Total",742,77,150,427,88,403,21,45,258,79,339,56,105,169,9
"2011","Cheshire East 047C","E01018455","Total",615,55,131,357,72,329,20,34,224,51,286,35,97,133,21
"2011","Cheshire East 047D","E01018456","Total",519,49,112,277,81,271,16,34,158,63,248,33,78,119,18
"2011","Cheshire East 047E","E01018457","Total",804,70,135,495,104,432,22,36,291,83,372,48,99,204,21
"2011","Cheshire East 049A","E01018444","Total",1106,109,188,540,269,590,29,46,305,210,516,80,142,235,59
"2011","Cheshire East 049B","E01018480","Total",1120,142,214,520,244,601,44,59,311,187,519,98,155,209,57
"2011","Cheshire East 049C","E01018515","Total",1217,118,198,602,299,655,40,35,350,230,562,78,163,252,69
"2011","Cheshire East 049D","E01018516","Total",709,78,144,365,122,373,22,36,226,89,336,56,108,139,33
"2011","Cheshire East 049F","E01033375","Total",731,68,138,370,155,379,16,9,230,124,352,52,129,140,31
"2011","Cheshire East 049G","E01033376","Total",691,37,106,429,119,372,9,13,252,98,319,28,93,177,21
"2011","Cheshire East 049H","E01033378","Total",713,90,127,339,157,392,35,32,207,118,321,55,95,132,39
"2011","Cheshire East 048A","E01018493","Total",554,68,115,323,48,294,20,29,206,39,260,48,86,117,9
"2011","Cheshire East 048B","E01018494","Total",672,71,123,381,97,363,20,34,232,77,309,51,89,149,20
"2011","Cheshire East 048C","E01018495","Total",653,69,145,366,73,351,27,37,227,60,302,42,108,139,13
"2011","Cheshire East 048D","E01018508","Total",568,52,110,313,93,295,19,32,175,69,273,33,78,138,24
"2011","Cheshire East 048E","E01018509","Total",567,49,99,336,83,279,17,22,178,62,288,32,77,158,21
"2011","Cheshire East 050A","E01018452","Total",463,59,114,239,51,233,15,25,149,44,230,44,89,90,7
"2011","Cheshire East 050C","E01018503","Total",682,73,151,337,121,349,21,29,206,93,333,52,122,131,28
"2011","Cheshire East 050D","E01018504","Total",786,78,147,443,118,416,19,41,268,88,370,59,106,175,30
"2011","Cheshire East 050E","E01033372","Total",751,55,107,468,121,388,12,20,261,95,363,43,87,207,26
"2011","Cheshire East 050F","E01033373","Total",577,53,110,321,93,314,20,32,191,71,263,33,78,130,22
"2011","Cheshire East 051A","E01018449","Total",784,112,150,366,156,426,30,37,232,127,358,82,113,134,29
"2011","Cheshire East 051B","E01018450","Total",1067,110,181,531,245,576,24,52,306,194,491,86,129,225,51
"2011","Cheshire East 051C","E01018458","Total",1067,134,224,488,221,568,37,53,303,175,499,97,171,185,46
"2011","Cheshire East 051D","E01018481","Total",994,125,183,403,283,549,30,46,247,226,445,95,137,156,57
"2011","Cheshire East 051E","E01018514","Total",999,119,188,472,220,550,29,45,289,187,449,90,143,183,33
"2011","Cheshire East 001A","E01018585","Total",700,79,141,392,88,356,20,36,239,61,344,59,105,153,27
"2011","Cheshire East 001B","E01018586","Total",858,82,166,490,120,460,21,44,300,95,398,61,122,190,25
"2011","Cheshire East 001C","E01018587","Total",760,92,145,408,115,400,30,33,254,83,360,62,112,154,32
"2011","Cheshire East 001D","E01018661","Total",608,78,118,326,86,323,24,34,195,70,285,54,84,131,16
"2011","Cheshire East 002A","E01018657","Total",507,57,128,277,45,253,15,35,170,33,254,42,93,107,12
"2011","Cheshire East 002B","E01018662","Total",628,72,139,346,71,311,19,21,213,58,317,53,118,133,13
"2011","Cheshire East 002C","E01018663","Total",686,85,157,333,111,342,23,27,204,88,344,62,130,129,23
"2011","Cheshire East 002D","E01018664","Total",717,71,175,362,109,381,24,42,229,86,336,47,133,133,23
"2011","Cheshire East 002E","E01018665","Total",570,76,99,341,54,293,26,22,197,48,277,50,77,144,6
"2011","Cheshire East 003A","E01018655","Total",704,77,154,380,93,358,21,48,217,72,346,56,106,163,21
"2011","Cheshire East 003B","E01018656","Total",676,81,132,390,73,348,30,28,230,60,328,51,104,160,13
"2011","Cheshire East 003C","E01018658","Total",680,90,162,345,83,352,21,30,232,69,328,69,132,113,14
"2011","Cheshire East 003D","E01018659","Total",575,82,133,275,85,312,20,37,189,66,263,62,96,86,19
"2011","Cheshire East 003E","E01018660","Total",493,61,102,265,65,246,14,20,158,54,247,47,82,107,11
"2011","Cheshire East 004A","E01018582","Total",959,116,154,543,146,502,45,37,313,107,457,71,117,230,39
"2011","Cheshire East 004B","E01018592","Total",844,90,180,470,104,424,26,52,272,74,420,64,128,198,30
"2011","Cheshire East 004C","E01018593","Total",810,72,153,465,120,416,21,45,263,87,394,51,108,202,33
"2011","Cheshire East 004D","E01018594","Total",788,43,166,499,80,419,17,52,289,61,369,26,114,210,19
"2011","Cheshire East 004E","E01018595","Total",760,62,152,458,88,400,28,33,268,71,360,34,119,190,17
"2011","Cheshire East 004F","E01018596","Total",921,82,178,559,102,453,22,48,309,74,468,60,130,250,28
"2011","Cheshire East 005A","E01018583","Total",1051,97,148,661,145,540,28,35,373,104,511,69,113,288,41
"2011","Cheshire East 005B","E01018584","Total",979,92,175,528,184,524,32,38,306,148,455,60,137,222,36
"2011","Cheshire East 005C","E01018612","Total",603,65,121,336,81,312,23,36,192,61,291,42,85,144,20
"2011","Cheshire East 005D","E01018613","Total",744,48,152,458,86,393,14,43,269,67,351,34,109,189,19
"2011","Cheshire East 006A","E01018600","Total",738,94,149,339,156,402,31,39,200,132,336,63,110,139,24
"2011","Cheshire East 006B","E01018601","Total",856,62,136,495,163,440,19,38,268,115,416,43,98,227,48
"2011","Cheshire East 006C","E01018602","Total",838,80,124,439,195,486,28,38,255,165,352,52,86,184,30
"2011","Cheshire East 006D","E01018652","Total",785,71,128,392,194,413,13,20,238,142,372,58,108,154,52
"2011","Cheshire East 007A","E01018598","Total",869,91,155,383,240,476,26,44,225,181,393,65,111,158,59
"2011","Cheshire East 007B","E01018599","Total",534,63,118,264,89,263,17,32,146,68,271,46,86,118,21
"2011","Cheshire East 007C","E01018648","Total",1092,125,214,499,254,601,38,66,300,197,491,87,148,199,57
"2011","Cheshire East 007D","E01018649","Total",590,76,115,281,118,324,21,33,176,94,266,55,82,105,24
"2011","Cheshire East 007E","E01018650","Total",922,62,168,523,169,469,14,45,296,114,453,48,123,227,55
"2011","Cheshire East 007F","E01018651","Total",654,78,135,317,124,320,20,27,183,90,334,58,108,134,34
"2011","Cheshire East 007G","E01018654","Total",1052,136,208,453,255,564,38,51,274,201,488,98,157,179,54
"2011","Cheshire East 008A","E01018588","Total",784,92,139,424,129,408,25,39,247,97,376,67,100,177,32
"2011","Cheshire East 008B","E01018589","Total",781,94,151,385,151,419,28,39,221,131,362,66,112,164,20
"2011","Cheshire East 008C","E01018590","Total",910,90,167,493,160,472,13,36,297,126,438,77,131,196,34
"2011","Cheshire East 008D","E01018653","Total",907,98,168,496,145,478,26,39,303,110,429,72,129,193,35
"2011","Cheshire East 009A","E01018605","Total",476,68,81,250,77,247,19,21,146,61,229,49,60,104,16
"2011","Cheshire East 009B","E01018609","Total",693,74,144,373,102,377,32,44,218,83,316,42,100,155,19
"2011","Cheshire East 009C","E01018610","Total",988,86,163,606,133,510,24,48,333,105,478,62,115,273,28
"2011","Cheshire East 009D","E01018611","Total",816,74,175,465,102,417,21,51,264,81,399,53,124,201,21
"2011","Cheshire East 011A","E01018666","Total",742,106,135,314,187,417,33,49,180,155,325,73,86,134,32
"2011","Cheshire East 011B","E01018667","Total",677,79,138,271,189,365,19,35,169,142,312,60,103,102,47
"2011","Cheshire East 011C","E01018668","Total",750,113,127,341,169,407,36,33,207,131,343,77,94,134,38
"2011","Cheshire East 010A","E01018603","Total",582,76,108,284,114,313,24,24,185,80,269,52,84,99,34
"2011","Cheshire East 010B","E01018604","Total",652,57,125,352,118,324,17,20,206,81,328,40,105,146,37
"2011","Cheshire East 010C","E01018606","Total",708,60,97,429,122,368,17,20,245,86,340,43,77,184,36
"2011","Cheshire East 010D","E01018607","Total",613,90,115,300,108,342,26,24,203,89,271,64,91,97,19
"2011","Cheshire East 010E","E01018608","Total",644,87,110,320,127,353,25,23,209,96,291,62,87,111,31
"2011","Cheshire East 012A","E01018572","Total",778,111,116,384,167,413,34,38,212,129,365,77,78,172,38
"2011","Cheshire East 012B","E01018573","Total",749,69,140,374,166,410,24,38,222,126,339,45,102,152,40
"2011","Cheshire East 012C","E01018574","Total",1005,85,151,571,198,521,22,44,297,158,484,63,107,274,40
"2011","Cheshire East 012D","E01018580","Total",720,92,118,346,164,408,26,34,221,127,312,66,84,125,37
"2011","Cheshire East 012E","E01018581","Total",543,71,107,277,88,286,10,34,172,70,257,61,73,105,18
"2011","Cheshire East 013A","E01018575","Total",607,62,115,345,85,318,13,32,204,69,289,49,83,141,16
"2011","Cheshire East 013B","E01018576","Total",1048,91,131,682,144,528,29,30,365,104,520,62,101,317,40
"2011","Cheshire East 013C","E01018577","Total",1245,116,239,738,152,649,31,62,434,122,596,85,177,304,30
"2011","Cheshire East 013D","E01018578","Total",645,70,138,351,86,333,17,39,214,63,312,53,99,137,23
"2011","Cheshire East 013E","E01018579","Total",487,28,111,291,57,247,7,30,166,44,240,21,81,125,13
"2011","Cheshire East 014A","E01018641","Total",639,85,123,365,66,324,21,19,233,51,315,64,104,132,15
"2011","Cheshire East 014B","E01018642","Total",723,94,140,377,112,355,24,23,223,85,368,70,117,154,27
"2011","Cheshire East 014C","E01018643","Total",979,122,192,494,171,506,29,43,297,137,473,93,149,197,34
"2011","Cheshire East 014D","E01018644","Total",655,57,105,406,87,362,16,28,250,68,293,41,77,156,19
"2011","Cheshire East 015A","E01018614","Total",1018,81,178,606,153,523,27,37,346,113,495,54,141,260,40
"2011","Cheshire East 015B","E01018618","Total",673,67,128,411,67,332,13,32,239,48,341,54,96,172,19
"2011","Cheshire East 015C","E01018619","Total",761,70,163,436,92,382,17,35,262,68,379,53,128,174,24
"2011","Cheshire East 015D","E01018620","Total",634,68,141,346,79,325,19,33,217,56,309,49,108,129,23
"2011","Cheshire East 015E","E01018621","Total",724,71,138,436,79,368,20,28,261,59,356,51,110,175,20
"2011","Cheshire East 016A","E01018626","Total",1182,94,210,737,141,609,38,48,421,102,573,56,162,316,39
"2011","Cheshire East 016B","E01018628","Total",808,103,148,460,97,412,35,33,271,73,396,68,115,189,24
"2011","Cheshire East 016C","E01018629","Total",875,68,169,543,95,446,23,40,312,71,429,45,129,231,24
"2011","Cheshire East 016D","E01018630","Total",671,66,124,418,63,342,20,32,243,47,329,46,92,175,16
"2011","Cheshire East 016E","E01018631","Total",622,58,136,393,35,338,26,33,251,28,284,32,103,142,7
"2011","Cheshire East 017A","E01018615","Total",693,51,118,444,80,363,14,30,261,58,330,37,88,183,22
"2011","Cheshire East 017B","E01018616","Total",651,65,116,382,88,348,18,32,227,71,303,47,84,155,17
"2011","Cheshire East 017C","E01018617","Total",707,73,135,433,66,366,23,37,250,56,341,50,98,183,10
"2011","Cheshire East 017D","E01018632","Total",867,84,196,474,113,439,39,49,279,72,428,45,147,195,41
"2011","Cheshire East 017E","E01018633","Total",718,72,156,409,81,370,29,41,245,55,348,43,115,164,26
"2011","Cheshire East 018A","E01018622","Total",731,45,106,495,85,390,15,34,276,65,341,30,72,219,20
"2011","Cheshire East 018B","E01018623","Total",832,43,139,558,92,439,8,29,339,63,393,35,110,219,29
"2011","Cheshire East 018C","E01018624","Total",1174,78,167,798,131,648,29,61,463,95,526,49,106,335,36
"2011","Cheshire East 018D","E01018625","Total",812,46,121,567,78,411,17,26,313,55,401,29,95,254,23
"2011","Cheshire East 018E","E01018627","Total",943,63,154,627,99,497,20,45,360,72,446,43,109,267,27
"2011","Cheshire East 018F","E01018635","Total",663,48,99,441,75,350,11,23,262,54,313,37,76,179,21
"2011","Cheshire East 018G","E01018636","Total",750,70,136,461,83,393,20,32,279,62,357,50,104,182,21
"2011","Cheshire East 019A","E01018634","Total",1002,96,218,588,100,511,29,54,347,81,491,67,164,241,19
"2011","Cheshire East 019B","E01018645","Total",723,63,154,453,53,383,21,34,280,48,340,42,120,173,5
"2011","Cheshire East 019C","E01018646","Total",815,69,193,462,91,405,21,49,261,74,410,48,144,201,17
"2011","Cheshire East 019D","E01018647","Total",740,90,165,411,74,384,28,33,267,56,356,62,132,144,18
"2011","Cheshire East 020A","E01018591","Total",1119,129,207,557,226,590,38,40,335,177,529,91,167,222,49
"2011","Cheshire East 020B","E01018597","Total",1165,125,212,560,268,632,35,45,339,213,533,90,167,221,55
"2011","Cheshire East 020C","E01018669","Total",1382,173,245,705,259,714,50,52,410,202,668,123,193,295,57
"2011","Cheshire East 020D","E01018670","Total",1128,130,221,584,193,584,40,58,350,136,544,90,163,234,57
"2011","Cheshire East 021A","E01018637","Total",825,73,204,472,76,397,21,37,279,60,428,52,167,193,16
"2011","Cheshire East 021B","E01018638","Total",689,60,178,379,72,334,19,34,218,63,355,41,144,161,9
"2011","Cheshire East 021C","E01018639","Total",809,68,140,516,85,403,30,29,289,55,406,38,111,227,30
"2011","Cheshire East 021D","E01018640","Total",556,48,125,330,53,291,13,32,202,44,265,35,93,128,9
"2011","Cheshire West and Chester 022A","E01018308","Total",897,90,173,438,196,502,34,49,259,160,395,56,124,179,36
"2011","Cheshire West and Chester 022B","E01018336","Total",660,54,128,407,71,333,20,26,232,55,327,34,102,175,16
"2011","Cheshire West and Chester 022C","E01018337","Total",709,40,157,403,109,368,15,35,238,80,341,25,122,165,29
"2011","Cheshire West and Chester 022D","E01018338","Total",959,73,152,610,124,486,19,27,347,93,473,54,125,263,31
"2011","Cheshire West and Chester 022E","E01018358","Total",601,62,99,315,125,311,20,24,171,96,290,42,75,144,29
"2011","Cheshire West and Chester 022F","E01018359","Total",553,59,106,301,87,294,16,22,189,67,259,43,84,112,20
"2011","Cheshire West and Chester 025A","E01018360","Total",964,102,173,452,237,536,28,36,272,200,428,74,137,180,37
"2011","Cheshire West and Chester 025B","E01018366","Total",769,88,185,395,101,400,25,43,248,84,369,63,142,147,17
"2011","Cheshire West and Chester 025C","E01018367","Total",950,103,198,481,168,499,39,53,272,135,451,64,145,209,33
"2011","Cheshire West and Chester 027A","E01018364","Total",649,62,168,364,55,328,19,34,232,43,321,43,134,132,12
"2011","Cheshire West and Chester 027B","E01018365","Total",874,87,172,518,97,445,28,38,308,71,429,59,134,210,26
"2011","Cheshire West and Chester 027C","E01018378","Total",539,45,136,313,45,271,15,31,192,33,268,30,105,121,12
"2011","Cheshire West and Chester 027D","E01018379","Total",573,64,117,332,60,285,15,19,210,41,288,49,98,122,19
"2011","Cheshire West and Chester 027E","E01018380","Total",486,60,103,280,43,267,19,27,187,34,219,41,76,93,9
"2011","Cheshire West and Chester 028A","E01018362","Total",796,68,152,494,82,403,17,28,296,62,393,51,124,198,20
"2011","Cheshire West and Chester 028B","E01018363","Total",452,44,96,264,48,238,13,21,167,37,214,31,75,97,11
"2011","Cheshire West and Chester 028C","E01018374","Total",968,102,183,573,110,495,33,54,321,87,473,69,129,252,23
"2011","Cheshire West and Chester 028D","E01018375","Total",1018,96,151,638,133,548,27,53,372,96,470,69,98,266,37
"2011","Cheshire West and Chester 028E","E01018376","Total",726,78,159,384,105,366,17,29,234,86,360,61,130,150,19
"2011","Cheshire West and Chester 028F","E01018377","Total",796,74,152,461,109,418,19,22,297,80,378,55,130,164,29
"2011","Cheshire West and Chester 029A","E01018309","Total",761,69,186,444,62,380,22,39,266,53,381,47,147,178,9
"2011","Cheshire West and Chester 029B","E01018310","Total",644,54,197,344,49,303,12,45,209,37,341,42,152,135,12
"2011","Cheshire West and Chester 029C","E01018311","Total",559,50,153,321,35,277,18,35,198,26,282,32,118,123,9
"2011","Cheshire West and Chester 029D","E01018312","Total",682,52,195,392,43,356,15,49,255,37,326,37,146,137,6
"2011","Cheshire West and Chester 031A","E01018313","Total",664,73,159,388,44,332,17,33,245,37,332,56,126,143,7
"2011","Cheshire West and Chester 031B","E01018314","Total",712,55,189,422,46,352,14,54,245,39,360,41,135,177,7
"2011","Cheshire West and Chester 031C","E01018315","Total",535,50,115,321,49,283,10,26,210,37,252,40,89,111,12
"2011","Cheshire West and Chester 031D","E01018316","Total",586,53,154,345,34,294,20,36,208,30,292,33,118,137,4
"2011","Cheshire West and Chester 031E","E01018317","Total",581,53,173,318,37,284,13,54,187,30,297,40,119,131,7
"2011","Cheshire West and Chester 030A","E01018349","Total",797,104,156,414,123,429,29,35,254,111,368,75,121,160,12
"2011","Cheshire West and Chester 030B","E01018350","Total",879,102,165,457,155,469,35,27,287,120,410,67,138,170,35
"2011","Cheshire West and Chester 030C","E01018368","Total",647,76,127,350,94,335,21,27,211,76,312,55,100,139,18
"2011","Cheshire West and Chester 030D","E01018370","Total",618,69,146,305,98,331,24,36,196,75,287,45,110,109,23
"2011","Cheshire West and Chester 032A","E01018345","Total",677,70,132,402,73,341,20,36,234,51,336,50,96,168,22
"2011","Cheshire West and Chester 032B","E01018346","Total",692,62,145,392,93,351,20,28,238,65,341,42,117,154,28
"2011","Cheshire West and Chester 032C","E01018347","Total",643,60,128,401,54,335,19,39,235,42,308,41,89,166,12
"2011","Cheshire West and Chester 032D","E01018383","Total",754,66,171,452,65,384,17,31,286,50,370,49,140,166,15
"2011","Cheshire West and Chester 032E","E01018384","Total",692,77,148,378,89,364,23,31,236,74,328,54,117,142,15
"2011","Cheshire West and Chester 033B","E01018327","Total",1070,89,204,673,104,554,28,70,371,85,516,61,134,302,19
"2011","Cheshire West and Chester 033C","E01018343","Total",927,63,139,608,117,481,17,37,358,69,446,46,102,250,48
"2011","Cheshire West and Chester 033D","E01018361","Total",794,72,139,469,114,415,29,32,277,77,379,43,107,192,37
"2011","Cheshire West and Chester 033E","E01032930","Total",1041,68,110,704,159,635,27,44,434,130,406,41,66,270,29
"2011","Cheshire West and Chester 033F","E01032931","Total",730,52,92,481,105,417,21,34,285,77,313,31,58,196,28
"2011","Cheshire West and Chester 034A","E01018326","Total",1099,107,162,596,234,639,48,55,359,177,460,59,107,237,57
"2011","Cheshire West and Chester 034B","E01018328","Total",755,273,172,257,53,348,87,73,143,45,407,186,99,114,8
"2011","Cheshire West and Chester 034C","E01018329","Total",1103,220,175,589,119,567,79,67,337,84,536,141,108,252,35
"2011","Cheshire West and Chester 034D","E01018330","Total",636,141,149,304,42,298,52,47,168,31,338,89,102,136,11
"2011","Cheshire West and Chester 034E","E01018331","Total",968,189,165,520,94,474,45,56,305,68,494,144,109,215,26
"2011","Cheshire West and Chester 036A","E01018319","Total",1152,97,209,699,147,577,39,55,381,102,575,58,154,318,45
"2011","Cheshire West and Chester 036B","E01018344","Total",1260,80,178,842,160,646,24,40,474,108,614,56,138,368,52
"2011","Cheshire West and Chester 036C","E01018381","Total",657,72,134,380,71,323,14,36,222,51,334,58,98,158,20
"2011","Cheshire West and Chester 036D","E01018382","Total",695,53,144,417,81,358,26,38,235,59,337,27,106,182,22
"2011","Cheshire West and Chester 039A","E01018323","Total",670,93,129,356,92,344,31,29,207,77,326,62,100,149,15
"2011","Cheshire West and Chester 039B","E01018324","Total",623,90,128,300,105,313,21,31,180,81,310,69,97,120,24
"2011","Cheshire West and Chester 039C","E01018325","Total",713,101,138,392,82,362,31,35,236,60,351,70,103,156,22
"2011","Cheshire West and Chester 039D","E01018385","Total",889,103,188,481,117,483,30,49,310,94,406,73,139,171,23
"2011","Cheshire West and Chester 041A","E01018320","Total",671,64,131,401,75,347,19,28,245,55,324,45,103,156,20
"2011","Cheshire West and Chester 041B","E01018321","Total",638,58,122,360,98,336,21,27,224,64,302,37,95,136,34
"2011","Cheshire West and Chester 041C","E01018322","Total",545,72,116,295,62,297,27,25,192,53,248,45,91,103,9
"2011","Cheshire West and Chester 041D","E01018348","Total",1180,105,220,690,165,605,28,43,415,119,575,77,177,275,46
"2011","Cheshire West and Chester 043A","E01018332","Total",503,48,91,276,88,266,12,18,165,71,237,36,73,111,17
"2011","Cheshire West and Chester 043B","E01018333","Total",640,85,114,316,125,342,29,41,179,93,298,56,73,137,32
"2011","Cheshire West and Chester 043C","E01018334","Total",637,74,127,359,77,329,23,35,207,64,308,51,92,152,13
"2011","Cheshire West and Chester 043D","E01018340","Total",680,58,157,391,74,347,15,42,233,57,333,43,115,158,17
"2011","Cheshire West and Chester 043E","E01018341","Total",485,47,96,270,72,255,18,22,163,52,230,29,74,107,20
"2011","Cheshire West and Chester 043F","E01018342","Total",903,69,127,572,135,448,20,34,305,89,455,49,93,267,46
"2011","Cheshire West and Chester 044A","E01018351","Total",547,59,142,293,53,283,14,32,192,45,264,45,110,101,8
"2011","Cheshire West and Chester 044B","E01018352","Total",1069,68,215,670,116,538,12,39,398,89,531,56,176,272,27
"2011","Cheshire West and Chester 044C","E01018353","Total",793,78,156,471,88,412,15,37,298,62,381,63,119,173,26
"2011","Cheshire West and Chester 044D","E01018354","Total",698,57,164,405,72,351,17,44,238,52,347,40,120,167,20
"2011","Cheshire West and Chester 046A","E01018335","Total",1063,136,196,503,228,563,51,50,284,178,500,85,146,219,50
"2011","Cheshire West and Chester 046B","E01018369","Total",813,97,169,371,176,429,22,40,229,138,384,75,129,142,38
"2011","Cheshire West and Chester 046C","E01018371","Total",873,88,182,444,159,451,16,35,264,136,422,72,147,180,23
"2011","Cheshire West and Chester 046D","E01018372","Total",1006,125,206,464,211,530,38,49,273,170,476,87,157,191,41
"2011","Cheshire West and Chester 047A","E01018339","Total",939,85,192,478,184,483,24,44,275,140,456,61,148,203,44
"2011","Cheshire West and Chester 047B","E01018355","Total",531,50,116,263,102,270,8,27,158,77,261,42,89,105,25
"2011","Cheshire West and Chester 047C","E01018356","Total",821,94,155,385,187,440,22,28,235,155,381,72,127,150,32
"2011","Cheshire West and Chester 047D","E01018357","Total",648,76,138,291,143,357,27,27,187,116,291,49,111,104,27
"2011","Cheshire West and Chester 047E","E01018373","Total",1016,125,180,459,252,540,44,36,274,186,476,81,144,185,66
"2011","Cheshire West and Chester 001A","E01018534","Total",1130,97,265,653,115,589,25,74,403,87,541,72,191,250,28
"2011","Cheshire West and Chester 001B","E01018535","Total",616,65,141,325,85,323,21,40,194,68,293,44,101,131,17
"2011","Cheshire West and Chester 001C","E01018536","Total",794,102,150,444,98,396,41,38,244,73,398,61,112,200,25
"2011","Cheshire West and Chester 001D","E01018537","Total",795,92,167,413,123,429,25,47,258,99,366,67,120,155,24
"2011","Cheshire West and Chester 004A","E01018518","Total",698,87,135,342,134,377,19,45,213,100,321,68,90,129,34
"2011","Cheshire West and Chester 004B","E01018569","Total",571,77,110,284,100,297,26,28,167,76,274,51,82,117,24
"2011","Cheshire West and Chester 004C","E01018570","Total",577,64,99,309,105,295,22,19,178,76,282,42,80,131,29
"2011","Cheshire West and Chester 004D","E01018571","Total",601,57,129,328,87,303,13,24,202,64,298,44,105,126,23
"2011","Cheshire West and Chester 005A","E01018546","Total",658,47,158,401,52,330,14,36,236,44,328,33,122,165,8
"2011","Cheshire West and Chester 005B","E01018547","Total",662,61,146,385,70,327,16,28,229,54,335,45,118,156,16
"2011","Cheshire West and Chester 005C","E01018548","Total",712,69,124,442,77,377,18,25,276,58,335,51,99,166,19
"2011","Cheshire West and Chester 005D","E01018549","Total",648,50,140,388,70,346,16,30,241,59,302,34,110,147,11
"2011","Cheshire West and Chester 006A","E01018532","Total",812,78,196,452,86,407,16,35,285,71,405,62,161,167,15
"2011","Cheshire West and Chester 006B","E01018533","Total",697,82,163,376,76,359,27,38,237,57,338,55,125,139,19
"2011","Cheshire West and Chester 006C","E01018544","Total",727,64,149,433,81,368,20,27,261,60,359,44,122,172,21
"2011","Cheshire West and Chester 006D","E01018545","Total",969,98,208,554,109,496,30,41,347,78,473,68,167,207,31
"2011","Cheshire West and Chester 007A","E01018519","Total",728,60,165,449,54,366,17,40,264,45,362,43,125,185,9
"2011","Cheshire West and Chester 007B","E01018520","Total",530,33,114,342,41,271,11,22,202,36,259,22,92,140,5
"2011","Cheshire West and Chester 007C","E01018525","Total",550,48,158,306,38,255,12,39,174,30,295,36,119,132,8
"2011","Cheshire West and Chester 007D","E01018563","Total",894,62,196,545,91,474,24,55,322,73,420,38,141,223,18
"2011","Cheshire West and Chester 007E","E01018564","Total",1075,89,222,681,83,552,31,61,400,60,523,58,161,281,23
"2011","Cheshire West and Chester 008A","E01018523","Total",563,41,147,333,42,283,13,26,209,35,280,28,121,124,7
"2011","Cheshire West and Chester 008B","E01018524","Total",506,49,146,271,40,244,13,29,168,34,262,36,117,103,6
"2011","Cheshire West and Chester 008C","E01018541","Total",675,54,150,419,52,347,18,41,249,39,328,36,109,170,13
"2011","Cheshire West and Chester 008D","E01018542","Total",503,42,157,268,36,231,16,41,143,31,272,26,116,125,5
"2011","Cheshire West and Chester 008E","E01018543","Total",605,52,139,370,44,304,11,27,236,30,301,41,112,134,14
"2011","Cheshire West and Chester 009A","E01018528","Total",656,75,123,395,63,337,16,34,238,49,319,59,89,157,14
"2011","Cheshire West and Chester 009B","E01018529","Total",750,77,144,472,57,393,17,33,296,47,357,60,111,176,10
"2011","Cheshire West and Chester 009C","E01018530","Total",864,71,164,502,127,463,21,32,305,105,401,50,132,197,22
"2011","Cheshire West and Chester 009D","E01018531","Total",823,78,160,524,61,428,28,36,315,49,395,50,124,209,12
"2011","Cheshire West and Chester 009E","E01018560","Total",672,52,147,399,74,351,14,33,243,61,321,38,114,156,13
"2011","Cheshire West and Chester 009F","E01018561","Total",700,75,137,413,75,370,20,33,257,60,330,55,104,156,15
"2011","Cheshire West and Chester 009G","E01018562","Total",848,83,161,509,95,440,25,19,316,80,408,58,142,193,15
"2011","Cheshire West and Chester 010A","E01018522","Total",588,56,143,345,44,285,15,31,199,40,303,41,112,146,4
"2011","Cheshire West and Chester 010B","E01018538","Total",492,54,135,261,42,249,23,28,162,36,243,31,107,99,6
"2011","Cheshire West and Chester 010C","E01018539","Total",482,40,115,297,30,230,6,25,178,21,252,34,90,119,9
"2011","Cheshire West and Chester 010D","E01018540","Total",727,61,167,441,58,390,22,33,287,48,337,39,134,154,10
"2011","Cheshire West and Chester 011A","E01018521","Total",484,42,120,273,49,236,13,30,157,36,248,29,90,116,13
"2011","Cheshire West and Chester 011B","E01018550","Total",462,40,119,259,44,233,10,20,168,35,229,30,99,91,9
"2011","Cheshire West and Chester 011C","E01018551","Total",667,52,177,373,65,357,18,50,235,54,310,34,127,138,11
"2011","Cheshire West and Chester 011D","E01018552","Total",692,59,161,414,58,351,22,28,259,42,341,37,133,155,16
"2011","Cheshire West and Chester 011E","E01018553","Total",613,50,125,371,67,314,15,28,224,47,299,35,97,147,20
"2011","Cheshire West and Chester 013A","E01018556","Total",635,53,145,385,52,304,11,29,222,42,331,42,116,163,10
"2011","Cheshire West and Chester 013B","E01018557","Total",627,58,157,376,36,317,18,35,235,29,310,40,122,141,7
"2011","Cheshire West and Chester 013C","E01018558","Total",777,58,167,500,52,390,16,22,309,43,387,42,145,191,9
"2011","Cheshire West and Chester 013D","E01018559","Total",626,62,131,389,44,309,19,21,237,32,317,43,110,152,12
"2011","Cheshire West and Chester 014A","E01018565","Total",760,85,157,445,73,390,24,27,282,57,370,61,130,163,16
"2011","Cheshire West and Chester 014B","E01018566","Total",598,56,136,358,48,302,13,41,205,43,296,43,95,153,5
"2011","Cheshire West and Chester 014C","E01018567","Total",751,78,169,440,64,388,18,37,280,53,363,60,132,160,11
"2011","Cheshire West and Chester 014D","E01018568","Total",941,69,168,591,113,479,25,28,336,90,462,44,140,255,23
"2011","Cheshire West and Chester 016A","E01018526","Total",835,87,171,513,64,420,31,26,317,46,415,56,145,196,18
"2011","Cheshire West and Chester 016B","E01018527","Total",917,86,187,557,87,483,28,35,354,66,434,58,152,203,21
"2011","Cheshire West and Chester 016C","E01018554","Total",1271,111,263,781,116,662,35,56,474,97,609,76,207,307,19
"2011","Cheshire West and Chester 016D","E01018555","Total",683,57,139,428,59,365,15,25,278,47,318,42,114,150,12
"2011","Cheshire West and Chester 002A","E01018685","Total",489,51,110,288,40,240,12,24,177,27,249,39,86,111,13
"2011","Cheshire West and Chester 002B","E01018686","Total",747,55,127,465,100,369,10,24,263,72,378,45,103,202,28
"2011","Cheshire West and Chester 002C","E01018687","Total",596,74,125,316,81,295,19,24,192,60,301,55,101,124,21
"2011","Cheshire West and Chester 002D","E01018688","Total",733,88,132,400,113,364,25,32,232,75,369,63,100,168,38
"2011","Cheshire West and Chester 002E","E01018689","Total",609,39,116,384,70,333,16,23,241,53,276,23,93,143,17
"2011","Cheshire West and Chester 002F","E01018690","Total",1026,132,190,534,170,546,43,39,337,127,480,89,151,197,43
"2011","Cheshire West and Chester 003A","E01018675","Total",1057,100,217,580,160,544,37,46,339,122,513,63,171,241,38
"2011","Cheshire West and Chester 003B","E01018708","Total",1039,103,179,513,244,592,37,53,313,189,447,66,126,200,55
"2011","Cheshire West and Chester 003C","E01018721","Total",1165,113,211,590,251,619,32,51,347,189,546,81,160,243,62
"2011","Cheshire West and Chester 012A","E01018671","Total",658,57,117,419,65,346,13,23,261,49,312,44,94,158,16
"2011","Cheshire West and Chester 012B","E01018672","Total",706,65,158,401,82,374,20,27,260,67,332,45,131,141,15
"2011","Cheshire West and Chester 012C","E01018673","Total",606,52,115,370,69,313,17,27,219,50,293,35,88,151,19
"2011","Cheshire West and Chester 012D","E01018674","Total",814,72,169,478,95,418,21,33,288,76,396,51,136,190,19
"2011","Cheshire West and Chester 015A","E01018684","Total",1130,114,196,569,251,611,44,34,336,197,519,70,162,233,54
"2011","Cheshire West and Chester 015B","E01018695","Total",930,67,167,600,96,473,24,29,349,71,457,43,138,251,25
"2011","Cheshire West and Chester 015C","E01018696","Total",693,76,141,388,88,371,15,37,255,64,322,61,104,133,24
"2011","Cheshire West and Chester 015D","E01018697","Total",872,86,152,511,123,437,27,28,291,91,435,59,124,220,32
"2011","Cheshire West and Chester 015E","E01018698","Total",964,122,147,506,189,516,43,34,303,136,448,79,113,203,53
"2011","Cheshire West and Chester 017A","E01018704","Total",553,46,123,315,69,286,13,29,202,42,267,33,94,113,27
"2011","Cheshire West and Chester 017B","E01018705","Total",834,64,170,499,101,443,14,38,308,83,391,50,132,191,18
"2011","Cheshire West and Chester 017C","E01018706","Total",682,64,127,421,70,369,16,30,268,55,313,48,97,153,15
"2011","Cheshire West and Chester 017D","E01018718","Total",911,83,180,543,105,478,21,36,331,90,433,62,144,212,15
"2011","Cheshire West and Chester 017E","E01018722","Total",1109,126,200,491,292,593,28,43,294,228,516,98,157,197,64
"2011","Cheshire West and Chester 018A","E01018713","Total",1463,139,284,899,141,745,47,73,513,112,718,92,211,386,29
"2011","Cheshire West and Chester 018B","E01018714","Total",809,63,137,495,114,457,24,43,299,91,352,39,94,196,23
"2011","Cheshire West and Chester 018C","E01018715","Total",894,65,159,580,90,468,14,38,356,60,426,51,121,224,30
"2011","Cheshire West and Chester 019A","E01018726","Total",647,66,161,359,61,354,19,46,235,54,293,47,115,124,7
"2011","Cheshire West and Chester 019B","E01018727","Total",776,84,144,431,117,387,19,35,246,87,389,65,109,185,30
"2011","Cheshire West and Chester 019C","E01018728","Total",755,72,175,443,65,373,16,28,279,50,382,56,147,164,15
"2011","Cheshire West and Chester 019D","E01018729","Total",696,66,166,403,61,345,14,35,246,50,351,52,131,157,11
"2011","Cheshire West and Chester 020A","E01018709","Total",823,74,145,519,85,433,18,28,317,70,390,56,117,202,15
"2011","Cheshire West and Chester 020B","E01018710","Total",672,59,156,384,73,326,24,32,212,58,346,35,124,172,15
"2011","Cheshire West and Chester 020C","E01018711","Total",862,64,162,528,108,456,20,47,306,83,406,44,115,222,25
"2011","Cheshire West and Chester 020D","E01018712","Total",812,74,139,523,76,436,25,33,318,60,376,49,106,205,16
"2011","Cheshire West and Chester 021A","E01018699","Total",825,89,145,485,106,424,26,24,284,90,401,63,121,201,16
"2011","Cheshire West and Chester 021B","E01018701","Total",609,65,140,358,46,320,13,28,238,41,289,52,112,120,5
"2011","Cheshire West and Chester 021C","E01018716","Total",625,70,113,375,67,342,23,30,239,50,283,47,83,136,17
"2011","Cheshire West and Chester 021D","E01018717","Total",927,88,191,553,95,493,28,49,336,80,434,60,142,217,15
"2011","Cheshire West and Chester 021E","E01018719","Total",782,74,165,473,70,409,20,39,295,55,373,54,126,178,15
"2011","Cheshire West and Chester 021F","E01018720","Total",713,65,152,430,66,375,17,34,271,53,338,48,118,159,13
"2011","Cheshire West and Chester 023A","E01018691","Total",703,71,132,385,115,364,22,31,224,87,339,49,101,161,28
"2011","Cheshire West and Chester 023B","E01018693","Total",816,103,157,438,118,421,30,39,263,89,395,73,118,175,29
"2011","Cheshire West and Chester 023C","E01018694","Total",756,104,146,388,118,393,35,29,232,97,363,69,117,156,21
"2011","Cheshire West and Chester 023D","E01018700","Total",1135,110,201,640,184,603,25,29,401,148,532,85,172,239,36
"2011","Cheshire West and Chester 023E","E01018702","Total",703,54,145,410,94,350,12,24,233,81,353,42,121,177,13
"2011","Cheshire West and Chester 023F","E01018703","Total",1073,84,160,686,143,564,22,28,404,110,509,62,132,282,33
"2011","Cheshire West and Chester 024A","E01018676","Total",648,65,141,337,105,347,16,39,212,80,301,49,102,125,25
"2011","Cheshire West and Chester 024B","E01018677","Total",683,86,119,350,128,347,28,26,197,96,336,58,93,153,32
"2011","Cheshire West and Chester 024C","E01018678","Total",556,87,101,274,94,298,30,22,174,72,258,57,79,100,22
"2011","Cheshire West and Chester 024D","E01018679","Total",814,72,154,499,89,409,22,35,288,64,405,50,119,211,25
"2011","Cheshire West and Chester 024E","E01018692","Total",982,96,173,504,209,553,36,40,313,164,429,60,133,191,45
"2011","Cheshire West and Chester 026A","E01018680","Total",889,92,163,461,173,472,25,33,274,140,417,67,130,187,33
"2011","Cheshire West and Chester 026B","E01018681","Total",714,61,152,426,75,373,11,34,267,61,341,50,118,159,14
"2011","Cheshire West and Chester 026C","E01018682","Total",512,49,110,298,55,255,11,14,187,43,257,38,96,111,12
"2011","Cheshire West and Chester 026D","E01018683","Total",742,94,127,419,102,378,14,34,255,75,364,80,93,164,27
"2011","Cheshire West and Chester 035A","E01018733","Total",693,74,156,406,57,363,22,44,251,46,330,52,112,155,11
"2011","Cheshire West and Chester 035B","E01018734","Total",555,39,122,327,67,307,15,31,205,56,248,24,91,122,11
"2011","Cheshire West and Chester 035C","E01018748","Total",461,43,110,269,39,221,10,19,161,31,240,33,91,108,8
"2011","Cheshire West and Chester 035D","E01018749","Total",1407,118,220,891,178,734,34,45,507,148,673,84,175,384,30
"2011","Cheshire West and Chester 037A","E01018736","Total",860,85,184,499,92,434,32,37,291,74,426,53,147,208,18
"2011","Cheshire West and Chester 037B","E01018737","Total",751,60,129,461,101,400,20,24,278,78,351,40,105,183,23
"2011","Cheshire West and Chester 037C","E01018743","Total",778,77,170,443,88,397,20,34,269,74,381,57,136,174,14
"2011","Cheshire West and Chester 037D","E01018744","Total",787,82,151,458,96,404,25,37,269,73,383,57,114,189,23
"2011","Cheshire West and Chester 038A","E01018732","Total",673,60,141,402,70,349,12,33,245,59,324,48,108,157,11
"2011","Cheshire West and Chester 038B","E01018745","Total",623,52,127,396,48,327,11,27,248,41,296,41,100,148,7
"2011","Cheshire West and Chester 038C","E01018746","Total",788,69,161,483,75,412,23,28,296,65,376,46,133,187,10
"2011","Cheshire West and Chester 038D","E01018747","Total",775,50,154,478,93,402,16,31,284,71,373,34,123,194,22
"2011","Cheshire West and Chester 040A","E01018730","Total",629,64,134,375,56,331,18,35,233,45,298,46,99,142,11
"2011","Cheshire West and Chester 040B","E01018738","Total",379,42,100,206,31,202,12,27,133,30,177,30,73,73,1
"2011","Cheshire West and Chester 040C","E01018739","Total",585,55,139,332,59,270,18,27,180,45,315,37,112,152,14
"2011","Cheshire West and Chester 040D","E01018741","Total",605,40,119,393,53,327,11,33,241,42,278,29,86,152,11
"2011","Cheshire West and Chester 042A","E01018731","Total",771,60,172,461,78,374,6,25,284,59,397,54,147,177,19
"2011","Cheshire West and Chester 042B","E01018735","Total",741,56,163,458,64,361,16,32,264,49,380,40,131,194,15
"2011","Cheshire West and Chester 042C","E01018740","Total",597,55,142,337,63,302,15,28,203,56,295,40,114,134,7
"2011","Cheshire West and Chester 042D","E01018742","Total",809,63,162,481,103,427,23,33,292,79,382,40,129,189,24
"2011","Cheshire West and Chester 045A","E01018707","Total",823,106,144,404,169,442,36,34,244,128,381,70,110,160,41
"2011","Cheshire West and Chester 045B","E01018723","Total",525,65,102,265,93,282,24,25,161,72,243,41,77,104,21
"2011","Cheshire West and Chester 045C","E01018724","Total",747,92,153,381,121,394,23,33,244,94,353,69,120,137,27
"2011","Cheshire West and Chester 045D","E01018725","Total",657,69,141,301,146,341,14,37,178,112,316,55,104,123,34
"2011","Halton 001A","E01012392","Total",1364,108,216,880,160,700,28,30,513,129,664,80,186,367,31
"2011","Halton 001B","E01012393","Total",1047,87,181,620,159,570,38,42,369,121,477,49,139,251,38
"2011","Halton 001C","E01012395","Total",679,73,133,407,66,348,19,27,251,51,331,54,106,156,15
"2011","Halton 001D","E01012411","Total",616,58,119,368,71,335,14,29,235,57,281,44,90,133,14
"2011","Halton 002A","E01012374","Total",1527,101,280,956,190,783,38,47,549,149,744,63,233,407,41
"2011","Halton 002B","E01012375","Total",863,87,158,482,136,451,29,27,288,107,412,58,131,194,29
"2011","Halton 002C","E01012376","Total",1558,108,258,995,197,824,36,52,590,146,734,72,206,405,51
"2011","Halton 002D","E01012421","Total",761,57,125,484,95,409,23,32,279,75,352,34,93,205,20
"2011","Halton 002E","E01012423","Total",758,44,149,493,72,401,16,41,284,60,357,28,108,209,12
"2011","Halton 003A","E01012368","Total",850,64,179,525,82,435,12,32,326,65,415,52,147,199,17
"2011","Halton 003B","E01012410","Total",718,45,137,462,74,378,13,29,280,56,340,32,108,182,18
"2011","Halton 003C","E01012412","Total",638,36,136,424,42,326,9,26,255,36,312,27,110,169,6
"2011","Halton 003D","E01012413","Total",590,43,128,378,41,298,10,26,228,34,292,33,102,150,7
"2011","Halton 003E","E01012414","Total",641,53,128,403,57,336,18,21,255,42,305,35,107,148,15
"2011","Halton 004A","E01012377","Total",798,65,173,489,71,437,21,40,314,62,361,44,133,175,9
"2011","Halton 004B","E01012390","Total",631,47,142,390,52,326,18,26,241,41,305,29,116,149,11
"2011","Halton 004C","E01012419","Total",487,43,116,298,30,240,14,26,173,27,247,29,90,125,3
"2011","Halton 004D","E01012420","Total",533,51,148,303,31,246,10,35,175,26,287,41,113,128,5
"2011","Halton 004E","E01012422","Total",552,40,150,310,52,260,6,27,185,42,292,34,123,125,10
"2011","Halton 005A","E01012369","Total",674,64,142,400,68,353,16,37,243,57,321,48,105,157,11
"2011","Halton 005B","E01012394","Total",635,68,114,388,65,318,23,24,222,49,317,45,90,166,16
"2011","Halton 005C","E01012425","Total",686,52,170,402,62,366,20,36,260,50,320,32,134,142,12
"2011","Halton 005D","E01012426","Total",686,65,127,397,97,356,16,33,231,76,330,49,94,166,21
"2011","Halton 005E","E01012427","Total",859,59,198,524,78,424,15,38,311,60,435,44,160,213,18
"2011","Halton 006A","E01012378","Total",716,61,155,439,61,373,22,23,275,53,343,39,132,164,8
"2011","Halton 006B","E01012379","Total",744,64,155,470,55,377,21,28,284,44,367,43,127,186,11
"2011","Halton 006C","E01012380","Total",543,33,159,307,44,269,13,28,189,39,274,20,131,118,5
"2011","Halton 006D","E01012388","Total",757,61,198,437,61,388,20,45,274,49,369,41,153,163,12
"2011","Halton 006E","E01012442","Total",595,54,156,336,49,303,16,30,214,43,292,38,126,122,6
"2011","Halton 007A","E01012367","Total",630,54,136,393,47,346,16,34,257,39,284,38,102,136,8
"2011","Halton 007B","E01012370","Total",847,70,184,524,69,437,20,38,325,54,410,50,146,199,15
"2011","Halton 007C","E01012424","Total",640,55,163,381,41,336,19,42,239,36,304,36,121,142,5
"2011","Halton 007D","E01012441","Total",910,69,190,557,94,490,19,49,350,72,420,50,141,207,22
"2011","Halton 008A","E01012389","Total",827,71,161,515,80,417,30,28,297,62,410,41,133,218,18
"2011","Halton 008B","E01012391","Total",1013,69,194,635,115,537,14,40,392,91,476,55,154,243,24
"2011","Halton 008C","E01012401","Total",889,94,199,500,96,450,26,53,298,73,439,68,146,202,23
"2011","Halton 008D","E01012443","Total",829,74,174,500,81,437,22,40,308,67,392,52,134,192,14
"2011","Halton 009A","E01012385","Total",816,60,145,452,159,424,13,30,265,116,392,47,115,187,43
"2011","Halton 009B","E01012386","Total",1183,82,163,743,195,613,23,28,416,146,570,59,135,327,49
"2011","Halton 009C","E01012387","Total",531,51,103,301,76,283,21,22,184,56,248,30,81,117,20
"2011","Halton 009D","E01012434","Total",861,69,136,551,105,445,25,25,313,82,416,44,111,238,23
"2011","Halton 009E","E01012435","Total",1174,83,185,740,166,612,30,41,408,133,562,53,144,332,33
"2011","Halton 010A","E01012381","Total",454,20,96,289,49,265,6,31,183,45,189,14,65,106,4
"2011","Halton 010B","E01012382","Total",502,37,118,300,47,269,13,28,190,38,233,24,90,110,9
"2011","Halton 010C","E01012384","Total",656,56,121,407,72,349,20,28,246,55,307,36,93,161,17
"2011","Halton 010D","E01012444","Total",336,26,71,220,19,186,7,15,146,18,150,19,56,74,1
"2011","Halton 010E","E01012445","Total",451,33,99,291,28,239,10,19,186,24,212,23,80,105,4
"2011","Halton 011A","E01012398","Total",578,51,110,374,43,304,12,30,222,40,274,39,80,152,3
"2011","Halton 011B","E01012400","Total",629,30,114,428,57,316,11,16,239,50,313,19,98,189,7
"2011","Halton 011C","E01012402","Total",633,55,134,385,59,324,24,16,231,53,309,31,118,154,6
"2011","Halton 011D","E01012404","Total",673,49,108,449,67,357,18,28,261,50,316,31,80,188,17
"2011","Halton 011E","E01012405","Total",967,63,207,606,91,486,20,43,347,76,481,43,164,259,15
"2011","Halton 012A","E01012416","Total",826,61,166,507,92,421,21,36,297,67,405,40,130,210,25
"2011","Halton 012B","E01012417","Total",620,39,129,402,50,316,7,31,241,37,304,32,98,161,13
"2011","Halton 012C","E01012428","Total",1192,69,223,777,123,627,26,48,449,104,565,43,175,328,19
"2011","Halton 012D","E01012429","Total",589,45,124,366,54,291,13,20,210,48,298,32,104,156,6
"2011","Halton 012E","E01012430","Total",750,42,147,498,63,413,13,43,307,50,337,29,104,191,13
"2011","Halton 012F","E01012431","Total",1120,74,200,739,107,614,31,54,452,77,506,43,146,287,30
"2011","Halton 013A","E01012383","Total",713,50,150,453,60,372,19,39,267,47,341,31,111,186,13
"2011","Halton 013B","E01012396","Total",530,42,112,340,36,273,14,24,203,32,257,28,88,137,4
"2011","Halton 013C","E01012397","Total",528,28,119,335,46,271,10,22,200,39,257,18,97,135,7
"2011","Halton 013D","E01012399","Total",568,48,127,353,40,292,19,28,216,29,276,29,99,137,11
"2011","Halton 013E","E01012403","Total",556,60,147,310,39,276,17,33,196,30,280,43,114,114,9
"2011","Halton 013F","E01012408","Total",664,65,139,398,62,341,17,38,242,44,323,48,101,156,18
"2011","Halton 014A","E01012432","Total",746,54,136,484,72,382,18,29,275,60,364,36,107,209,12
"2011","Halton 014B","E01012433","Total",634,42,134,403,55,330,7,30,250,43,304,35,104,153,12
"2011","Halton 014C","E01012436","Total",445,35,101,268,41,224,11,19,157,37,221,24,82,111,4
"2011","Halton 014D","E01012438","Total",395,34,86,250,25,194,11,18,147,18,201,23,68,103,7
"2011","Halton 014E","E01012440","Total",743,40,143,508,52,388,13,26,305,44,355,27,117,203,8
"2011","Halton 015A","E01012406","Total",654,53,150,403,48,339,17,33,242,47,315,36,117,161,1
"2011","Halton 015B","E01012407","Total",636,53,149,387,47,323,17,32,233,41,313,36,117,154,6
"2011","Halton 015C","E01012409","Total",576,53,104,362,57,287,15,18,210,44,289,38,86,152,13
"2011","Halton 015D","E01012437","Total",564,47,135,340,42,269,10,25,201,33,295,37,110,139,9
"2011","Halton 015E","E01012439","Total",619,47,135,376,61,304,15,30,210,49,315,32,105,166,12
"2011","Halton 016A","E01012371","Total",728,48,118,486,76,361,13,18,275,55,367,35,100,211,21
"2011","Halton 016B","E01012372","Total",636,60,106,412,58,335,18,18,252,47,301,42,88,160,11
"2011","Halton 016C","E01012373","Total",664,49,122,434,59,337,18,28,242,49,327,31,94,192,10
"2011","Halton 016D","E01012415","Total",742,61,129,495,57,386,11,25,301,49,356,50,104,194,8
"2011","Halton 016E","E01012418","Total",604,53,115,370,66,325,23,30,217,55,279,30,85,153,11
"2011","Warrington 001A","E01012471","Total",868,121,280,345,122,601,73,200,228,100,267,48,80,117,22
"2011","Warrington 001B","E01012472","Total",870,98,150,476,146,451,30,36,270,115,419,68,114,206,31
"2011","Warrington 001C","E01012476","Total",796,90,156,429,121,413,35,36,253,89,383,55,120,176,32
"2011","Warrington 001D","E01012477","Total",749,76,148,405,120,389,24,30,242,93,360,52,118,163,27
"2011","Warrington 002A","E01012473","Total",637,70,123,359,85,323,16,28,211,68,314,54,95,148,17
"2011","Warrington 002B","E01012474","Total",620,60,136,344,80,315,19,34,200,62,305,41,102,144,18
"2011","Warrington 002C","E01012475","Total",742,65,136,445,96,386,19,38,258,71,356,46,98,187,25
"2011","Warrington 002D","E01012554","Total",1050,93,173,629,155,537,34,31,354,118,513,59,142,275,37
"2011","Warrington 003A","E01012467","Total",551,40,105,356,50,294,17,26,213,38,257,23,79,143,12
"2011","Warrington 003B","E01012468","Total",1202,88,235,672,207,643,27,54,399,163,559,61,181,273,44
"2011","Warrington 003C","E01012469","Total",777,69,114,491,103,383,19,19,267,78,394,50,95,224,25
"2011","Warrington 003D","E01012470","Total",505,50,119,297,39,250,13,33,173,31,255,37,86,124,8
"2011","Warrington 004A","E01012460","Total",714,66,125,456,67,363,22,33,258,50,351,44,92,198,17
"2011","Warrington 004B","E01012462","Total",759,51,117,526,65,408,8,20,332,48,351,43,97,194,17
"2011","Warrington 004C","E01012463","Total",544,53,102,326,63,291,16,24,203,48,253,37,78,123,15
"2011","Warrington 004D","E01012464","Total",695,56,153,409,77,367,24,37,243,63,328,32,116,166,14
"2011","Warrington 005A","E01012459","Total",671,54,149,419,49,337,12,42,249,34,334,42,107,170,15
"2011","Warrington 005B","E01012461","Total",758,59,121,498,80,393,14,32,285,62,365,45,89,213,18
"2011","Warrington 005C","E01012465","Total",741,64,107,502,68,385,17,26,291,51,356,47,81,211,17
"2011","Warrington 005D","E01012466","Total",674,39,128,445,62,369,17,37,262,53,305,22,91,183,9
"2011","Warrington 006A","E01012526","Total",631,56,159,364,52,322,9,43,231,39,309,47,116,133,13
"2011","Warrington 006B","E01012534","Total",651,58,180,378,35,316,15,37,232,32,335,43,143,146,3
"2011","Warrington 006C","E01012535","Total",742,55,186,451,50,368,13,35,279,41,374,42,151,172,9
"2011","Warrington 006D","E01012537","Total",620,44,144,382,50,328,15,31,236,46,292,29,113,146,4
"2011","Warrington 006E","E01012539","Total",712,67,158,424,63,346,23,33,241,49,366,44,125,183,14
"2011","Warrington 007A","E01012538","Total",882,65,182,545,90,452,24,49,309,70,430,41,133,236,20
"2011","Warrington 007B","E01012540","Total",722,61,133,441,87,375,10,28,270,67,347,51,105,171,20
"2011","Warrington 007C","E01012541","Total",704,62,134,454,54,344,13,22,265,44,360,49,112,189,10
"2011","Warrington 007D","E01012542","Total",677,55,121,441,60,337,18,29,246,44,340,37,92,195,16
"2011","Warrington 007E","E01012543","Total",791,128,153,428,82,401,55,36,250,60,390,73,117,178,22
"2011","Warrington 007F","E01012544","Total",692,53,165,418,56,358,21,35,255,47,334,32,130,163,9
"2011","Warrington 008A","E01012521","Total",734,63,170,445,56,368,17,34,270,47,366,46,136,175,9
"2011","Warrington 008B","E01012522","Total",639,62,130,394,53,320,12,24,242,42,319,50,106,152,11
"2011","Warrington 008C","E01012533","Total",497,52,116,276,53,258,19,31,165,43,239,33,85,111,10
"2011","Warrington 008D","E01012536","Total",655,53,156,401,45,331,16,39,236,40,324,37,117,165,5
"2011","Warrington 008E","E01012545","Total",607,61,171,324,51,285,20,33,193,39,322,41,138,131,12
"2011","Warrington 008F","E01012546","Total",635,47,180,359,49,313,13,34,227,39,322,34,146,132,10
"2011","Warrington 009A","E01012561","Total",916,58,167,585,106,486,15,41,348,82,430,43,126,237,24
"2011","Warrington 009B","E01012562","Total",1040,76,182,656,126,539,25,32,388,94,501,51,150,268,32
"2011","Warrington 009C","E01012567","Total",1131,90,206,685,150,588,39,43,389,117,543,51,163,296,33
"2011","Warrington 009D","E01012568","Total",1540,91,234,987,228,804,25,35,561,183,736,66,199,426,45
"2011","Warrington 010A","E01012563","Total",980,102,182,586,110,510,28,35,364,83,470,74,147,222,27
"2011","Warrington 010B","E01012564","Total",780,66,152,487,75,398,24,35,285,54,382,42,117,202,21
"2011","Warrington 010C","E01012565","Total",1314,104,199,831,180,693,39,37,485,132,621,65,162,346,48
"2011","Warrington 010D","E01012566","Total",1202,98,211,715,178,627,35,44,404,144,575,63,167,311,34
"2011","Warrington 010E","E01012569","Total",1098,98,189,657,154,589,37,33,388,131,509,61,156,269,23
"2011","Warrington 010F","E01012570","Total",533,30,117,327,59,282,13,33,192,44,251,17,84,135,15
"2011","Warrington 011A","E01012481","Total",847,69,181,529,68,431,24,40,304,63,416,45,141,225,5
"2011","Warrington 011B","E01012482","Total",688,57,141,430,60,356,19,34,251,52,332,38,107,179,8
"2011","Warrington 011C","E01012520","Total",583,42,149,338,54,299,11,37,206,45,284,31,112,132,9
"2011","Warrington 011D","E01012523","Total",746,53,147,479,67,376,15,27,276,58,370,38,120,203,9
"2011","Warrington 011E","E01012524","Total",794,72,160,487,75,424,23,39,307,55,370,49,121,180,20
"2011","Warrington 011F","E01012525","Total",748,48,167,482,51,389,10,35,298,46,359,38,132,184,5
"2011","Warrington 012A","E01012478","Total",725,61,150,460,54,362,17,31,269,45,363,44,119,191,9
"2011","Warrington 012B","E01012547","Total",881,91,173,543,74,446,22,36,326,62,435,69,137,217,12
"2011","Warrington 012C","E01012548","Total",987,86,193,611,97,518,33,36,371,78,469,53,157,240,19
"2011","Warrington 012D","E01012549","Total",626,65,126,375,60,337,24,40,225,48,289,41,86,150,12
"2011","Warrington 012E","E01012550","Total",774,62,165,463,84,399,18,26,289,66,375,44,139,174,18
"2011","Warrington 013A","E01012453","Total",623,64,138,379,42,305,18,33,221,33,318,46,105,158,9
"2011","Warrington 013B","E01012454","Total",1041,68,189,684,100,533,15,31,412,75,508,53,158,272,25
"2011","Warrington 013C","E01012455","Total",727,68,150,447,62,393,27,37,280,49,334,41,113,167,13
"2011","Warrington 013D","E01012457","Total",869,48,153,590,78,450,18,35,349,48,419,30,118,241,30
"2011","Warrington 014A","E01012551","Total",873,71,164,539,99,460,27,40,313,80,413,44,124,226,19
"2011","Warrington 014B","E01012552","Total",669,50,136,414,69,335,13,34,234,54,334,37,102,180,15
"2011","Warrington 014C","E01012553","Total",810,68,180,471,91,422,21,39,286,76,388,47,141,185,15
"2011","Warrington 014D","E01012555","Total",718,57,159,429,73,363,18,32,257,56,355,39,127,172,17
"2011","Warrington 014E","E01012556","Total",759,82,147,450,80,402,26,37,277,62,357,56,110,173,18
"2011","Warrington 015A","E01012491","Total",648,67,133,401,47,326,15,25,248,38,322,52,108,153,9
"2011","Warrington 015B","E01012492","Total",687,65,125,438,59,353,21,20,265,47,334,44,105,173,12
"2011","Warrington 015C","E01012493","Total",932,64,191,566,111,472,17,32,340,83,460,47,159,226,28
"2011","Warrington 015D","E01012494","Total",968,61,166,643,98,505,22,26,389,68,463,39,140,254,30
"2011","Warrington 015E","E01012500","Total",710,80,119,433,78,361,23,25,252,61,349,57,94,181,17
"2011","Warrington 016A","E01012495","Total",1033,65,191,669,108,543,28,35,393,87,490,37,156,276,21
"2011","Warrington 016B","E01012496","Total",719,43,154,446,76,368,8,31,270,59,351,35,123,176,17
"2011","Warrington 016C","E01012497","Total",599,55,137,354,53,307,16,32,213,46,292,39,105,141,7
"2011","Warrington 016D","E01012498","Total",702,46,145,446,65,351,8,33,258,52,351,38,112,188,13
"2011","Warrington 016E","E01012499","Total",1099,83,245,653,118,552,22,49,386,95,547,61,196,267,23
"2011","Warrington 016F","E01012501","Total",755,63,156,457,79,392,20,36,267,69,363,43,120,190,10
"2011","Warrington 017A","E01012479","Total",765,56,154,489,66,391,20,40,277,54,374,36,114,212,12
"2011","Warrington 017B","E01012480","Total",1017,64,132,722,99,561,25,36,423,77,456,39,96,299,22
"2011","Warrington 017D","E01012510","Total",928,58,159,611,100,513,26,51,365,71,415,32,108,246,29
"2011","Warrington 017E","E01012511","Total",935,71,172,610,82,466,23,38,341,64,469,48,134,269,18
"2011","Warrington 017F","E01033299","Total",1225,59,168,883,115,628,19,40,486,83,597,40,128,397,32
"2011","Warrington 017G","E01033303","Total",648,49,125,434,40,339,19,27,263,30,309,30,98,171,10
"2011","Warrington 018B","E01012458","Total",1260,87,218,816,139,636,24,46,459,107,624,63,172,357,32
"2011","Warrington 018C","E01012483","Total",707,50,155,450,52,351,14,43,258,36,356,36,112,192,16
"2011","Warrington 018D","E01012509","Total",908,78,156,583,91,463,28,35,330,70,445,50,121,253,21
"2011","Warrington 018E","E01012512","Total",761,74,119,500,68,414,30,24,306,54,347,44,95,194,14
"2011","Warrington 018F","E01033300","Total",653,32,70,485,66,417,12,41,317,47,236,20,29,168,19
"2011","Warrington 018G","E01033302","Total",824,46,148,556,74,464,12,42,349,61,360,34,106,207,13
"2011","Warrington 019A","E01012527","Total",768,68,173,455,72,395,22,34,282,57,373,46,139,173,15
"2011","Warrington 019B","E01012528","Total",583,56,130,332,65,303,12,31,209,51,280,44,99,123,14
"2011","Warrington 019C","E01012529","Total",686,64,126,427,69,352,22,27,245,58,334,42,99,182,11
"2011","Warrington 019D","E01012530","Total",724,64,135,420,105,382,16,27,257,82,342,48,108,163,23
"2011","Warrington 019E","E01012531","Total",657,56,136,400,65,325,17,19,240,49,332,39,117,160,16
"2011","Warrington 019F","E01012532","Total",588,60,125,331,72,313,19,25,206,63,275,41,100,125,9
"2011","Warrington 020A","E01012504","Total",908,76,163,580,89,492,29,47,347,69,416,47,116,233,20
"2011","Warrington 020B","E01012505","Total",683,41,139,452,51,344,9,28,270,37,339,32,111,182,14
"2011","Warrington 020C","E01012506","Total",704,49,149,442,64,350,17,29,255,49,354,32,120,187,15
"2011","Warrington 020D","E01012507","Total",997,80,173,651,93,527,23,41,385,78,470,57,132,266,15
"2011","Warrington 020E","E01012508","Total",632,39,137,403,53,336,13,27,250,46,296,26,110,153,7
"2011","Warrington 021A","E01012513","Total",956,85,170,529,172,490,20,28,306,136,466,65,142,223,36
"2011","Warrington 021B","E01012514","Total",936,102,183,482,169,470,29,31,276,134,466,73,152,206,35
"2011","Warrington 021C","E01012515","Total",711,69,140,388,114,369,24,27,227,91,342,45,113,161,23
"2011","Warrington 021D","E01012516","Total",623,67,125,332,99,334,21,31,202,80,289,46,94,130,19
"2011","Warrington 021E","E01012517","Total",1188,95,212,691,190,619,31,44,399,145,569,64,168,292,45
"2011","Warrington 021F","E01012518","Total",1035,93,192,577,173,527,31,43,326,127,508,62,149,251,46
"2011","Warrington 021G","E01012519","Total",715,80,144,398,93,377,23,29,254,71,338,57,115,144,22
"2011","Warrington 022A","E01012485","Total",783,66,187,464,66,389,18,39,276,56,394,48,148,188,10
"2011","Warrington 022B","E01012486","Total",777,70,160,468,79,414,33,32,296,53,363,37,128,172,26
"2011","Warrington 022C","E01012487","Total",817,74,158,475,110,402,18,27,273,84,415,56,131,202,26
"2011","Warrington 022D","E01012489","Total",888,92,167,479,150,458,21,38,281,118,430,71,129,198,32
"2011","Warrington 022E","E01012490","Total",703,69,137,427,70,362,18,22,268,54,341,51,115,159,16
"2011","Warrington 023A","E01012450","Total",634,71,114,367,82,341,17,26,238,60,293,54,88,129,22
"2011","Warrington 023B","E01012451","Total",687,67,124,413,83,361,24,21,245,71,326,43,103,168,12
"2011","Warrington 023C","E01012557","Total",909,58,136,570,145,470,19,32,317,102,439,39,104,253,43
"2011","Warrington 023D","E01012558","Total",984,86,148,578,172,510,25,26,329,130,474,61,122,249,42
"2011","Warrington 023E","E01012559","Total",767,60,148,457,102,419,17,31,289,82,348,43,117,168,20
"2011","Warrington 023F","E01012560","Total",674,77,117,385,95,347,16,30,230,71,327,61,87,155,24
"2011","Warrington 024A","E01012448","Total",703,62,116,396,129,379,20,26,232,101,324,42,90,164,28
"2011","Warrington 024B","E01012488","Total",806,81,140,427,158,423,20,31,250,122,383,61,109,177,36
"2011","Warrington 024C","E01012502","Total",833,92,151,459,131,432,27,24,279,102,401,65,127,180,29
"2011","Warrington 024D","E01012503","Total",828,83,146,423,176,443,23,28,258,134,385,60,118,165,42
"2011","Warrington 025A","E01012446","Total",751,98,145,392,116,387,27,31,235,94,364,71,114,157,22
"2011","Warrington 025B","E01012447","Total",781,92,132,394,163,413,23,22,243,125,368,69,110,151,38
"2011","Warrington 025C","E01012449","Total",626,66,119,358,83,331,22,31,213,65,295,44,88,145,18
"2011","Warrington 025D","E01012452","Total",792,89,156,396,151,429,30,43,239,117,363,59,113,157,34
"2011","Allerdale 001A","E01019126","Total",708,60,156,394,98,374,17,33,240,84,334,43,123,154,14
"2011","Allerdale 001B","E01019127","Total",671,69,139,344,119,364,10,26,232,96,307,59,113,112,23
"2011","Allerdale 001C","E01019132","Total",997,92,201,446,258,539,15,34,272,218,458,77,167,174,40
"2011","Allerdale 001D","E01019134","Total",710,78,164,383,85,362,19,22,253,68,348,59,142,130,17
"2011","Allerdale 001E","E01019135","Total",723,71,194,379,79,360,14,36,246,64,363,57,158,133,15
"2011","Allerdale 001F","E01019136","Total",815,76,184,447,108,430,17,29,288,96,385,59,155,159,12
"2011","Allerdale 001G","E01019137","Total",508,59,115,271,63,261,24,24,166,47,247,35,91,105,16
"2011","Allerdale 002A","E01019083","Total",982,86,181,474,241,527,27,54,264,182,455,59,127,210,59
"2011","Allerdale 002B","E01019107","Total",809,99,165,349,196,452,27,38,231,156,357,72,127,118,40
"2011","Allerdale 002C","E01019130","Total",871,84,177,444,166,459,14,44,274,127,412,70,133,170,39
"2011","Allerdale 002D","E01019131","Total",1044,127,196,480,241,546,31,39,286,190,498,96,157,194,51
"2011","Allerdale 003A","E01019081","Total",861,73,170,497,121,469,16,34,319,100,392,57,136,178,21
"2011","Allerdale 003B","E01019082","Total",749,63,162,428,96,379,17,22,258,82,370,46,140,170,14
"2011","Allerdale 003C","E01019102","Total",851,96,185,400,170,444,27,38,243,136,407,69,147,157,34
"2011","Allerdale 003D","E01019128","Total",852,88,193,399,172,452,17,41,253,141,400,71,152,146,31
"2011","Allerdale 003E","E01019133","Total",818,86,141,428,163,438,18,24,267,129,380,68,117,161,34
"2011","Allerdale 004A","E01019093","Total",795,68,166,476,85,432,17,35,308,72,363,51,131,168,13
"2011","Allerdale 004B","E01019094","Total",779,67,167,441,104,400,21,30,268,81,379,46,137,173,23
"2011","Allerdale 004C","E01019096","Total",1077,90,226,674,87,575,19,34,447,75,502,71,192,227,12
"2011","Allerdale 004D","E01019114","Total",736,63,169,442,62,368,22,24,273,49,368,41,145,169,13
"2011","Allerdale 004E","E01019115","Total",746,58,150,464,74,397,14,33,295,55,349,44,117,169,19
"2011","Allerdale 005A","E01019095","Total",596,40,157,346,53,313,9,29,230,45,283,31,128,116,8
"2011","Allerdale 005B","E01019097","Total",593,47,183,321,42,295,8,28,223,36,298,39,155,98,6
"2011","Allerdale 005C","E01019098","Total",759,58,191,433,77,399,16,39,286,58,360,42,152,147,19
"2011","Allerdale 005D","E01019099","Total",768,68,201,437,62,410,19,42,298,51,358,49,159,139,11
"2011","Allerdale 006A","E01019084","Total",760,61,168,444,87,388,18,24,281,65,372,43,144,163,22
"2011","Allerdale 006B","E01019085","Total",822,97,162,448,115,435,34,35,285,81,387,63,127,163,34
"2011","Allerdale 006C","E01019086","Total",545,61,107,267,110,297,16,24,175,82,248,45,83,92,28
"2011","Allerdale 006D","E01019088","Total",843,60,157,516,110,455,15,54,309,77,388,45,103,207,33
"2011","Allerdale 006E","E01019091","Total",940,94,174,525,147,501,32,33,322,114,439,62,141,203,33
"2011","Allerdale 007A","E01019078","Total",739,80,166,415,78,397,20,42,277,58,342,60,124,138,20
"2011","Allerdale 007B","E01019079","Total",718,71,165,411,71,373,24,30,268,51,345,47,135,143,20
"2011","Allerdale 007C","E01019080","Total",889,84,229,477,99,449,33,43,306,67,440,51,186,171,32
"2011","Allerdale 007D","E01019087","Total",770,83,146,446,95,405,29,25,289,62,365,54,121,157,33
"2011","Allerdale 007E","E01019090","Total",813,97,154,363,199,444,34,46,221,143,369,63,108,142,56
"2011","Allerdale 008A","E01019116","Total",617,53,117,393,54,336,18,23,254,41,281,35,94,139,13
"2011","Allerdale 008B","E01019118","Total",759,41,160,505,53,426,13,41,328,44,333,28,119,177,9
"2011","Allerdale 008C","E01019122","Total",554,58,148,312,36,279,16,28,204,31,275,42,120,108,5
"2011","Allerdale 008D","E01019123","Total",696,59,198,386,53,345,10,41,250,44,351,49,157,136,9
"2011","Allerdale 008E","E01019124","Total",1128,85,245,697,101,588,26,35,448,79,540,59,210,249,22
"2011","Allerdale 008F","E01019125","Total",773,65,173,468,67,410,19,33,303,55,363,46,140,165,12
"2011","Allerdale 009A","E01019111","Total",642,78,154,366,44,330,26,28,238,38,312,52,126,128,6
"2011","Allerdale 009B","E01019112","Total",655,65,195,350,45,348,20,46,243,39,307,45,149,107,6
"2011","Allerdale 009C","E01019113","Total",635,64,183,347,41,311,11,46,219,35,324,53,137,128,6
"2011","Allerdale 009D","E01019120","Total",987,61,241,613,72,510,14,40,400,56,477,47,201,213,16
"2011","Allerdale 009E","E01019121","Total",907,72,197,574,64,479,24,42,365,48,428,48,155,209,16
"2011","Allerdale 010A","E01019108","Total",662,64,198,365,35,315,16,36,233,30,347,48,162,132,5
"2011","Allerdale 010B","E01019109","Total",781,65,216,444,56,401,12,37,305,47,380,53,179,139,9
"2011","Allerdale 010C","E01019110","Total",651,50,192,371,38,318,11,37,241,29,333,39,155,130,9
"2011","Allerdale 010D","E01019117","Total",723,45,168,461,49,388,12,43,291,42,335,33,125,170,7
"2011","Allerdale 010E","E01019119","Total",682,71,154,409,48,360,27,30,266,37,322,44,124,143,11
"2011","Allerdale 011A","E01019089","Total",771,52,187,456,76,395,11,41,286,57,376,41,146,170,19
"2011","Allerdale 011B","E01019100","Total",834,80,179,509,66,436,25,43,321,47,398,55,136,188,19
"2011","Allerdale 011C","E01019101","Total",687,51,139,433,64,366,15,27,274,50,321,36,112,159,14
"2011","Allerdale 011D","E01019129","Total",849,64,199,507,79,442,20,30,329,63,407,44,169,178,16
"2011","Allerdale 012A","E01019092","Total",840,79,164,444,153,449,26,38,279,106,391,53,126,165,47
"2011","Allerdale 012B","E01019103","Total",664,66,156,370,72,335,17,32,233,53,329,49,124,137,19
"2011","Allerdale 012C","E01019104","Total",577,72,108,299,98,299,29,24,181,65,278,43,84,118,33
"2011","Allerdale 012D","E01019105","Total",693,46,123,374,150,368,13,41,222,92,325,33,82,152,58
"2011","Allerdale 012E","E01019106","Total",652,75,153,303,121,352,25,47,191,89,300,50,106,112,32
"2011","Barrow-in-Furness 001A","E01019144","Total",675,66,161,369,79,364,15,29,259,61,311,51,132,110,18
"2011","Barrow-in-Furness 001B","E01019145","Total",1042,108,214,625,95,543,21,36,414,72,499,87,178,211,23
"2011","Barrow-in-Furness 001C","E01019146","Total",690,65,124,425,76,365,19,20,272,54,325,46,104,153,22
"2011","Barrow-in-Furness 001D","E01019147","Total",803,72,168,498,65,429,23,27,329,50,374,49,141,169,15
"2011","Barrow-in-Furness 002A","E01019148","Total",716,72,155,436,53,383,24,30,287,42,333,48,125,149,11
"2011","Barrow-in-Furness 002B","E01019149","Total",805,89,160,474,82,410,19,33,296,62,395,70,127,178,20
"2011","Barrow-in-Furness 002C","E01019150","Total",752,69,167,440,76,398,10,33,293,62,354,59,134,147,14
"2011","Barrow-in-Furness 002D","E01019151","Total",601,61,148,346,46,315,13,37,228,37,286,48,111,118,9
"2011","Barrow-in-Furness 003A","E01019152","Total",543,65,104,326,48,295,19,20,222,34,248,46,84,104,14
"2011","Barrow-in-Furness 003B","E01019153","Total",524,65,106,324,29,273,20,15,217,21,251,45,91,107,8
"2011","Barrow-in-Furness 003C","E01019154","Total",494,57,108,283,46,260,18,19,190,33,234,39,89,93,13
"2011","Barrow-in-Furness 003D","E01019155","Total",490,61,101,286,42,263,20,19,191,33,227,41,82,95,9
"2011","Barrow-in-Furness 003E","E01019162","Total",721,80,160,443,38,372,16,20,308,28,349,64,140,135,10
"2011","Barrow-in-Furness 003F","E01019163","Total",638,78,117,372,71,362,25,24,262,51,276,53,93,110,20
"2011","Barrow-in-Furness 004A","E01019156","Total",487,63,131,266,27,252,18,36,177,21,235,45,95,89,6
"2011","Barrow-in-Furness 004B","E01019159","Total",518,52,122,315,29,269,16,24,200,29,249,36,98,115,0
"2011","Barrow-in-Furness 004C","E01019164","Total",457,43,129,252,33,232,12,35,161,24,225,31,94,91,9
"2011","Barrow-in-Furness 004D","E01019165","Total",642,65,150,387,40,353,19,36,268,30,289,46,114,119,10
"2011","Barrow-in-Furness 004E","E01019166","Total",633,63,164,371,35,320,18,32,242,28,313,45,132,129,7
"2011","Barrow-in-Furness 005A","E01019167","Total",824,74,183,525,42,417,22,29,330,36,407,52,154,195,6
"2011","Barrow-in-Furness 005B","E01019168","Total",712,68,141,451,52,372,19,26,284,43,340,49,115,167,9
"2011","Barrow-in-Furness 005C","E01019169","Total",679,60,146,417,56,366,19,23,279,45,313,41,123,138,11
"2011","Barrow-in-Furness 005D","E01019170","Total",666,63,135,429,39,355,18,20,282,35,311,45,115,147,4
"2011","Barrow-in-Furness 005E","E01019171","Total",684,54,149,454,27,365,18,30,298,19,319,36,119,156,8
"2011","Barrow-in-Furness 006A","E01019161","Total",796,70,190,481,55,397,16,27,304,50,399,54,163,177,5
"2011","Barrow-in-Furness 006B","E01019176","Total",816,87,180,486,63,439,14,37,341,47,377,73,143,145,16
"2011","Barrow-in-Furness 006C","E01019177","Total",613,64,151,347,51,313,17,24,230,42,300,47,127,117,9
"2011","Barrow-in-Furness 006D","E01019178","Total",810,65,148,523,74,417,12,20,329,56,393,53,128,194,18
"2011","Barrow-in-Furness 006E","E01019179","Total",654,64,149,393,48,343,14,21,267,41,311,50,128,126,7
"2011","Barrow-in-Furness 007A","E01019140","Total",363,36,97,206,24,188,12,22,135,19,175,24,75,71,5
"2011","Barrow-in-Furness 007B","E01019160","Total",523,63,129,301,30,280,21,25,209,25,243,42,104,92,5
"2011","Barrow-in-Furness 007C","E01019172","Total",643,56,154,395,38,347,13,37,265,32,296,43,117,130,6
"2011","Barrow-in-Furness 007D","E01019173","Total",569,49,142,349,29,308,16,31,236,25,261,33,111,113,4
"2011","Barrow-in-Furness 007E","E01019174","Total",474,47,133,264,30,259,12,36,184,27,215,35,97,80,3
"2011","Barrow-in-Furness 007F","E01019175","Total",605,63,163,345,34,305,14,36,225,30,300,49,127,120,4
"2011","Barrow-in-Furness 008A","E01019141","Total",442,42,111,250,39,253,15,34,168,36,189,27,77,82,3
"2011","Barrow-in-Furness 008B","E01019142","Total",592,69,145,323,55,320,23,43,208,46,272,46,102,115,9
"2011","Barrow-in-Furness 008C","E01019143","Total",542,49,130,316,47,314,16,41,219,38,228,33,89,97,9
"2011","Barrow-in-Furness 008D","E01019157","Total",614,66,158,344,46,334,22,47,228,37,280,44,111,116,9
"2011","Barrow-in-Furness 008E","E01019158","Total",507,40,126,291,50,286,9,31,205,41,221,31,95,86,9
"2011","Barrow-in-Furness 009A","E01019180","Total",736,65,163,460,48,391,18,27,307,39,345,47,136,153,9
"2011","Barrow-in-Furness 009C","E01019182","Total",673,49,165,426,33,350,14,32,278,26,323,35,133,148,7
"2011","Barrow-in-Furness 009E","E01019184","Total",632,54,148,392,38,326,15,23,259,29,306,39,125,133,9
"2011","Barrow-in-Furness 009F","E01033160","Total",836,85,237,471,43,441,17,52,338,34,395,68,185,133,9
"2011","Barrow-in-Furness 010A","E01019138","Total",579,59,137,352,31,312,21,23,240,28,267,38,114,112,3
"2011","Barrow-in-Furness 010B","E01019139","Total",547,50,117,356,24,307,17,27,245,18,240,33,90,111,6
"2011","Barrow-in-Furness 010C","E01019185","Total",687,68,141,437,41,368,17,15,301,35,319,51,126,136,6
"2011","Barrow-in-Furness 010D","E01019186","Total",612,49,128,405,30,318,10,28,257,23,294,39,100,148,7
"2011","Barrow-in-Furness 010E","E01019187","Total",596,66,143,334,53,303,17,15,231,40,293,49,128,103,13
"2011","Carlisle 001A","E01019226","Total",643,75,134,290,144,345,15,37,179,114,298,60,97,111,30
"2011","Carlisle 001B","E01019227","Total",655,51,127,366,111,378,14,21,244,99,277,37,106,122,12
"2011","Carlisle 001C","E01019228","Total",859,63,187,372,237,463,18,38,213,194,396,45,149,159,43
"2011","Carlisle 001D","E01019229","Total",1035,77,180,467,311,568,18,32,271,247,467,59,148,196,64
"2011","Carlisle 002A","E01019200","Total",727,78,151,356,142,395,35,37,213,110,332,43,114,143,32
"2011","Carlisle 002B","E01019201","Total",618,55,142,315,106,337,22,28,200,87,281,33,114,115,19
"2011","Carlisle 002C","E01019202","Total",780,81,170,407,122,407,22,33,248,104,373,59,137,159,18
"2011","Carlisle 002D","E01019225","Total",1076,116,202,474,284,575,29,37,289,220,501,87,165,185,64
"2011","Carlisle 003A","E01019188","Total",736,66,178,413,79,381,22,34,260,65,355,44,144,153,14
"2011","Carlisle 003B","E01019189","Total",808,63,176,464,105,422,17,34,287,84,386,46,142,177,21
"2011","Carlisle 003C","E01019190","Total",740,71,161,434,74,399,25,32,278,64,341,46,129,156,10
"2011","Carlisle 003D","E01019191","Total",790,66,192,435,97,411,17,36,272,86,379,49,156,163,11
"2011","Carlisle 003E","E01019244","Total",759,79,172,432,76,380,22,30,264,64,379,57,142,168,12
"2011","Carlisle 004A","E01019196","Total",973,72,228,569,104,500,26,52,339,83,473,46,176,230,21
"2011","Carlisle 004B","E01019238","Total",689,75,135,391,88,340,24,26,217,73,349,51,109,174,15
"2011","Carlisle 004C","E01019240","Total",942,83,184,501,174,502,22,33,311,136,440,61,151,190,38
"2011","Carlisle 004D","E01019241","Total",768,81,178,404,105,410,27,39,253,91,358,54,139,151,14
"2011","Carlisle 004E","E01019243","Total",748,101,149,415,83,386,34,35,257,60,362,67,114,158,23
"2011","Carlisle 004F","E01019251","Total",892,100,167,501,124,468,35,28,305,100,424,65,139,196,24
"2011","Carlisle 005A","E01019192","Total",725,71,178,414,62,380,18,43,272,47,345,53,135,142,15
"2011","Carlisle 005B","E01019195","Total",754,79,166,426,83,385,24,27,267,67,369,55,139,159,16
"2011","Carlisle 005C","E01019203","Total",1164,122,235,563,244,604,36,39,335,194,560,86,196,228,50
"2011","Carlisle 005D","E01019254","Total",713,67,167,419,60,387,22,36,278,51,326,45,131,141,9
"2011","Carlisle 005E","E01019255","Total",776,74,184,458,60,400,21,36,294,49,376,53,148,164,11
"2011","Carlisle 006A","E01019204","Total",684,88,131,380,85,386,34,49,235,68,298,54,82,145,17
"2011","Carlisle 006B","E01019206","Total",871,100,186,486,99,508,41,68,321,78,363,59,118,165,21
"2011","Carlisle 006C","E01019234","Total",754,79,155,458,62,398,22,59,271,46,356,57,96,187,16
"2011","Carlisle 006D","E01019235","Total",848,92,195,479,82,425,28,47,288,62,423,64,148,191,20
"2011","Carlisle 006E","E01019237","Total",767,96,156,418,97,386,24,36,244,82,381,72,120,174,15
"2011","Carlisle 006F","E01019242","Total",645,76,141,352,76,318,24,36,199,59,327,52,105,153,17
"2011","Carlisle 007A","E01019219","Total",1183,131,216,573,263,630,41,48,341,200,553,90,168,232,63
"2011","Carlisle 007B","E01019224","Total",1024,101,216,532,175,536,22,44,333,137,488,79,172,199,38
"2011","Carlisle 007C","E01019239","Total",873,78,173,414,208,456,20,31,241,164,417,58,142,173,44
"2011","Carlisle 007D","E01019249","Total",711,94,147,355,115,374,29,43,210,92,337,65,104,145,23
"2011","Carlisle 007E","E01019250","Total",744,93,133,395,123,400,24,34,244,98,344,69,99,151,25
"2011","Carlisle 008A","E01019205","Total",829,57,171,520,81,431,13,51,304,63,398,44,120,216,18
"2011","Carlisle 008B","E01019207","Total",690,69,154,404,63,360,20,32,256,52,330,49,122,148,11
"2011","Carlisle 008C","E01019215","Total",769,60,167,460,82,408,20,39,283,66,361,40,128,177,16
"2011","Carlisle 008D","E01019218","Total",741,64,171,448,58,379,21,40,269,49,362,43,131,179,9
"2011","Carlisle 008E","E01019233","Total",581,58,153,328,42,321,26,37,221,37,260,32,116,107,5
"2011","Carlisle 009A","E01019193","Total",584,49,164,327,44,286,12,37,198,39,298,37,127,129,5
"2011","Carlisle 009B","E01019194","Total",1068,71,259,644,94,546,25,52,383,86,522,46,207,261,8
"2011","Carlisle 009C","E01019230","Total",664,72,150,390,52,335,19,27,243,46,329,53,123,147,6
"2011","Carlisle 009D","E01019231","Total",582,51,135,346,50,316,11,32,230,43,266,40,103,116,7
"2011","Carlisle 009E","E01019232","Total",738,76,164,429,69,392,13,32,287,60,346,63,132,142,9
"2011","Carlisle 009F","E01019252","Total",640,65,155,374,46,327,13,38,237,39,313,52,117,137,7
"2011","Carlisle 010A","E01019209","Total",767,71,158,471,67,409,19,26,308,56,358,52,132,163,11
"2011","Carlisle 010B","E01019211","Total",1105,97,224,669,115,582,35,50,401,96,523,62,174,268,19
"2011","Carlisle 010C","E01019216","Total",891,70,168,577,76,459,26,42,329,62,432,44,126,248,14
"2011","Carlisle 010D","E01019217","Total",1032,87,205,628,112,548,31,43,381,93,484,56,162,247,19
"2011","Carlisle 010E","E01019220","Total",891,68,184,551,88,490,25,42,354,69,401,43,142,197,19
"2011","Carlisle 010F","E01019236","Total",880,92,173,540,75,457,21,59,319,58,423,71,114,221,17
"2011","Carlisle 011A","E01019197","Total",764,82,200,406,76,383,23,43,257,60,381,59,157,149,16
"2011","Carlisle 011B","E01019198","Total",642,55,125,406,56,335,11,18,256,50,307,44,107,150,6
"2011","Carlisle 011C","E01019199","Total",472,43,122,276,31,238,8,19,183,28,234,35,103,93,3
"2011","Carlisle 011D","E01019221","Total",959,80,221,553,105,491,19,36,347,89,468,61,185,206,16
"2011","Carlisle 011E","E01019222","Total",753,61,185,426,81,370,14,21,268,67,383,47,164,158,14
"2011","Carlisle 011F","E01019245","Total",571,53,139,328,51,303,20,31,211,41,268,33,108,117,10
"2011","Carlisle 012A","E01019208","Total",700,66,178,391,65,348,15,25,257,51,352,51,153,134,14
"2011","Carlisle 012B","E01019210","Total",618,57,171,328,62,318,16,36,213,53,300,41,135,115,9
"2011","Carlisle 012C","E01019246","Total",505,48,126,287,44,269,17,25,187,40,236,31,101,100,4
"2011","Carlisle 012D","E01019247","Total",677,60,173,374,70,351,14,28,251,58,326,46,145,123,12
"2011","Carlisle 012E","E01019248","Total",471,41,147,239,44,234,12,37,151,34,237,29,110,88,10
"2011","Carlisle 013A","E01019212","Total",719,78,151,316,174,381,18,38,186,139,338,60,113,130,35
"2011","Carlisle 013B","E01019213","Total",1525,135,283,869,238,825,40,66,545,174,700,95,217,324,64
"2011","Carlisle 013C","E01019214","Total",869,98,194,438,139,458,34,34,275,115,411,64,160,163,24
"2011","Carlisle 013D","E01019223","Total",780,75,180,436,89,410,24,34,278,74,370,51,146,158,15
"2011","Carlisle 013E","E01019253","Total",923,91,209,520,103,477,23,32,333,89,446,68,177,187,14
"2011","Copeland 001A","E01019268","Total",537,40,101,328,68,281,9,19,202,51,256,31,82,126,17
"2011","Copeland 001B","E01019269","Total",651,53,184,353,61,327,17,35,223,52,324,36,149,130,9
"2011","Copeland 001C","E01019270","Total",670,45,168,404,53,356,4,30,275,47,314,41,138,129,6
"2011","Copeland 001D","E01019297","Total",715,68,158,421,68,367,20,24,269,54,348,48,134,152,14
"2011","Copeland 002A","E01019260","Total",785,80,138,494,73,416,19,25,323,49,369,61,113,171,24
"2011","Copeland 002B","E01019280","Total",606,42,118,386,60,368,16,44,264,44,238,26,74,122,16
"2011","Copeland 002C","E01019281","Total",560,51,102,371,36,306,13,21,242,30,254,38,81,129,6
"2011","Copeland 002D","E01019282","Total",683,69,121,459,34,360,17,20,296,27,323,52,101,163,7
"2011","Copeland 003A","E01019261","Total",951,69,202,610,70,504,21,31,393,59,447,48,171,217,11
"2011","Copeland 003B","E01019262","Total",965,69,172,654,70,520,21,31,417,51,445,48,141,237,19
"2011","Copeland 003C","E01019284","Total",523,38,111,348,26,262,6,15,220,21,261,32,96,128,5
"2011","Copeland 003D","E01019285","Total",755,47,181,461,66,373,9,35,281,48,382,38,146,180,18
"2011","Copeland 003E","E01019286","Total",613,33,132,402,46,325,10,23,254,38,288,23,109,148,8
"2011","Copeland 003F","E01019287","Total",597,36,126,395,40,325,5,16,274,30,272,31,110,121,10
"2011","Copeland 003G","E01019288","Total",820,67,146,556,51,447,22,17,367,41,373,45,129,189,10
"2011","Copeland 004A","E01019256","Total",814,57,143,530,84,427,18,24,324,61,387,39,119,206,23
"2011","Copeland 004B","E01019263","Total",455,31,103,292,29,248,11,20,196,21,207,20,83,96,8
"2011","Copeland 004C","E01019264","Total",855,58,179,562,56,455,11,22,376,46,400,47,157,186,10
"2011","Copeland 004D","E01019265","Total",572,31,102,386,53,318,6,21,249,42,254,25,81,137,11
"2011","Copeland 004E","E01019266","Total",773,50,163,503,57,412,7,32,334,39,361,43,131,169,18
"2011","Copeland 004F","E01019267","Total",519,38,145,301,35,266,12,25,201,28,253,26,120,100,7
"2011","Copeland 004G","E01019276","Total",509,39,85,283,102,272,7,17,173,75,237,32,68,110,27
"2011","Copeland 004H","E01019277","Total",451,28,115,277,31,244,10,23,187,24,207,18,92,90,7
"2011","Copeland 004I","E01019278","Total",680,62,105,450,63,353,16,20,270,47,327,46,85,180,16
"2011","Copeland 005A","E01019291","Total",622,58,134,386,44,322,13,29,243,37,300,45,105,143,7
"2011","Copeland 005B","E01019292","Total",541,40,115,356,30,286,8,22,232,24,255,32,93,124,6
"2011","Copeland 005C","E01019294","Total",637,54,134,412,37,333,7,28,264,34,304,47,106,148,3
"2011","Copeland 005D","E01019295","Total",563,55,168,299,41,288,20,40,196,32,275,35,128,103,9
"2011","Copeland 005E","E01019296","Total",675,46,134,443,52,363,8,17,295,43,312,38,117,148,9
"2011","Copeland 005F","E01019301","Total",469,47,143,246,33,236,12,45,153,26,233,35,98,93,7
"2011","Copeland 005G","E01019302","Total",529,33,117,326,53,274,9,28,198,39,255,24,89,128,14
"2011","Copeland 006A","E01019271","Total",574,55,114,357,48,299,11,22,228,38,275,44,92,129,10
"2011","Copeland 006B","E01019272","Total",635,52,138,411,34,334,12,28,263,31,301,40,110,148,3
"2011","Copeland 006C","E01019273","Total",842,70,164,545,63,446,24,22,348,52,396,46,142,197,11
"2011","Copeland 006D","E01019274","Total",720,50,138,465,67,402,15,20,315,52,318,35,118,150,15
"2011","Copeland 006E","E01019275","Total",1024,69,205,672,78,537,21,24,439,53,487,48,181,233,25
"2011","Copeland 007A","E01019257","Total",623,49,130,378,66,338,11,23,248,56,285,38,107,130,10
"2011","Copeland 007B","E01019258","Total",798,65,119,499,115,419,17,20,289,93,379,48,99,210,22
"2011","Copeland 007C","E01019279","Total",672,74,95,365,138,382,21,24,234,103,290,53,71,131,35
"2011","Copeland 007D","E01019300","Total",894,66,162,543,123,489,18,24,356,91,405,48,138,187,32
"2011","Copeland 007E","E01019303","Total",713,87,121,443,62,393,28,22,295,48,320,59,99,148,14
"2011","Copeland 007F","E01019304","Total",661,53,119,358,131,370,20,24,232,94,291,33,95,126,37
"2011","Copeland 008A","E01019259","Total",642,64,123,327,128,333,12,30,192,99,309,52,93,135,29
"2011","Copeland 008B","E01019283","Total",679,84,158,392,45,405,27,56,286,36,274,57,102,106,9
"2011","Copeland 008C","E01019289","Total",594,62,130,365,37,296,13,24,228,31,298,49,106,137,6
"2011","Copeland 008D","E01019290","Total",513,61,104,310,38,275,18,25,200,32,238,43,79,110,6
"2011","Copeland 008E","E01019293","Total",676,65,114,339,158,363,15,22,204,122,313,50,92,135,36
"2011","Copeland 008F","E01019298","Total",655,76,128,409,42,361,14,22,290,35,294,62,106,119,7
"2011","Copeland 008G","E01019299","Total",881,95,197,534,55,470,17,49,358,46,411,78,148,176,9
"2011","Eden 001A","E01019305","Total",1065,128,222,527,188,567,29,53,331,154,498,99,169,196,34
"2011","Eden 001B","E01019314","Total",646,84,132,265,165,353,26,28,174,125,293,58,104,91,40
"2011","Eden 001C","E01019320","Total",806,86,167,360,193,445,20,41,234,150,361,66,126,126,43
"2011","Eden 001D","E01019321","Total",861,96,167,417,181,466,30,33,258,145,395,66,134,159,36
"2011","Eden 002A","E01019315","Total",899,92,175,392,240,471,17,44,214,196,428,75,131,178,44
"2011","Eden 002B","E01019316","Total",797,117,168,340,172,414,35,47,194,138,383,82,121,146,34
"2011","Eden 002C","E01019322","Total",722,79,156,352,135,383,22,34,210,117,339,57,122,142,18
"2011","Eden 002D","E01019338","Total",851,81,171,332,267,476,22,44,192,218,375,59,127,140,49
"2011","Eden 003A","E01019327","Total",698,89,148,371,90,344,26,29,220,69,354,63,119,151,21
"2011","Eden 003B","E01019332","Total",632,44,157,347,84,312,9,30,203,70,320,35,127,144,14
"2011","Eden 003C","E01019333","Total",568,55,108,305,100,317,22,25,186,84,251,33,83,119,16
"2011","Eden 003D","E01019335","Total",870,95,177,464,134,468,31,39,288,110,402,64,138,176,24
"2011","Eden 003E","E01019336","Total",1059,97,206,607,149,544,29,38,367,110,515,68,168,240,39
"2011","Eden 004A","E01019312","Total",688,80,145,326,137,352,20,33,191,108,336,60,112,135,29
"2011","Eden 004B","E01019326","Total",812,87,187,412,126,412,32,30,244,106,400,55,157,168,20
"2011","Eden 004C","E01019328","Total",672,71,157,345,99,351,26,30,211,84,321,45,127,134,15
"2011","Eden 004D","E01019329","Total",560,62,114,293,91,298,14,31,176,77,262,48,83,117,14
"2011","Eden 004E","E01019330","Total",800,88,148,445,119,408,33,29,257,89,392,55,119,188,30
"2011","Eden 004F","E01019331","Total",807,81,187,432,107,425,22,37,272,94,382,59,150,160,13
"2011","Eden 004G","E01019334","Total",656,56,158,354,88,345,12,33,223,77,311,44,125,131,11
"2011","Eden 005A","E01019308","Total",706,77,133,314,182,371,25,26,184,136,335,52,107,130,46
"2011","Eden 005B","E01019311","Total",759,80,183,345,151,386,19,44,204,119,373,61,139,141,32
"2011","Eden 005C","E01019313","Total",683,70,140,326,147,372,18,46,189,119,311,52,94,137,28
"2011","Eden 005D","E01019339","Total",789,81,126,390,192,433,26,30,233,144,356,55,96,157,48
"2011","Eden 006A","E01019306","Total",566,83,121,266,96,296,16,34,166,80,270,67,87,100,16
"2011","Eden 006B","E01019307","Total",895,120,170,451,154,469,29,37,278,125,426,91,133,173,29
"2011","Eden 006C","E01019310","Total",730,75,143,304,208,387,19,28,176,164,343,56,115,128,44
"2011","Eden 006D","E01019319","Total",832,84,162,396,190,450,21,33,242,154,382,63,129,154,36
"2011","Eden 006E","E01019323","Total",665,65,143,285,172,356,15,35,170,136,309,50,108,115,36
"2011","Eden 006F","E01019324","Total",702,78,151,286,187,368,19,27,173,149,334,59,124,113,38
"2011","Eden 006G","E01019337","Total",723,77,159,332,155,395,17,34,211,133,328,60,125,121,22
"2011","Eden 007A","E01019309","Total",1227,145,250,510,322,648,36,60,304,248,579,109,190,206,74
"2011","Eden 007B","E01019317","Total",680,76,147,286,171,372,21,31,180,140,308,55,116,106,31
"2011","Eden 007C","E01019318","Total",594,66,122,315,91,312,10,30,206,66,282,56,92,109,25
"2011","Eden 007D","E01019325","Total",724,79,154,350,141,371,17,30,213,111,353,62,124,137,30
"2011","Eden 007E","E01019340","Total",717,82,135,310,190,388,17,32,188,151,329,65,103,122,39
"2011","South Lakeland 001A","E01019374","Total",865,97,189,448,131,453,41,51,271,90,412,56,138,177,41
"2011","South Lakeland 001B","E01019375","Total",737,74,126,413,124,390,37,40,234,79,347,37,86,179,45
"2011","South Lakeland 001C","E01019376","Total",865,86,117,494,168,464,24,35,287,118,401,62,82,207,50
"2011","South Lakeland 001D","E01019395","Total",904,102,180,446,176,463,29,59,266,109,441,73,121,180,67
"2011","South Lakeland 002A","E01019387","Total",1057,137,226,518,176,566,49,64,317,136,491,88,162,201,40
"2011","South Lakeland 002B","E01019396","Total",1049,116,219,540,174,546,39,56,328,123,503,77,163,212,51
"2011","South Lakeland 002C","E01019397","Total",1077,108,200,579,190,544,41,55,325,123,533,67,145,254,67
"2011","South Lakeland 002D","E01019398","Total",652,73,129,378,72,322,17,34,226,45,330,56,95,152,27
"2011","South Lakeland 002E","E01019399","Total",532,66,100,297,69,278,16,30,185,47,254,50,70,112,22
"2011","South Lakeland 003A","E01019346","Total",1001,124,234,510,133,520,32,64,315,109,481,92,170,195,24
"2011","South Lakeland 003B","E01019359","Total",1056,95,223,626,112,542,22,37,398,85,514,73,186,228,27
"2011","South Lakeland 003C","E01019365","Total",1288,142,261,762,123,664,45,51,472,96,624,97,210,290,27
"2011","South Lakeland 003D","E01019370","Total",1204,128,217,705,154,622,42,49,426,105,582,86,168,279,49
"2011","South Lakeland 004A","E01019360","Total",1135,113,215,668,139,600,43,63,391,103,535,70,152,277,36
"2011","South Lakeland 004B","E01019363","Total",988,105,190,587,106,527,37,50,368,72,461,68,140,219,34
"2011","South Lakeland 004C","E01019364","Total",970,81,234,560,95,496,20,56,344,76,474,61,178,216,19
"2011","South Lakeland 004D","E01019371","Total",1123,128,272,619,104,556,35,64,371,86,567,93,208,248,18
"2011","South Lakeland 005A","E01019358","Total",916,97,223,492,104,453,27,49,290,87,463,70,174,202,17
"2011","South Lakeland 005B","E01019362","Total",1004,123,229,537,115,514,35,46,336,97,490,88,183,201,18
"2011","South Lakeland 005C","E01019366","Total",929,93,203,531,102,481,24,39,336,82,448,69,164,195,20
"2011","South Lakeland 005D","E01019394","Total",1286,138,266,577,305,712,46,75,358,233,574,92,191,219,72
"2011","South Lakeland 006A","E01019361","Total",982,117,217,545,103,498,38,54,327,79,484,79,163,218,24
"2011","South Lakeland 006B","E01019367","Total",1326,138,265,755,168,684,35,55,459,135,642,103,210,296,33
"2011","South Lakeland 006C","E01019368","Total",1202,159,260,674,109,615,37,52,442,84,587,122,208,232,25
"2011","South Lakeland 006D","E01019369","Total",889,136,180,497,76,435,37,46,290,62,454,99,134,207,14
"2011","South Lakeland 007A","E01019356","Total",774,107,153,337,177,403,45,45,201,112,371,62,108,136,65
"2011","South Lakeland 007B","E01019381","Total",1108,136,206,514,252,590,42,65,295,188,518,94,141,219,64
"2011","South Lakeland 007C","E01019386","Total",872,102,174,405,191,467,34,59,235,139,405,68,115,170,52
"2011","South Lakeland 008A","E01019344","Total",542,63,102,277,100,292,17,22,180,73,250,46,80,97,27
"2011","South Lakeland 008B","E01019345","Total",593,83,114,302,94,314,22,29,192,71,279,61,85,110,23
"2011","South Lakeland 008C","E01019350","Total",875,106,146,449,174,459,39,29,261,130,416,67,117,188,44
"2011","South Lakeland 008D","E01019351","Total",945,98,183,491,173,502,26,35,318,123,443,72,148,173,50
"2011","South Lakeland 009A","E01019372","Total",489,56,103,227,103,249,12,26,142,69,240,44,77,85,34
"2011","South Lakeland 009B","E01019373","Total",609,77,142,249,141,306,27,35,152,92,303,50,107,97,49
"2011","South Lakeland 009C","E01019384","Total",1163,158,233,473,299,618,53,53,290,222,545,105,180,183,77
"2011","South Lakeland 009D","E01019385","Total",614,78,123,319,94,309,20,28,194,67,305,58,95,125,27
"2011","South Lakeland 010A","E01019348","Total",602,81,127,306,88,316,18,42,186,70,286,63,85,120,18
"2011","South Lakeland 010B","E01019352","Total",1225,134,253,600,238,637,39,60,350,188,588,95,193,250,50
"2011","South Lakeland 010C","E01019377","Total",815,105,162,381,167,416,32,44,224,116,399,73,118,157,51
"2011","South Lakeland 010D","E01019383","Total",881,119,197,389,176,444,30,42,237,135,437,89,155,152,41
"2011","South Lakeland 011A","E01019341","Total",656,95,140,331,90,335,29,41,205,60,321,66,99,126,30
"2011","South Lakeland 011B","E01019342","Total",402,44,87,226,45,208,16,27,137,28,194,28,60,89,17
"2011","South Lakeland 011C","E01019343","Total",667,87,134,301,145,352,32,33,181,106,315,55,101,120,39
"2011","South Lakeland 011D","E01019347","Total",941,91,180,526,144,472,24,34,303,111,469,67,146,223,33
"2011","South Lakeland 011E","E01019382","Total",1060,119,243,543,155,543,35,48,334,126,517,84,195,209,29
"2011","South Lakeland 012A","E01019388","Total",811,99,172,451,89,428,30,38,299,61,383,69,134,152,28
"2011","South Lakeland 012B","E01019389","Total",1126,116,237,667,106,567,31,51,406,79,559,85,186,261,27
"2011","South Lakeland 012C","E01019390","Total",996,104,200,573,119,544,29,43,391,81,452,75,157,182,38
"2011","South Lakeland 012D","E01019392","Total",905,70,171,549,115,483,15,49,342,77,422,55,122,207,38
"2011","South Lakeland 013A","E01019349","Total",853,122,183,411,137,440,42,51,247,100,413,80,132,164,37
"2011","South Lakeland 013B","E01019353","Total",679,78,157,370,74,339,23,41,223,52,340,55,116,147,22
"2011","South Lakeland 013C","E01019354","Total",473,60,95,221,97,258,24,33,131,70,215,36,62,90,27
"2011","South Lakeland 013D","E01019355","Total",397,58,88,181,70,209,18,30,112,49,188,40,58,69,21
"2011","South Lakeland 013E","E01019357","Total",951,113,217,488,133,506,36,44,324,102,445,77,173,164,31
"2011","South Lakeland 014A","E01019378","Total",812,93,184,449,86,400,13,29,293,65,412,80,155,156,21
"2011","South Lakeland 014B","E01019379","Total",636,73,135,319,109,334,29,19,208,78,302,44,116,111,31
"2011","South Lakeland 014C","E01019380","Total",514,51,100,278,85,279,17,22,176,64,235,34,78,102,21
"2011","South Lakeland 014D","E01019391","Total",814,107,202,442,63,421,27,47,292,55,393,80,155,150,8
"2011","South Lakeland 014E","E01019393","Total",835,79,192,462,102,449,25,49,303,72,386,54,143,159,30
"2011","Bolton 001A","E01004768","Total",874,66,187,511,110,455,19,48,306,82,419,47,139,205,28
"2011","Bolton 001B","E01004803","Total",849,90,139,494,126,444,35,33,280,96,405,55,106,214,30
"2011","Bolton 001C","E01004804","Total",781,70,149,436,126,401,25,37,248,91,380,45,112,188,35
"2011","Bolton 001D","E01004807","Total",831,69,145,511,106,415,21,22,293,79,416,48,123,218,27
"2011","Bolton 001E","E01004808","Total",870,78,168,503,121,443,24,35,296,88,427,54,133,207,33
"2011","Bolton 002A","E01004788","Total",642,58,116,390,78,332,19,25,226,62,310,39,91,164,16
"2011","Bolton 002B","E01004790","Total",689,61,122,437,69,347,20,30,254,43,342,41,92,183,26
"2011","Bolton 002C","E01004805","Total",800,104,163,438,95,418,45,33,264,76,382,59,130,174,19
"2011","Bolton 002D","E01004806","Total",664,66,122,381,95,348,17,23,229,79,316,49,99,152,16
"2011","Bolton 002E","E01004810","Total",875,83,163,539,90,442,30,26,317,69,433,53,137,222,21
"2011","Bolton 003A","E01004769","Total",836,63,144,516,113,427,20,30,291,86,409,43,114,225,27
"2011","Bolton 003B","E01004770","Total",672,77,142,381,72,358,25,42,237,54,314,52,100,144,18
"2011","Bolton 003C","E01004771","Total",820,78,155,484,103,422,22,32,292,76,398,56,123,192,27
"2011","Bolton 003D","E01004773","Total",1035,80,175,672,108,573,28,60,407,78,462,52,115,265,30
"2011","Bolton 003E","E01004809","Total",896,72,159,580,85,444,26,43,319,56,452,46,116,261,29
"2011","Bolton 004A","E01004777","Total",746,51,142,467,86,374,16,37,254,67,372,35,105,213,19
"2011","Bolton 004B","E01004881","Total",581,34,120,379,48,300,12,30,221,37,281,22,90,158,11
"2011","Bolton 004C","E01004888","Total",679,51,139,415,74,354,19,27,252,56,325,32,112,163,18
"2011","Bolton 004D","E01004889","Total",663,60,157,380,66,321,16,33,220,52,342,44,124,160,14
"2011","Bolton 004E","E01004890","Total",750,66,135,468,81,382,27,26,274,55,368,39,109,194,26
"2011","Bolton 005A","E01004766","Total",740,65,163,462,50,392,23,52,274,43,348,42,111,188,7
"2011","Bolton 005B","E01004767","Total",836,64,165,544,63,456,21,62,321,52,380,43,103,223,11
"2011","Bolton 005C","E01004772","Total",725,45,175,437,68,348,16,41,251,40,377,29,134,186,28
"2011","Bolton 005D","E01004774","Total",807,61,172,504,70,427,20,39,308,60,380,41,133,196,10
"2011","Bolton 005E","E01004824","Total",572,70,193,287,22,381,30,120,212,19,191,40,73,75,3
"2011","Bolton 006A","E01004784","Total",638,56,127,392,63,339,17,27,248,47,299,39,100,144,16
"2011","Bolton 006B","E01004785","Total",654,48,141,381,84,333,12,33,226,62,321,36,108,155,22
"2011","Bolton 006C","E01004786","Total",658,61,133,390,74,327,27,32,209,59,331,34,101,181,15
"2011","Bolton 006D","E01004789","Total",707,71,136,394,106,377,26,37,229,85,330,45,99,165,21
"2011","Bolton 006E","E01004791","Total",591,52,119,347,73,293,18,22,199,54,298,34,97,148,19
"2011","Bolton 006F","E01004792","Total",660,70,141,367,82,333,22,33,209,69,327,48,108,158,13
"2011","Bolton 007A","E01004779","Total",845,65,178,519,83,424,24,35,300,65,421,41,143,219,18
"2011","Bolton 007B","E01004781","Total",1027,75,181,649,122,514,28,31,364,91,513,47,150,285,31
"2011","Bolton 007C","E01004882","Total",709,55,123,460,71,368,19,33,260,56,341,36,90,200,15
"2011","Bolton 007D","E01004883","Total",796,62,143,504,87,419,23,34,302,60,377,39,109,202,27
"2011","Bolton 007E","E01004884","Total",693,64,128,392,109,353,18,30,230,75,340,46,98,162,34
"2011","Bolton 008A","E01004864","Total",787,57,139,520,71,406,23,34,296,53,381,34,105,224,18
"2011","Bolton 008B","E01004867","Total",684,56,157,425,46,397,20,57,282,38,287,36,100,143,8
"2011","Bolton 008C","E01004921","Total",763,59,127,507,70,380,15,23,292,50,383,44,104,215,20
"2011","Bolton 008D","E01004924","Total",819,69,152,463,135,418,19,35,264,100,401,50,117,199,35
"2011","Bolton 008E","E01004925","Total",761,65,154,477,65,404,35,41,284,44,357,30,113,193,21
"2011","Bolton 009A","E01004778","Total",546,44,104,337,61,287,13,23,205,46,259,31,81,132,15
"2011","Bolton 009B","E01004780","Total",1078,84,176,686,132,564,28,38,405,93,514,56,138,281,39
"2011","Bolton 009C","E01004782","Total",520,49,105,313,53,262,12,23,180,47,258,37,82,133,6
"2011","Bolton 009D","E01004783","Total",788,66,168,457,97,413,30,32,271,80,375,36,136,186,17
"2011","Bolton 010A","E01004802","Total",620,55,164,356,45,317,22,40,219,36,303,33,124,137,9
"2011","Bolton 010B","E01004926","Total",458,48,125,259,26,226,12,34,157,23,232,36,91,102,3
"2011","Bolton 010C","E01004927","Total",809,56,157,519,77,424,23,42,300,59,385,33,115,219,18
"2011","Bolton 010D","E01004929","Total",867,77,160,547,83,453,30,45,315,63,414,47,115,232,20
"2011","Bolton 011A","E01004820","Total",498,62,154,246,36,291,23,90,152,26,207,39,64,94,10
"2011","Bolton 011B","E01004825","Total",520,55,162,277,26,340,25,103,190,22,180,30,59,87,4
"2011","Bolton 011C","E01004826","Total",575,41,171,332,31,317,10,79,201,27,258,31,92,131,4
"2011","Bolton 011D","E01004865","Total",578,45,113,370,50,316,16,41,220,39,262,29,72,150,11
"2011","Bolton 011E","E01004866","Total",545,40,155,302,48,295,14,62,179,40,250,26,93,123,8
"2011","Bolton 012A","E01004840","Total",760,61,163,407,129,393,19,46,235,93,367,42,117,172,36
"2011","Bolton 012B","E01004841","Total",559,47,157,311,44,276,14,33,192,37,283,33,124,119,7
"2011","Bolton 012C","E01004842","Total",751,71,156,423,101,395,23,41,253,78,356,48,115,170,23
"2011","Bolton 012D","E01004919","Total",748,48,142,481,77,395,19,32,290,54,353,29,110,191,23
"2011","Bolton 012E","E01004920","Total",640,47,135,382,76,323,10,23,234,56,317,37,112,148,20
"2011","Bolton 013A","E01004787","Total",591,42,139,355,55,303,14,31,216,42,288,28,108,139,13
"2011","Bolton 013B","E01004793","Total",538,47,121,327,43,256,14,24,185,33,282,33,97,142,10
"2011","Bolton 013C","E01004794","Total",566,40,149,334,43,278,13,34,196,35,288,27,115,138,8
"2011","Bolton 013D","E01004795","Total",587,35,134,370,48,311,10,32,227,42,276,25,102,143,6
"2011","Bolton 013E","E01004797","Total",501,42,135,288,36,233,11,28,165,29,268,31,107,123,7
"2011","Bolton 014A","E01004775","Total",745,57,122,432,134,408,24,33,248,103,337,33,89,184,31
"2011","Bolton 014B","E01004885","Total",688,71,154,351,112,363,25,34,223,81,325,46,120,128,31
"2011","Bolton 014C","E01004886","Total",636,59,139,372,66,326,24,39,216,47,310,35,100,156,19
"2011","Bolton 014D","E01004887","Total",649,62,137,362,88,333,22,34,220,57,316,40,103,142,31
"2011","Bolton 015A","E01004868","Total",741,69,157,458,57,396,24,45,275,52,345,45,112,183,5
"2011","Bolton 015B","E01004869","Total",654,37,166,393,58,353,8,58,243,44,301,29,108,150,14
"2011","Bolton 015C","E01004870","Total",702,63,150,440,49,435,26,87,281,41,267,37,63,159,8
"2011","Bolton 015D","E01004871","Total",569,48,145,318,58,372,29,89,211,43,197,19,56,107,15
"2011","Bolton 015E","E01004922","Total",782,57,173,483,69,420,21,42,299,58,362,36,131,184,11
"2011","Bolton 016B","E01004822","Total",482,52,156,256,18,302,26,90,170,16,180,26,66,86,2
"2011","Bolton 016C","E01004823","Total",525,44,149,298,34,295,11,71,184,29,230,33,78,114,5
"2011","Bolton 016D","E01004848","Total",491,68,121,269,33,287,30,54,180,23,204,38,67,89,10
"2011","Bolton 016E","E01033217","Total",460,37,84,294,45,271,18,33,181,39,189,19,51,113,6
"2011","Bolton 016F","E01033220","Total",454,42,83,289,40,255,20,23,180,32,199,22,60,109,8
"2011","Bolton 017A","E01004818","Total",672,54,149,414,55,394,28,76,250,40,278,26,73,164,15
"2011","Bolton 017B","E01004819","Total",616,60,155,350,51,326,28,50,209,39,290,32,105,141,12
"2011","Bolton 017C","E01004928","Total",651,42,146,416,47,328,15,36,239,38,323,27,110,177,9
"2011","Bolton 017D","E01004930","Total",733,54,151,458,70,386,22,33,276,55,347,32,118,182,15
"2011","Bolton 017E","E01004931","Total",651,44,136,415,56,325,12,35,237,41,326,32,101,178,15
"2011","Bolton 017F","E01004932","Total",825,55,159,539,72,428,17,39,322,50,397,38,120,217,22
"2011","Bolton 018A","E01004834","Total",653,57,156,404,36,365,20,65,247,33,288,37,91,157,3
"2011","Bolton 018B","E01004838","Total",625,59,162,348,56,337,19,57,219,42,288,40,105,129,14
"2011","Bolton 018C","E01004843","Total",754,71,145,421,117,387,14,32,253,88,367,57,113,168,29
"2011","Bolton 018D","E01004845","Total",893,74,141,525,153,466,24,38,294,110,427,50,103,231,43
"2011","Bolton 018E","E01004923","Total",822,61,162,504,95,429,28,48,287,66,393,33,114,217,29
"2011","Bolton 019A","E01004796","Total",768,46,150,508,64,401,15,31,308,47,367,31,119,200,17
"2011","Bolton 019B","E01004798","Total",697,40,150,445,62,353,12,28,261,52,344,28,122,184,10
"2011","Bolton 019C","E01004799","Total",624,58,119,388,59,335,22,30,235,48,289,36,89,153,11
"2011","Bolton 019D","E01004800","Total",741,56,138,477,70,380,12,39,275,54,361,44,99,202,16
"2011","Bolton 019E","E01004801","Total",578,51,146,334,47,261,10,32,185,34,317,41,114,149,13
"2011","Bolton 019F","E01004917","Total",1040,53,197,693,97,523,16,39,394,74,517,37,158,299,23
"2011","Bolton 020A","E01004835","Total",677,68,145,392,72,379,24,48,250,57,298,44,97,142,15
"2011","Bolton 020B","E01004836","Total",621,63,110,360,88,341,20,32,220,69,280,43,78,140,19
"2011","Bolton 020C","E01004837","Total",771,70,152,392,157,421,21,41,236,123,350,49,111,156,34
"2011","Bolton 020D","E01004844","Total",760,82,163,359,156,405,34,47,205,119,355,48,116,154,37
"2011","Bolton 020E","E01004897","Total",575,44,110,356,65,315,22,33,213,47,260,22,77,143,18
"2011","Bolton 021A","E01004827","Total",554,49,159,307,39,318,24,62,199,33,236,25,97,108,6
"2011","Bolton 021B","E01004849","Total",554,65,198,264,27,350,30,116,184,20,204,35,82,80,7
"2011","Bolton 021C","E01004850","Total",627,74,171,350,32,404,41,96,237,30,223,33,75,113,2
"2011","Bolton 021D","E01004851","Total",457,76,136,218,27,286,36,76,152,22,171,40,60,66,5
"2011","Bolton 021E","E01004853","Total",469,70,163,214,22,298,32,93,153,20,171,38,70,61,2
"2011","Bolton 022A","E01004811","Total",536,40,132,318,46,313,17,60,201,35,223,23,72,117,11
"2011","Bolton 022B","E01004812","Total",650,88,159,346,57,394,43,74,229,48,256,45,85,117,9
"2011","Bolton 022C","E01004813","Total",557,62,144,302,49,318,29,53,196,40,239,33,91,106,9
"2011","Bolton 022D","E01004815","Total",607,48,155,362,42,345,17,66,225,37,262,31,89,137,5
"2011","Bolton 022E","E01004817","Total",680,49,127,440,64,388,21,54,268,45,292,28,73,172,19
"2011","Bolton 023A","E01004828","Total",599,48,195,328,28,352,17,96,215,24,247,31,99,113,4
"2011","Bolton 023B","E01004829","Total",491,54,146,263,28,298,24,88,165,21,193,30,58,98,7
"2011","Bolton 023C","E01004832","Total",740,48,166,468,58,385,14,47,277,47,355,34,119,191,11
"2011","Bolton 023D","E01004854","Total",496,48,173,240,35,335,17,114,174,30,161,31,59,66,5
"2011","Bolton 023E","E01004878","Total",612,67,157,334,54,363,30,61,225,47,249,37,96,109,7
"2011","Bolton 024A","E01004911","Total",701,41,136,445,79,376,12,24,279,61,325,29,112,166,18
"2011","Bolton 024B","E01004912","Total",720,65,133,461,61,375,13,38,273,51,345,52,95,188,10
"2011","Bolton 024C","E01004913","Total",1015,59,216,617,123,533,17,43,375,98,482,42,173,242,25
"2011","Bolton 024D","E01004914","Total",514,34,109,310,61,267,8,22,188,49,247,26,87,122,12
"2011","Bolton 024E","E01004915","Total",694,48,131,457,58,347,12,33,262,40,347,36,98,195,18
"2011","Bolton 024F","E01004916","Total",646,53,142,395,56,329,24,29,231,45,317,29,113,164,11
"2011","Bolton 024G","E01004918","Total",653,56,145,394,58,342,28,27,237,50,311,28,118,157,8
"2011","Bolton 025A","E01004846","Total",465,35,123,280,27,265,13,56,176,20,200,22,67,104,7
"2011","Bolton 025B","E01004847","Total",568,43,168,318,39,340,14,86,209,31,228,29,82,109,8
"2011","Bolton 025C","E01004852","Total",558,69,186,268,35,351,20,113,187,31,207,49,73,81,4
"2011","Bolton 025D","E01004877","Total",504,52,166,256,30,298,24,73,177,24,206,28,93,79,6
"2011","Bolton 025E","E01004879","Total",481,31,133,287,30,271,13,60,178,20,210,18,73,109,10
"2011","Bolton 026A","E01004830","Total",685,63,165,409,48,362,25,54,241,42,323,38,111,168,6
"2011","Bolton 026B","E01004831","Total",796,64,173,501,58,430,26,56,301,47,366,38,117,200,11
"2011","Bolton 026C","E01004833","Total",713,57,151,427,78,364,18,37,251,58,349,39,114,176,20
"2011","Bolton 026D","E01004839","Total",699,44,203,387,65,353,17,65,217,54,346,27,138,170,11
"2011","Bolton 027A","E01004814","Total",616,57,132,357,70,336,22,50,211,53,280,35,82,146,17
"2011","Bolton 027B","E01004855","Total",699,57,163,431,48,343,23,32,250,38,356,34,131,181,10
"2011","Bolton 027C","E01004856","Total",547,37,133,332,45,307,16,56,195,40,240,21,77,137,5
"2011","Bolton 027D","E01004857","Total",595,52,143,340,60,314,17,49,202,46,281,35,94,138,14
"2011","Bolton 028A","E01004891","Total",801,83,154,490,74,415,23,35,295,62,386,60,119,195,12
"2011","Bolton 028B","E01004893","Total",820,67,176,474,103,439,26,49,285,79,381,41,127,189,24
"2011","Bolton 028C","E01004894","Total",959,81,170,622,86,501,31,37,365,68,458,50,133,257,18
"2011","Bolton 028E","E01004901","Total",1066,88,193,656,129,535,24,44,369,98,531,64,149,287,31
"2011","Bolton 028F","E01033218","Total",954,66,142,627,119,495,21,32,358,84,459,45,110,269,35
"2011","Bolton 028G","E01033219","Total",835,71,138,514,112,438,23,32,300,83,397,48,106,214,29
"2011","Bolton 029A","E01004816","Total",564,73,144,305,42,328,30,71,192,35,236,43,73,113,7
"2011","Bolton 029B","E01004872","Total",696,56,156,435,49,355,17,46,254,38,341,39,110,181,11
"2011","Bolton 029C","E01004873","Total",703,56,165,433,49,365,19,56,254,36,338,37,109,179,13
"2011","Bolton 029D","E01004875","Total",750,62,149,488,51,394,28,39,289,38,356,34,110,199,13
"2011","Bolton 029E","E01004880","Total",659,45,135,431,48,344,13,54,238,39,315,32,81,193,9
"2011","Bolton 030A","E01004892","Total",645,59,113,382,91,332,17,27,213,75,313,42,86,169,16
"2011","Bolton 030B","E01004896","Total",578,62,119,329,68,300,24,27,198,51,278,38,92,131,17
"2011","Bolton 030C","E01004899","Total",745,60,123,478,84,382,16,26,277,63,363,44,97,201,21
"2011","Bolton 030D","E01004900","Total",888,60,169,542,117,461,18,40,312,91,427,42,129,230,26
"2011","Bolton 031A","E01004776","Total",946,67,157,600,122,479,23,35,332,89,467,44,122,268,33
"2011","Bolton 031B","E01004895","Total",618,53,136,367,62,316,17,36,212,51,302,36,100,155,11
"2011","Bolton 031C","E01004936","Total",1169,74,165,792,138,605,14,34,461,96,564,60,131,331,42
"2011","Bolton 031D","E01004938","Total",585,44,133,368,40,284,15,24,213,32,301,29,109,155,8
"2011","Bolton 031E","E01004939","Total",750,47,147,486,70,381,14,26,287,54,369,33,121,199,16
"2011","Bolton 032A","E01004858","Total",737,40,131,497,69,382,16,26,281,59,355,24,105,216,10
"2011","Bolton 032B","E01004859","Total",499,27,104,320,48,255,8,28,185,34,244,19,76,135,14
"2011","Bolton 032C","E01004860","Total",682,48,116,463,55,346,9,24,269,44,336,39,92,194,11
"2011","Bolton 032D","E01004902","Total",804,63,144,532,65,421,15,31,330,45,383,48,113,202,20
"2011","Bolton 032E","E01004906","Total",743,46,148,473,76,384,13,27,280,64,359,33,121,193,12
"2011","Bolton 033A","E01004861","Total",608,41,149,378,40,301,13,26,229,33,307,28,123,149,7
"2011","Bolton 033B","E01004862","Total",444,24,103,280,37,227,7,20,171,29,217,17,83,109,8
"2011","Bolton 033C","E01004863","Total",580,55,135,357,33,295,13,29,224,29,285,42,106,133,4
"2011","Bolton 033D","E01004874","Total",770,58,162,500,50,396,23,31,303,39,374,35,131,197,11
"2011","Bolton 033E","E01004876","Total",744,55,164,475,50,390,24,50,276,40,354,31,114,199,10
"2011","Bolton 034A","E01004903","Total",814,61,147,535,71,395,22,25,297,51,419,39,122,238,20
"2011","Bolton 034B","E01004904","Total",874,58,169,556,91,444,15,34,324,71,430,43,135,232,20
"2011","Bolton 034C","E01004905","Total",754,50,141,491,72,383,18,27,285,53,371,32,114,206,19
"2011","Bolton 034D","E01004907","Total",578,27,132,378,41,285,10,25,220,30,293,17,107,158,11
"2011","Bolton 034E","E01004908","Total",579,51,116,358,54,298,23,27,202,46,281,28,89,156,8
"2011","Bolton 034F","E01004909","Total",598,33,134,386,45,308,7,28,235,38,290,26,106,151,7
"2011","Bolton 034G","E01004910","Total",1228,83,196,807,142,644,29,55,447,113,584,54,141,360,29
"2011","Bolton 035A","E01004933","Total",786,55,127,513,91,410,26,25,289,70,376,29,102,224,21
"2011","Bolton 035B","E01004934","Total",779,76,156,432,115,408,25,42,260,81,371,51,114,172,34
"2011","Bolton 035C","E01004935","Total",963,71,171,599,122,504,25,46,343,90,459,46,125,256,32
"2011","Bolton 035D","E01004937","Total",859,72,153,531,103,443,20,38,305,80,416,52,115,226,23
"2011","Bolton 035E","E01004940","Total",722,56,131,447,88,371,17,27,254,73,351,39,104,193,15
"2011","Bury 001A","E01005014","Total",802,57,144,495,106,424,22,46,277,79,378,35,98,218,27
"2011","Bury 001B","E01005015","Total",743,64,142,447,90,361,23,36,235,67,382,41,106,212,23
"2011","Bury 001C","E01005016","Total",891,73,133,577,108,461,19,32,332,78,430,54,101,245,30
"2011","Bury 001D","E01005017","Total",908,70,163,542,133,465,20,35,300,110,443,50,128,242,23
"2011","Bury 001E","E01005018","Total",764,61,152,466,85,392,27,40,263,62,372,34,112,203,23
"2011","Bury 001F","E01005021","Total",535,50,103,307,75,289,18,29,180,62,246,32,74,127,13
"2011","Bury 002A","E01005019","Total",722,60,131,440,91,360,22,26,253,59,362,38,105,187,32
"2011","Bury 002B","E01005023","Total",579,65,106,346,62,299,19,27,206,47,280,46,79,140,15
"2011","Bury 002C","E01005046","Total",633,77,118,361,77,328,24,29,222,53,305,53,89,139,24
"2011","Bury 002D","E01005048","Total",849,86,164,489,110,436,29,35,292,80,413,57,129,197,30
"2011","Bury 003A","E01005020","Total",878,74,165,524,115,458,19,35,314,90,420,55,130,210,25
"2011","Bury 003B","E01005022","Total",896,73,159,525,139,461,30,33,297,101,435,43,126,228,38
"2011","Bury 003C","E01005047","Total",751,58,171,379,143,386,13,49,223,101,365,45,122,156,42
"2011","Bury 003D","E01005049","Total",904,82,164,544,114,463,23,33,322,85,441,59,131,222,29
"2011","Bury 003E","E01005051","Total",841,66,151,530,94,408,17,21,301,69,433,49,130,229,25
"2011","Bury 004A","E01004976","Total",627,46,154,375,52,307,12,41,215,39,320,34,113,160,13
"2011","Bury 004B","E01004977","Total",814,68,141,547,58,427,13,39,331,44,387,55,102,216,14
"2011","Bury 004C","E01004978","Total",768,42,158,509,59,403,13,43,304,43,365,29,115,205,16
"2011","Bury 004D","E01004981","Total",693,56,144,385,108,354,15,35,223,81,339,41,109,162,27
"2011","Bury 004E","E01004982","Total",696,60,148,413,75,371,22,43,254,52,325,38,105,159,23
"2011","Bury 005A","E01004961","Total",745,69,170,439,67,373,24,34,264,51,372,45,136,175,16
"2011","Bury 005B","E01004965","Total",583,52,126,325,80,315,21,33,195,66,268,31,93,130,14
"2011","Bury 005C","E01004966","Total",755,68,168,442,77,362,16,33,250,63,393,52,135,192,14
"2011","Bury 005D","E01004967","Total",661,60,148,388,65,333,18,43,219,53,328,42,105,169,12
"2011","Bury 006A","E01004963","Total",725,57,141,468,59,356,15,28,267,46,369,42,113,201,13
"2011","Bury 006B","E01004968","Total",820,55,161,518,86,421,20,29,309,63,399,35,132,209,23
"2011","Bury 006C","E01005050","Total",1119,72,189,724,134,561,22,36,402,101,558,50,153,322,33
"2011","Bury 006D","E01005052","Total",792,63,159,495,75,392,20,34,274,64,400,43,125,221,11
"2011","Bury 006E","E01005053","Total",806,74,150,482,100,410,30,32,270,78,396,44,118,212,22
"2011","Bury 007A","E01004954","Total",697,46,157,427,67,365,12,40,260,53,332,34,117,167,14
"2011","Bury 007B","E01004955","Total",625,33,131,395,66,332,10,37,237,48,293,23,94,158,18
"2011","Bury 007C","E01004956","Total",679,46,152,430,51,345,20,22,259,44,334,26,130,171,7
"2011","Bury 007D","E01004957","Total",656,63,153,380,60,329,24,35,224,46,327,39,118,156,14
"2011","Bury 007E","E01004960","Total",430,30,130,238,32,209,12,33,141,23,221,18,97,97,9
"2011","Bury 008A","E01004958","Total",609,40,125,392,52,335,15,34,246,40,274,25,91,146,12
"2011","Bury 008B","E01004959","Total",736,60,151,455,70,389,17,43,273,56,347,43,108,182,14
"2011","Bury 008C","E01004979","Total",594,42,182,325,45,347,19,86,203,39,247,23,96,122,6
"2011","Bury 008D","E01004980","Total",650,44,135,433,38,338,20,46,239,33,312,24,89,194,5
"2011","Bury 008E","E01005024","Total",451,39,139,252,21,270,18,75,161,16,181,21,64,91,5
"2011","Bury 008F","E01005026","Total",631,59,169,349,54,376,30,94,211,41,255,29,75,138,13
"2011","Bury 009A","E01004947","Total",731,57,111,494,69,375,15,27,280,53,356,42,84,214,16
"2011","Bury 009B","E01004948","Total",789,51,148,505,85,414,14,33,296,71,375,37,115,209,14
"2011","Bury 009C","E01004962","Total",953,54,166,631,102,502,16,33,375,78,451,38,133,256,24
"2011","Bury 009D","E01004964","Total",1012,64,179,664,105,502,22,35,364,81,510,42,144,300,24
"2011","Bury 010A","E01004949","Total",684,62,137,403,82,354,13,26,245,70,330,49,111,158,12
"2011","Bury 010B","E01004950","Total",743,73,150,420,100,372,25,44,229,74,371,48,106,191,26
"2011","Bury 010C","E01004951","Total",738,62,149,437,90,388,18,45,257,68,350,44,104,180,22
"2011","Bury 010D","E01004952","Total",585,50,132,339,64,300,15,43,189,53,285,35,89,150,11
"2011","Bury 010E","E01004953","Total",770,60,160,468,82,396,16,32,283,65,374,44,128,185,17
"2011","Bury 011A","E01005025","Total",768,58,143,501,66,402,19,32,299,52,366,39,111,202,14
"2011","Bury 011B","E01005027","Total",824,65,189,496,74,449,29,71,291,58,375,36,118,205,16
"2011","Bury 011C","E01005028","Total",705,55,184,408,58,360,21,62,232,45,345,34,122,176,13
"2011","Bury 011D","E01005029","Total",746,70,179,452,45,420,30,71,281,38,326,40,108,171,7
"2011","Bury 012A","E01005000","Total",871,71,164,534,102,444,18,30,315,81,427,53,134,219,21
"2011","Bury 012B","E01005001","Total",805,66,143,495,101,400,19,21,286,74,405,47,122,209,27
"2011","Bury 012C","E01005005","Total",680,46,164,392,78,347,13,40,239,55,333,33,124,153,23
"2011","Bury 012D","E01005006","Total",735,65,160,400,110,366,22,37,231,76,369,43,123,169,34
"2011","Bury 013A","E01005030","Total",668,55,148,401,64,365,19,50,247,49,303,36,98,154,15
"2011","Bury 013B","E01005054","Total",791,71,141,480,99,401,18,30,271,82,390,53,111,209,17
"2011","Bury 013C","E01005059","Total",808,71,154,501,82,419,24,47,289,59,389,47,107,212,23
"2011","Bury 013D","E01005060","Total",825,52,162,531,80,428,20,44,303,61,397,32,118,228,19
"2011","Bury 014A","E01004997","Total",758,47,154,496,61,379,8,34,293,44,379,39,120,203,17
"2011","Bury 014B","E01004998","Total",657,47,139,409,62,334,12,36,236,50,323,35,103,173,12
"2011","Bury 014C","E01004999","Total",765,56,149,473,87,396,19,32,277,68,369,37,117,196,19
"2011","Bury 014D","E01005002","Total",812,59,156,532,65,414,20,25,318,51,398,39,131,214,14
"2011","Bury 014E","E01005003","Total",709,41,157,450,61,375,14,39,273,49,334,27,118,177,12
"2011","Bury 015A","E01004991","Total",695,44,137,452,62,369,14,30,277,48,326,30,107,175,14
"2011","Bury 015B","E01004992","Total",717,33,136,490,58,377,10,32,288,47,340,23,104,202,11
"2011","Bury 015C","E01004993","Total",660,43,100,448,69,338,13,21,249,55,322,30,79,199,14
"2011","Bury 015D","E01004994","Total",584,37,99,392,56,299,12,23,224,40,285,25,76,168,16
"2011","Bury 016A","E01004990","Total",716,43,141,468,64,377,21,32,272,52,339,22,109,196,12
"2011","Bury 016B","E01004996","Total",596,46,108,387,55,323,19,28,234,42,273,27,80,153,13
"2011","Bury 016C","E01005004","Total",477,26,105,315,31,255,8,33,187,27,222,18,72,128,4
"2011","Bury 016D","E01005008","Total",842,58,168,538,78,429,13,39,310,67,413,45,129,228,11
"2011","Bury 016E","E01005009","Total",690,47,110,458,75,354,12,30,257,55,336,35,80,201,20
"2011","Bury 017A","E01004945","Total",703,53,134,443,73,364,17,30,259,58,339,36,104,184,15
"2011","Bury 017B","E01005055","Total",739,71,141,461,66,386,23,36,272,55,353,48,105,189,11
"2011","Bury 017C","E01005056","Total",619,46,112,402,59,337,12,24,257,44,282,34,88,145,15
"2011","Bury 017D","E01005057","Total",787,53,171,468,95,389,11,31,271,76,398,42,140,197,19
"2011","Bury 017E","E01005058","Total",651,63,137,379,72,352,18,36,239,59,299,45,101,140,13
"2011","Bury 018A","E01004995","Total",772,65,146,490,71,395,19,32,288,56,377,46,114,202,15
"2011","Bury 018B","E01005010","Total",860,61,155,543,101,419,21,26,295,77,441,40,129,248,24
"2011","Bury 018C","E01005012","Total",791,59,160,487,85,399,15,35,277,72,392,44,125,210,13
"2011","Bury 018D","E01005013","Total",1086,76,189,720,101,556,21,49,408,78,530,55,140,312,23
"2011","Bury 019A","E01004984","Total",631,74,138,308,111,327,19,30,187,91,304,55,108,121,20
"2011","Bury 019B","E01004985","Total",720,77,164,347,132,388,21,32,230,105,332,56,132,117,27
"2011","Bury 019C","E01004989","Total",712,72,128,396,116,399,24,42,239,94,313,48,86,157,22
"2011","Bury 019D","E01005007","Total",693,50,133,427,83,338,13,40,225,60,355,37,93,202,23
"2011","Bury 019E","E01005011","Total",754,59,132,463,100,384,16,31,266,71,370,43,101,197,29
"2011","Bury 020A","E01004983","Total",732,58,136,461,77,368,17,37,255,59,364,41,99,206,18
"2011","Bury 020B","E01004986","Total",798,70,142,499,87,395,29,37,261,68,403,41,105,238,19
"2011","Bury 020C","E01004987","Total",427,39,100,238,50,214,15,28,131,40,213,24,72,107,10
"2011","Bury 020D","E01004988","Total",733,51,146,471,65,359,22,31,255,51,374,29,115,216,14
"2011","Bury 021A","E01004941","Total",836,75,181,514,66,409,23,43,292,51,427,52,138,222,15
"2011","Bury 021B","E01004942","Total",549,47,130,321,51,270,13,35,176,46,279,34,95,145,5
"2011","Bury 021C","E01004943","Total",779,48,164,505,62,409,14,49,299,47,370,34,115,206,15
"2011","Bury 021D","E01004944","Total",870,75,160,552,83,420,16,30,315,59,450,59,130,237,24
"2011","Bury 021E","E01004946","Total",618,48,168,354,48,294,12,37,209,36,324,36,131,145,12
"2011","Bury 022A","E01004969","Total",715,61,126,434,94,389,20,38,259,72,326,41,88,175,22
"2011","Bury 022B","E01004970","Total",800,80,177,473,70,403,25,51,273,54,397,55,126,200,16
"2011","Bury 022C","E01004971","Total",739,55,149,464,71,396,18,45,277,56,343,37,104,187,15
"2011","Bury 022D","E01005034","Total",743,65,117,467,94,374,30,36,237,71,369,35,81,230,23
"2011","Bury 023A","E01004972","Total",628,68,146,349,65,304,18,39,193,54,324,50,107,156,11
"2011","Bury 023B","E01004973","Total",772,44,163,485,80,378,10,41,270,57,394,34,122,215,23
"2011","Bury 023C","E01004975","Total",832,50,142,557,83,420,22,39,296,63,412,28,103,261,20
"2011","Bury 023D","E01005039","Total",633,38,131,407,57,319,10,45,218,46,314,28,86,189,11
"2011","Bury 023E","E01005045","Total",793,67,162,473,91,398,22,45,263,68,395,45,117,210,23
"2011","Bury 024A","E01004974","Total",764,64,159,456,85,411,18,47,277,69,353,46,112,179,16
"2011","Bury 024B","E01005033","Total",766,56,166,444,100,403,16,49,267,71,363,40,117,177,29
"2011","Bury 024C","E01005036","Total",945,66,135,619,125,510,27,36,356,91,435,39,99,263,34
"2011","Bury 024D","E01005037","Total",753,59,146,476,72,399,23,39,286,51,354,36,107,190,21
"2011","Bury 025A","E01005031","Total",684,44,151,423,66,335,15,29,243,48,349,29,122,180,18
"2011","Bury 025B","E01005032","Total",476,41,98,289,48,228,15,29,149,35,248,26,69,140,13
"2011","Bury 025C","E01005035","Total",734,41,125,479,89,369,11,34,259,65,365,30,91,220,24
"2011","Bury 025D","E01005038","Total",728,64,145,433,86,372,27,34,250,61,356,37,111,183,25
"2011","Bury 026A","E01005040","Total",873,67,194,532,80,477,27,71,309,70,396,40,123,223,10
"2011","Bury 026B","E01005041","Total",730,81,199,368,82,402,28,60,243,71,328,53,139,125,11
"2011","Bury 026C","E01005042","Total",769,85,236,379,69,390,21,83,235,51,379,64,153,144,18
"2011","Bury 026D","E01005043","Total",739,106,224,346,63,407,28,86,242,51,332,78,138,104,12
"2011","Bury 026E","E01005044","Total",593,57,231,276,29,330,13,107,193,17,263,44,124,83,12
"2011","Manchester 001A","E01005098","Total",548,49,125,335,39,254,15,35,173,31,294,34,90,162,8
"2011","Manchester 001B","E01005099","Total",536,41,166,301,28,261,18,46,181,16,275,23,120,120,12
"2011","Manchester 001C","E01005100","Total",669,51,156,397,65,332,22,42,212,56,337,29,114,185,9
"2011","Manchester 001D","E01005102","Total",670,43,155,422,50,324,19,37,226,42,346,24,118,196,8
"2011","Manchester 001E","E01005103","Total",570,44,125,355,46,277,15,33,195,34,293,29,92,160,12
"2011","Manchester 002A","E01005101","Total",685,73,141,431,40,309,25,43,213,28,376,48,98,218,12
"2011","Manchester 002B","E01005135","Total",545,55,129,332,29,268,20,34,195,19,277,35,95,137,10
"2011","Manchester 002C","E01005136","Total",708,56,159,429,64,331,17,36,232,46,377,39,123,197,18
"2011","Manchester 002D","E01005138","Total",506,36,130,309,31,256,14,37,180,25,250,22,93,129,6
"2011","Manchester 002E","E01005140","Total",1259,90,228,813,128,676,31,80,469,96,583,59,148,344,32
"2011","Manchester 003B","E01005139","Total",763,53,156,497,57,374,15,38,276,45,389,38,118,221,12
"2011","Manchester 003C","E01005141","Total",579,49,145,359,26,285,17,40,210,18,294,32,105,149,8
"2011","Manchester 003D","E01005251","Total",621,57,144,372,48,312,19,39,219,35,309,38,105,153,13
"2011","Manchester 003E","E01005252","Total",721,66,150,454,51,341,22,25,256,38,380,44,125,198,13
"2011","Manchester 003F","E01033685","Total",778,51,143,521,63,394,12,43,287,52,384,39,100,234,11
"2011","Manchester 003G","E01033687","Total",595,35,109,391,60,339,12,36,241,50,256,23,73,150,10
"2011","Manchester 004A","E01005104","Total",740,45,155,460,80,391,11,46,280,54,349,34,109,180,26
"2011","Manchester 004B","E01005160","Total",745,74,163,451,57,425,27,86,271,41,320,47,77,180,16
"2011","Manchester 004C","E01005161","Total",732,62,172,455,43,378,22,48,265,43,354,40,124,190,0
"2011","Manchester 004D","E01005162","Total",673,65,151,405,52,385,25,80,236,44,288,40,71,169,8
"2011","Manchester 004E","E01005163","Total",666,56,155,422,33,381,23,59,272,27,285,33,96,150,6
"2011","Manchester 005A","E01005247","Total",690,43,135,447,65,350,12,35,259,44,340,31,100,188,21
"2011","Manchester 005B","E01005248","Total",675,48,138,432,57,346,23,35,241,47,329,25,103,191,10
"2011","Manchester 005C","E01005249","Total",858,57,152,571,78,455,19,39,337,60,403,38,113,234,18
"2011","Manchester 005D","E01005250","Total",692,48,154,443,47,334,21,29,249,35,358,27,125,194,12
"2011","Manchester 005E","E01005253","Total",587,53,125,363,46,295,16,24,218,37,292,37,101,145,9
"2011","Manchester 005F","E01005254","Total",839,53,145,564,77,428,20,34,313,61,411,33,111,251,16
"2011","Manchester 006A","E01005164","Total",578,39,139,353,47,349,18,84,215,32,229,21,55,138,15
"2011","Manchester 006B","E01005205","Total",738,65,190,421,62,365,22,46,248,49,373,43,144,173,13
"2011","Manchester 006C","E01005206","Total",787,38,168,521,60,417,10,48,314,45,370,28,120,207,15
"2011","Manchester 006D","E01005207","Total",852,50,187,557,58,483,20,64,348,51,369,30,123,209,7
"2011","Manchester 007A","E01005223","Total",563,44,127,357,35,297,15,41,218,23,266,29,86,139,12
"2011","Manchester 007B","E01005224","Total",784,61,205,460,58,419,29,61,281,48,365,32,144,179,10
"2011","Manchester 007C","E01005225","Total",692,38,163,444,47,359,8,52,263,36,333,30,111,181,11
"2011","Manchester 007D","E01005226","Total",700,54,155,451,40,357,20,53,250,34,343,34,102,201,6
"2011","Manchester 007E","E01005229","Total",791,53,173,491,74,403,21,37,289,56,388,32,136,202,18
"2011","Manchester 008A","E01005145","Total",829,124,253,397,55,590,70,185,288,47,239,54,68,109,8
"2011","Manchester 008B","E01005146","Total",809,84,217,446,62,482,45,129,262,46,327,39,88,184,16
"2011","Manchester 008C","E01005149","Total",529,101,176,216,36,368,60,124,154,30,161,41,52,62,6
"2011","Manchester 008D","E01005165","Total",787,70,175,483,59,470,32,97,295,46,317,38,78,188,13
"2011","Manchester 008E","E01005166","Total",620,81,184,324,31,375,45,112,199,19,245,36,72,125,12
"2011","Manchester 008F","E01005167","Total",632,76,198,319,39,388,40,115,204,29,244,36,83,115,10
"2011","Manchester 009A","E01005202","Total",519,42,139,306,32,274,14,36,198,26,245,28,103,108,6
"2011","Manchester 009B","E01005203","Total",537,38,167,293,39,297,15,65,186,31,240,23,102,107,8
"2011","Manchester 009D","E01005227","Total",623,56,144,375,48,322,25,51,212,34,301,31,93,163,14
"2011","Manchester 009E","E01005228","Total",489,49,143,267,30,257,18,39,174,26,232,31,104,93,4
"2011","Manchester 009F","E01033678","Total",567,41,133,361,32,300,13,43,219,25,267,28,90,142,7
"2011","Manchester 009G","E01033679","Total",380,31,104,212,33,201,11,42,126,22,179,20,62,86,11
"2011","Manchester 011A","E01005256","Total",739,59,188,454,38,372,24,46,268,34,367,35,142,186,4
"2011","Manchester 011B","E01005257","Total",582,47,142,358,35,274,10,36,205,23,308,37,106,153,12
"2011","Manchester 011C","E01005258","Total",685,35,144,460,46,340,11,37,257,35,345,24,107,203,11
"2011","Manchester 011D","E01005259","Total",559,36,147,345,31,278,14,32,210,22,281,22,115,135,9
"2011","Manchester 011E","E01005260","Total",708,35,124,472,77,379,13,36,267,63,329,22,88,205,14
"2011","Manchester 012A","E01005093","Total",551,56,135,320,40,268,19,39,183,27,283,37,96,137,13
"2011","Manchester 012B","E01005094","Total",496,40,121,306,29,245,14,45,163,23,251,26,76,143,6
"2011","Manchester 012C","E01005097","Total",497,45,136,284,32,235,17,36,162,20,262,28,100,122,12
"2011","Manchester 012D","E01005255","Total",487,37,113,309,28,250,9,35,183,23,237,28,78,126,5
"2011","Manchester 012E","E01005261","Total",498,39,133,294,32,244,8,34,174,28,254,31,99,120,4
"2011","Manchester 013B","E01005129","Total",505,44,137,276,48,287,22,44,179,42,218,22,93,97,6
"2011","Manchester 013C","E01005132","Total",483,37,137,279,30,249,14,39,168,28,234,23,98,111,2
"2011","Manchester 013D","E01005133","Total",495,35,101,316,43,282,11,33,204,34,213,24,68,112,9
"2011","Manchester 013E","E01033663","Total",835,46,75,601,113,539,28,40,388,83,296,18,35,213,30
"2011","Manchester 013F","E01033684","Total",985,68,83,712,122,595,38,45,426,86,390,30,38,286,36
"2011","Manchester 013G","E01033688","Total",523,49,116,315,43,268,19,43,177,29,255,30,73,138,14
"2011","Manchester 015A","E01005092","Total",565,45,155,324,41,289,16,41,202,30,276,29,114,122,11
"2011","Manchester 015C","E01005105","Total",795,71,157,486,81,460,35,62,299,64,335,36,95,187,17
"2011","Manchester 015D","E01005106","Total",673,85,162,371,55,342,32,53,207,50,331,53,109,164,5
"2011","Manchester 015E","E01005107","Total",584,45,156,336,47,295,22,47,187,39,289,23,109,149,8
"2011","Manchester 015F","E01033668","Total",646,34,75,472,65,363,18,30,265,50,283,16,45,207,15
"2011","Manchester 015G","E01033669","Total",556,58,133,317,48,302,21,52,188,41,254,37,81,129,7
"2011","Manchester 017A","E01005108","Total",854,81,204,503,66,457,39,64,309,45,397,42,140,194,21
"2011","Manchester 017D","E01005189","Total",555,43,133,349,30,272,16,41,194,21,283,27,92,155,9
"2011","Manchester 017E","E01005190","Total",783,58,169,496,60,405,27,51,288,39,378,31,118,208,21
"2011","Manchester 017F","E01033666","Total",1086,80,227,683,96,564,28,58,399,79,522,52,169,284,17
"2011","Manchester 018A","E01005061","Total",512,61,147,275,29,269,25,65,154,25,243,36,82,121,4
"2011","Manchester 018B","E01005062","Total",802,208,196,348,50,451,103,118,193,37,351,105,78,155,13
"2011","Manchester 018C","E01005063","Total",492,61,136,267,28,247,18,59,151,19,245,43,77,116,9
"2011","Manchester 018D","E01005065","Total",713,101,211,358,43,405,51,98,223,33,308,50,113,135,10
"2011","Manchester 018E","E01005066","Total",470,110,109,211,40,284,61,53,135,35,186,49,56,76,5
"2011","Manchester 019A","E01005208","Total",1144,109,181,768,86,627,52,70,443,62,517,57,111,325,24
"2011","Manchester 019B","E01005209","Total",786,184,187,373,42,412,82,77,222,31,374,102,110,151,11
"2011","Manchester 019C","E01005210","Total",637,302,117,196,22,321,137,50,116,18,316,165,67,80,4
"2011","Manchester 019D","E01005214","Total",1251,112,205,834,100,768,56,107,534,71,483,56,98,300,29
"2011","Manchester 020A","E01005067","Total",390,55,115,202,18,221,23,49,135,14,169,32,66,67,4
"2011","Manchester 020B","E01005186","Total",924,88,207,568,61,485,35,83,326,41,439,53,124,242,20
"2011","Manchester 020C","E01005232","Total",674,77,207,346,44,388,34,96,223,35,286,43,111,123,9
"2011","Manchester 020D","E01005235","Total",539,87,157,279,16,300,50,79,158,13,239,37,78,121,3
"2011","Manchester 020E","E01005239","Total",493,79,179,217,18,274,34,107,119,14,219,45,72,98,4
"2011","Manchester 021A","E01005187","Total",757,76,165,457,59,409,29,53,277,50,348,47,112,180,9
"2011","Manchester 021B","E01005188","Total",747,52,174,468,53,387,19,48,277,43,360,33,126,191,10
"2011","Manchester 021C","E01005191","Total",622,40,154,392,36,332,14,59,227,32,290,26,95,165,4
"2011","Manchester 021D","E01005192","Total",743,46,182,452,63,408,24,76,257,51,335,22,106,195,12
"2011","Manchester 021E","E01005193","Total",855,60,162,560,73,443,23,55,312,53,412,37,107,248,20
"2011","Manchester 022B","E01005230","Total",714,158,172,339,45,406,78,100,194,34,308,80,72,145,11
"2011","Manchester 022C","E01005231","Total",889,356,169,313,51,443,140,86,186,31,446,216,83,127,20
"2011","Manchester 022D","E01005236","Total",722,189,196,302,35,451,100,117,216,18,271,89,79,86,17
"2011","Manchester 022E","E01005237","Total",598,88,200,276,34,430,55,143,204,28,168,33,57,72,6
"2011","Manchester 022F","E01033652","Total",437,127,96,201,13,223,62,50,103,8,214,65,46,98,5
"2011","Manchester 022G","E01033657","Total",466,159,121,162,24,227,61,46,101,19,239,98,75,61,5
"2011","Manchester 023A","E01005195","Total",683,57,208,391,27,332,20,74,216,22,351,37,134,175,5
"2011","Manchester 023B","E01005196","Total",786,58,193,482,53,394,12,54,291,37,392,46,139,191,16
"2011","Manchester 023C","E01005197","Total",572,39,121,359,53,293,14,41,201,37,279,25,80,158,16
"2011","Manchester 023D","E01005198","Total",496,46,136,286,28,261,22,57,159,23,235,24,79,127,5
"2011","Manchester 023E","E01005201","Total",668,71,189,373,35,362,31,74,229,28,306,40,115,144,7
"2011","Manchester 024A","E01005240","Total",852,92,281,430,49,464,36,136,255,37,388,56,145,175,12
"2011","Manchester 024B","E01005243","Total",814,97,220,452,45,396,49,102,215,30,418,48,118,237,15
"2011","Manchester 024C","E01005245","Total",585,98,199,250,38,301,46,85,138,32,284,52,114,112,6
"2011","Manchester 024D","E01005246","Total",517,72,169,246,30,245,35,65,124,21,272,37,104,122,9
"2011","Manchester 025A","E01005241","Total",1100,154,238,645,63,605,73,114,378,40,495,81,124,267,23
"2011","Manchester 025B","E01005242","Total",883,159,272,408,44,520,93,141,251,35,363,66,131,157,9
"2011","Manchester 025C","E01005244","Total",935,274,239,386,36,528,129,131,244,24,407,145,108,142,12
"2011","Manchester 025D","E01005285","Total",381,72,100,196,13,224,33,61,120,10,157,39,39,76,3
"2011","Manchester 025E","E01005288","Total",648,160,166,278,44,407,93,103,178,33,241,67,63,100,11
"2011","Manchester 026A","E01005280","Total",592,73,182,301,36,345,29,102,191,23,247,44,80,110,13
"2011","Manchester 026B","E01005281","Total",737,314,103,291,29,372,142,44,168,18,365,172,59,123,11
"2011","Manchester 026C","E01005284","Total",1017,368,202,377,70,550,148,114,239,49,467,220,88,138,21
"2011","Manchester 026D","E01005286","Total",918,198,173,460,87,521,95,96,267,63,397,103,77,193,24
"2011","Manchester 026E","E01005287","Total",594,118,188,250,38,359,59,118,154,28,235,59,70,96,10
"2011","Manchester 027A","E01005194","Total",875,105,279,430,61,543,51,175,272,45,332,54,104,158,16
"2011","Manchester 027B","E01005199","Total",929,90,224,548,67,555,39,117,342,57,374,51,107,206,10
"2011","Manchester 027C","E01005200","Total",813,75,213,470,55,439,31,80,287,41,374,44,133,183,14
"2011","Manchester 027D","E01005233","Total",748,102,282,315,49,502,59,190,214,39,246,43,92,101,10
"2011","Manchester 027E","E01005234","Total",620,97,216,281,26,406,59,142,182,23,214,38,74,99,3
"2011","Manchester 027F","E01005238","Total",660,85,249,294,32,429,54,169,182,24,231,31,80,112,8
"2011","Manchester 028A","E01005297","Total",1099,85,220,676,118,560,33,100,368,59,539,52,120,308,59
"2011","Manchester 028B","E01005298","Total",860,83,193,495,89,483,34,102,288,59,377,49,91,207,30
"2011","Manchester 028C","E01005302","Total",1053,80,202,646,125,588,32,91,375,90,465,48,111,271,35
"2011","Manchester 028E","E01033680","Total",748,38,121,502,87,418,18,59,281,60,330,20,62,221,27
"2011","Manchester 028F","E01033686","Total",727,44,129,481,73,406,17,63,272,54,321,27,66,209,19
"2011","Manchester 029A","E01005150","Total",1284,80,134,914,156,732,39,61,538,94,552,41,73,376,62
"2011","Manchester 029B","E01005151","Total",816,41,139,542,94,430,16,49,310,55,386,25,90,232,39
"2011","Manchester 029C","E01005152","Total",890,52,150,579,109,445,15,41,325,64,445,37,109,254,45
"2011","Manchester 029D","E01005159","Total",975,61,154,640,120,500,20,52,352,76,475,41,102,288,44
"2011","Manchester 029E","E01005296","Total",864,58,164,552,90,464,26,61,317,60,400,32,103,235,30
"2011","Manchester 029F","E01005299","Total",730,73,150,436,71,405,26,75,263,41,325,47,75,173,30
"2011","Manchester 030A","E01005178","Total",800,83,177,483,57,426,36,77,271,42,374,47,100,212,15
"2011","Manchester 030B","E01005179","Total",1177,105,228,733,111,643,45,112,411,75,534,60,116,322,36
"2011","Manchester 030C","E01005180","Total",680,68,177,386,49,339,23,70,207,39,341,45,107,179,10
"2011","Manchester 030D","E01005181","Total",882,90,159,551,82,500,32,77,337,54,382,58,82,214,28
"2011","Manchester 030E","E01005182","Total",532,61,156,283,32,274,23,62,165,24,258,38,94,118,8
"2011","Manchester 030F","E01005183","Total",561,52,133,342,34,287,24,61,183,19,274,28,72,159,15
"2011","Manchester 031A","E01005219","Total",931,103,228,528,72,533,53,112,319,49,398,50,116,209,23
"2011","Manchester 031B","E01005220","Total",815,62,200,485,68,452,29,93,279,51,363,33,107,206,17
"2011","Manchester 031C","E01005221","Total",959,86,240,562,71,569,39,139,339,52,390,47,101,223,19
"2011","Manchester 031D","E01005222","Total",954,78,217,574,85,498,35,77,331,55,456,43,140,243,30
"2011","Manchester 032A","E01005184","Total",899,236,175,411,77,463,87,85,237,54,436,149,90,174,23
"2011","Manchester 032B","E01005185","Total",1059,602,188,234,35,479,232,80,137,30,580,370,108,97,5
"2011","Manchester 032C","E01005271","Total",787,307,124,305,51,406,117,66,182,41,381,190,58,123,10
"2011","Manchester 032D","E01005282","Total",614,86,179,306,43,358,44,97,190,27,256,42,82,116,16
"2011","Manchester 032E","E01005283","Total",509,256,133,108,12,219,96,61,58,4,290,160,72,50,8
"2011","Manchester 033A","E01005154","Total",1054,74,151,703,126,519,24,52,353,90,535,50,99,350,36
"2011","Manchester 033B","E01005156","Total",962,76,135,612,139,463,28,36,320,79,499,48,99,292,60
"2011","Manchester 033C","E01005158","Total",803,56,122,516,109,413,30,50,270,63,390,26,72,246,46
"2011","Manchester 033D","E01005300","Total",615,78,144,332,61,345,31,67,200,47,270,47,77,132,14
"2011","Manchester 033E","E01005301","Total",815,78,153,488,96,427,32,58,276,61,388,46,95,212,35
"2011","Manchester 034A","E01005118","Total",638,57,159,372,50,336,17,62,221,36,302,40,97,151,14
"2011","Manchester 034B","E01005120","Total",741,51,176,449,65,414,18,73,272,51,327,33,103,177,14
"2011","Manchester 034C","E01005215","Total",807,69,166,518,54,430,28,62,294,46,377,41,104,224,8
"2011","Manchester 034D","E01005216","Total",766,68,173,444,81,402,30,75,238,59,364,38,98,206,22
"2011","Manchester 034E","E01005217","Total",846,86,185,485,90,453,34,66,292,61,393,52,119,193,29
"2011","Manchester 034F","E01005218","Total",635,124,131,324,56,359,61,67,195,36,276,63,64,129,20
"2011","Manchester 035A","E01005270","Total",729,76,179,418,56,358,28,61,235,34,371,48,118,183,22
"2011","Manchester 035B","E01005272","Total",628,42,175,369,42,305,17,60,199,29,323,25,115,170,13
"2011","Manchester 035C","E01005273","Total",631,168,103,325,35,346,83,53,187,23,285,85,50,138,12
"2011","Manchester 035D","E01005278","Total",659,186,164,278,31,351,81,86,165,19,308,105,78,113,12
"2011","Manchester 035E","E01005279","Total",882,61,173,587,61,450,25,60,322,43,432,36,113,265,18
"2011","Manchester 036A","E01005305","Total",834,133,162,463,76,485,61,79,284,61,349,72,83,179,15
"2011","Manchester 036B","E01005309","Total",1056,298,188,494,76,514,118,83,274,39,542,180,105,220,37
"2011","Manchester 036C","E01005310","Total",604,244,131,201,28,248,71,53,106,18,356,173,78,95,10
"2011","Manchester 036D","E01005311","Total",776,169,125,419,63,403,82,53,230,38,373,87,72,189,25
"2011","Manchester 036E","E01005312","Total",640,232,107,255,46,324,90,53,150,31,316,142,54,105,15
"2011","Manchester 037A","E01005082","Total",680,55,142,420,63,320,21,38,221,40,360,34,104,199,23
"2011","Manchester 037B","E01005153","Total",1057,66,131,706,154,501,27,37,346,91,556,39,94,360,63
"2011","Manchester 037C","E01005155","Total",923,44,128,642,109,453,21,36,344,52,470,23,92,298,57
"2011","Manchester 037D","E01005157","Total",873,65,125,566,117,429,14,22,317,76,444,51,103,249,41
"2011","Manchester 038A","E01005274","Total",761,91,141,467,62,376,45,55,241,35,385,46,86,226,27
"2011","Manchester 038B","E01005275","Total",1157,91,128,795,143,584,37,52,416,79,573,54,76,379,64
"2011","Manchester 038C","E01005276","Total",938,108,125,595,110,489,47,48,324,70,449,61,77,271,40
"2011","Manchester 038D","E01005277","Total",1107,76,135,727,169,592,32,54,404,102,515,44,81,323,67
"2011","Manchester 039A","E01005076","Total",1048,54,97,752,145,559,24,48,407,80,489,30,49,345,65
"2011","Manchester 039C","E01005081","Total",667,60,170,377,60,327,28,62,194,43,340,32,108,183,17
"2011","Manchester 039D","E01005083","Total",1216,73,115,849,179,670,33,51,484,102,546,40,64,365,77
"2011","Manchester 039E","E01033670","Total",1010,34,44,719,213,535,18,26,362,129,475,16,18,357,84
"2011","Manchester 039F","E01033671","Total",1221,61,98,873,189,658,23,42,476,117,563,38,56,397,72
"2011","Manchester 040A","E01005125","Total",691,65,143,410,73,347,25,50,218,54,344,40,93,192,19
"2011","Manchester 040B","E01005304","Total",845,146,160,458,81,490,80,73,277,60,355,66,87,181,21
"2011","Manchester 040C","E01005306","Total",866,79,108,553,126,464,34,27,317,86,402,45,81,236,40
"2011","Manchester 040D","E01005307","Total",997,131,156,605,105,574,62,76,366,70,423,69,80,239,35
"2011","Manchester 040E","E01005308","Total",768,80,147,473,68,392,31,47,272,42,376,49,100,201,26
"2011","Manchester 041A","E01005119","Total",562,50,160,315,37,285,18,59,180,28,277,32,101,135,9
"2011","Manchester 041B","E01005121","Total",577,58,172,309,38,280,19,58,174,29,297,39,114,135,9
"2011","Manchester 041C","E01005122","Total",628,54,159,361,54,312,23,53,205,31,316,31,106,156,23
"2011","Manchester 041D","E01005123","Total",592,52,154,345,41,311,27,51,202,31,281,25,103,143,10
"2011","Manchester 041E","E01005124","Total",699,58,167,412,62,317,23,50,210,34,382,35,117,202,28
"2011","Manchester 042A","E01005077","Total",557,47,150,324,36,275,17,66,169,23,282,30,84,155,13
"2011","Manchester 042B","E01005078","Total",991,48,78,681,184,538,16,23,375,124,453,32,55,306,60
"2011","Manchester 042C","E01005079","Total",727,63,110,437,117,371,18,33,239,81,356,45,77,198,36
"2011","Manchester 042D","E01005084","Total",1036,61,186,702,87,520,27,56,383,54,516,34,130,319,33
"2011","Manchester 043A","E01005172","Total",909,71,112,531,195,470,25,43,281,121,439,46,69,250,74
"2011","Manchester 043B","E01005173","Total",904,66,106,542,190,482,31,30,291,130,422,35,76,251,60
"2011","Manchester 043C","E01005174","Total",869,86,122,519,142,434,30,20,289,95,435,56,102,230,47
"2011","Manchester 043D","E01005175","Total",885,71,119,570,125,464,23,39,325,77,421,48,80,245,48
"2011","Manchester 043E","E01005176","Total",1295,63,101,875,256,670,23,33,471,143,625,40,68,404,113
"2011","Manchester 043F","E01005177","Total",768,76,95,466,131,382,26,21,257,78,386,50,74,209,53
"2011","Manchester 044A","E01005115","Total",848,60,169,547,72,424,21,48,299,56,424,39,121,248,16
"2011","Manchester 044B","E01005262","Total",903,55,175,596,77,444,21,48,325,50,459,34,127,271,27
"2011","Manchester 044C","E01005264","Total",640,37,155,403,45,310,14,52,214,30,330,23,103,189,15
"2011","Manchester 044D","E01005265","Total",676,43,137,445,51,346,14,41,253,38,330,29,96,192,13
"2011","Manchester 044E","E01005266","Total",755,54,160,484,57,378,30,37,269,42,377,24,123,215,15
"2011","Manchester 045A","E01005126","Total",1018,74,176,658,110,542,34,76,358,74,476,40,100,300,36
"2011","Manchester 045B","E01005168","Total",696,59,141,409,87,354,24,39,235,56,342,35,102,174,31
"2011","Manchester 045C","E01005169","Total",688,81,119,373,115,355,24,37,218,76,333,57,82,155,39
"2011","Manchester 045D","E01005170","Total",753,55,133,467,98,393,20,47,264,62,360,35,86,203,36
"2011","Manchester 045E","E01005171","Total",943,65,145,594,139,518,12,50,360,96,425,53,95,234,43
"2011","Manchester 046A","E01005263","Total",803,42,148,520,93,433,19,42,304,68,370,23,106,216,25
"2011","Manchester 046B","E01005267","Total",785,62,137,502,84,403,17,34,287,65,382,45,103,215,19
"2011","Manchester 046C","E01005268","Total",1216,66,173,836,141,589,27,49,427,86,627,39,124,409,55
"2011","Manchester 046D","E01005269","Total",730,55,131,451,93,370,19,35,250,66,360,36,96,201,27
"2011","Manchester 047A","E01005069","Total",834,41,168,540,85,409,13,48,291,57,425,28,120,249,28
"2011","Manchester 047B","E01005111","Total",604,62,135,355,52,301,19,40,200,42,303,43,95,155,10
"2011","Manchester 047C","E01005113","Total",665,51,142,419,53,354,20,47,244,43,311,31,95,175,10
"2011","Manchester 047D","E01005114","Total",825,60,144,523,98,429,18,40,299,72,396,42,104,224,26
"2011","Manchester 047E","E01005116","Total",1063,79,172,707,105,526,24,50,375,77,537,55,122,332,28
"2011","Manchester 048A","E01005071","Total",730,63,138,476,53,366,21,43,266,36,364,42,95,210,17
"2011","Manchester 048B","E01005072","Total",797,36,136,545,80,414,9,35,315,55,383,27,101,230,25
"2011","Manchester 048C","E01005073","Total",757,57,152,476,72,396,21,46,274,55,361,36,106,202,17
"2011","Manchester 048D","E01005112","Total",680,39,177,403,61,342,12,58,232,40,338,27,119,171,21
"2011","Manchester 048E","E01005117","Total",823,59,187,517,60,437,24,65,300,48,386,35,122,217,12
"2011","Manchester 049A","E01005085","Total",638,43,138,418,39,329,14,41,242,32,309,29,97,176,7
"2011","Manchester 049B","E01005086","Total",654,44,150,422,38,332,18,55,224,35,322,26,95,198,3
"2011","Manchester 049C","E01005089","Total",668,57,144,421,46,331,18,38,239,36,337,39,106,182,10
"2011","Manchester 049D","E01005289","Total",516,43,120,319,34,268,13,41,186,28,248,30,79,133,6
"2011","Manchester 049E","E01005295","Total",1479,76,219,1026,158,761,26,71,563,101,718,50,148,463,57
"2011","Manchester 050A","E01005087","Total",756,56,172,473,55,381,14,50,275,42,375,42,122,198,13
"2011","Manchester 050B","E01005088","Total",523,29,134,327,33,255,4,42,184,25,268,25,92,143,8
"2011","Manchester 050C","E01005090","Total",520,37,110,334,39,250,14,34,175,27,270,23,76,159,12
"2011","Manchester 050D","E01005091","Total",839,51,177,562,49,462,19,58,351,34,377,32,119,211,15
"2011","Manchester 050E","E01005291","Total",523,34,131,322,36,254,14,34,176,30,269,20,97,146,6
"2011","Manchester 051A","E01005068","Total",626,53,139,398,36,295,19,46,200,30,331,34,93,198,6
"2011","Manchester 051B","E01005070","Total",688,30,172,438,48,331,11,49,230,41,357,19,123,208,7
"2011","Manchester 051C","E01005074","Total",639,41,167,388,43,301,13,48,206,34,338,28,119,182,9
"2011","Manchester 051D","E01005075","Total",645,47,134,418,46,307,7,35,233,32,338,40,99,185,14
"2011","Manchester 051E","E01005319","Total",904,57,184,589,74,451,17,51,329,54,453,40,133,260,20
"2011","Manchester 052A","E01005290","Total",602,44,137,385,36,315,11,41,237,26,287,33,96,148,10
"2011","Manchester 052B","E01005292","Total",633,45,179,381,28,298,11,49,216,22,335,34,130,165,6
"2011","Manchester 052C","E01005293","Total",689,33,134,457,65,346,13,32,249,52,343,20,102,208,13
"2011","Manchester 052D","E01005294","Total",727,61,135,468,63,386,20,43,277,46,341,41,92,191,17
"2011","Manchester 052E","E01005317","Total",694,38,144,453,59,351,11,45,257,38,343,27,99,196,21
"2011","Manchester 053A","E01005313","Total",606,41,148,384,33,301,13,38,226,24,305,28,110,158,9
"2011","Manchester 053B","E01005314","Total",663,53,153,411,46,314,16,33,231,34,349,37,120,180,12
"2011","Manchester 053C","E01005315","Total",604,48,130,378,48,297,18,39,205,35,307,30,91,173,13
"2011","Manchester 053D","E01005316","Total",849,36,157,559,97,441,13,45,314,69,408,23,112,245,28
"2011","Manchester 053E","E01005318","Total",811,49,162,540,60,400,14,40,303,43,411,35,122,237,17
"2011","Manchester 054A","E01005130","Total",537,42,126,327,42,307,25,49,201,32,230,17,77,126,10
"2011","Manchester 054B","E01033651","Total",816,62,58,560,136,480,29,27,335,89,336,33,31,225,47
"2011","Manchester 054C","E01033658","Total",814,60,72,528,154,467,23,30,306,108,347,37,42,222,46
"2011","Manchester 054D","E01033664","Total",892,58,75,636,123,494,22,41,356,75,398,36,34,280,48
"2011","Manchester 054E","E01033667","Total",767,51,79,541,96,440,23,44,295,78,327,28,35,246,18
"2011","Manchester 055A","E01005128","Total",725,134,69,411,111,408,61,35,239,73,317,73,34,172,38
"2011","Manchester 055B","E01033653","Total",1093,63,86,747,197,677,31,43,465,138,416,32,43,282,59
"2011","Manchester 055C","E01033654","Total",1068,304,174,498,92,563,116,83,296,68,505,188,91,202,24
"2011","Manchester 055D","E01033659","Total",1112,59,82,785,186,666,22,44,477,123,446,37,38,308,63
"2011","Manchester 055E","E01033661","Total",766,78,44,535,109,474,44,24,336,70,292,34,20,199,39
"2011","Manchester 056A","E01005143","Total",751,152,237,323,39,500,89,157,220,34,251,63,80,103,5
"2011","Manchester 056B","E01033655","Total",964,30,72,722,140,562,9,37,418,98,402,21,35,304,42
"2011","Manchester 056C","E01033665","Total",829,54,88,598,89,492,20,46,374,52,337,34,42,224,37
"2011","Manchester 056D","E01033676","Total",479,65,126,255,33,271,32,56,160,23,208,33,70,95,10
"2011","Manchester 057A","E01005212","Total",787,224,183,327,53,402,97,85,182,38,385,127,98,145,15
"2011","Manchester 057B","E01033656","Total",1144,472,196,393,83,606,211,100,236,59,538,261,96,157,24
"2011","Manchester 057C","E01033662","Total",772,54,69,527,122,479,22,39,336,82,293,32,30,191,40
"2011","Manchester 058A","E01005142","Total",529,86,161,245,37,320,38,99,156,27,209,48,62,89,10
"2011","Manchester 058B","E01005147","Total",829,97,247,422,63,479,49,127,265,38,350,48,120,157,25
"2011","Manchester 058C","E01033674","Total",1088,97,190,675,126,700,63,125,421,91,388,34,65,254,35
"2011","Manchester 058D","E01033675","Total",838,68,209,503,58,455,27,80,307,41,383,41,129,196,17
"2011","Manchester 059A","E01005213","Total",1003,123,197,611,72,570,59,80,382,49,433,64,117,229,23
"2011","Manchester 059B","E01033660","Total",1043,46,56,783,158,608,21,30,452,105,435,25,26,331,53
"2011","Manchester 059C","E01033672","Total",596,48,94,404,50,337,21,36,245,35,259,27,58,159,15
"2011","Manchester 059D","E01033673","Total",988,35,45,746,162,591,20,23,443,105,397,15,22,303,57
"2011","Manchester 060A","E01033677","Total",618,33,36,436,113,388,19,24,270,75,230,14,12,166,38
"2011","Manchester 060B","E01033681","Total",1113,38,48,804,223,662,15,23,471,153,451,23,25,333,70
"2011","Manchester 060C","E01033682","Total",1025,42,72,724,187,599,16,34,428,121,426,26,38,296,66
"2011","Manchester 060D","E01033683","Total",860,59,53,585,163,525,21,34,358,112,335,38,19,227,51
"2011","Oldham 001A","E01005357","Total",692,47,131,442,72,357,18,26,258,55,335,29,105,184,17
"2011","Oldham 001B","E01005358","Total",830,58,151,542,79,410,18,35,299,58,420,40,116,243,21
"2011","Oldham 001C","E01005359","Total",727,60,144,430,93,388,25,40,254,69,339,35,104,176,24
"2011","Oldham 001D","E01005360","Total",574,48,109,368,49,301,20,28,216,37,273,28,81,152,12
"2011","Oldham 002A","E01005441","Total",725,42,138,459,86,365,17,32,255,61,360,25,106,204,25
"2011","Oldham 002B","E01005442","Total",782,58,136,509,79,391,13,22,293,63,391,45,114,216,16
"2011","Oldham 002C","E01005444","Total",763,58,153,495,57,387,23,43,274,47,376,35,110,221,10
"2011","Oldham 002D","E01005445","Total",754,34,162,495,63,374,19,36,278,41,380,15,126,217,22
"2011","Oldham 003A","E01005361","Total",768,72,120,476,100,396,31,30,266,69,372,41,90,210,31
"2011","Oldham 003B","E01005443","Total",753,65,133,452,103,392,20,29,266,77,361,45,104,186,26
"2011","Oldham 003C","E01005446","Total",710,52,117,468,73,356,15,28,251,62,354,37,89,217,11
"2011","Oldham 003D","E01005447","Total",599,31,119,393,56,324,10,37,230,47,275,21,82,163,9
"2011","Oldham 004A","E01005390","Total",778,69,160,488,61,398,24,32,295,47,380,45,128,193,14
"2011","Oldham 004B","E01005394","Total",795,72,149,458,116,414,26,31,260,97,381,46,118,198,19
"2011","Oldham 004C","E01005395","Total",755,50,139,505,61,397,10,30,310,47,358,40,109,195,14
"2011","Oldham 004D","E01005396","Total",703,61,134,438,70,363,22,31,261,49,340,39,103,177,21
"2011","Oldham 005A","E01005355","Total",744,45,135,495,69,377,12,25,285,55,367,33,110,210,14
"2011","Oldham 005B","E01005356","Total",772,54,129,520,69,374,16,25,279,54,398,38,104,241,15
"2011","Oldham 005C","E01005399","Total",853,59,134,567,93,449,18,32,321,78,404,41,102,246,15
"2011","Oldham 005D","E01005403","Total",919,43,169,617,90,477,10,35,356,76,442,33,134,261,14
"2011","Oldham 006A","E01005410","Total",857,99,167,465,126,445,30,47,275,93,412,69,120,190,33
"2011","Oldham 006B","E01005411","Total",749,74,137,407,131,390,25,53,218,94,359,49,84,189,37
"2011","Oldham 006C","E01005414","Total",714,56,106,392,160,401,18,29,230,124,313,38,77,162,36
"2011","Oldham 006D","E01005415","Total",510,49,97,292,72,255,15,20,161,59,255,34,77,131,13
"2011","Oldham 007C","E01005452","Total",781,70,149,487,75,399,27,32,280,60,382,43,117,207,15
"2011","Oldham 007D","E01005453","Total",695,44,119,454,78,349,13,23,253,60,346,31,96,201,18
"2011","Oldham 007E","E01032558","Total",535,32,123,341,39,261,13,18,198,32,274,19,105,143,7
"2011","Oldham 007F","E01032559","Total",1435,77,270,928,160,733,30,49,525,129,702,47,221,403,31
"2011","Oldham 008A","E01005391","Total",814,61,150,527,76,437,23,28,323,63,377,38,122,204,13
"2011","Oldham 008B","E01005392","Total",634,37,126,420,51,321,9,26,247,39,313,28,100,173,12
"2011","Oldham 008C","E01005393","Total",619,47,121,393,58,318,18,22,236,42,301,29,99,157,16
"2011","Oldham 008D","E01005401","Total",821,64,162,517,78,425,29,37,291,68,396,35,125,226,10
"2011","Oldham 009A","E01005397","Total",737,48,136,487,66,387,21,23,292,51,350,27,113,195,15
"2011","Oldham 009B","E01005398","Total",756,60,137,490,69,374,24,38,261,51,382,36,99,229,18
"2011","Oldham 009C","E01005400","Total",605,57,121,369,58,322,21,27,227,47,283,36,94,142,11
"2011","Oldham 009D","E01005402","Total",775,39,143,537,56,416,14,47,309,46,359,25,96,228,10
"2011","Oldham 010A","E01005335","Total",698,49,115,469,65,361,17,31,270,43,337,32,84,199,22
"2011","Oldham 010B","E01005337","Total",737,69,232,387,49,420,35,133,216,36,317,34,99,171,13
"2011","Oldham 010C","E01005339","Total",712,69,137,413,93,369,21,27,249,72,343,48,110,164,21
"2011","Oldham 010D","E01005340","Total",572,45,144,345,38,295,16,48,203,28,277,29,96,142,10
"2011","Oldham 011A","E01005421","Total",761,42,142,508,69,380,7,20,294,59,381,35,122,214,10
"2011","Oldham 011B","E01005422","Total",514,33,135,305,41,237,7,25,171,34,277,26,110,134,7
"2011","Oldham 011E","E01032920","Total",835,45,180,532,78,432,22,45,302,63,403,23,135,230,15
"2011","Oldham 012A","E01005448","Total",503,32,117,311,43,267,15,30,185,37,236,17,87,126,6
"2011","Oldham 012B","E01005449","Total",507,31,119,317,40,247,10,31,178,28,260,21,88,139,12
"2011","Oldham 012C","E01005454","Total",791,54,163,498,76,395,13,40,281,61,396,41,123,217,15
"2011","Oldham 012D","E01005455","Total",858,54,155,569,80,461,20,34,343,64,397,34,121,226,16
"2011","Oldham 012E","E01005456","Total",676,44,152,420,60,346,14,40,249,43,330,30,112,171,17
"2011","Oldham 013A","E01005407","Total",949,93,173,523,160,490,29,38,298,125,459,64,135,225,35
"2011","Oldham 013B","E01005412","Total",904,83,154,534,133,478,28,48,314,88,426,55,106,220,45
"2011","Oldham 013C","E01005416","Total",753,47,121,458,127,400,20,36,252,92,353,27,85,206,35
"2011","Oldham 013D","E01005417","Total",763,62,145,445,111,392,13,34,252,93,371,49,111,193,18
"2011","Oldham 014A","E01005348","Total",494,35,157,277,25,287,16,77,177,17,207,19,80,100,8
"2011","Oldham 014B","E01005350","Total",477,46,152,258,21,301,23,94,165,19,176,23,58,93,2
"2011","Oldham 014C","E01005432","Total",471,42,125,271,33,221,13,30,153,25,250,29,95,118,8
"2011","Oldham 014D","E01005433","Total",483,44,135,272,32,259,12,53,170,24,224,32,82,102,8
"2011","Oldham 015A","E01005329","Total",879,65,158,566,90,450,21,41,320,68,429,44,117,246,22
"2011","Oldham 015B","E01005330","Total",877,57,172,554,94,427,11,42,298,76,450,46,130,256,18
"2011","Oldham 015C","E01005333","Total",718,52,123,488,55,384,20,34,293,37,334,32,89,195,18
"2011","Oldham 015D","E01005336","Total",773,68,148,493,64,424,27,39,305,53,349,41,109,188,11
"2011","Oldham 016A","E01005349","Total",554,78,258,187,31,394,42,194,131,27,160,36,64,56,4
"2011","Oldham 016B","E01005351","Total",489,64,228,180,17,334,30,171,119,14,155,34,57,61,3
"2011","Oldham 016C","E01005352","Total",375,53,155,151,16,257,34,109,100,14,118,19,46,51,2
"2011","Oldham 016D","E01005353","Total",500,70,170,239,21,338,39,127,155,17,162,31,43,84,4
"2011","Oldham 016E","E01005354","Total",674,68,187,380,39,386,30,107,218,31,288,38,80,162,8
"2011","Oldham 017A","E01005327","Total",842,59,160,548,75,433,13,50,318,52,409,46,110,230,23
"2011","Oldham 017B","E01005328","Total",480,32,110,298,40,269,10,45,180,34,211,22,65,118,6
"2011","Oldham 017C","E01005331","Total",710,45,154,460,51,378,18,47,273,40,332,27,107,187,11
"2011","Oldham 017D","E01005334","Total",845,64,150,542,89,421,22,27,304,68,424,42,123,238,21
"2011","Oldham 017E","E01005338","Total",551,47,155,309,40,312,22,79,179,32,239,25,76,130,8
"2011","Oldham 018A","E01005387","Total",787,52,141,526,68,415,20,32,312,51,372,32,109,214,17
"2011","Oldham 018B","E01005388","Total",644,41,125,422,56,328,16,29,245,38,316,25,96,177,18
"2011","Oldham 018C","E01005389","Total",715,44,157,439,75,382,15,42,265,60,333,29,115,174,15
"2011","Oldham 018D","E01005418","Total",814,66,140,531,77,422,23,31,308,60,392,43,109,223,17
"2011","Oldham 019A","E01005428","Total",533,53,158,292,30,360,22,99,214,25,173,31,59,78,5
"2011","Oldham 019B","E01005431","Total",719,61,152,454,52,404,28,50,284,42,315,33,102,170,10
"2011","Oldham 019C","E01005450","Total",572,42,152,332,46,337,18,78,203,38,235,24,74,129,8
"2011","Oldham 019D","E01005451","Total",601,47,139,361,54,348,26,63,220,39,253,21,76,141,15
"2011","Oldham 020C","E01005408","Total",922,76,154,565,127,476,23,35,320,98,446,53,119,245,29
"2011","Oldham 020D","E01005409","Total",852,73,167,486,126,430,22,35,275,98,422,51,132,211,28
"2011","Oldham 020E","E01032922","Total",1183,114,237,680,152,609,31,58,407,113,574,83,179,273,39
"2011","Oldham 021A","E01005406","Total",736,76,121,426,113,382,24,28,248,82,354,52,93,178,31
"2011","Oldham 021B","E01005413","Total",878,72,145,540,121,445,27,23,307,88,433,45,122,233,33
"2011","Oldham 021C","E01005419","Total",845,50,162,541,92,425,15,34,306,70,420,35,128,235,22
"2011","Oldham 021D","E01005420","Total",798,57,158,505,78,394,12,35,288,59,404,45,123,217,19
"2011","Oldham 022A","E01005321","Total",535,40,161,298,36,329,14,97,191,27,206,26,64,107,9
"2011","Oldham 022B","E01005326","Total",740,122,267,303,48,538,78,201,219,40,202,44,66,84,8
"2011","Oldham 022C","E01005427","Total",467,65,188,197,17,343,26,148,153,16,124,39,40,44,1
"2011","Oldham 022D","E01005429","Total",481,53,181,214,33,352,33,134,158,27,129,20,47,56,6
"2011","Oldham 022E","E01005430","Total",704,80,233,342,49,462,41,157,225,39,242,39,76,117,10
"2011","Oldham 024A","E01005320","Total",596,60,163,338,35,357,28,86,220,23,239,32,77,118,12
"2011","Oldham 024B","E01005434","Total",496,32,103,325,36,302,11,47,218,26,194,21,56,107,10
"2011","Oldham 024C","E01005437","Total",657,61,194,352,50,418,24,121,237,36,239,37,73,115,14
"2011","Oldham 024D","E01005459","Total",289,26,119,129,15,202,13,87,91,11,87,13,32,38,4
"2011","Oldham 026A","E01005383","Total",707,62,186,398,61,393,27,83,234,49,314,35,103,164,12
"2011","Oldham 026D","E01005386","Total",479,27,108,297,47,237,8,23,168,38,242,19,85,129,9
"2011","Oldham 026E","E01032556","Total",754,50,133,493,78,402,16,30,299,57,352,34,103,194,21
"2011","Oldham 026F","E01032557","Total",503,38,117,312,36,242,8,21,189,24,261,30,96,123,12
"2011","Oldham 027A","E01005342","Total",497,32,131,291,43,262,14,41,174,33,235,18,90,117,10
"2011","Oldham 027B","E01005343","Total",594,29,146,380,39,288,6,35,219,28,306,23,111,161,11
"2011","Oldham 027C","E01005344","Total",660,43,150,416,51,348,15,44,249,40,312,28,106,167,11
"2011","Oldham 027D","E01005381","Total",476,42,144,253,37,246,21,54,142,29,230,21,90,111,8
"2011","Oldham 028A","E01005332","Total",1030,58,191,706,75,535,22,50,409,54,495,36,141,297,21
"2011","Oldham 028B","E01005341","Total",744,35,137,527,45,392,11,38,306,37,352,24,99,221,8
"2011","Oldham 028C","E01005345","Total",767,45,139,530,53,398,17,34,308,39,369,28,105,222,14
"2011","Oldham 028D","E01005346","Total",716,41,154,461,60,369,14,39,271,45,347,27,115,190,15
"2011","Oldham 028E","E01005347","Total",677,45,125,462,45,365,19,35,273,38,312,26,90,189,7
"2011","Oldham 029A","E01005322","Total",400,27,99,254,20,198,11,27,142,18,202,16,72,112,2
"2011","Oldham 029B","E01005323","Total",581,42,109,391,39,314,18,32,233,31,267,24,77,158,8
"2011","Oldham 029C","E01005324","Total",500,39,122,302,37,232,10,20,176,26,268,29,102,126,11
"2011","Oldham 029D","E01005325","Total",299,16,86,174,23,157,3,29,107,18,142,13,57,67,5
"2011","Oldham 029E","E01005438","Total",1044,80,228,669,67,608,28,100,423,57,436,52,128,246,10
"2011","Oldham 030A","E01005377","Total",421,31,93,263,34,202,9,18,153,22,219,22,75,110,12
"2011","Oldham 030B","E01005379","Total",416,26,115,242,33,184,11,23,127,23,232,15,92,115,10
"2011","Oldham 030C","E01005380","Total",575,44,160,311,60,283,8,43,183,49,292,36,117,128,11
"2011","Oldham 030D","E01005382","Total",575,36,154,340,45,311,16,42,213,40,264,20,112,127,5
"2011","Oldham 030E","E01005439","Total",704,53,126,467,58,375,18,35,274,48,329,35,91,193,10
"2011","Oldham 031A","E01005362","Total",735,47,169,466,53,384,7,45,286,46,351,40,124,180,7
"2011","Oldham 031B","E01005364","Total",847,66,152,573,56,422,23,38,318,43,425,43,114,255,13
"2011","Oldham 031C","E01005368","Total",765,38,158,508,61,370,10,37,271,52,395,28,121,237,9
"2011","Oldham 031D","E01005376","Total",526,36,125,316,49,261,12,33,179,37,265,24,92,137,12
"2011","Oldham 031E","E01005378","Total",717,50,137,472,58,376,18,35,276,47,341,32,102,196,11
"2011","Oldham 032A","E01005363","Total",736,37,136,486,77,392,17,38,278,59,344,20,98,208,18
"2011","Oldham 032B","E01005369","Total",657,32,126,447,52,332,14,25,252,41,325,18,101,195,11
"2011","Oldham 032C","E01005370","Total",536,48,101,343,44,270,15,23,197,35,266,33,78,146,9
"2011","Oldham 032D","E01005371","Total",658,40,117,439,62,323,11,23,242,47,335,29,94,197,15
"2011","Oldham 033A","E01005365","Total",802,57,133,515,97,419,20,26,300,73,383,37,107,215,24
"2011","Oldham 033B","E01005366","Total",653,43,151,406,53,317,13,44,220,40,336,30,107,186,13
"2011","Oldham 033C","E01005367","Total",758,70,139,459,90,388,26,29,266,67,370,44,110,193,23
"2011","Oldham 033D","E01005440","Total",674,44,132,436,62,339,16,25,247,51,335,28,107,189,11
"2011","Oldham 034A","E01005372","Total",542,38,110,353,41,270,13,28,197,32,272,25,82,156,9
"2011","Oldham 034B","E01005373","Total",560,37,95,369,59,279,7,15,208,49,281,30,80,161,10
"2011","Oldham 034C","E01005374","Total",652,35,138,427,52,334,8,22,261,43,318,27,116,166,9
"2011","Oldham 034D","E01005375","Total",690,57,124,449,60,350,17,21,264,48,340,40,103,185,12
"2011","Oldham 035A","E01005435","Total",623,79,181,336,27,418,40,118,235,25,205,39,63,101,2
"2011","Oldham 035B","E01005436","Total",639,67,164,364,44,365,21,91,220,33,274,46,73,144,11
"2011","Oldham 035C","E01005460","Total",750,82,222,401,45,470,47,133,258,32,280,35,89,143,13
"2011","Oldham 035D","E01005461","Total",644,97,240,275,32,450,53,176,194,27,194,44,64,81,5
"2011","Oldham 035E","E01005462","Total",652,77,159,370,46,398,32,92,233,41,254,45,67,137,5
"2011","Oldham 035F","E01005463","Total",333,57,104,154,18,247,37,82,112,16,86,20,22,42,2
"2011","Oldham 035G","E01032921","Total",710,67,252,355,36,501,42,174,251,34,209,25,78,104,2
"2011","Rochdale 001A","E01005518","Total",656,49,116,410,81,339,18,29,232,60,317,31,87,178,21
"2011","Rochdale 001B","E01005520","Total",831,46,172,512,101,411,9,46,275,81,420,37,126,237,20
"2011","Rochdale 001C","E01005522","Total",645,35,109,444,57,337,17,20,251,49,308,18,89,193,8
"2011","Rochdale 001D","E01005523","Total",991,68,208,623,92,512,20,47,371,74,479,48,161,252,18
"2011","Rochdale 002A","E01005519","Total",793,54,134,516,89,408,11,30,299,68,385,43,104,217,21
"2011","Rochdale 002B","E01005594","Total",741,59,170,433,79,384,28,43,249,64,357,31,127,184,15
"2011","Rochdale 002C","E01005597","Total",838,54,162,523,99,406,12,29,289,76,432,42,133,234,23
"2011","Rochdale 002D","E01005598","Total",798,54,165,487,92,427,16,49,289,73,371,38,116,198,19
"2011","Rochdale 003A","E01005516","Total",729,40,131,475,83,368,13,27,270,58,361,27,104,205,25
"2011","Rochdale 003B","E01005517","Total",680,42,130,436,72,354,12,24,261,57,326,30,106,175,15
"2011","Rochdale 003C","E01005521","Total",757,53,134,451,119,375,15,29,246,85,382,38,105,205,34
"2011","Rochdale 003D","E01005596","Total",1009,68,189,608,144,548,23,49,369,107,461,45,140,239,37
"2011","Rochdale 004A","E01005578","Total",420,44,97,244,35,261,23,53,157,28,159,21,44,87,7
"2011","Rochdale 004B","E01005579","Total",426,24,162,224,16,255,8,85,149,13,171,16,77,75,3
"2011","Rochdale 004C","E01005586","Total",417,26,112,251,28,231,12,41,157,21,186,14,71,94,7
"2011","Rochdale 004D","E01005593","Total",636,48,154,383,51,319,13,45,218,43,317,35,109,165,8
"2011","Rochdale 004E","E01005595","Total",497,37,99,329,32,280,22,27,202,29,217,15,72,127,3
"2011","Rochdale 005A","E01005489","Total",563,47,127,337,52,280,10,33,201,36,283,37,94,136,16
"2011","Rochdale 005B","E01005490","Total",474,33,143,268,30,243,7,58,152,26,231,26,85,116,4
"2011","Rochdale 005C","E01005491","Total",694,57,137,434,66,349,23,33,245,48,345,34,104,189,18
"2011","Rochdale 005D","E01005493","Total",861,72,161,521,107,450,31,49,292,78,411,41,112,229,29
"2011","Rochdale 005E","E01005494","Total",857,77,189,512,79,430,25,51,292,62,427,52,138,220,17
"2011","Rochdale 005F","E01005495","Total",711,60,158,443,50,354,16,50,255,33,357,44,108,188,17
"2011","Rochdale 006A","E01005488","Total",865,57,140,562,106,434,16,30,309,79,431,41,110,253,27
"2011","Rochdale 006B","E01005492","Total",790,77,141,473,99,407,32,31,267,77,383,45,110,206,22
"2011","Rochdale 006C","E01005499","Total",811,49,151,501,110,417,16,40,276,85,394,33,111,225,25
"2011","Rochdale 006D","E01005571","Total",866,61,159,537,109,431,21,38,287,85,435,40,121,250,24
"2011","Rochdale 007A","E01005570","Total",615,51,105,365,94,308,16,25,199,68,307,35,80,166,26
"2011","Rochdale 007B","E01005572","Total",855,69,166,505,115,457,31,45,289,92,398,38,121,216,23
"2011","Rochdale 007C","E01005573","Total",774,77,155,448,94,390,23,43,252,72,384,54,112,196,22
"2011","Rochdale 007D","E01005574","Total",826,71,158,471,126,448,27,36,282,103,378,44,122,189,23
"2011","Rochdale 007E","E01005587","Total",804,63,139,487,115,390,16,28,263,83,414,47,111,224,32
"2011","Rochdale 007F","E01005588","Total",520,39,121,315,45,257,16,23,186,32,263,23,98,129,13
"2011","Rochdale 008A","E01005580","Total",615,51,138,380,46,339,21,56,230,32,276,30,82,150,14
"2011","Rochdale 008B","E01005581","Total",468,61,152,232,23,292,35,87,151,19,176,26,65,81,4
"2011","Rochdale 008D","E01005583","Total",449,45,165,217,22,308,27,113,151,17,141,18,52,66,5
"2011","Rochdale 008F","E01005585","Total",503,40,152,283,28,298,20,78,176,24,205,20,74,107,4
"2011","Rochdale 008G","E01033258","Total",855,80,300,442,33,590,50,214,302,24,265,30,86,140,9
"2011","Rochdale 009A","E01005496","Total",530,36,146,303,45,265,14,36,180,35,265,22,110,123,10
"2011","Rochdale 009B","E01005589","Total",775,46,152,496,81,405,18,48,279,60,370,28,104,217,21
"2011","Rochdale 009C","E01005590","Total",543,42,144,317,40,324,18,77,201,28,219,24,67,116,12
"2011","Rochdale 009D","E01005591","Total",684,45,160,408,71,335,13,33,235,54,349,32,127,173,17
"2011","Rochdale 009E","E01005592","Total",519,38,138,299,44,264,12,42,173,37,255,26,96,126,7
"2011","Rochdale 010A","E01005472","Total",586,45,151,343,47,313,17,46,212,38,273,28,105,131,9
"2011","Rochdale 010B","E01005473","Total",504,62,121,288,33,313,27,63,193,30,191,35,58,95,3
"2011","Rochdale 010C","E01005482","Total",639,65,150,385,39,394,33,76,253,32,245,32,74,132,7
"2011","Rochdale 010D","E01005483","Total",601,66,140,367,28,377,29,82,244,22,224,37,58,123,6
"2011","Rochdale 010E","E01005484","Total",589,52,175,335,27,370,25,109,216,20,219,27,66,119,7
"2011","Rochdale 010F","E01005486","Total",531,41,149,309,32,305,14,80,188,23,226,27,69,121,9
"2011","Rochdale 010G","E01005487","Total",615,61,179,326,49,368,22,101,205,40,247,39,78,121,9
"2011","Rochdale 011A","E01005474","Total",545,54,115,309,67,284,14,40,177,53,261,40,75,132,14
"2011","Rochdale 011B","E01005575","Total",741,61,152,438,90,391,22,43,254,72,350,39,109,184,18
"2011","Rochdale 011C","E01005576","Total",673,72,115,380,106,372,22,35,236,79,301,50,80,144,27
"2011","Rochdale 011D","E01005577","Total",759,67,135,443,114,392,21,29,257,85,367,46,106,186,29
"2011","Rochdale 012A","E01005469","Total",865,59,180,535,91,445,22,48,299,76,420,37,132,236,15
"2011","Rochdale 012B","E01005563","Total",627,48,165,365,49,359,24,79,220,36,268,24,86,145,13
"2011","Rochdale 012C","E01005565","Total",595,47,153,351,44,312,14,51,211,36,283,33,102,140,8
"2011","Rochdale 012D","E01005566","Total",848,45,197,519,87,443,14,66,288,75,405,31,131,231,12
"2011","Rochdale 012E","E01005568","Total",379,39,128,181,31,226,21,64,114,27,153,18,64,67,4
"2011","Rochdale 012F","E01005569","Total",569,61,154,315,39,298,19,57,190,32,271,42,97,125,7
"2011","Rochdale 013A","E01005556","Total",835,56,163,529,87,429,16,39,301,73,406,40,124,228,14
"2011","Rochdale 013B","E01005559","Total",596,40,114,379,63,305,14,26,214,51,291,26,88,165,12
"2011","Rochdale 013C","E01005560","Total",725,45,141,467,72,368,15,24,273,56,357,30,117,194,16
"2011","Rochdale 013D","E01005567","Total",725,45,152,451,77,368,16,33,257,62,357,29,119,194,15
"2011","Rochdale 014A","E01005555","Total",749,57,122,489,81,394,18,28,282,66,355,39,94,207,15
"2011","Rochdale 014B","E01005557","Total",568,46,119,347,56,295,16,28,207,44,273,30,91,140,12
"2011","Rochdale 014C","E01005558","Total",821,43,148,557,73,425,12,36,315,62,396,31,112,242,11
"2011","Rochdale 014D","E01005561","Total",722,45,129,473,75,340,14,26,246,54,382,31,103,227,21
"2011","Rochdale 014E","E01005562","Total",740,48,134,471,87,367,21,19,262,65,373,27,115,209,22
"2011","Rochdale 015A","E01005470","Total",522,65,180,252,25,341,36,116,169,20,181,29,64,83,5
"2011","Rochdale 015B","E01005471","Total",558,48,167,310,33,324,19,84,197,24,234,29,83,113,9
"2011","Rochdale 015C","E01005475","Total",542,47,145,309,41,323,18,59,211,35,219,29,86,98,6
"2011","Rochdale 015D","E01005485","Total",614,64,196,312,42,418,32,129,225,32,196,32,67,87,10
"2011","Rochdale 015E","E01005564","Total",579,59,184,300,36,383,26,111,215,31,196,33,73,85,5
"2011","Rochdale 016A","E01005464","Total",557,45,148,325,39,283,12,43,195,33,274,33,105,130,6
"2011","Rochdale 016B","E01005465","Total",804,50,149,525,80,419,20,33,303,63,385,30,116,222,17
"2011","Rochdale 016C","E01005466","Total",755,66,196,438,55,384,28,61,258,37,371,38,135,180,18
"2011","Rochdale 016D","E01005467","Total",549,49,146,316,38,270,17,29,192,32,279,32,117,124,6
"2011","Rochdale 016E","E01005468","Total",807,64,127,491,125,402,22,26,263,91,405,42,101,228,34
"2011","Rochdale 017A","E01005476","Total",823,54,139,565,65,435,16,47,328,44,388,38,92,237,21
"2011","Rochdale 017B","E01005477","Total",738,43,148,494,53,371,11,37,277,46,367,32,111,217,7
"2011","Rochdale 017C","E01005478","Total",709,74,141,435,59,366,24,38,255,49,343,50,103,180,10
"2011","Rochdale 017D","E01005479","Total",815,62,165,506,82,435,17,46,303,69,380,45,119,203,13
"2011","Rochdale 017E","E01005480","Total",662,43,157,405,57,325,15,29,234,47,337,28,128,171,10
"2011","Rochdale 017F","E01005481","Total",683,43,151,408,81,359,13,51,230,65,324,30,100,178,16
"2011","Rochdale 018A","E01005497","Total",640,54,146,388,52,318,17,37,224,40,322,37,109,164,12
"2011","Rochdale 018B","E01005501","Total",565,23,100,394,48,319,9,31,241,38,246,14,69,153,10
"2011","Rochdale 018C","E01005502","Total",701,47,146,450,58,370,14,37,270,49,331,33,109,180,9
"2011","Rochdale 018D","E01005504","Total",644,33,158,397,56,335,15,36,233,51,309,18,122,164,5
"2011","Rochdale 018E","E01005505","Total",805,38,165,536,66,393,8,34,299,52,412,30,131,237,14
"2011","Rochdale 018F","E01005509","Total",738,41,127,497,73,420,11,39,312,58,318,30,88,185,15
"2011","Rochdale 019A","E01005510","Total",605,35,110,389,71,302,7,12,223,60,303,28,98,166,11
"2011","Rochdale 019B","E01005511","Total",663,34,144,427,58,335,9,29,253,44,328,25,115,174,14
"2011","Rochdale 019C","E01005512","Total",718,48,120,465,85,383,14,26,280,63,335,34,94,185,22
"2011","Rochdale 019D","E01005513","Total",493,26,119,313,35,244,5,31,181,27,249,21,88,132,8
"2011","Rochdale 019E","E01005514","Total",656,41,130,441,44,331,15,22,255,39,325,26,108,186,5
"2011","Rochdale 019F","E01005515","Total",557,34,154,337,32,256,7,30,195,24,301,27,124,142,8
"2011","Rochdale 020A","E01005498","Total",692,43,136,443,70,357,13,27,266,51,335,30,109,177,19
"2011","Rochdale 020B","E01005500","Total",809,58,153,523,75,413,14,34,305,60,396,44,119,218,15
"2011","Rochdale 020C","E01005503","Total",697,53,116,449,79,351,19,21,257,54,346,34,95,192,25
"2011","Rochdale 020D","E01005506","Total",660,53,125,417,65,341,17,24,248,52,319,36,101,169,13
"2011","Rochdale 020E","E01005507","Total",814,44,142,555,73,404,19,28,305,52,410,25,114,250,21
"2011","Rochdale 020F","E01005508","Total",985,77,182,562,164,517,28,41,323,125,468,49,141,239,39
"2011","Rochdale 021A","E01005524","Total",753,58,145,467,83,380,22,29,269,60,373,36,116,198,23
"2011","Rochdale 021B","E01005525","Total",615,45,125,390,55,332,14,53,223,42,283,31,72,167,13
"2011","Rochdale 021C","E01005526","Total",726,42,131,473,80,367,19,25,263,60,359,23,106,210,20
"2011","Rochdale 021D","E01005528","Total",627,39,144,391,53,319,15,30,233,41,308,24,114,158,12
"2011","Rochdale 021E","E01005536","Total",741,41,140,510,50,371,8,31,291,41,370,33,109,219,9
"2011","Rochdale 021F","E01005543","Total",644,46,123,419,56,330,19,28,242,41,314,27,95,177,15
"2011","Rochdale 022A","E01005527","Total",493,23,121,304,45,230,11,30,155,34,263,12,91,149,11
"2011","Rochdale 022B","E01005529","Total",605,61,146,351,47,280,20,27,192,41,325,41,119,159,6
"2011","Rochdale 022C","E01005551","Total",618,30,134,388,66,310,11,27,221,51,308,19,107,167,15
"2011","Rochdale 022D","E01005552","Total",622,34,168,386,34,309,14,40,225,30,313,20,128,161,4
"2011","Rochdale 022E","E01005553","Total",710,61,155,443,51,364,16,46,261,41,346,45,109,182,10
"2011","Rochdale 022F","E01005554","Total",658,49,127,408,74,327,16,27,227,57,331,33,100,181,17
"2011","Rochdale 023A","E01005534","Total",728,42,122,495,69,385,15,28,284,58,343,27,94,211,11
"2011","Rochdale 023B","E01005535","Total",783,41,140,529,73,403,12,37,296,58,380,29,103,233,15
"2011","Rochdale 023C","E01005537","Total",794,40,161,526,67,420,17,43,306,54,374,23,118,220,13
"2011","Rochdale 023D","E01005538","Total",619,33,139,393,54,304,5,30,226,43,315,28,109,167,11
"2011","Rochdale 023E","E01005540","Total",735,40,119,504,72,366,12,28,268,58,369,28,91,236,14
"2011","Rochdale 023F","E01005541","Total",863,41,169,573,80,444,12,33,334,65,419,29,136,239,15
"2011","Rochdale 023G","E01005542","Total",547,41,104,356,46,273,12,18,207,36,274,29,86,149,10
"2011","Rochdale 024A","E01005533","Total",840,55,138,570,77,430,21,35,320,54,410,34,103,250,23
"2011","Rochdale 024B","E01005539","Total",611,43,115,388,65,336,10,29,245,52,275,33,86,143,13
"2011","Rochdale 024C","E01005546","Total",591,42,123,358,68,306,11,34,204,57,285,31,89,154,11
"2011","Rochdale 024D","E01005547","Total",706,39,146,464,57,352,17,27,263,45,354,22,119,201,12
"2011","Rochdale 024E","E01005548","Total",574,36,124,367,47,304,15,36,221,32,270,21,88,146,15
"2011","Rochdale 025A","E01005530","Total",664,60,121,413,70,345,20,27,242,56,319,40,94,171,14
"2011","Rochdale 025B","E01005531","Total",607,36,139,397,35,308,17,27,233,31,299,19,112,164,4
"2011","Rochdale 025C","E01005532","Total",579,45,122,361,51,295,16,34,201,44,284,29,88,160,7
"2011","Rochdale 025D","E01005544","Total",714,55,130,447,82,373,21,33,260,59,341,34,97,187,23
"2011","Rochdale 025E","E01005545","Total",607,59,103,365,80,322,18,24,227,53,285,41,79,138,27
"2011","Rochdale 025F","E01005549","Total",759,70,135,464,90,391,21,35,271,64,368,49,100,193,26
"2011","Rochdale 025G","E01005550","Total",623,50,118,387,68,334,20,32,234,48,289,30,86,153,20
"2011","Salford 001A","E01005659","Total",620,41,130,386,63,335,15,31,233,56,285,26,99,153,7
"2011","Salford 001B","E01005660","Total",482,33,106,315,28,253,14,29,187,23,229,19,77,128,5
"2011","Salford 001C","E01005663","Total",579,33,113,373,60,306,13,30,217,46,273,20,83,156,14
"2011","Salford 001D","E01005664","Total",453,38,132,251,32,229,11,38,152,28,224,27,94,99,4
"2011","Salford 001E","E01005665","Total",430,39,94,265,32,210,14,21,151,24,220,25,73,114,8
"2011","Salford 002A","E01005703","Total",556,43,119,331,63,288,12,42,185,49,268,31,77,146,14
"2011","Salford 002B","E01005704","Total",639,36,130,425,48,323,8,28,250,37,316,28,102,175,11
"2011","Salford 002C","E01005706","Total",553,43,124,345,41,270,10,26,199,35,283,33,98,146,6
"2011","Salford 002D","E01005708","Total",629,35,122,409,63,320,12,24,235,49,309,23,98,174,14
"2011","Salford 003A","E01005702","Total",1023,71,185,678,89,499,19,48,363,69,524,52,137,315,20
"2011","Salford 003B","E01005705","Total",926,59,159,630,78,457,17,33,350,57,469,42,126,280,21
"2011","Salford 003C","E01005707","Total",678,40,127,461,50,344,12,31,262,39,334,28,96,199,11
"2011","Salford 004A","E01005661","Total",736,54,154,477,51,383,17,41,285,40,353,37,113,192,11
"2011","Salford 004B","E01005662","Total",451,38,104,271,38,228,15,26,155,32,223,23,78,116,6
"2011","Salford 004C","E01005709","Total",434,22,91,277,44,227,4,29,156,38,207,18,62,121,6
"2011","Salford 004D","E01005710","Total",636,46,129,376,85,317,17,33,205,62,319,29,96,171,23
"2011","Salford 005A","E01005670","Total",725,49,159,462,55,355,23,30,259,43,370,26,129,203,12
"2011","Salford 005B","E01005672","Total",768,46,132,527,63,377,21,31,276,49,391,25,101,251,14
"2011","Salford 005C","E01005676","Total",667,59,112,443,53,347,16,30,259,42,320,43,82,184,11
"2011","Salford 005D","E01005677","Total",768,54,141,488,85,388,17,35,269,67,380,37,106,219,18
"2011","Salford 006A","E01005686","Total",673,61,125,442,45,347,23,27,258,39,326,38,98,184,6
"2011","Salford 006B","E01005688","Total",697,67,139,440,51,358,21,42,251,44,339,46,97,189,7
"2011","Salford 006C","E01005691","Total",653,46,92,450,65,356,18,19,267,52,297,28,73,183,13
"2011","Salford 006D","E01005692","Total",526,36,96,352,42,275,14,26,198,37,251,22,70,154,5
"2011","Salford 007A","E01005711","Total",786,47,133,525,81,406,19,32,290,65,380,28,101,235,16
"2011","Salford 007B","E01005712","Total",814,55,139,536,84,422,26,27,306,63,392,29,112,230,21
"2011","Salford 007C","E01005713","Total",667,65,142,387,73,323,19,29,217,58,344,46,113,170,15
"2011","Salford 007D","E01005714","Total",628,67,98,404,59,318,29,23,218,48,310,38,75,186,11
"2011","Salford 007E","E01005715","Total",852,62,136,545,109,437,17,34,309,77,415,45,102,236,32
"2011","Salford 007F","E01005718","Total",855,59,142,588,66,447,18,33,345,51,408,41,109,243,15
"2011","Salford 008A","E01005673","Total",761,46,133,515,67,388,17,30,291,50,373,29,103,224,17
"2011","Salford 008B","E01005675","Total",1088,64,207,690,127,635,37,83,413,102,453,27,124,277,25
"2011","Salford 008C","E01005678","Total",638,60,120,401,57,315,17,27,232,39,323,43,93,169,18
"2011","Salford 008D","E01005679","Total",556,32,147,345,32,269,7,43,193,26,287,25,104,152,6
"2011","Salford 009A","E01005687","Total",919,56,149,621,93,472,18,34,354,66,447,38,115,267,27
"2011","Salford 009B","E01005689","Total",496,38,114,310,34,244,13,28,180,23,252,25,86,130,11
"2011","Salford 009C","E01005690","Total",745,55,118,505,67,390,19,33,286,52,355,36,85,219,15
"2011","Salford 009D","E01005693","Total",727,68,106,498,55,364,23,24,273,44,363,45,82,225,11
"2011","Salford 010A","E01005646","Total",571,88,236,206,41,300,25,99,143,33,271,63,137,63,8
"2011","Salford 010B","E01005649","Total",642,97,188,293,64,346,17,67,208,54,296,80,121,85,10
"2011","Salford 010C","E01005650","Total",490,81,133,240,36,288,27,67,166,28,202,54,66,74,8
"2011","Salford 010D","E01005651","Total",573,97,249,198,29,320,28,139,131,22,253,69,110,67,7
"2011","Salford 011A","E01005647","Total",655,85,167,342,61,341,32,54,206,49,314,53,113,136,12
"2011","Salford 011B","E01005648","Total",944,64,177,586,117,518,24,51,349,94,426,40,126,237,23
"2011","Salford 011C","E01005652","Total",606,27,141,388,50,298,7,38,218,35,308,20,103,170,15
"2011","Salford 011D","E01005653","Total",540,57,128,311,44,271,23,33,184,31,269,34,95,127,13
"2011","Salford 012A","E01005671","Total",650,47,125,438,40,329,18,33,242,36,321,29,92,196,4
"2011","Salford 012B","E01005674","Total",686,41,121,469,55,348,13,30,262,43,338,28,91,207,12
"2011","Salford 012C","E01005694","Total",908,58,168,607,75,442,19,34,330,59,466,39,134,277,16
"2011","Salford 012D","E01005696","Total",771,54,152,497,68,391,23,42,277,49,380,31,110,220,19
"2011","Salford 012E","E01005698","Total",612,53,128,391,40,308,23,38,214,33,304,30,90,177,7
"2011","Salford 012F","E01005700","Total",768,49,140,517,62,397,16,46,292,43,371,33,94,225,19
"2011","Salford 013A","E01005716","Total",995,88,183,578,146,512,24,45,329,114,483,64,138,249,32
"2011","Salford 013B","E01005717","Total",883,74,143,534,132,460,22,30,318,90,423,52,113,216,42
"2011","Salford 013C","E01005734","Total",702,60,118,437,87,363,22,32,245,64,339,38,86,192,23
"2011","Salford 013D","E01005735","Total",738,67,141,450,80,376,24,25,269,58,362,43,116,181,22
"2011","Salford 013E","E01005736","Total",774,52,153,471,98,401,19,37,268,77,373,33,116,203,21
"2011","Salford 013F","E01005737","Total",758,69,123,440,126,405,21,31,257,96,353,48,92,183,30
"2011","Salford 013G","E01005739","Total",830,64,144,506,116,418,20,30,283,85,412,44,114,223,31
"2011","Salford 014A","E01005695","Total",803,53,160,472,118,424,19,37,282,86,379,34,123,190,32
"2011","Salford 014B","E01005697","Total",782,59,116,524,83,397,13,22,292,70,385,46,94,232,13
"2011","Salford 014C","E01005738","Total",889,75,152,521,141,483,22,50,298,113,406,53,102,223,28
"2011","Salford 014D","E01005740","Total",822,70,123,479,150,430,29,24,254,123,392,41,99,225,27
"2011","Salford 014E","E01005741","Total",826,74,141,468,143,437,17,37,272,111,389,57,104,196,32
"2011","Salford 014F","E01005742","Total",833,71,158,521,83,414,26,38,288,62,419,45,120,233,21
"2011","Salford 015A","E01005625","Total",685,37,134,452,62,342,11,25,255,51,343,26,109,197,11
"2011","Salford 015B","E01005627","Total",643,57,116,409,61,338,24,33,232,49,305,33,83,177,12
"2011","Salford 015C","E01005699","Total",767,50,159,499,59,393,21,30,297,45,374,29,129,202,14
"2011","Salford 015D","E01005701","Total",805,57,152,513,83,391,19,30,279,63,414,38,122,234,20
"2011","Salford 016A","E01005609","Total",838,66,155,529,88,429,25,46,302,56,409,41,109,227,32
"2011","Salford 016B","E01005611","Total",792,111,187,421,73,442,51,80,251,60,350,60,107,170,13
"2011","Salford 016C","E01005612","Total",581,66,199,279,37,317,22,87,178,30,264,44,112,101,7
"2011","Salford 016D","E01005613","Total",696,80,197,374,45,405,37,98,233,37,291,43,99,141,8
"2011","Salford 016E","E01005614","Total",526,62,263,177,24,282,19,126,116,21,244,43,137,61,3
"2011","Salford 016F","E01005615","Total",669,87,151,373,58,360,41,54,218,47,309,46,97,155,11
"2011","Salford 017A","E01005624","Total",619,53,157,373,36,291,15,33,214,29,328,38,124,159,7
"2011","Salford 017B","E01005680","Total",502,49,109,300,44,257,18,33,173,33,245,31,76,127,11
"2011","Salford 017C","E01005683","Total",470,47,117,288,18,235,10,36,175,14,235,37,81,113,4
"2011","Salford 017F","E01032919","Total",1266,421,341,459,45,688,188,165,301,34,578,233,176,158,11
"2011","Salford 018A","E01005622","Total",760,54,132,503,71,367,19,32,267,49,393,35,100,236,22
"2011","Salford 018B","E01005623","Total",703,65,139,438,61,372,23,42,261,46,331,42,97,177,15
"2011","Salford 018C","E01005626","Total",686,51,108,454,73,363,19,24,264,56,323,32,84,190,17
"2011","Salford 018D","E01005628","Total",834,118,174,478,64,444,52,54,291,47,390,66,120,187,17
"2011","Salford 019A","E01005725","Total",456,26,121,277,32,226,6,32,162,26,230,20,89,115,6
"2011","Salford 019B","E01005726","Total",742,53,155,474,60,380,23,36,273,48,362,30,119,201,12
"2011","Salford 019C","E01005727","Total",747,33,124,525,65,384,13,41,285,45,363,20,83,240,20
"2011","Salford 019D","E01005728","Total",685,51,136,446,52,335,18,28,251,38,350,33,108,195,14
"2011","Salford 019E","E01005733","Total",511,28,128,309,46,268,10,39,187,32,243,18,89,122,14
"2011","Salford 020A","E01005631","Total",573,38,83,362,90,349,18,35,225,71,224,20,48,137,19
"2011","Salford 020B","E01005632","Total",1049,80,180,689,100,568,29,64,402,73,481,51,116,287,27
"2011","Salford 020C","E01005633","Total",598,54,122,373,49,303,17,34,219,33,295,37,88,154,16
"2011","Salford 020D","E01005634","Total",840,71,144,545,80,421,25,34,311,51,419,46,110,234,29
"2011","Salford 020E","E01005635","Total",828,55,108,531,134,453,20,33,306,94,375,35,75,225,40
"2011","Salford 020F","E01005636","Total",804,66,117,493,128,428,23,32,283,90,376,43,85,210,38
"2011","Salford 020G","E01005637","Total",674,48,138,426,62,339,17,37,245,40,335,31,101,181,22
"2011","Salford 021A","E01005629","Total",627,54,113,388,72,327,20,40,216,51,300,34,73,172,21
"2011","Salford 021B","E01005630","Total",754,39,141,514,60,355,13,25,274,43,399,26,116,240,17
"2011","Salford 021C","E01005719","Total",847,66,141,555,85,456,27,46,312,71,391,39,95,243,14
"2011","Salford 021D","E01005720","Total",1189,89,197,796,107,630,40,46,471,73,559,49,151,325,34
"2011","Salford 021E","E01005722","Total",712,46,146,466,54,344,17,48,239,40,368,29,98,227,14
"2011","Salford 021F","E01005723","Total",629,60,135,408,26,296,19,33,224,20,333,41,102,184,6
"2011","Salford 021G","E01005724","Total",741,48,132,500,61,387,17,31,292,47,354,31,101,208,14
"2011","Salford 022D","E01005610","Total",327,76,96,132,23,156,30,25,81,20,171,46,71,51,3
"2011","Salford 022E","E01032684","Total",894,211,172,454,57,508,117,75,272,44,386,94,97,182,13
"2011","Salford 022F","E01032687","Total",958,64,119,653,122,553,30,74,374,75,405,34,45,279,47
"2011","Salford 022G","E01032906","Total",743,76,115,474,78,453,39,61,303,50,290,37,54,171,28
"2011","Salford 022H","E01032907","Total",672,73,122,415,62,393,49,43,259,42,279,24,79,156,20
"2011","Salford 022I","E01032909","Total",1056,57,88,742,169,592,21,40,405,126,464,36,48,337,43
"2011","Salford 022J","E01032911","Total",861,51,86,625,99,482,27,43,352,60,379,24,43,273,39
"2011","Salford 022K","E01033330","Total",639,42,120,424,53,402,14,58,290,40,237,28,62,134,13
"2011","Salford 023A","E01005654","Total",850,47,106,603,94,473,19,43,347,64,377,28,63,256,30
"2011","Salford 023B","E01005656","Total",656,56,154,399,47,332,20,40,233,39,324,36,114,166,8
"2011","Salford 023C","E01005657","Total",618,53,116,396,53,316,27,29,219,41,302,26,87,177,12
"2011","Salford 023D","E01005721","Total",601,56,128,374,43,317,28,36,222,31,284,28,92,152,12
"2011","Salford 024A","E01005655","Total",484,72,101,272,39,276,35,42,164,35,208,37,59,108,4
"2011","Salford 024B","E01005658","Total",418,54,103,243,18,213,18,31,147,17,205,36,72,96,1
"2011","Salford 024C","E01005681","Total",487,173,103,189,22,256,79,41,119,17,231,94,62,70,5
"2011","Salford 024D","E01005682","Total",542,42,111,341,48,339,18,51,232,38,203,24,60,109,10
"2011","Salford 025A","E01005729","Total",445,31,97,277,40,242,15,23,175,29,203,16,74,102,11
"2011","Salford 025B","E01005730","Total",849,64,144,566,75,431,23,44,306,58,418,41,100,260,17
"2011","Salford 025C","E01005731","Total",566,43,121,364,38,288,16,29,210,33,278,27,92,154,5
"2011","Salford 025D","E01005732","Total",471,25,88,305,53,239,7,26,165,41,232,18,62,140,12
"2011","Salford 026A","E01005599","Total",677,46,139,443,49,363,16,48,257,42,314,30,91,186,7
"2011","Salford 026B","E01005600","Total",692,53,121,449,69,358,20,29,256,53,334,33,92,193,16
"2011","Salford 026C","E01005601","Total",596,45,138,369,44,300,17,42,208,33,296,28,96,161,11
"2011","Salford 026D","E01005602","Total",577,40,116,384,37,290,14,25,221,30,287,26,91,163,7
"2011","Salford 027A","E01005603","Total",771,37,145,527,62,381,15,43,281,42,390,22,102,246,20
"2011","Salford 027B","E01005604","Total",743,54,167,466,56,357,17,40,256,44,386,37,127,210,12
"2011","Salford 027C","E01005605","Total",698,43,119,469,67,362,20,32,259,51,336,23,87,210,16
"2011","Salford 027D","E01005638","Total",741,52,129,487,73,375,19,41,253,62,366,33,88,234,11
"2011","Salford 028B","E01005667","Total",714,50,158,449,57,364,14,51,255,44,350,36,107,194,13
"2011","Salford 028E","E01032685","Total",1140,41,85,763,251,673,19,34,439,181,467,22,51,324,70
"2011","Salford 028F","E01032686","Total",1143,57,74,884,128,685,26,36,530,93,458,31,38,354,35
"2011","Salford 028G","E01032912","Total",611,47,127,361,76,332,16,38,224,54,279,31,89,137,22
"2011","Salford 028H","E01032914","Total",1161,66,138,821,136,677,34,62,487,94,484,32,76,334,42
"2011","Salford 028I","E01032915","Total",630,61,144,385,40,331,30,48,225,28,299,31,96,160,12
"2011","Salford 028J","E01032917","Total",682,56,84,461,81,419,33,49,281,56,263,23,35,180,25
"2011","Salford 029A","E01005639","Total",467,49,121,254,43,228,21,26,148,33,239,28,95,106,10
"2011","Salford 029B","E01005640","Total",576,45,159,317,55,282,16,31,186,49,294,29,128,131,6
"2011","Salford 029C","E01005641","Total",640,59,127,392,62,319,19,26,227,47,321,40,101,165,15
"2011","Salford 029D","E01005642","Total",664,51,133,423,57,335,16,27,244,48,329,35,106,179,9
"2011","Salford 029E","E01005643","Total",617,51,107,387,72,310,16,24,211,59,307,35,83,176,13
"2011","Salford 029F","E01005644","Total",889,54,160,583,92,477,21,27,346,83,412,33,133,237,9
"2011","Salford 029G","E01005645","Total",734,82,129,443,80,383,34,23,253,73,351,48,106,190,7
"2011","Salford 030A","E01005616","Total",626,47,117,401,61,341,17,23,250,51,285,30,94,151,10
"2011","Salford 030B","E01005617","Total",772,48,147,503,74,394,19,26,290,59,378,29,121,213,15
"2011","Salford 030C","E01005618","Total",642,34,128,418,62,314,5,29,229,51,328,29,99,189,11
"2011","Salford 030D","E01005619","Total",609,43,113,395,58,307,9,32,220,46,302,34,81,175,12
"2011","Salford 030E","E01005620","Total",1400,105,247,852,196,735,36,55,493,151,665,69,192,359,45
"2011","Salford 030F","E01005621","Total",822,52,165,509,96,443,13,51,308,71,379,39,114,201,25
"2011","Stockport 001A","E01005886","Total",745,42,156,479,68,359,12,32,265,50,386,30,124,214,18
"2011","Stockport 001B","E01005888","Total",750,62,148,463,77,372,20,38,256,58,378,42,110,207,19
"2011","Stockport 001C","E01005889","Total",670,53,127,438,52,327,23,33,233,38,343,30,94,205,14
"2011","Stockport 001D","E01005891","Total",698,56,146,431,65,362,23,39,254,46,336,33,107,177,19
"2011","Stockport 001E","E01005894","Total",713,67,143,445,58,356,16,33,263,44,357,51,110,182,14
"2011","Stockport 002A","E01005887","Total",619,44,162,356,57,304,22,37,197,48,315,22,125,159,9
"2011","Stockport 002B","E01005890","Total",620,51,151,365,53,321,22,44,210,45,299,29,107,155,8
"2011","Stockport 002C","E01005893","Total",918,54,158,604,102,487,11,43,355,78,431,43,115,249,24
"2011","Stockport 002D","E01005896","Total",927,43,173,623,88,492,12,36,378,66,435,31,137,245,22
"2011","Stockport 002E","E01005919","Total",663,38,158,403,64,318,9,36,228,45,345,29,122,175,19
"2011","Stockport 003A","E01005862","Total",821,49,160,506,106,435,21,30,301,83,386,28,130,205,23
"2011","Stockport 003B","E01005892","Total",653,43,124,429,57,332,12,30,242,48,321,31,94,187,9
"2011","Stockport 003C","E01005895","Total",549,53,104,328,64,271,15,22,180,54,278,38,82,148,10
"2011","Stockport 003D","E01005920","Total",840,62,148,556,74,431,22,35,310,64,409,40,113,246,10
"2011","Stockport 003E","E01005921","Total",715,35,137,479,64,348,8,27,263,50,367,27,110,216,14
"2011","Stockport 003F","E01005922","Total",743,52,125,504,62,373,12,26,285,50,370,40,99,219,12
"2011","Stockport 004A","E01005753","Total",517,34,151,289,43,256,9,44,173,30,261,25,107,116,13
"2011","Stockport 004B","E01005754","Total",611,43,156,375,37,306,18,42,218,28,305,25,114,157,9
"2011","Stockport 004C","E01005755","Total",617,62,135,375,45,335,16,37,245,37,282,46,98,130,8
"2011","Stockport 004D","E01005756","Total",447,32,135,249,31,249,10,53,161,25,198,22,82,88,6
"2011","Stockport 005A","E01005745","Total",771,61,141,471,98,409,20,27,288,74,362,41,114,183,24
"2011","Stockport 005B","E01005746","Total",519,43,105,317,54,276,15,27,195,39,243,28,78,122,15
"2011","Stockport 005C","E01005747","Total",798,78,155,486,79,415,23,33,294,65,383,55,122,192,14
"2011","Stockport 005D","E01005748","Total",708,79,148,398,83,367,24,34,244,65,341,55,114,154,18
"2011","Stockport 006A","E01005863","Total",940,68,170,560,142,489,22,48,318,101,451,46,122,242,41
"2011","Stockport 006B","E01005864","Total",835,60,140,508,127,430,23,48,270,89,405,37,92,238,38
"2011","Stockport 006C","E01005866","Total",963,76,155,615,117,535,39,59,349,88,428,37,96,266,29
"2011","Stockport 006D","E01005869","Total",751,51,136,477,87,385,15,39,267,64,366,36,97,210,23
"2011","Stockport 007A","E01005914","Total",713,55,155,445,58,386,22,35,284,45,327,33,120,161,13
"2011","Stockport 007B","E01005915","Total",768,44,154,512,58,395,14,33,306,42,373,30,121,206,16
"2011","Stockport 007C","E01005916","Total",815,55,139,554,67,420,16,44,311,49,395,39,95,243,18
"2011","Stockport 007D","E01005917","Total",867,47,164,582,74,461,23,58,327,53,406,24,106,255,21
"2011","Stockport 008A","E01005859","Total",759,60,129,412,158,418,23,29,240,126,341,37,100,172,32
"2011","Stockport 008B","E01005865","Total",707,74,132,387,114,367,28,37,217,85,340,46,95,170,29
"2011","Stockport 008C","E01005867","Total",709,54,105,431,119,381,22,38,233,88,328,32,67,198,31
"2011","Stockport 008D","E01005868","Total",697,66,146,407,78,370,17,41,257,55,327,49,105,150,23
"2011","Stockport 009A","E01005743","Total",663,36,154,405,68,339,7,31,246,55,324,29,123,159,13
"2011","Stockport 009B","E01005744","Total",651,51,110,429,61,341,14,28,255,44,310,37,82,174,17
"2011","Stockport 009C","E01005749","Total",922,72,163,601,86,476,26,29,353,68,446,46,134,248,18
"2011","Stockport 009D","E01005750","Total",907,62,154,588,103,481,19,28,347,87,426,43,126,241,16
"2011","Stockport 009E","E01005751","Total",714,47,114,473,80,377,18,17,276,66,337,29,97,197,14
"2011","Stockport 010A","E01005897","Total",698,58,156,427,57,362,21,36,259,46,336,37,120,168,11
"2011","Stockport 010B","E01005898","Total",738,77,165,403,93,381,23,50,241,67,357,54,115,162,26
"2011","Stockport 010C","E01005900","Total",680,50,152,394,84,344,13,31,238,62,336,37,121,156,22
"2011","Stockport 010D","E01005903","Total",661,77,124,366,94,350,21,26,237,66,311,56,98,129,28
"2011","Stockport 010E","E01005904","Total",716,66,152,415,83,373,15,39,252,67,343,51,113,163,16
"2011","Stockport 011A","E01005853","Total",722,64,142,440,76,359,18,32,257,52,363,46,110,183,24
"2011","Stockport 011B","E01005856","Total",848,70,151,542,85,445,29,36,321,59,403,41,115,221,26
"2011","Stockport 011C","E01005860","Total",753,72,158,433,90,377,22,30,260,65,376,50,128,173,25
"2011","Stockport 011D","E01005861","Total",763,56,152,478,77,388,18,28,284,58,375,38,124,194,19
"2011","Stockport 012A","E01005752","Total",631,50,138,378,65,307,13,26,218,50,324,37,112,160,15
"2011","Stockport 012B","E01005899","Total",650,67,134,387,62,350,21,38,241,50,300,46,96,146,12
"2011","Stockport 012C","E01005901","Total",648,64,120,399,65,348,24,29,245,50,300,40,91,154,15
"2011","Stockport 012D","E01005902","Total",671,50,132,430,59,335,17,29,240,49,336,33,103,190,10
"2011","Stockport 012E","E01005905","Total",591,45,135,360,51,299,13,25,221,40,292,32,110,139,11
"2011","Stockport 013A","E01005852","Total",841,80,136,502,123,433,30,44,268,91,408,50,92,234,32
"2011","Stockport 013B","E01005854","Total",907,68,143,572,124,455,18,24,329,84,452,50,119,243,40
"2011","Stockport 013C","E01005855","Total",780,62,154,459,105,422,23,55,277,67,358,39,99,182,38
"2011","Stockport 013D","E01005857","Total",771,79,160,452,80,400,27,56,257,60,371,52,104,195,20
"2011","Stockport 013E","E01005858","Total",899,62,139,588,110,440,22,28,322,68,459,40,111,266,42
"2011","Stockport 014A","E01005757","Total",830,49,151,561,69,432,19,40,320,53,398,30,111,241,16
"2011","Stockport 014B","E01005758","Total",749,47,157,465,80,408,21,49,274,64,341,26,108,191,16
"2011","Stockport 014C","E01005766","Total",678,57,125,441,55,391,13,52,280,46,287,44,73,161,9
"2011","Stockport 014D","E01005918","Total",472,31,112,303,26,270,14,39,197,20,202,17,73,106,6
"2011","Stockport 015A","E01005870","Total",730,60,127,476,67,383,22,21,289,51,347,38,106,187,16
"2011","Stockport 015B","E01005871","Total",734,46,149,479,60,366,11,43,267,45,368,35,106,212,15
"2011","Stockport 015C","E01005873","Total",776,76,167,477,56,399,27,38,287,47,377,49,129,190,9
"2011","Stockport 015D","E01005875","Total",859,67,169,535,88,420,12,31,312,65,439,55,138,223,23
"2011","Stockport 016A","E01005764","Total",880,47,174,565,94,437,13,39,314,71,443,34,135,251,23
"2011","Stockport 016B","E01005816","Total",892,57,157,608,70,431,18,27,333,53,461,39,130,275,17
"2011","Stockport 016C","E01005817","Total",758,43,126,511,78,380,14,39,275,52,378,29,87,236,26
"2011","Stockport 016D","E01005822","Total",708,44,126,480,58,398,13,45,291,49,310,31,81,189,9
"2011","Stockport 017A","E01005880","Total",756,84,157,405,110,384,19,39,243,83,372,65,118,162,27
"2011","Stockport 017B","E01005881","Total",621,77,118,331,95,329,14,33,209,73,292,63,85,122,22
"2011","Stockport 017C","E01005883","Total",721,85,140,383,113,398,20,45,244,89,323,65,95,139,24
"2011","Stockport 017D","E01005908","Total",746,87,144,369,146,395,26,39,221,109,351,61,105,148,37
"2011","Stockport 018A","E01005765","Total",775,64,138,505,68,390,14,31,292,53,385,50,107,213,15
"2011","Stockport 018B","E01005818","Total",679,49,141,418,71,341,17,22,250,52,338,32,119,168,19
"2011","Stockport 018C","E01005819","Total",876,62,153,572,89,467,28,48,323,68,409,34,105,249,21
"2011","Stockport 018D","E01005820","Total",776,53,146,513,64,384,11,43,287,43,392,42,103,226,21
"2011","Stockport 018E","E01005821","Total",779,58,157,480,84,408,16,35,297,60,371,42,122,183,24
"2011","Stockport 018F","E01005823","Total",855,54,179,548,74,445,22,38,335,50,410,32,141,213,24
"2011","Stockport 019A","E01005825","Total",864,60,145,565,94,448,17,39,318,74,416,43,106,247,20
"2011","Stockport 019B","E01005872","Total",879,55,163,568,93,425,18,40,301,66,454,37,123,267,27
"2011","Stockport 019C","E01005874","Total",810,68,172,504,66,428,30,55,288,55,382,38,117,216,11
"2011","Stockport 019D","E01005876","Total",788,59,158,511,60,392,17,36,292,47,396,42,122,219,13
"2011","Stockport 019E","E01005877","Total",686,49,134,437,66,348,11,27,259,51,338,38,107,178,15
"2011","Stockport 020A","E01005878","Total",611,48,142,370,51,304,12,35,222,35,307,36,107,148,16
"2011","Stockport 020B","E01005879","Total",611,58,127,356,70,319,13,31,219,56,292,45,96,137,14
"2011","Stockport 020C","E01005882","Total",640,78,137,343,82,334,27,31,208,68,306,51,106,135,14
"2011","Stockport 020D","E01005884","Total",725,67,154,434,70,360,20,36,255,49,365,47,118,179,21
"2011","Stockport 020E","E01005885","Total",642,57,118,379,88,341,22,37,217,65,301,35,81,162,23
"2011","Stockport 021A","E01005832","Total",762,62,162,467,71,398,14,33,291,60,364,48,129,176,11
"2011","Stockport 021B","E01005833","Total",503,42,111,283,67,259,13,24,170,52,244,29,87,113,15
"2011","Stockport 021C","E01005835","Total",734,68,149,427,90,386,22,40,260,64,348,46,109,167,26
"2011","Stockport 021D","E01005837","Total",892,69,164,567,92,459,23,29,342,65,433,46,135,225,27
"2011","Stockport 021E","E01005843","Total",839,67,173,514,85,447,20,38,327,62,392,47,135,187,23
"2011","Stockport 022A","E01005769","Total",806,66,108,505,127,378,25,28,251,74,428,41,80,254,53
"2011","Stockport 022B","E01005778","Total",811,69,155,509,78,410,23,35,291,61,401,46,120,218,17
"2011","Stockport 022C","E01005779","Total",777,61,145,498,73,406,20,30,299,57,371,41,115,199,16
"2011","Stockport 022D","E01005780","Total",791,58,142,518,73,390,24,30,282,54,401,34,112,236,19
"2011","Stockport 022E","E01005781","Total",625,47,137,378,63,313,13,32,217,51,312,34,105,161,12
"2011","Stockport 023A","E01005759","Total",935,66,190,609,70,486,24,50,354,58,449,42,140,255,12
"2011","Stockport 023B","E01005760","Total",952,73,175,614,90,499,31,42,364,62,453,42,133,250,28
"2011","Stockport 023C","E01005797","Total",760,46,140,500,74,396,15,33,297,51,364,31,107,203,23
"2011","Stockport 023D","E01005800","Total",845,64,156,518,107,440,19,45,302,74,405,45,111,216,33
"2011","Stockport 023E","E01005804","Total",538,52,107,332,47,262,13,21,197,31,276,39,86,135,16
"2011","Stockport 024A","E01005824","Total",753,46,144,487,76,389,19,27,278,65,364,27,117,209,11
"2011","Stockport 024B","E01005826","Total",527,45,139,308,35,265,15,34,185,31,262,30,105,123,4
"2011","Stockport 024C","E01005827","Total",692,59,144,421,68,369,21,38,261,49,323,38,106,160,19
"2011","Stockport 024D","E01005828","Total",481,48,136,269,28,237,17,33,162,25,244,31,103,107,3
"2011","Stockport 024E","E01005829","Total",546,45,132,331,38,276,15,39,190,32,270,30,93,141,6
"2011","Stockport 025A","E01005768","Total",721,74,153,399,95,390,17,44,253,76,331,57,109,146,19
"2011","Stockport 025B","E01005770","Total",650,49,122,382,97,334,15,30,218,71,316,34,92,164,26
"2011","Stockport 025C","E01005771","Total",704,63,138,416,87,361,19,35,246,61,343,44,103,170,26
"2011","Stockport 025D","E01005775","Total",745,71,140,441,93,386,22,36,257,71,359,49,104,184,22
"2011","Stockport 026A","E01005761","Total",616,52,137,378,49,348,22,39,243,44,268,30,98,135,5
"2011","Stockport 026B","E01005762","Total",497,55,142,261,39,244,26,33,155,30,253,29,109,106,9
"2011","Stockport 026C","E01005763","Total",713,62,155,433,63,361,16,47,259,39,352,46,108,174,24
"2011","Stockport 026D","E01005799","Total",723,64,169,439,51,361,19,37,265,40,362,45,132,174,11
"2011","Stockport 027A","E01005798","Total",706,64,101,431,110,378,22,38,243,75,328,42,63,188,35
"2011","Stockport 027B","E01005801","Total",774,55,155,488,76,406,17,40,295,54,368,38,115,193,22
"2011","Stockport 027C","E01005802","Total",831,66,160,500,105,429,18,30,300,81,402,48,130,200,24
"2011","Stockport 027D","E01005803","Total",765,75,139,457,94,389,20,20,273,76,376,55,119,184,18
"2011","Stockport 027E","E01005830","Total",745,57,144,483,61,379,27,23,282,47,366,30,121,201,14
"2011","Stockport 027F","E01005831","Total",835,63,177,524,71,416,24,44,296,52,419,39,133,228,19
"2011","Stockport 028A","E01005767","Total",597,82,120,328,67,312,27,45,190,50,285,55,75,138,17
"2011","Stockport 028B","E01005772","Total",610,60,142,325,83,340,18,49,205,68,270,42,93,120,15
"2011","Stockport 028C","E01005773","Total",717,77,153,365,122,361,18,31,220,92,356,59,122,145,30
"2011","Stockport 028D","E01005774","Total",539,42,138,311,48,276,18,33,189,36,263,24,105,122,12
"2011","Stockport 028E","E01005776","Total",719,76,155,395,93,393,28,55,236,74,326,48,100,159,19
"2011","Stockport 029A","E01005909","Total",709,66,141,407,95,364,16,35,245,68,345,50,106,162,27
"2011","Stockport 029B","E01005910","Total",702,47,147,442,66,351,17,31,257,46,351,30,116,185,20
"2011","Stockport 029C","E01005911","Total",633,68,129,368,68,317,25,27,213,52,316,43,102,155,16
"2011","Stockport 029D","E01005912","Total",683,80,114,372,117,352,15,31,214,92,331,65,83,158,25
"2011","Stockport 030A","E01005782","Total",629,51,114,399,65,312,11,31,222,48,317,40,83,177,17
"2011","Stockport 030B","E01005783","Total",729,72,146,434,77,359,25,34,246,54,370,47,112,188,23
"2011","Stockport 030C","E01005784","Total",628,63,145,330,90,328,18,36,203,71,300,45,109,127,19
"2011","Stockport 030D","E01005785","Total",811,75,157,483,96,412,22,34,282,74,399,53,123,201,22
"2011","Stockport 030E","E01005786","Total",812,93,163,449,107,432,25,45,284,78,380,68,118,165,29
"2011","Stockport 031A","E01005834","Total",742,62,143,461,76,379,20,32,272,55,363,42,111,189,21
"2011","Stockport 031B","E01005836","Total",848,66,152,542,88,440,22,41,309,68,408,44,111,233,20
"2011","Stockport 031C","E01005838","Total",916,61,170,592,93,459,22,48,317,72,457,39,122,275,21
"2011","Stockport 031D","E01005840","Total",780,67,140,495,78,404,23,37,294,50,376,44,103,201,28
"2011","Stockport 032A","E01005927","Total",687,67,143,375,102,349,22,35,218,74,338,45,108,157,28
"2011","Stockport 032B","E01005928","Total",741,61,145,441,94,367,20,40,238,69,374,41,105,203,25
"2011","Stockport 032C","E01005929","Total",620,71,128,328,93,339,24,37,208,70,281,47,91,120,23
"2011","Stockport 032D","E01005930","Total",691,95,117,330,149,369,28,24,198,119,322,67,93,132,30
"2011","Stockport 033A","E01005806","Total",588,55,131,337,65,290,14,19,203,54,298,41,112,134,11
"2011","Stockport 033B","E01005813","Total",770,84,149,437,100,386,26,35,243,82,384,58,114,194,18
"2011","Stockport 033C","E01005814","Total",616,75,120,363,58,319,25,22,224,48,297,50,98,139,10
"2011","Stockport 033D","E01005815","Total",691,77,154,396,64,353,25,27,246,55,338,52,127,150,9
"2011","Stockport 034A","E01005777","Total",719,61,154,427,77,372,21,43,251,57,347,40,111,176,20
"2011","Stockport 034B","E01005787","Total",667,86,126,352,103,343,26,24,214,79,324,60,102,138,24
"2011","Stockport 034C","E01005788","Total",791,86,131,469,105,420,28,29,290,73,371,58,102,179,32
"2011","Stockport 034D","E01005790","Total",611,62,119,360,70,305,18,28,205,54,306,44,91,155,16
"2011","Stockport 035A","E01005805","Total",810,91,161,487,71,413,20,33,305,55,397,71,128,182,16
"2011","Stockport 035B","E01005807","Total",762,76,173,426,87,400,27,39,267,67,362,49,134,159,20
"2011","Stockport 035C","E01005839","Total",638,67,140,358,73,334,18,28,224,64,304,49,112,134,9
"2011","Stockport 035D","E01005841","Total",733,75,168,397,93,376,26,33,248,69,357,49,135,149,24
"2011","Stockport 036A","E01005844","Total",610,72,153,314,71,313,28,43,185,57,297,44,110,129,14
"2011","Stockport 036B","E01005845","Total",732,73,188,400,71,392,28,65,244,55,340,45,123,156,16
"2011","Stockport 036C","E01005849","Total",765,79,149,448,89,398,26,36,266,70,367,53,113,182,19
"2011","Stockport 036D","E01005851","Total",679,77,130,408,64,355,27,37,239,52,324,50,93,169,12
"2011","Stockport 037A","E01005808","Total",615,64,131,338,82,316,20,20,217,59,299,44,111,121,23
"2011","Stockport 037B","E01005809","Total",625,69,137,356,63,325,28,31,217,49,300,41,106,139,14
"2011","Stockport 037C","E01005810","Total",664,88,120,358,98,362,26,31,224,81,302,62,89,134,17
"2011","Stockport 037D","E01005811","Total",769,73,147,443,106,387,25,33,255,74,382,48,114,188,32
"2011","Stockport 037E","E01005812","Total",606,67,116,311,112,313,16,19,194,84,293,51,97,117,28
"2011","Stockport 038A","E01005842","Total",786,69,164,442,111,420,23,42,271,84,366,46,122,171,27
"2011","Stockport 038B","E01005906","Total",623,70,129,324,100,323,19,34,191,79,300,51,95,133,21
"2011","Stockport 038C","E01005907","Total",525,56,130,286,53,274,18,29,188,39,251,38,101,98,14
"2011","Stockport 038D","E01005913","Total",676,80,141,355,100,352,20,35,222,75,324,60,106,133,25
"2011","Stockport 039A","E01005789","Total",777,77,143,445,112,408,30,26,264,88,369,47,117,181,24
"2011","Stockport 039B","E01005791","Total",782,84,156,435,107,398,21,34,259,84,384,63,122,176,23
"2011","Stockport 039C","E01005793","Total",719,80,137,419,83,355,24,27,236,68,364,56,110,183,15
"2011","Stockport 039D","E01005795","Total",643,73,120,370,80,337,30,30,216,61,306,43,90,154,19
"2011","Stockport 039E","E01005796","Total",654,66,136,368,84,343,15,37,230,61,311,51,99,138,23
"2011","Stockport 040A","E01005846","Total",757,77,163,447,70,398,27,44,275,52,359,50,119,172,18
"2011","Stockport 040B","E01005847","Total",801,67,160,509,65,427,28,42,305,52,374,39,118,204,13
"2011","Stockport 040C","E01005848","Total",888,92,169,508,119,479,30,54,306,89,409,62,115,202,30
"2011","Stockport 040D","E01005850","Total",825,69,181,490,85,423,25,57,277,64,402,44,124,213,21
"2011","Stockport 041A","E01005792","Total",738,89,130,425,94,395,27,27,256,85,343,62,103,169,9
"2011","Stockport 041B","E01005794","Total",623,86,122,340,75,317,29,30,200,58,306,57,92,140,17
"2011","Stockport 041C","E01005923","Total",683,93,142,354,94,372,33,39,225,75,311,60,103,129,19
"2011","Stockport 041D","E01005931","Total",664,84,119,340,121,346,23,22,203,98,318,61,97,137,23
"2011","Stockport 042A","E01005924","Total",608,60,135,285,128,328,24,35,163,106,280,36,100,122,22
"2011","Stockport 042B","E01005925","Total",589,65,132,299,93,317,18,33,188,78,272,47,99,111,15
"2011","Stockport 042C","E01005926","Total",636,97,112,311,116,333,29,32,182,90,303,68,80,129,26
"2011","Stockport 042D","E01005932","Total",648,75,134,349,90,323,20,28,211,64,325,55,106,138,26
"2011","Tameside 001A","E01006053","Total",1085,78,196,657,154,560,22,52,373,113,525,56,144,284,41
"2011","Tameside 001B","E01006054","Total",652,56,125,397,74,342,16,33,236,57,310,40,92,161,17
"2011","Tameside 001C","E01006055","Total",847,60,132,550,105,434,18,36,305,75,413,42,96,245,30
"2011","Tameside 001D","E01006057","Total",842,62,141,575,64,409,18,44,299,48,433,44,97,276,16
"2011","Tameside 001E","E01006058","Total",1100,76,177,713,134,598,28,45,420,105,502,48,132,293,29
"2011","Tameside 001F","E01006059","Total",779,45,130,529,75,397,16,24,299,58,382,29,106,230,17
"2011","Tameside 002A","E01005938","Total",720,59,159,420,82,380,26,37,246,71,340,33,122,174,11
"2011","Tameside 002B","E01005939","Total",604,53,129,376,46,327,17,46,226,38,277,36,83,150,8
"2011","Tameside 002C","E01005940","Total",680,54,159,414,53,357,24,43,250,40,323,30,116,164,13
"2011","Tameside 002D","E01005955","Total",919,77,151,599,92,481,29,32,346,74,438,48,119,253,18
"2011","Tameside 003A","E01006056","Total",445,24,112,281,28,213,8,27,157,21,232,16,85,124,7
"2011","Tameside 003B","E01006061","Total",1079,69,214,678,118,563,22,61,391,89,516,47,153,287,29
"2011","Tameside 003C","E01006062","Total",1166,92,229,712,133,604,29,54,415,106,562,63,175,297,27
"2011","Tameside 003D","E01006063","Total",814,63,171,507,73,414,21,42,291,60,400,42,129,216,13
"2011","Tameside 004A","E01005936","Total",734,51,153,445,85,389,19,30,276,64,345,32,123,169,21
"2011","Tameside 004B","E01005937","Total",615,46,125,382,62,304,16,19,220,49,311,30,106,162,13
"2011","Tameside 004C","E01005945","Total",683,38,140,430,75,341,9,33,243,56,342,29,107,187,19
"2011","Tameside 004D","E01005946","Total",772,47,150,505,70,414,12,30,315,57,358,35,120,190,13
"2011","Tameside 004E","E01005947","Total",679,43,135,434,67,365,12,43,262,48,314,31,92,172,19
"2011","Tameside 005A","E01005954","Total",636,42,108,424,62,342,12,23,259,48,294,30,85,165,14
"2011","Tameside 005B","E01005956","Total",747,47,165,482,53,373,13,48,275,37,374,34,117,207,16
"2011","Tameside 005C","E01005957","Total",704,42,145,450,67,387,13,37,281,56,317,29,108,169,11
"2011","Tameside 005D","E01005958","Total",602,46,134,364,58,307,19,28,213,47,295,27,106,151,11
"2011","Tameside 005E","E01005959","Total",636,51,138,414,33,343,19,43,255,26,293,32,95,159,7
"2011","Tameside 006A","E01005933","Total",515,32,125,325,33,263,6,28,203,26,252,26,97,122,7
"2011","Tameside 006B","E01005934","Total",692,60,115,452,65,337,19,28,239,51,355,41,87,213,14
"2011","Tameside 006C","E01005935","Total",510,32,131,313,34,266,10,34,193,29,244,22,97,120,5
"2011","Tameside 006D","E01005949","Total",721,51,146,466,58,380,19,49,272,40,341,32,97,194,18
"2011","Tameside 006E","E01005960","Total",730,48,152,463,67,380,12,34,284,50,350,36,118,179,17
"2011","Tameside 007A","E01005941","Total",663,42,135,426,60,388,17,53,272,46,275,25,82,154,14
"2011","Tameside 007B","E01005942","Total",840,61,153,553,73,424,24,33,310,57,416,37,120,243,16
"2011","Tameside 007C","E01005943","Total",948,46,162,644,96,515,18,51,370,76,433,28,111,274,20
"2011","Tameside 007D","E01005944","Total",728,58,128,455,87,392,18,28,276,70,336,40,100,179,17
"2011","Tameside 008A","E01006060","Total",599,36,110,389,64,323,10,35,227,51,276,26,75,162,13
"2011","Tameside 008B","E01006064","Total",538,41,124,324,49,262,12,29,183,38,276,29,95,141,11
"2011","Tameside 008C","E01006065","Total",515,32,115,334,34,263,7,24,201,31,252,25,91,133,3
"2011","Tameside 008D","E01006066","Total",680,38,129,444,69,366,10,32,265,59,314,28,97,179,10
"2011","Tameside 009A","E01006067","Total",1076,74,197,682,123,559,21,44,396,98,517,53,153,286,25
"2011","Tameside 009B","E01006068","Total",782,46,122,536,78,428,13,37,316,62,354,33,85,220,16
"2011","Tameside 009C","E01006069","Total",676,40,147,435,54,331,13,25,253,40,345,27,122,182,14
"2011","Tameside 009D","E01006073","Total",757,41,141,498,77,387,12,36,279,60,370,29,105,219,17
"2011","Tameside 010A","E01005993","Total",667,38,122,438,69,352,12,32,251,57,315,26,90,187,12
"2011","Tameside 010B","E01005995","Total",805,56,131,536,82,411,18,27,298,68,394,38,104,238,14
"2011","Tameside 010C","E01005996","Total",956,58,161,637,100,475,13,19,365,78,481,45,142,272,22
"2011","Tameside 010D","E01005997","Total",745,36,160,495,54,385,11,39,294,41,360,25,121,201,13
"2011","Tameside 010E","E01006000","Total",570,37,117,362,54,294,19,29,206,40,276,18,88,156,14
"2011","Tameside 011A","E01005994","Total",722,53,166,442,61,336,10,35,248,43,386,43,131,194,18
"2011","Tameside 011B","E01005999","Total",807,63,160,511,73,400,27,37,279,57,407,36,123,232,16
"2011","Tameside 011C","E01006002","Total",631,52,125,398,56,322,14,30,231,47,309,38,95,167,9
"2011","Tameside 011D","E01006004","Total",782,60,161,502,59,400,15,34,305,46,382,45,127,197,13
"2011","Tameside 011E","E01006005","Total",573,37,129,371,36,281,17,27,209,28,292,20,102,162,8
"2011","Tameside 011F","E01006007","Total",769,47,157,497,68,392,13,36,287,56,377,34,121,210,12
"2011","Tameside 012A","E01005998","Total",859,58,177,561,63,413,14,33,315,51,446,44,144,246,12
"2011","Tameside 012B","E01006001","Total",753,36,145,509,63,376,8,30,281,57,377,28,115,228,6
"2011","Tameside 012C","E01006003","Total",709,51,153,451,54,368,20,37,265,46,341,31,116,186,8
"2011","Tameside 012D","E01006006","Total",748,50,119,512,67,399,12,31,302,54,349,38,88,210,13
"2011","Tameside 013A","E01005948","Total",772,55,153,497,67,476,28,84,319,45,296,27,69,178,22
"2011","Tameside 013B","E01005950","Total",623,73,169,340,41,384,27,105,221,31,239,46,64,119,10
"2011","Tameside 013C","E01005951","Total",728,46,135,493,54,374,14,29,290,41,354,32,106,203,13
"2011","Tameside 013D","E01005952","Total",822,63,161,544,54,532,33,84,369,46,290,30,77,175,8
"2011","Tameside 013E","E01005953","Total",749,56,167,477,49,411,21,64,292,34,338,35,103,185,15
"2011","Tameside 014A","E01005961","Total",746,55,144,469,78,395,21,38,278,58,351,34,106,191,20
"2011","Tameside 014B","E01005962","Total",713,64,119,472,58,377,19,24,288,46,336,45,95,184,12
"2011","Tameside 014C","E01005968","Total",766,60,138,508,60,376,21,28,280,47,390,39,110,228,13
"2011","Tameside 014D","E01005969","Total",726,52,125,481,68,391,19,30,288,54,335,33,95,193,14
"2011","Tameside 015A","E01006022","Total",852,58,128,583,83,469,24,31,349,65,383,34,97,234,18
"2011","Tameside 015B","E01006023","Total",722,49,138,484,51,391,14,45,287,45,331,35,93,197,6
"2011","Tameside 015C","E01006070","Total",768,48,140,498,82,396,16,27,288,65,372,32,113,210,17
"2011","Tameside 015D","E01006071","Total",797,78,140,451,128,429,25,36,266,102,368,53,104,185,26
"2011","Tameside 015E","E01006072","Total",929,88,151,555,135,480,37,32,309,102,449,51,119,246,33
"2011","Tameside 016A","E01006009","Total",708,63,133,460,52,382,29,42,272,39,326,34,91,188,13
"2011","Tameside 016B","E01006017","Total",734,63,130,478,63,388,16,20,302,50,346,47,110,176,13
"2011","Tameside 016C","E01006018","Total",686,52,128,447,59,353,14,22,269,48,333,38,106,178,11
"2011","Tameside 016D","E01006021","Total",663,42,110,457,54,333,15,19,263,36,330,27,91,194,18
"2011","Tameside 017A","E01006008","Total",823,36,162,548,77,413,3,32,315,63,410,33,130,233,14
"2011","Tameside 017B","E01006010","Total",595,38,125,375,57,313,13,29,223,48,282,25,96,152,9
"2011","Tameside 017C","E01006012","Total",912,61,154,614,83,482,23,44,349,66,430,38,110,265,17
"2011","Tameside 017D","E01006015","Total",792,47,131,528,86,408,15,29,297,67,384,32,102,231,19
"2011","Tameside 017E","E01006016","Total",733,29,122,526,56,411,17,36,316,42,322,12,86,210,14
"2011","Tameside 018A","E01006011","Total",665,45,130,438,52,337,11,28,260,38,328,34,102,178,14
"2011","Tameside 018B","E01006013","Total",607,53,130,364,60,306,17,28,215,46,301,36,102,149,14
"2011","Tameside 018C","E01006014","Total",592,46,106,397,43,292,8,21,230,33,300,38,85,167,10
"2011","Tameside 018D","E01006019","Total",611,36,124,393,58,318,10,33,228,47,293,26,91,165,11
"2011","Tameside 018E","E01006020","Total",653,43,134,414,62,343,11,25,259,48,310,32,109,155,14
"2011","Tameside 019A","E01005963","Total",634,30,100,449,55,327,6,21,253,47,307,24,79,196,8
"2011","Tameside 019B","E01005964","Total",800,65,151,523,61,382,17,28,289,48,418,48,123,234,13
"2011","Tameside 019C","E01005965","Total",600,42,126,388,44,302,12,35,222,33,298,30,91,166,11
"2011","Tameside 019D","E01005966","Total",685,34,131,462,58,363,13,35,273,42,322,21,96,189,16
"2011","Tameside 019E","E01005967","Total",598,49,136,364,49,300,12,32,218,38,298,37,104,146,11
"2011","Tameside 020A","E01006031","Total",592,41,157,354,40,310,18,53,204,35,282,23,104,150,5
"2011","Tameside 020B","E01006032","Total",575,46,111,366,52,292,13,29,209,41,283,33,82,157,11
"2011","Tameside 020C","E01006033","Total",614,48,103,413,50,316,17,29,233,37,298,31,74,180,13
"2011","Tameside 020D","E01006034","Total",993,42,187,675,89,520,8,49,402,61,473,34,138,273,28
"2011","Tameside 020E","E01006035","Total",989,52,173,667,97,539,26,43,386,84,450,26,130,281,13
"2011","Tameside 020F","E01006036","Total",882,55,161,577,89,448,16,51,319,62,434,39,110,258,27
"2011","Tameside 021A","E01005970","Total",742,52,153,467,70,394,10,43,286,55,348,42,110,181,15
"2011","Tameside 021B","E01005972","Total",824,41,152,562,69,415,10,29,323,53,409,31,123,239,16
"2011","Tameside 021C","E01005974","Total",755,61,138,485,71,413,23,39,294,57,342,38,99,191,14
"2011","Tameside 021D","E01005975","Total",725,44,136,476,69,369,14,31,272,52,356,30,105,204,17
"2011","Tameside 022A","E01006024","Total",981,87,176,611,107,509,33,40,352,84,472,54,136,259,23
"2011","Tameside 022B","E01006026","Total",800,43,146,543,68,409,11,29,315,54,391,32,117,228,14
"2011","Tameside 022C","E01006037","Total",831,56,146,536,93,423,22,33,301,67,408,34,113,235,26
"2011","Tameside 022D","E01006038","Total",769,67,134,495,73,400,22,25,293,60,369,45,109,202,13
"2011","Tameside 023A","E01006047","Total",659,60,126,404,69,334,14,35,232,53,325,46,91,172,16
"2011","Tameside 023B","E01006048","Total",716,59,130,437,90,364,16,32,249,67,352,43,98,188,23
"2011","Tameside 023C","E01006049","Total",749,61,127,458,103,407,18,34,273,82,342,43,93,185,21
"2011","Tameside 023D","E01006051","Total",827,65,146,521,95,428,18,34,307,69,399,47,112,214,26
"2011","Tameside 024A","E01005985","Total",675,56,119,434,66,345,14,33,245,53,330,42,86,189,13
"2011","Tameside 024B","E01005987","Total",726,57,117,468,84,385,19,31,271,64,341,38,86,197,20
"2011","Tameside 024C","E01005988","Total",859,73,147,565,74,431,25,24,328,54,428,48,123,237,20
"2011","Tameside 024D","E01005990","Total",649,51,133,419,46,324,13,35,236,40,325,38,98,183,6
"2011","Tameside 024E","E01005991","Total",748,59,131,475,83,388,15,32,279,62,360,44,99,196,21
"2011","Tameside 025A","E01005971","Total",714,47,125,466,76,373,12,35,270,56,341,35,90,196,20
"2011","Tameside 025B","E01005986","Total",620,35,129,400,56,307,10,27,226,44,313,25,102,174,12
"2011","Tameside 025C","E01005989","Total",651,45,123,422,61,327,15,25,242,45,324,30,98,180,16
"2011","Tameside 025D","E01005992","Total",633,40,130,423,40,326,13,26,252,35,307,27,104,171,5
"2011","Tameside 026A","E01005973","Total",702,50,135,465,52,362,15,31,274,42,340,35,104,191,10
"2011","Tameside 026B","E01005976","Total",663,48,135,416,64,330,10,34,237,49,333,38,101,179,15
"2011","Tameside 026C","E01005977","Total",765,52,143,508,62,389,12,31,301,45,376,40,112,207,17
"2011","Tameside 026D","E01005978","Total",589,37,117,393,42,297,8,33,224,32,292,29,84,169,10
"2011","Tameside 027A","E01006025","Total",472,38,115,282,37,229,13,19,170,27,243,25,96,112,10
"2011","Tameside 027B","E01006027","Total",459,34,108,276,41,242,13,28,166,35,217,21,80,110,6
"2011","Tameside 027C","E01006050","Total",565,43,133,357,32,280,13,38,203,26,285,30,95,154,6
"2011","Tameside 027D","E01006052","Total",590,32,119,387,52,318,9,28,238,43,272,23,91,149,9
"2011","Tameside 028A","E01006028","Total",674,60,141,424,49,372,20,51,259,42,302,40,90,165,7
"2011","Tameside 028B","E01006029","Total",770,55,172,475,68,428,24,63,286,55,342,31,109,189,13
"2011","Tameside 028C","E01006030","Total",817,64,182,505,66,425,24,39,313,49,392,40,143,192,17
"2011","Tameside 028D","E01006039","Total",457,29,141,266,21,269,11,70,171,17,188,18,71,95,4
"2011","Tameside 028E","E01006040","Total",608,50,161,328,69,361,21,91,196,53,247,29,70,132,16
"2011","Tameside 028F","E01006041","Total",766,53,172,475,66,410,14,60,286,50,356,39,112,189,16
"2011","Tameside 029A","E01005979","Total",683,53,158,417,55,357,22,52,241,42,326,31,106,176,13
"2011","Tameside 029B","E01005980","Total",606,52,124,371,59,302,14,31,211,46,304,38,93,160,13
"2011","Tameside 029C","E01005981","Total",545,31,106,363,45,260,8,26,192,34,285,23,80,171,11
"2011","Tameside 029D","E01005982","Total",522,57,99,325,41,259,19,19,190,31,263,38,80,135,10
"2011","Tameside 029E","E01005983","Total",823,68,136,508,111,429,16,30,298,85,394,52,106,210,26
"2011","Tameside 029F","E01005984","Total",540,30,116,333,61,286,5,24,203,54,254,25,92,130,7
"2011","Tameside 030A","E01006042","Total",858,63,143,539,113,432,20,25,297,90,426,43,118,242,23
"2011","Tameside 030B","E01006043","Total",679,60,142,415,62,353,25,38,240,50,326,35,104,175,12
"2011","Tameside 030C","E01006044","Total",636,54,127,394,61,341,20,34,239,48,295,34,93,155,13
"2011","Tameside 030D","E01006045","Total",640,52,106,401,81,332,14,23,233,62,308,38,83,168,19
"2011","Tameside 030E","E01006046","Total",755,49,142,481,83,402,14,34,289,65,353,35,108,192,18
"2011","Trafford 001A","E01006109","Total",531,38,145,321,27,335,22,82,207,24,196,16,63,114,3
"2011","Trafford 001B","E01006110","Total",734,65,178,433,58,375,31,73,229,42,359,34,105,204,16
"2011","Trafford 001C","E01006111","Total",593,60,177,320,36,325,26,79,192,28,268,34,98,128,8
"2011","Trafford 001D","E01006112","Total",595,62,174,329,30,336,30,78,206,22,259,32,96,123,8
"2011","Trafford 001E","E01006185","Total",925,83,174,589,79,506,32,75,341,58,419,51,99,248,21
"2011","Trafford 001F","E01006188","Total",709,61,142,464,42,411,33,70,280,28,298,28,72,184,14
"2011","Trafford 002A","E01006116","Total",682,65,148,405,64,315,21,26,217,51,367,44,122,188,13
"2011","Trafford 002B","E01006117","Total",843,73,173,519,78,417,21,38,302,56,426,52,135,217,22
"2011","Trafford 002C","E01006118","Total",652,57,153,378,64,323,21,30,216,56,329,36,123,162,8
"2011","Trafford 002D","E01006119","Total",845,76,162,537,70,432,22,41,311,58,413,54,121,226,12
"2011","Trafford 002E","E01006121","Total",818,74,172,513,59,407,25,40,298,44,411,49,132,215,15
"2011","Trafford 003A","E01006141","Total",708,63,163,430,52,382,22,55,263,42,326,41,108,167,10
"2011","Trafford 003B","E01006186","Total",957,61,161,644,91,517,30,55,368,64,440,31,106,276,27
"2011","Trafford 003C","E01006187","Total",1374,99,232,925,118,688,33,71,505,79,686,66,161,420,39
"2011","Trafford 003D","E01006189","Total",1098,78,236,686,98,566,35,65,395,71,532,43,171,291,27
"2011","Trafford 004A","E01006113","Total",603,61,141,337,64,333,28,61,205,39,270,33,80,132,25
"2011","Trafford 004B","E01006114","Total",620,70,146,363,41,357,39,73,212,33,263,31,73,151,8
"2011","Trafford 004C","E01006115","Total",674,62,168,387,57,349,23,71,214,41,325,39,97,173,16
"2011","Trafford 004D","E01006145","Total",708,87,179,393,49,364,31,73,229,31,344,56,106,164,18
"2011","Trafford 004E","E01006146","Total",898,98,183,550,67,486,27,69,345,45,412,71,114,205,22
"2011","Trafford 005A","E01006122","Total",719,56,158,443,62,364,27,40,247,50,355,29,118,196,12
"2011","Trafford 005B","E01006123","Total",829,89,170,463,107,412,29,41,263,79,417,60,129,200,28
"2011","Trafford 005C","E01006124","Total",749,80,125,453,91,391,27,25,265,74,358,53,100,188,17
"2011","Trafford 005D","E01006128","Total",920,75,186,576,83,472,29,38,343,62,448,46,148,233,21
"2011","Trafford 005E","E01006131","Total",817,78,142,490,107,435,26,31,293,85,382,52,111,197,22
"2011","Trafford 006A","E01006155","Total",864,47,200,549,68,438,17,39,328,54,426,30,161,221,14
"2011","Trafford 006B","E01006157","Total",806,78,150,523,55,406,24,44,301,37,400,54,106,222,18
"2011","Trafford 006C","E01006159","Total",784,69,165,500,50,355,18,39,258,40,429,51,126,242,10
"2011","Trafford 006D","E01006182","Total",780,60,162,479,79,378,17,39,262,60,402,43,123,217,19
"2011","Trafford 006E","E01006183","Total",856,92,150,543,71,466,34,49,330,53,390,58,101,213,18
"2011","Trafford 007A","E01006125","Total",718,62,148,440,68,351,17,38,247,49,367,45,110,193,19
"2011","Trafford 007B","E01006126","Total",720,56,143,464,57,355,11,34,270,40,365,45,109,194,17
"2011","Trafford 007C","E01006127","Total",868,65,162,549,92,436,26,32,302,76,432,39,130,247,16
"2011","Trafford 007D","E01006130","Total",943,76,168,595,104,487,29,40,340,78,456,47,128,255,26
"2011","Trafford 007E","E01006132","Total",804,72,132,513,87,405,21,25,293,66,399,51,107,220,21
"2011","Trafford 008A","E01006156","Total",759,64,169,473,53,378,22,44,265,47,381,42,125,208,6
"2011","Trafford 008B","E01006158","Total",789,60,142,514,73,416,20,47,296,53,373,40,95,218,20
"2011","Trafford 008C","E01006179","Total",863,57,147,575,84,476,27,36,352,61,387,30,111,223,23
"2011","Trafford 008D","E01006184","Total",758,70,147,478,63,396,25,41,283,47,362,45,106,195,16
"2011","Trafford 009A","E01006198","Total",809,69,148,492,100,410,25,34,277,74,399,44,114,215,26
"2011","Trafford 009B","E01006199","Total",808,55,162,530,61,385,14,38,286,47,423,41,124,244,14
"2011","Trafford 009C","E01006200","Total",609,50,114,368,77,308,19,32,199,58,301,31,82,169,19
"2011","Trafford 009D","E01006201","Total",812,48,133,539,92,426,16,29,314,67,386,32,104,225,25
"2011","Trafford 009E","E01006202","Total",733,69,123,459,82,411,33,30,283,65,322,36,93,176,17
"2011","Trafford 010A","E01006120","Total",712,55,153,421,83,365,17,31,251,66,347,38,122,170,17
"2011","Trafford 010B","E01006129","Total",590,58,102,365,65,277,19,13,196,49,313,39,89,169,16
"2011","Trafford 010C","E01006133","Total",724,53,149,450,72,376,16,38,269,53,348,37,111,181,19
"2011","Trafford 010D","E01006197","Total",792,81,161,477,73,403,20,45,287,51,389,61,116,190,22
"2011","Trafford 010E","E01006203","Total",746,75,157,423,91,384,30,34,254,66,362,45,123,169,25
"2011","Trafford 011A","E01006142","Total",772,76,139,483,74,406,29,48,280,49,366,47,91,203,25
"2011","Trafford 011B","E01006143","Total",828,71,136,541,80,457,30,49,324,54,371,41,87,217,26
"2011","Trafford 011C","E01006144","Total",585,54,113,380,38,300,24,32,220,24,285,30,81,160,14
"2011","Trafford 011D","E01006180","Total",1034,67,178,706,83,525,27,63,378,57,509,40,115,328,26
"2011","Trafford 011E","E01006181","Total",776,64,162,488,62,433,32,52,302,47,343,32,110,186,15
"2011","Trafford 012A","E01006147","Total",713,65,159,416,73,381,22,33,266,60,332,43,126,150,13
"2011","Trafford 012B","E01006149","Total",739,56,127,464,92,384,17,21,277,69,355,39,106,187,23
"2011","Trafford 012C","E01006150","Total",805,75,116,499,115,441,27,35,303,76,364,48,81,196,39
"2011","Trafford 012D","E01006154","Total",871,64,151,563,93,455,19,37,333,66,416,45,114,230,27
"2011","Trafford 012E","E01006165","Total",1139,61,155,820,103,550,13,42,434,61,589,48,113,386,42
"2011","Trafford 013A","E01006166","Total",814,72,164,512,66,420,31,36,296,57,394,41,128,216,9
"2011","Trafford 013B","E01006169","Total",808,59,177,483,89,425,28,55,281,61,383,31,122,202,28
"2011","Trafford 013C","E01006170","Total",796,71,134,490,101,401,24,32,271,74,395,47,102,219,27
"2011","Trafford 013D","E01006171","Total",769,73,176,457,63,387,20,46,269,52,382,53,130,188,11
"2011","Trafford 014A","E01006098","Total",611,42,127,348,94,312,15,26,214,57,299,27,101,134,37
"2011","Trafford 014B","E01006099","Total",707,72,123,427,85,357,29,27,236,65,350,43,96,191,20
"2011","Trafford 014C","E01006164","Total",844,77,162,511,94,432,22,32,310,68,412,55,130,201,26
"2011","Trafford 014D","E01006174","Total",917,55,157,584,121,489,20,45,331,93,428,35,112,253,28
"2011","Trafford 014E","E01006178","Total",997,79,169,633,116,533,29,36,377,91,464,50,133,256,25
"2011","Trafford 015A","E01006097","Total",882,74,148,533,127,478,33,42,308,95,404,41,106,225,32
"2011","Trafford 015B","E01006160","Total",956,68,128,635,125,555,24,39,392,100,401,44,89,243,25
"2011","Trafford 015C","E01006161","Total",1077,66,155,689,167,609,23,41,425,120,468,43,114,264,47
"2011","Trafford 015D","E01006162","Total",949,87,149,581,132,492,25,34,337,96,457,62,115,244,36
"2011","Trafford 015E","E01006163","Total",1114,67,166,744,137,580,18,42,425,95,534,49,124,319,42
"2011","Trafford 016A","E01006148","Total",773,75,139,432,127,412,29,41,248,94,361,46,98,184,33
"2011","Trafford 016B","E01006151","Total",754,98,138,401,117,400,26,37,245,92,354,72,101,156,25
"2011","Trafford 016C","E01006152","Total",772,79,152,400,141,400,28,40,228,104,372,51,112,172,37
"2011","Trafford 016D","E01006153","Total",746,89,130,446,81,380,34,30,254,62,366,55,100,192,19
"2011","Trafford 016E","E01006172","Total",690,93,139,372,86,351,30,36,224,61,339,63,103,148,25
"2011","Trafford 017A","E01006104","Total",784,72,142,483,87,399,22,34,279,64,385,50,108,204,23
"2011","Trafford 017B","E01006105","Total",671,60,161,412,38,341,22,49,237,33,330,38,112,175,5
"2011","Trafford 017C","E01006106","Total",659,52,124,426,57,335,20,22,252,41,324,32,102,174,16
"2011","Trafford 017D","E01006107","Total",663,41,142,397,83,347,12,32,235,68,316,29,110,162,15
"2011","Trafford 017E","E01006108","Total",557,49,149,327,32,275,16,35,198,26,282,33,114,129,6
"2011","Trafford 018A","E01006102","Total",665,59,139,399,68,326,20,36,224,46,339,39,103,175,22
"2011","Trafford 018B","E01006173","Total",802,63,169,485,85,405,18,54,272,61,397,45,115,213,24
"2011","Trafford 018C","E01006175","Total",610,50,135,374,51,314,19,32,222,41,296,31,103,152,10
"2011","Trafford 018D","E01006176","Total",896,60,157,580,99,459,19,38,336,66,437,41,119,244,33
"2011","Trafford 018E","E01006177","Total",706,77,147,410,72,348,21,38,237,52,358,56,109,173,20
"2011","Trafford 019A","E01006091","Total",1419,69,182,977,191,726,14,53,523,136,693,55,129,454,55
"2011","Trafford 019B","E01006092","Total",590,52,145,350,43,278,22,23,193,40,312,30,122,157,3
"2011","Trafford 019C","E01006095","Total",930,61,154,620,95,467,23,40,337,67,463,38,114,283,28
"2011","Trafford 019D","E01006167","Total",624,77,158,350,39,289,28,35,200,26,335,49,123,150,13
"2011","Trafford 019E","E01006168","Total",702,67,172,401,62,331,29,41,218,43,371,38,131,183,19
"2011","Trafford 020A","E01006090","Total",1164,80,190,770,124,631,30,49,459,93,533,50,141,311,31
"2011","Trafford 020B","E01006094","Total",744,76,137,442,89,388,28,24,266,70,356,48,113,176,19
"2011","Trafford 020C","E01006096","Total",828,61,156,500,111,430,17,40,290,83,398,44,116,210,28
"2011","Trafford 020D","E01006100","Total",769,70,134,477,88,414,27,28,294,65,355,43,106,183,23
"2011","Trafford 020E","E01006103","Total",869,74,150,533,112,466,20,36,329,81,403,54,114,204,31
"2011","Trafford 021A","E01006101","Total",778,73,182,422,101,406,21,40,265,80,372,52,142,157,21
"2011","Trafford 021B","E01006190","Total",881,70,157,548,106,463,20,42,321,80,418,50,115,227,26
"2011","Trafford 021C","E01006195","Total",948,87,190,580,91,479,22,52,342,63,469,65,138,238,28
"2011","Trafford 021D","E01006196","Total",987,90,185,615,97,500,27,39,361,73,487,63,146,254,24
"2011","Trafford 021E","E01006210","Total",826,77,172,478,99,446,29,46,289,82,380,48,126,189,17
"2011","Trafford 022A","E01006204","Total",778,96,134,431,117,386,28,20,247,91,392,68,114,184,26
"2011","Trafford 022B","E01006206","Total",844,63,155,543,83,423,31,28,304,60,421,32,127,239,23
"2011","Trafford 022C","E01006207","Total",679,56,158,411,54,327,15,35,234,43,352,41,123,177,11
"2011","Trafford 022D","E01006208","Total",758,83,159,420,96,361,26,41,230,64,397,57,118,190,32
"2011","Trafford 022E","E01006211","Total",674,55,144,408,67,338,14,31,245,48,336,41,113,163,19
"2011","Trafford 023A","E01006093","Total",850,80,152,500,118,447,28,28,308,83,403,52,124,192,35
"2011","Trafford 023B","E01006191","Total",848,79,181,491,97,438,24,49,291,74,410,55,132,200,23
"2011","Trafford 023C","E01006192","Total",738,82,172,400,84,369,23,36,251,59,369,59,136,149,25
"2011","Trafford 023D","E01006205","Total",633,54,129,358,92,346,20,30,224,72,287,34,99,134,20
"2011","Trafford 023E","E01006209","Total",711,75,149,387,100,370,20,35,240,75,341,55,114,147,25
"2011","Trafford 024A","E01006078","Total",1184,76,163,783,162,626,29,43,438,116,558,47,120,345,46
"2011","Trafford 024B","E01006080","Total",1043,65,185,662,131,546,19,50,386,91,497,46,135,276,40
"2011","Trafford 024C","E01006089","Total",866,70,147,550,99,451,23,41,310,77,415,47,106,240,22
"2011","Trafford 024D","E01006193","Total",789,73,137,485,94,421,19,38,290,74,368,54,99,195,20
"2011","Trafford 024E","E01006194","Total",1346,105,216,825,200,710,33,45,477,155,636,72,171,348,45
"2011","Trafford 025A","E01006074","Total",682,89,152,352,89,351,23,37,219,72,331,66,115,133,17
"2011","Trafford 025B","E01006075","Total",940,83,134,517,206,530,18,43,318,151,410,65,91,199,55
"2011","Trafford 025C","E01006076","Total",704,78,132,347,147,387,17,49,208,113,317,61,83,139,34
"2011","Trafford 025D","E01006079","Total",1142,88,182,696,176,646,29,45,439,133,496,59,137,257,43
"2011","Trafford 025E","E01006087","Total",753,83,136,350,184,414,31,29,207,147,339,52,107,143,37
"2011","Trafford 026A","E01006083","Total",669,94,106,340,129,367,31,23,208,105,302,63,83,132,24
"2011","Trafford 026B","E01006084","Total",848,108,132,396,212,461,29,28,237,167,387,79,104,159,45
"2011","Trafford 026C","E01006088","Total",887,87,132,496,172,462,26,24,290,122,425,61,108,206,50
"2011","Trafford 026D","E01006139","Total",900,65,169,521,145,474,14,33,317,110,426,51,136,204,35
"2011","Trafford 026E","E01006140","Total",851,82,181,459,129,457,24,42,285,106,394,58,139,174,23
"2011","Trafford 027A","E01006077","Total",867,74,140,495,158,465,23,44,288,110,402,51,96,207,48
"2011","Trafford 027B","E01006081","Total",634,71,109,305,149,363,18,27,204,114,271,53,82,101,35
"2011","Trafford 027C","E01006082","Total",781,103,132,355,191,431,26,46,212,147,350,77,86,143,44
"2011","Trafford 027D","E01006085","Total",751,98,122,354,177,404,24,38,212,130,347,74,84,142,47
"2011","Trafford 027E","E01006086","Total",757,96,146,372,143,403,32,48,222,101,354,64,98,150,42
"2011","Trafford 028A","E01006134","Total",732,97,113,340,182,414,28,30,209,147,318,69,83,131,35
"2011","Trafford 028B","E01006135","Total",661,91,122,318,130,352,26,30,196,100,309,65,92,122,30
"2011","Trafford 028C","E01006136","Total",704,96,133,335,140,385,19,26,227,113,319,77,107,108,27
"2011","Trafford 028D","E01006137","Total",622,86,109,277,150,342,24,27,170,121,280,62,82,107,29
"2011","Trafford 028E","E01006138","Total",728,77,133,413,105,377,24,38,241,74,351,53,95,172,31
"2011","Wigan 001A","E01006315","Total",616,58,124,378,56,317,20,22,233,42,299,38,102,145,14
"2011","Wigan 001B","E01006316","Total",799,70,142,479,108,411,23,25,282,81,388,47,117,197,27
"2011","Wigan 001C","E01006317","Total",735,79,171,416,69,373,25,35,251,62,362,54,136,165,7
"2011","Wigan 001D","E01006319","Total",793,49,157,489,98,411,13,25,296,77,382,36,132,193,21
"2011","Wigan 002A","E01006229","Total",677,59,137,392,89,366,21,33,245,67,311,38,104,147,22
"2011","Wigan 002B","E01006230","Total",739,70,152,421,96,390,23,31,258,78,349,47,121,163,18
"2011","Wigan 002C","E01006233","Total",741,89,144,393,115,390,20,40,244,86,351,69,104,149,29
"2011","Wigan 002D","E01006237","Total",864,87,149,522,106,441,27,27,311,76,423,60,122,211,30
"2011","Wigan 002E","E01006238","Total",630,48,158,365,59,310,10,30,225,45,320,38,128,140,14
"2011","Wigan 003A","E01006259","Total",695,57,140,432,66,363,21,26,260,56,332,36,114,172,10
"2011","Wigan 003B","E01006312","Total",724,60,137,453,74,390,20,34,275,61,334,40,103,178,13
"2011","Wigan 003C","E01006313","Total",467,37,112,279,39,245,10,28,175,32,222,27,84,104,7
"2011","Wigan 003D","E01006314","Total",811,70,160,485,96,425,17,46,285,77,386,53,114,200,19
"2011","Wigan 003E","E01006318","Total",718,66,162,423,67,377,22,27,271,57,341,44,135,152,10
"2011","Wigan 003F","E01006320","Total",745,73,159,427,86,394,31,33,269,61,351,42,126,158,25
"2011","Wigan 003G","E01006321","Total",930,69,176,581,104,500,30,27,357,86,430,39,149,224,18
"2011","Wigan 004A","E01006231","Total",728,67,134,404,123,366,24,16,229,97,362,43,118,175,26
"2011","Wigan 004B","E01006232","Total",1009,93,174,589,153,519,25,43,336,115,490,68,131,253,38
"2011","Wigan 004C","E01006234","Total",547,50,105,342,50,301,17,22,224,38,246,33,83,118,12
"2011","Wigan 004D","E01006235","Total",625,60,146,360,59,311,16,30,219,46,314,44,116,141,13
"2011","Wigan 005A","E01006253","Total",625,58,153,376,38,318,20,27,241,30,307,38,126,135,8
"2011","Wigan 005B","E01006254","Total",583,51,152,343,37,296,15,25,228,28,287,36,127,115,9
"2011","Wigan 005C","E01006255","Total",761,73,153,478,57,395,20,34,297,44,366,53,119,181,13
"2011","Wigan 005D","E01006256","Total",759,45,162,494,58,414,22,33,307,52,345,23,129,187,6
"2011","Wigan 005E","E01006260","Total",653,49,143,420,41,316,11,27,245,33,337,38,116,175,8
"2011","Wigan 006A","E01006370","Total",874,67,158,565,84,518,36,54,364,64,356,31,104,201,20
"2011","Wigan 006B","E01006372","Total",799,70,141,468,120,423,22,40,268,93,376,48,101,200,27
"2011","Wigan 006C","E01006373","Total",853,78,150,541,84,470,26,39,341,64,383,52,111,200,20
"2011","Wigan 006D","E01006374","Total",788,55,144,508,81,404,15,21,308,60,384,40,123,200,21
"2011","Wigan 006E","E01006390","Total",673,46,144,425,58,359,13,32,272,42,314,33,112,153,16
"2011","Wigan 007A","E01006236","Total",763,77,129,475,82,390,27,23,274,66,373,50,106,201,16
"2011","Wigan 007B","E01006388","Total",784,55,154,509,66,420,16,30,316,58,364,39,124,193,8
"2011","Wigan 007C","E01006389","Total",771,58,173,464,76,390,12,34,277,67,381,46,139,187,9
"2011","Wigan 007D","E01006391","Total",735,46,141,470,78,415,12,27,312,64,320,34,114,158,14
"2011","Wigan 008A","E01006257","Total",689,51,132,456,50,362,15,33,276,38,327,36,99,180,12
"2011","Wigan 008B","E01006258","Total",830,57,158,540,75,428,12,31,326,59,402,45,127,214,16
"2011","Wigan 008C","E01006369","Total",783,49,157,513,64,431,19,48,318,46,352,30,109,195,18
"2011","Wigan 008D","E01006371","Total",799,64,145,520,70,416,24,35,305,52,383,40,110,215,18
"2011","Wigan 008E","E01006375","Total",847,86,151,518,92,449,24,52,302,71,398,62,99,216,21
"2011","Wigan 009A","E01006306","Total",617,29,130,398,60,341,12,31,250,48,276,17,99,148,12
"2011","Wigan 009B","E01006307","Total",656,59,128,415,54,353,20,26,262,45,303,39,102,153,9
"2011","Wigan 009C","E01006386","Total",519,31,120,335,33,304,17,48,210,29,215,14,72,125,4
"2011","Wigan 009D","E01006387","Total",590,49,122,373,46,313,13,33,231,36,277,36,89,142,10
"2011","Wigan 009E","E01006392","Total",567,38,135,357,37,322,16,29,245,32,245,22,106,112,5
"2011","Wigan 010A","E01006350","Total",599,51,154,343,51,319,17,49,210,43,280,34,105,133,8
"2011","Wigan 010B","E01006351","Total",711,72,203,385,51,381,23,57,263,38,330,49,146,122,13
"2011","Wigan 010C","E01006357","Total",521,37,139,312,33,286,10,43,203,30,235,27,96,109,3
"2011","Wigan 010D","E01006360","Total",545,45,133,321,46,315,18,35,224,38,230,27,98,97,8
"2011","Wigan 010E","E01006361","Total",562,56,137,335,34,312,18,32,234,28,250,38,105,101,6
"2011","Wigan 011A","E01006356","Total",587,41,127,371,48,323,8,35,243,37,264,33,92,128,11
"2011","Wigan 011B","E01006396","Total",815,56,157,516,86,421,13,35,305,68,394,43,122,211,18
"2011","Wigan 011C","E01006397","Total",480,30,113,304,33,256,10,28,189,29,224,20,85,115,4
"2011","Wigan 011D","E01006398","Total",512,40,100,337,35,282,12,25,217,28,230,28,75,120,7
"2011","Wigan 011E","E01006399","Total",692,54,161,413,64,364,19,37,256,52,328,35,124,157,12
"2011","Wigan 012A","E01006305","Total",631,62,158,369,42,330,16,44,238,32,301,46,114,131,10
"2011","Wigan 012B","E01006308","Total",675,66,156,403,50,360,20,35,264,41,315,46,121,139,9
"2011","Wigan 012C","E01006309","Total",675,64,147,415,49,362,17,42,259,44,313,47,105,156,5
"2011","Wigan 012D","E01006310","Total",549,46,119,343,41,298,17,37,210,34,251,29,82,133,7
"2011","Wigan 012E","E01006311","Total",666,47,150,411,58,359,18,31,262,48,307,29,119,149,10
"2011","Wigan 013A","E01006269","Total",747,76,135,456,80,395,24,26,276,69,352,52,109,180,11
"2011","Wigan 013B","E01006271","Total",916,64,187,571,94,486,21,45,345,75,430,43,142,226,19
"2011","Wigan 013C","E01006272","Total",815,45,147,539,84,425,14,25,321,65,390,31,122,218,19
"2011","Wigan 013D","E01006273","Total",654,43,141,408,62,339,18,40,236,45,315,25,101,172,17
"2011","Wigan 013E","E01006276","Total",1200,60,228,778,134,622,12,37,472,101,578,48,191,306,33
"2011","Wigan 014A","E01006353","Total",725,54,149,465,57,394,12,36,301,45,331,42,113,164,12
"2011","Wigan 014B","E01006354","Total",671,48,144,409,70,387,24,40,261,62,284,24,104,148,8
"2011","Wigan 014C","E01006355","Total",747,43,139,505,60,387,11,32,301,43,360,32,107,204,17
"2011","Wigan 014D","E01006358","Total",797,63,139,529,66,437,22,36,327,52,360,41,103,202,14
"2011","Wigan 014E","E01006359","Total",657,49,136,418,54,364,13,26,281,44,293,36,110,137,10
"2011","Wigan 015A","E01006349","Total",1044,53,188,680,123,577,23,55,401,98,467,30,133,279,25
"2011","Wigan 015B","E01006352","Total",805,52,162,529,62,428,17,36,327,48,377,35,126,202,14
"2011","Wigan 015C","E01006404","Total",745,45,151,475,74,379,11,23,286,59,366,34,128,189,15
"2011","Wigan 015D","E01006405","Total",585,44,130,369,42,313,15,34,231,33,272,29,96,138,9
"2011","Wigan 015E","E01006411","Total",565,30,117,360,58,324,14,34,223,53,241,16,83,137,5
"2011","Wigan 016A","E01006270","Total",537,48,112,341,36,302,19,22,231,30,235,29,90,110,6
"2011","Wigan 016B","E01006274","Total",619,43,160,360,56,319,14,38,222,45,300,29,122,138,11
"2011","Wigan 016C","E01006275","Total",565,46,116,366,37,296,12,32,221,31,269,34,84,145,6
"2011","Wigan 016D","E01006277","Total",1044,89,172,665,118,548,26,19,405,98,496,63,153,260,20
"2011","Wigan 016E","E01006286","Total",645,59,118,405,63,352,19,35,247,51,293,40,83,158,12
"2011","Wigan 017A","E01006239","Total",732,43,150,480,59,413,17,61,287,48,319,26,89,193,11
"2011","Wigan 017B","E01006240","Total",541,41,135,327,38,288,9,41,204,34,253,32,94,123,4
"2011","Wigan 017C","E01006241","Total",784,60,178,475,71,424,27,54,281,62,360,33,124,194,9
"2011","Wigan 017D","E01006287","Total",680,58,136,423,63,353,13,43,246,51,327,45,93,177,12
"2011","Wigan 017E","E01006289","Total",665,55,151,401,58,371,21,40,260,50,294,34,111,141,8
"2011","Wigan 018A","E01006362","Total",873,72,176,528,97,479,20,39,344,76,394,52,137,184,21
"2011","Wigan 018B","E01006363","Total",610,56,97,391,66,328,19,26,235,48,282,37,71,156,18
"2011","Wigan 018C","E01006364","Total",882,70,160,561,91,442,19,31,320,72,440,51,129,241,19
"2011","Wigan 018D","E01006365","Total",1168,76,210,729,153,606,20,41,429,116,562,56,169,300,37
"2011","Wigan 018E","E01006366","Total",792,65,148,499,80,424,23,34,306,61,368,42,114,193,19
"2011","Wigan 018F","E01006367","Total",789,58,155,488,88,408,21,41,280,66,381,37,114,208,22
"2011","Wigan 018G","E01006368","Total",756,69,150,460,77,393,23,36,276,58,363,46,114,184,19
"2011","Wigan 019A","E01006278","Total",712,69,133,438,72,365,25,36,248,56,347,44,97,190,16
"2011","Wigan 019B","E01006279","Total",857,95,148,532,82,449,34,28,319,68,408,61,120,213,14
"2011","Wigan 019C","E01006280","Total",613,47,134,374,58,333,11,34,243,45,280,36,100,131,13
"2011","Wigan 019D","E01006281","Total",963,51,195,614,103,507,12,44,367,84,456,39,151,247,19
"2011","Wigan 019E","E01006285","Total",962,73,180,619,90,505,19,41,373,72,457,54,139,246,18
"2011","Wigan 020A","E01006406","Total",689,61,154,415,59,365,15,40,257,53,324,46,114,158,6
"2011","Wigan 020B","E01006407","Total",865,64,167,550,84,455,17,28,342,68,410,47,139,208,16
"2011","Wigan 020C","E01006408","Total",669,48,152,409,60,337,8,30,244,55,332,40,122,165,5
"2011","Wigan 020D","E01006409","Total",678,36,150,432,60,352,9,28,265,50,326,27,122,167,10
"2011","Wigan 020E","E01006410","Total",770,63,158,475,74,402,16,28,294,64,368,47,130,181,10
"2011","Wigan 021A","E01006393","Total",839,65,168,528,78,458,21,49,321,67,381,44,119,207,11
"2011","Wigan 021B","E01006394","Total",818,76,173,475,94,410,25,37,273,75,408,51,136,202,19
"2011","Wigan 021C","E01006395","Total",1491,117,280,917,177,773,38,46,543,146,718,79,234,374,31
"2011","Wigan 021D","E01006400","Total",802,59,146,522,75,414,17,23,317,57,388,42,123,205,18
"2011","Wigan 021E","E01006401","Total",779,62,149,485,83,410,12,29,304,65,369,50,120,181,18
"2011","Wigan 021F","E01006402","Total",672,71,127,417,57,352,25,30,253,44,320,46,97,164,13
"2011","Wigan 021G","E01006403","Total",878,84,173,546,75,449,31,34,330,54,429,53,139,216,21
"2011","Wigan 022A","E01006290","Total",682,58,127,437,60,361,16,31,269,45,321,42,96,168,15
"2011","Wigan 022B","E01006291","Total",697,44,143,458,52,357,13,33,273,38,340,31,110,185,14
"2011","Wigan 022C","E01006292","Total",758,60,166,465,67,386,12,51,272,51,372,48,115,193,16
"2011","Wigan 022D","E01006293","Total",747,62,148,463,74,375,22,35,259,59,372,40,113,204,15
"2011","Wigan 023A","E01006242","Total",783,61,154,502,66,426,24,56,294,52,357,37,98,208,14
"2011","Wigan 023B","E01006243","Total",1129,72,198,719,140,615,28,48,419,120,514,44,150,300,20
"2011","Wigan 023C","E01006244","Total",705,52,176,418,59,370,13,51,256,50,335,39,125,162,9
"2011","Wigan 023D","E01006245","Total",1328,72,255,870,131,691,28,59,503,101,637,44,196,367,30
"2011","Wigan 024A","E01006213","Total",614,45,140,376,53,320,18,38,222,42,294,27,102,154,11
"2011","Wigan 024B","E01006215","Total",601,40,136,353,72,337,17,33,229,58,264,23,103,124,14
"2011","Wigan 024C","E01006217","Total",1062,67,211,675,109,581,20,40,431,90,481,47,171,244,19
"2011","Wigan 024D","E01006218","Total",956,53,199,599,105,505,19,41,362,83,451,34,158,237,22
"2011","Wigan 024E","E01006219","Total",676,51,141,419,65,368,14,24,275,55,308,37,117,144,10
"2011","Wigan 025A","E01006288","Total",658,52,166,375,65,348,18,42,236,52,310,34,124,139,13
"2011","Wigan 025B","E01006294","Total",1082,49,201,728,104,564,18,45,418,83,518,31,156,310,21
"2011","Wigan 025C","E01006295","Total",777,49,144,502,82,414,18,38,292,66,363,31,106,210,16
"2011","Wigan 025D","E01006377","Total",860,76,164,529,91,444,21,37,314,72,416,55,127,215,19
"2011","Wigan 025E","E01006378","Total",656,46,108,434,68,357,15,27,263,52,299,31,81,171,16
"2011","Wigan 026A","E01006212","Total",666,39,128,436,63,366,12,31,272,51,300,27,97,164,12
"2011","Wigan 026B","E01006214","Total",618,36,120,390,72,326,12,27,227,60,292,24,93,163,12
"2011","Wigan 026C","E01006216","Total",1180,76,214,755,135,625,19,50,439,117,555,57,164,316,18
"2011","Wigan 026D","E01006322","Total",708,45,149,450,64,378,16,34,277,51,330,29,115,173,13
"2011","Wigan 026E","E01006329","Total",514,37,104,317,56,293,19,35,193,46,221,18,69,124,10
"2011","Wigan 027A","E01006282","Total",749,53,145,481,70,407,20,31,300,56,342,33,114,181,14
"2011","Wigan 027B","E01006283","Total",616,40,113,411,52,327,16,24,249,38,289,24,89,162,14
"2011","Wigan 027C","E01006284","Total",686,38,141,442,65,374,11,36,273,54,312,27,105,169,11
"2011","Wigan 027D","E01006336","Total",506,36,117,313,40,272,7,40,190,35,234,29,77,123,5
"2011","Wigan 027E","E01006337","Total",744,45,138,491,70,387,10,40,286,51,357,35,98,205,19
"2011","Wigan 028A","E01006376","Total",707,52,167,440,48,365,15,40,270,40,342,37,127,170,8
"2011","Wigan 028B","E01006381","Total",1110,92,204,682,132,582,34,45,400,103,528,58,159,282,29
"2011","Wigan 028C","E01006382","Total",789,62,147,513,67,425,23,30,317,55,364,39,117,196,12
"2011","Wigan 028D","E01006383","Total",923,80,155,583,105,485,30,29,343,83,438,50,126,240,22
"2011","Wigan 028E","E01006384","Total",818,54,147,531,86,429,18,25,322,64,389,36,122,209,22
"2011","Wigan 029A","E01006250","Total",841,68,125,533,115,449,26,31,311,81,392,42,94,222,34
"2011","Wigan 029B","E01006251","Total",794,67,142,480,105,407,24,32,271,80,387,43,110,209,25
"2011","Wigan 029C","E01006379","Total",790,60,142,488,100,405,26,32,275,72,385,34,110,213,28
"2011","Wigan 029D","E01006380","Total",667,46,122,435,64,333,15,28,240,50,334,31,94,195,14
"2011","Wigan 029E","E01006385","Total",823,72,138,513,100,426,30,33,286,77,397,42,105,227,23
"2011","Wigan 030A","E01006328","Total",690,51,143,437,59,405,20,37,297,51,285,31,106,140,8
"2011","Wigan 030B","E01006333","Total",881,58,197,548,78,472,26,60,326,60,409,32,137,222,18
"2011","Wigan 030C","E01006334","Total",775,50,157,500,68,422,20,52,300,50,353,30,105,200,18
"2011","Wigan 030D","E01006338","Total",788,43,148,522,75,424,17,47,297,63,364,26,101,225,12
"2011","Wigan 031A","E01006248","Total",537,36,136,307,58,322,15,54,204,49,215,21,82,103,9
"2011","Wigan 031B","E01006249","Total",615,48,146,352,69,311,17,33,208,53,304,31,113,144,16
"2011","Wigan 031C","E01006330","Total",842,65,177,521,79,425,24,33,307,61,417,41,144,214,18
"2011","Wigan 031D","E01006331","Total",868,67,162,550,89,432,18,21,325,68,436,49,141,225,21
"2011","Wigan 031E","E01006332","Total",1012,72,162,672,106,541,26,42,386,87,471,46,120,286,19
"2011","Wigan 032A","E01006262","Total",691,47,145,421,78,368,12,41,255,60,323,35,104,166,18
"2011","Wigan 032B","E01006263","Total",729,78,140,427,84,378,24,24,257,73,351,54,116,170,11
"2011","Wigan 032C","E01006266","Total",658,61,137,393,67,335,16,28,234,57,323,45,109,159,10
"2011","Wigan 032D","E01006267","Total",609,52,132,364,61,305,15,24,213,53,304,37,108,151,8
"2011","Wigan 032E","E01006268","Total",867,64,173,529,101,453,16,35,321,81,414,48,138,208,20
"2011","Wigan 033A","E01006323","Total",646,44,135,402,65,349,13,38,244,54,297,31,97,158,11
"2011","Wigan 033B","E01006324","Total",573,32,119,370,52,297,8,27,223,39,276,24,92,147,13
"2011","Wigan 033C","E01006325","Total",784,64,176,469,75,427,23,41,296,67,357,41,135,173,8
"2011","Wigan 033D","E01006326","Total",683,74,136,426,47,365,25,40,263,37,318,49,96,163,10
"2011","Wigan 033E","E01006327","Total",508,42,121,305,40,266,10,40,186,30,242,32,81,119,10
"2011","Wigan 034A","E01006246","Total",676,70,139,407,60,339,17,35,239,48,337,53,104,168,12
"2011","Wigan 034B","E01006247","Total",662,57,126,408,71,350,15,37,242,56,312,42,89,166,15
"2011","Wigan 034C","E01006252","Total",729,67,136,467,59,370,22,33,266,49,359,45,103,201,10
"2011","Wigan 034D","E01006297","Total",668,40,166,411,51,332,16,37,235,44,336,24,129,176,7
"2011","Wigan 034E","E01006335","Total",854,68,171,531,84,445,22,40,310,73,409,46,131,221,11
"2011","Wigan 035A","E01006220","Total",763,53,158,484,68,402,17,48,282,55,361,36,110,202,13
"2011","Wigan 035B","E01006221","Total",835,69,163,519,84,466,29,28,341,68,369,40,135,178,16
"2011","Wigan 035C","E01006222","Total",795,59,155,508,73,417,23,31,307,56,378,36,124,201,17
"2011","Wigan 035D","E01006224","Total",914,67,178,576,93,469,29,17,348,75,445,38,161,228,18
"2011","Wigan 035E","E01006226","Total",896,75,155,572,94,476,21,33,356,66,420,54,122,216,28
"2011","Wigan 036A","E01006223","Total",824,44,135,567,78,461,13,32,353,63,363,31,103,214,15
"2011","Wigan 036B","E01006225","Total",683,54,142,409,78,364,24,32,247,61,319,30,110,162,17
"2011","Wigan 036C","E01006261","Total",673,50,150,414,59,345,15,34,254,42,328,35,116,160,17
"2011","Wigan 036D","E01006264","Total",740,54,154,455,77,403,20,33,288,62,337,34,121,167,15
"2011","Wigan 036E","E01006265","Total",707,48,136,460,63,364,11,26,278,49,343,37,110,182,14
"2011","Wigan 037A","E01006296","Total",609,51,143,369,46,308,18,37,214,39,301,33,106,155,7
"2011","Wigan 037B","E01006298","Total",582,49,127,365,41,289,16,34,207,32,293,33,93,158,9
"2011","Wigan 037C","E01006299","Total",1020,60,172,679,109,532,23,42,383,84,488,37,130,296,25
"2011","Wigan 037D","E01006300","Total",596,65,108,358,65,306,30,25,204,47,290,35,83,154,18
"2011","Wigan 037E","E01006301","Total",699,69,123,411,96,361,22,38,238,63,338,47,85,173,33
"2011","Wigan 038A","E01006227","Total",816,56,166,499,95,430,12,39,299,80,386,44,127,200,15
"2011","Wigan 038B","E01006228","Total",844,48,160,544,92,460,16,36,336,72,384,32,124,208,20
"2011","Wigan 038C","E01006342","Total",671,55,133,420,63,360,22,30,262,46,311,33,103,158,17
"2011","Wigan 038D","E01006344","Total",553,56,131,319,47,284,12,36,197,39,269,44,95,122,8
"2011","Wigan 038E","E01006346","Total",1099,81,200,688,130,575,21,43,417,94,524,60,157,271,36
"2011","Wigan 039A","E01006339","Total",706,65,151,417,73,363,18,33,252,60,343,47,118,165,13
"2011","Wigan 039B","E01006340","Total",662,46,134,407,75,350,8,26,256,60,312,38,108,151,15
"2011","Wigan 039C","E01006343","Total",959,58,172,602,127,494,19,22,355,98,465,39,150,247,29
"2011","Wigan 039D","E01006345","Total",766,48,153,459,106,388,12,41,262,73,378,36,112,197,33
"2011","Wigan 039E","E01006348","Total",807,68,162,472,105,422,25,37,281,79,385,43,125,191,26
"2011","Wigan 040A","E01006302","Total",900,65,166,574,95,483,19,50,343,71,417,46,116,231,24
"2011","Wigan 040B","E01006303","Total",705,68,123,449,65,364,20,35,264,45,341,48,88,185,20
"2011","Wigan 040C","E01006304","Total",663,58,134,390,81,337,15,31,230,61,326,43,103,160,20
"2011","Wigan 040D","E01006341","Total",749,48,129,481,91,385,17,21,279,68,364,31,108,202,23
"2011","Wigan 040E","E01006347","Total",764,69,128,455,112,395,19,23,274,79,369,50,105,181,33
"2011","Burnley 001A","E01024859","Total",881,55,162,581,83,443,23,36,323,61,438,32,126,258,22
"2011","Burnley 001B","E01024861","Total",707,46,164,440,57,368,17,37,269,45,339,29,127,171,12
"2011","Burnley 001C","E01024862","Total",871,53,174,577,67,450,20,37,337,56,421,33,137,240,11
"2011","Burnley 001D","E01024891","Total",604,60,150,333,61,313,30,47,190,46,291,30,103,143,15
"2011","Burnley 001E","E01024892","Total",578,52,132,355,39,303,18,40,216,29,275,34,92,139,10
"2011","Burnley 001F","E01024894","Total",660,64,130,425,41,328,19,26,248,35,332,45,104,177,6
"2011","Burnley 002A","E01024893","Total",561,32,146,357,26,313,9,59,226,19,248,23,87,131,7
"2011","Burnley 002B","E01024896","Total",660,48,139,422,51,346,20,44,240,42,314,28,95,182,9
"2011","Burnley 002C","E01024897","Total",515,44,140,294,37,292,24,59,180,29,223,20,81,114,8
"2011","Burnley 002D","E01024898","Total",652,40,167,407,38,355,17,64,246,28,297,23,103,161,10
"2011","Burnley 003A","E01024856","Total",524,38,172,284,30,301,18,85,175,23,223,20,87,109,7
"2011","Burnley 003B","E01024875","Total",373,51,135,164,23,286,37,97,133,19,87,14,38,31,4
"2011","Burnley 003C","E01024876","Total",392,55,145,176,16,268,29,101,127,11,124,26,44,49,5
"2011","Burnley 003D","E01024877","Total",383,37,155,167,24,294,20,121,135,18,89,17,34,32,6
"2011","Burnley 003E","E01024878","Total",396,44,162,175,15,293,23,127,129,14,103,21,35,46,1
"2011","Burnley 003F","E01024895","Total",460,50,125,261,24,277,27,64,164,22,183,23,61,97,2
"2011","Burnley 004A","E01024883","Total",643,54,136,380,73,327,12,35,221,59,316,42,101,159,14
"2011","Burnley 004B","E01024884","Total",665,51,132,415,67,351,16,35,247,53,314,35,97,168,14
"2011","Burnley 004C","E01024885","Total",850,52,172,567,59,464,18,49,353,44,386,34,123,214,15
"2011","Burnley 004D","E01024886","Total",655,52,150,419,34,348,15,32,275,26,307,37,118,144,8
"2011","Burnley 004E","E01024889","Total",612,47,124,380,61,336,15,42,233,46,276,32,82,147,15
"2011","Burnley 004F","E01024890","Total",603,49,130,381,43,311,17,31,233,30,292,32,99,148,13
"2011","Burnley 005A","E01024879","Total",625,48,129,413,35,318,24,20,250,24,307,24,109,163,11
"2011","Burnley 005B","E01024880","Total",628,59,139,379,51,330,24,30,235,41,298,35,109,144,10
"2011","Burnley 005C","E01024912","Total",709,58,130,439,82,358,18,36,245,59,351,40,94,194,23
"2011","Burnley 005D","E01024913","Total",790,57,149,487,97,412,18,28,293,73,378,39,121,194,24
"2011","Burnley 005E","E01024914","Total",818,56,174,508,80,421,21,43,295,62,397,35,131,213,18
"2011","Burnley 006A","E01024881","Total",684,59,141,435,49,354,23,36,267,28,330,36,105,168,21
"2011","Burnley 006B","E01024882","Total",696,40,147,458,51,377,17,37,283,40,319,23,110,175,11
"2011","Burnley 006C","E01024902","Total",750,57,157,493,43,377,21,29,297,30,373,36,128,196,13
"2011","Burnley 006D","E01024911","Total",779,43,158,516,62,420,12,33,325,50,359,31,125,191,12
"2011","Burnley 007A","E01024855","Total",520,52,97,340,31,263,16,21,203,23,257,36,76,137,8
"2011","Burnley 007B","E01024857","Total",579,53,135,350,41,312,27,43,212,30,267,26,92,138,11
"2011","Burnley 007C","E01024858","Total",468,43,113,282,30,263,17,48,179,19,205,26,65,103,11
"2011","Burnley 007D","E01024864","Total",780,62,168,499,51,414,21,42,307,44,366,41,126,192,7
"2011","Burnley 008A","E01024863","Total",588,49,159,337,43,300,17,28,218,37,288,32,131,119,6
"2011","Burnley 008B","E01024865","Total",581,47,146,348,40,303,18,47,212,26,278,29,99,136,14
"2011","Burnley 008C","E01024866","Total",800,56,190,500,54,407,20,46,300,41,393,36,144,200,13
"2011","Burnley 008D","E01024867","Total",719,73,165,409,72,357,22,40,240,55,362,51,125,169,17
"2011","Burnley 009A","E01024860","Total",709,72,140,402,95,384,24,35,248,77,325,48,105,154,18
"2011","Burnley 009B","E01024868","Total",652,60,126,378,88,343,25,25,224,69,309,35,101,154,19
"2011","Burnley 009C","E01024869","Total",677,61,139,400,77,366,22,32,256,56,311,39,107,144,21
"2011","Burnley 009D","E01024870","Total",569,53,111,335,70,293,22,29,191,51,276,31,82,144,19
"2011","Burnley 010A","E01024872","Total",467,37,107,291,32,234,14,25,174,21,233,23,82,117,11
"2011","Burnley 010B","E01024899","Total",603,49,136,351,67,304,17,31,209,47,299,32,105,142,20
"2011","Burnley 010C","E01024900","Total",531,53,132,305,41,275,20,31,189,35,256,33,101,116,6
"2011","Burnley 010D","E01024907","Total",506,45,108,320,33,267,13,41,187,26,239,32,67,133,7
"2011","Burnley 010E","E01024908","Total",366,30,80,234,22,190,5,24,142,19,176,25,56,92,3
"2011","Burnley 010F","E01024909","Total",635,42,125,411,57,360,21,46,249,44,275,21,79,162,13
"2011","Burnley 011A","E01024874","Total",586,43,102,352,89,316,20,22,213,61,270,23,80,139,28
"2011","Burnley 011B","E01024887","Total",738,48,139,474,77,401,17,37,286,61,337,31,102,188,16
"2011","Burnley 011C","E01024888","Total",826,55,165,500,106,430,17,35,291,87,396,38,130,209,19
"2011","Burnley 011D","E01024901","Total",1093,80,184,714,115,528,24,34,382,88,565,56,150,332,27
"2011","Burnley 014D","E01024871","Total",637,58,120,397,62,321,20,33,220,48,316,38,87,177,14
"2011","Burnley 014E","E01024873","Total",635,45,138,410,42,328,12,31,253,32,307,33,107,157,10
"2011","Burnley 014F","E01024903","Total",512,38,142,292,40,248,13,36,169,30,264,25,106,123,10
"2011","Burnley 014A","E01024904","Total",797,53,179,489,76,407,16,53,279,59,390,37,126,210,17
"2011","Burnley 014G","E01024905","Total",652,68,122,399,63,350,26,39,235,50,302,42,83,164,13
"2011","Burnley 014B","E01024906","Total",538,46,127,327,38,289,12,39,209,29,249,34,88,118,9
"2011","Burnley 014C","E01024910","Total",645,74,143,382,46,322,17,35,238,32,323,57,108,144,14
"2011","Chorley 001A","E01024951","Total",519,37,100,325,57,282,11,23,201,47,237,26,77,124,10
"2011","Chorley 001B","E01024952","Total",616,31,96,412,77,341,10,22,245,64,275,21,74,167,13
"2011","Chorley 001C","E01024953","Total",587,47,121,366,53,295,11,29,214,41,292,36,92,152,12
"2011","Chorley 001D","E01024954","Total",750,50,136,496,68,405,18,40,293,54,345,32,96,203,14
"2011","Chorley 002A","E01024921","Total",1110,113,183,588,226,571,40,38,331,162,539,73,145,257,64
"2011","Chorley 002B","E01024978","Total",733,59,158,420,96,364,17,44,237,66,369,42,114,183,30
"2011","Chorley 002C","E01024979","Total",760,73,135,431,121,388,28,30,246,84,372,45,105,185,37
"2011","Chorley 002D","E01024980","Total",671,77,124,367,103,356,21,26,232,77,315,56,98,135,26
"2011","Chorley 003A","E01024946","Total",592,39,113,353,87,294,10,19,200,65,298,29,94,153,22
"2011","Chorley 003B","E01024947","Total",780,53,145,472,110,393,12,31,266,84,387,41,114,206,26
"2011","Chorley 003C","E01024955","Total",854,56,153,538,107,451,15,38,316,82,403,41,115,222,25
"2011","Chorley 003D","E01024956","Total",786,83,139,464,100,408,27,36,278,67,378,56,103,186,33
"2011","Chorley 003E","E01024957","Total",712,67,137,411,97,376,24,26,247,79,336,43,111,164,18
"2011","Chorley 003F","E01024958","Total",691,38,131,443,79,375,16,37,263,59,316,22,94,180,20
"2011","Chorley 004A","E01024948","Total",774,64,139,476,95,417,24,35,283,75,357,40,104,193,20
"2011","Chorley 004B","E01024949","Total",1389,68,203,932,186,692,21,41,486,144,697,47,162,446,42
"2011","Chorley 004C","E01024950","Total",742,64,126,426,126,393,21,22,253,97,349,43,104,173,29
"2011","Chorley 004D","E01024977","Total",1242,110,214,695,223,639,27,41,405,166,603,83,173,290,57
"2011","Chorley 005A","E01024967","Total",686,61,131,392,102,364,18,31,231,84,322,43,100,161,18
"2011","Chorley 005B","E01024968","Total",990,91,163,557,179,495,16,20,315,144,495,75,143,242,35
"2011","Chorley 005C","E01024969","Total",646,69,134,376,67,323,28,27,215,53,323,41,107,161,14
"2011","Chorley 005D","E01024970","Total",770,73,155,463,79,412,27,35,283,67,358,46,120,180,12
"2011","Chorley 005E","E01024971","Total",617,54,122,352,89,314,15,23,208,68,303,39,99,144,21
"2011","Chorley 005F","E01024972","Total",723,65,147,441,70,370,15,29,272,54,353,50,118,169,16
"2011","Chorley 006A","E01024929","Total",563,49,124,325,65,286,19,26,190,51,277,30,98,135,14
"2011","Chorley 006B","E01024930","Total",764,53,150,479,82,414,16,38,296,64,350,37,112,183,18
"2011","Chorley 006C","E01024931","Total",727,60,143,450,74,367,18,33,257,59,360,42,110,193,15
"2011","Chorley 006D","E01024932","Total",516,41,116,305,54,265,13,31,181,40,251,28,85,124,14
"2011","Chorley 006E","E01024933","Total",579,60,119,342,58,289,17,30,199,43,290,43,89,143,15
"2011","Chorley 006F","E01024937","Total",716,69,149,415,83,372,18,40,254,60,344,51,109,161,23
"2011","Chorley 007A","E01024964","Total",729,64,155,367,143,401,20,46,226,109,328,44,109,141,34
"2011","Chorley 007B","E01024974","Total",815,106,152,419,138,422,37,33,245,107,393,69,119,174,31
"2011","Chorley 007C","E01024975","Total",1168,170,427,444,127,842,135,319,281,107,326,35,108,163,20
"2011","Chorley 007D","E01024976","Total",782,82,153,454,93,396,19,37,270,70,386,63,116,184,23
"2011","Chorley 008A","E01024919","Total",1347,79,203,884,181,702,23,49,498,132,645,56,154,386,49
"2011","Chorley 008B","E01024920","Total",932,96,176,548,112,479,35,43,311,90,453,61,133,237,22
"2011","Chorley 008C","E01024934","Total",711,81,153,385,92,360,21,33,238,68,351,60,120,147,24
"2011","Chorley 008D","E01024935","Total",623,61,134,378,50,331,26,35,231,39,292,35,99,147,11
"2011","Chorley 009A","E01024925","Total",665,47,156,407,55,359,16,34,264,45,306,31,122,143,10
"2011","Chorley 009B","E01024926","Total",873,57,180,529,107,471,19,51,310,91,402,38,129,219,16
"2011","Chorley 009C","E01024927","Total",850,70,162,547,71,442,22,45,317,58,408,48,117,230,13
"2011","Chorley 009D","E01024928","Total",771,53,142,493,83,415,15,31,298,71,356,38,111,195,12
"2011","Chorley 010A","E01024936","Total",837,70,147,527,93,465,30,38,326,71,372,40,109,201,22
"2011","Chorley 010B","E01024938","Total",820,67,159,511,83,443,22,35,315,71,377,45,124,196,12
"2011","Chorley 010C","E01024939","Total",863,74,170,499,120,445,26,41,285,93,418,48,129,214,27
"2011","Chorley 010D","E01024940","Total",870,88,158,539,85,495,27,45,357,66,375,61,113,182,19
"2011","Chorley 010E","E01024941","Total",704,57,143,454,50,365,20,36,268,41,339,37,107,186,9
"2011","Chorley 011A","E01024923","Total",628,58,109,339,122,339,20,25,201,93,289,38,84,138,29
"2011","Chorley 011B","E01024924","Total",749,63,138,449,99,406,10,31,287,78,343,53,107,162,21
"2011","Chorley 011C","E01024963","Total",775,81,155,442,97,399,22,29,273,75,376,59,126,169,22
"2011","Chorley 011D","E01024965","Total",738,71,134,386,147,389,18,28,234,109,349,53,106,152,38
"2011","Chorley 011E","E01024966","Total",839,81,187,472,99,440,19,44,304,73,399,62,143,168,26
"2011","Chorley 012A","E01024942","Total",667,61,134,394,78,353,17,31,240,65,314,44,103,154,13
"2011","Chorley 012B","E01024943","Total",1136,64,246,718,108,569,27,50,409,83,567,37,196,309,25
"2011","Chorley 012C","E01024944","Total",997,80,188,613,116,517,22,24,378,93,480,58,164,235,23
"2011","Chorley 012D","E01024945","Total",1441,90,241,914,196,748,25,47,518,158,693,65,194,396,38
"2011","Chorley 013A","E01024922","Total",733,52,126,448,107,373,11,22,264,76,360,41,104,184,31
"2011","Chorley 013B","E01024959","Total",788,64,150,487,87,417,20,33,294,70,371,44,117,193,17
"2011","Chorley 013C","E01024960","Total",831,56,166,533,76,425,11,46,307,61,406,45,120,226,15
"2011","Chorley 013D","E01024961","Total",863,76,164,513,110,455,23,29,317,86,408,53,135,196,24
"2011","Chorley 013E","E01024962","Total",768,61,143,481,83,401,17,36,285,63,367,44,107,196,20
"2011","Chorley 014A","E01024915","Total",1053,66,227,619,141,553,24,55,368,106,500,42,172,251,35
"2011","Chorley 014B","E01024916","Total",840,72,149,504,115,448,26,44,291,87,392,46,105,213,28
"2011","Chorley 014C","E01024917","Total",924,83,171,558,112,481,24,39,324,94,443,59,132,234,18
"2011","Chorley 014D","E01024918","Total",915,85,181,538,111,458,25,49,297,87,457,60,132,241,24
"2011","Chorley 014E","E01024973","Total",1052,103,210,568,171,566,37,58,348,123,486,66,152,220,48
"2011","Fylde 001A","E01024993","Total",759,83,131,418,127,379,25,24,228,102,380,58,107,190,25
"2011","Fylde 001B","E01025026","Total",635,53,129,324,129,333,15,39,184,95,302,38,90,140,34
"2011","Fylde 001C","E01025027","Total",898,87,164,497,150,477,25,40,290,122,421,62,124,207,28
"2011","Fylde 001D","E01025028","Total",678,76,142,386,74,348,29,40,223,56,330,47,102,163,18
"2011","Fylde 001E","E01025031","Total",524,62,95,258,109,281,19,30,144,88,243,43,65,114,21
"2011","Fylde 002A","E01025007","Total",698,58,139,410,91,355,16,36,244,59,343,42,103,166,32
"2011","Fylde 002B","E01025008","Total",557,55,114,332,56,291,14,29,204,44,266,41,85,128,12
"2011","Fylde 002C","E01025009","Total",658,46,117,416,79,347,14,35,234,64,311,32,82,182,15
"2011","Fylde 002D","E01025011","Total",687,60,142,421,64,340,15,28,244,53,347,45,114,177,11
"2011","Fylde 002E","E01025012","Total",1084,93,196,673,122,554,27,40,401,86,530,66,156,272,36
"2011","Fylde 002F","E01025013","Total",821,51,166,519,85,416,19,37,296,64,405,32,129,223,21
"2011","Fylde 002G","E01025019","Total",628,65,128,344,91,330,15,37,209,69,298,50,91,135,22
"2011","Fylde 003A","E01024998","Total",762,62,173,431,96,368,18,43,231,76,394,44,130,200,20
"2011","Fylde 003B","E01025010","Total",707,53,136,427,91,401,17,35,276,73,306,36,101,151,18
"2011","Fylde 003C","E01025014","Total",875,70,176,479,150,479,26,44,286,123,396,44,132,193,27
"2011","Fylde 003D","E01025015","Total",811,90,134,503,84,410,22,24,298,66,401,68,110,205,18
"2011","Fylde 004A","E01025004","Total",622,59,141,367,55,313,21,26,226,40,309,38,115,141,15
"2011","Fylde 004B","E01025006","Total",554,48,119,336,51,302,15,43,202,42,252,33,76,134,9
"2011","Fylde 004C","E01025023","Total",628,69,127,369,63,319,26,33,216,44,309,43,94,153,19
"2011","Fylde 004D","E01025024","Total",511,46,94,324,47,261,20,24,182,35,250,26,70,142,12
"2011","Fylde 004E","E01025025","Total",766,64,177,451,74,370,19,28,268,55,396,45,149,183,19
"2011","Fylde 005A","E01025001","Total",554,70,127,284,73,277,21,34,165,57,277,49,93,119,16
"2011","Fylde 005B","E01025002","Total",728,59,151,455,63,362,19,37,257,49,366,40,114,198,14
"2011","Fylde 005C","E01025005","Total",570,55,137,308,70,278,12,39,173,54,292,43,98,135,16
"2011","Fylde 005D","E01025016","Total",1090,125,206,583,176,577,37,55,352,133,513,88,151,231,43
"2011","Fylde 005E","E01025018","Total",510,48,123,277,62,269,15,32,172,50,241,33,91,105,12
"2011","Fylde 006A","E01024984","Total",629,65,128,343,93,335,22,49,201,63,294,43,79,142,30
"2011","Fylde 006B","E01024985","Total",622,69,135,362,56,316,21,36,219,40,306,48,99,143,16
"2011","Fylde 006C","E01024986","Total",636,44,110,405,77,373,19,48,250,56,263,25,62,155,21
"2011","Fylde 006D","E01024987","Total",635,53,120,392,70,344,26,38,224,56,291,27,82,168,14
"2011","Fylde 006E","E01024988","Total",591,50,91,364,86,340,24,30,229,57,251,26,61,135,29
"2011","Fylde 006F","E01024989","Total",694,48,151,421,74,350,16,49,233,52,344,32,102,188,22
"2011","Fylde 006G","E01024996","Total",511,55,87,301,68,267,19,24,180,44,244,36,63,121,24
"2011","Fylde 007A","E01024997","Total",706,65,137,434,70,367,21,34,256,56,339,44,103,178,14
"2011","Fylde 007B","E01024999","Total",737,53,159,459,66,374,19,37,264,54,363,34,122,195,12
"2011","Fylde 007C","E01025000","Total",622,56,133,392,41,330,23,37,236,34,292,33,96,156,7
"2011","Fylde 007D","E01025029","Total",898,97,143,550,108,480,27,47,321,85,418,70,96,229,23
"2011","Fylde 007E","E01025030","Total",792,57,157,511,67,416,20,32,311,53,376,37,125,200,14
"2011","Fylde 008A","E01024981","Total",539,56,85,340,58,313,21,28,219,45,226,35,57,121,13
"2011","Fylde 008B","E01024982","Total",491,41,87,280,83,280,9,20,181,70,211,32,67,99,13
"2011","Fylde 008C","E01024983","Total",771,83,148,424,116,376,25,23,249,79,395,58,125,175,37
"2011","Fylde 008D","E01024994","Total",690,70,115,408,97,376,25,25,250,76,314,45,90,158,21
"2011","Fylde 008E","E01024995","Total",606,63,119,343,81,318,17,34,205,62,288,46,85,138,19
"2011","Fylde 008F","E01025003","Total",661,73,136,397,55,347,28,32,248,39,314,45,104,149,16
"2011","Fylde 008G","E01025017","Total",522,59,125,287,51,243,19,35,149,40,279,40,90,138,11
"2011","Fylde 009A","E01024990","Total",731,64,144,406,117,394,23,47,225,99,337,41,97,181,18
"2011","Fylde 009B","E01024991","Total",386,42,74,184,86,215,12,25,111,67,171,30,49,73,19
"2011","Fylde 009C","E01024992","Total",436,64,103,229,40,229,24,30,144,31,207,40,73,85,9
"2011","Fylde 009D","E01025020","Total",618,70,133,355,60,310,26,27,209,48,308,44,106,146,12
"2011","Fylde 009E","E01025021","Total",689,63,126,410,90,368,24,30,244,70,321,39,96,166,20
"2011","Fylde 009F","E01025022","Total",982,88,185,587,122,490,20,28,349,93,492,68,157,238,29
"2011","Hyndburn 001A","E01025060","Total",675,55,157,416,47,360,20,46,259,35,315,35,111,157,12
"2011","Hyndburn 001B","E01025061","Total",594,57,119,349,69,314,21,34,205,54,280,36,85,144,15
"2011","Hyndburn 001C","E01025062","Total",616,41,142,388,45,345,17,47,245,36,271,24,95,143,9
"2011","Hyndburn 001D","E01025063","Total",686,51,137,432,66,364,24,40,252,48,322,27,97,180,18
"2011","Hyndburn 001E","E01025064","Total",786,48,176,453,109,410,10,37,281,82,376,38,139,172,27
"2011","Hyndburn 001F","E01025065","Total",848,68,158,534,88,437,20,34,323,60,411,48,124,211,28
"2011","Hyndburn 001G","E01025066","Total",848,68,161,527,92,443,25,28,328,62,405,43,133,199,30
"2011","Hyndburn 002A","E01025032","Total",610,52,132,377,49,316,23,28,222,43,294,29,104,155,6
"2011","Hyndburn 002B","E01025033","Total",1337,92,230,867,148,696,22,53,501,120,641,70,177,366,28
"2011","Hyndburn 002C","E01025034","Total",832,46,163,542,81,445,19,38,327,61,387,27,125,215,20
"2011","Hyndburn 002D","E01025048","Total",800,55,165,496,84,416,26,42,284,64,384,29,123,212,20
"2011","Hyndburn 002E","E01025049","Total",672,36,148,433,55,353,10,35,269,39,319,26,113,164,16
"2011","Hyndburn 002F","E01025050","Total",798,53,155,508,82,401,17,35,287,62,397,36,120,221,20
"2011","Hyndburn 002G","E01025053","Total",816,59,142,533,82,412,18,24,304,66,404,41,118,229,16
"2011","Hyndburn 003A","E01025070","Total",480,36,115,287,42,249,13,23,181,32,231,23,92,106,10
"2011","Hyndburn 003B","E01025071","Total",715,54,126,490,45,373,19,20,296,38,342,35,106,194,7
"2011","Hyndburn 003C","E01025072","Total",622,43,130,391,58,328,13,31,242,42,294,30,99,149,16
"2011","Hyndburn 003D","E01025073","Total",645,51,133,401,60,330,23,40,219,48,315,28,93,182,12
"2011","Hyndburn 003E","E01025074","Total",690,65,140,406,79,361,23,42,238,58,329,42,98,168,21
"2011","Hyndburn 004A","E01025051","Total",571,44,112,363,52,297,16,33,205,43,274,28,79,158,9
"2011","Hyndburn 004B","E01025052","Total",785,59,150,499,77,411,20,35,294,62,374,39,115,205,15
"2011","Hyndburn 004C","E01025057","Total",730,57,151,471,51,387,28,32,286,41,343,29,119,185,10
"2011","Hyndburn 004D","E01025058","Total",538,41,141,327,29,258,13,38,186,21,280,28,103,141,8
"2011","Hyndburn 004E","E01025059","Total",545,45,131,331,38,267,22,33,187,25,278,23,98,144,13
"2011","Hyndburn 004F","E01025067","Total",695,46,167,430,52,380,15,53,269,43,315,31,114,161,9
"2011","Hyndburn 004G","E01025068","Total",576,41,148,337,50,312,23,49,208,32,264,18,99,129,18
"2011","Hyndburn 004H","E01025069","Total",730,35,175,461,59,372,12,41,269,50,358,23,134,192,9
"2011","Hyndburn 005A","E01025044","Total",530,47,110,341,32,288,16,38,208,26,242,31,72,133,6
"2011","Hyndburn 005B","E01025045","Total",402,32,99,241,30,212,11,29,152,20,190,21,70,89,10
"2011","Hyndburn 005C","E01025046","Total",463,28,128,272,35,246,9,36,177,24,217,19,92,95,11
"2011","Hyndburn 005D","E01025081","Total",925,57,163,630,75,481,15,39,371,56,444,42,124,259,19
"2011","Hyndburn 006A","E01025041","Total",466,46,139,254,27,300,17,87,177,19,166,29,52,77,8
"2011","Hyndburn 006B","E01025042","Total",579,45,204,309,21,413,26,144,225,18,166,19,60,84,3
"2011","Hyndburn 006E","E01025082","Total",552,52,168,305,27,273,17,55,183,18,279,35,113,122,9
"2011","Hyndburn 006F","E01025083","Total",684,49,174,409,52,381,10,64,270,37,303,39,110,139,15
"2011","Hyndburn 006G","E01025084","Total",497,43,143,279,32,309,16,81,193,19,188,27,62,86,13
"2011","Hyndburn 006H","E01033231","Total",863,78,280,442,63,564,38,170,306,50,299,40,110,136,13
"2011","Hyndburn 007A","E01025055","Total",673,33,161,431,48,361,13,49,260,39,312,20,112,171,9
"2011","Hyndburn 007B","E01025075","Total",869,70,153,580,66,443,28,37,323,55,426,42,116,257,11
"2011","Hyndburn 007C","E01025076","Total",613,34,144,377,58,306,14,32,215,45,307,20,112,162,13
"2011","Hyndburn 007D","E01025077","Total",568,49,126,334,59,271,13,25,188,45,297,36,101,146,14
"2011","Hyndburn 007E","E01025078","Total",833,49,137,577,70,444,13,29,342,60,389,36,108,235,10
"2011","Hyndburn 008A","E01025035","Total",725,47,136,467,75,395,11,50,278,56,330,36,86,189,19
"2011","Hyndburn 008B","E01025036","Total",616,38,117,409,52,357,21,49,249,38,259,17,68,160,14
"2011","Hyndburn 008C","E01025037","Total",631,52,140,381,58,317,17,34,222,44,314,35,106,159,14
"2011","Hyndburn 008D","E01025038","Total",632,43,142,389,58,336,18,24,250,44,296,25,118,139,14
"2011","Hyndburn 008E","E01025039","Total",700,53,128,456,63,366,16,36,266,48,334,37,92,190,15
"2011","Hyndburn 008F","E01025040","Total",796,55,172,480,89,429,22,41,306,60,367,33,131,174,29
"2011","Hyndburn 009A","E01025054","Total",827,68,135,527,97,446,28,30,317,71,381,40,105,210,26
"2011","Hyndburn 009B","E01025056","Total",638,63,130,390,55,353,23,45,243,42,285,40,85,147,13
"2011","Hyndburn 009C","E01025079","Total",813,82,133,532,66,432,34,33,310,55,381,48,100,222,11
"2011","Hyndburn 009D","E01025080","Total",858,45,172,552,89,449,14,45,324,66,409,31,127,228,23
"2011","Lancaster 001A","E01025088","Total",608,63,133,348,64,305,24,22,204,55,303,39,111,144,9
"2011","Lancaster 001B","E01025096","Total",879,85,186,509,99,444,19,33,309,83,435,66,153,200,16
"2011","Lancaster 001C","E01025097","Total",644,65,147,352,80,335,18,32,217,68,309,47,115,135,12
"2011","Lancaster 001D","E01025098","Total",658,65,118,384,91,339,17,37,219,66,319,48,81,165,25
"2011","Lancaster 001E","E01025148","Total",856,125,189,393,149,450,36,58,238,118,406,89,131,155,31
"2011","Lancaster 001F","E01025168","Total",552,72,114,295,71,280,27,22,178,53,272,45,92,117,18
"2011","Lancaster 001G","E01025169","Total",588,69,128,307,84,309,22,32,186,69,279,47,96,121,15
"2011","Lancaster 002A","E01025130","Total",1043,121,196,480,246,559,30,51,292,186,484,91,145,188,60
"2011","Lancaster 002B","E01025132","Total",777,81,151,337,208,412,22,41,194,155,365,59,110,143,53
"2011","Lancaster 002C","E01025166","Total",514,58,111,217,128,270,17,34,119,100,244,41,77,98,28
"2011","Lancaster 002D","E01025167","Total",630,97,112,246,175,343,34,24,145,140,287,63,88,101,35
"2011","Lancaster 003A","E01025089","Total",697,76,148,378,95,350,26,34,214,76,347,50,114,164,19
"2011","Lancaster 003B","E01025090","Total",824,85,185,457,97,429,18,26,301,84,395,67,159,156,13
"2011","Lancaster 003C","E01025158","Total",591,69,134,302,86,308,22,25,190,71,283,47,109,112,15
"2011","Lancaster 003D","E01025159","Total",659,62,122,361,114,337,12,30,209,86,322,50,92,152,28
"2011","Lancaster 003E","E01025160","Total",548,63,152,264,69,287,26,35,172,54,261,37,117,92,15
"2011","Lancaster 004A","E01025085","Total",595,57,154,315,69,291,17,31,187,56,304,40,123,128,13
"2011","Lancaster 004B","E01025086","Total",558,71,128,291,68,291,20,31,187,53,267,51,97,104,15
"2011","Lancaster 004C","E01025087","Total",458,47,88,247,76,230,17,29,134,50,228,30,59,113,26
"2011","Lancaster 004D","E01025161","Total",366,31,85,205,45,193,11,25,124,33,173,20,60,81,12
"2011","Lancaster 005A","E01025108","Total",577,69,132,299,77,278,21,28,173,56,299,48,104,126,21
"2011","Lancaster 005B","E01025109","Total",516,54,116,264,82,264,19,31,148,66,252,35,85,116,16
"2011","Lancaster 005C","E01025131","Total",789,95,148,407,139,407,20,41,240,106,382,75,107,167,33
"2011","Lancaster 005D","E01025133","Total",658,77,129,341,111,338,21,33,201,83,320,56,96,140,28
"2011","Lancaster 006A","E01025112","Total",701,57,158,426,60,356,20,37,253,46,345,37,121,173,14
"2011","Lancaster 006B","E01025136","Total",612,56,183,313,60,288,14,42,184,48,324,42,141,129,12
"2011","Lancaster 006C","E01025138","Total",691,60,165,406,60,331,21,35,227,48,360,39,130,179,12
"2011","Lancaster 006D","E01025139","Total",730,76,164,401,89,404,29,61,243,71,326,47,103,158,18
"2011","Lancaster 006E","E01025140","Total",593,65,133,324,71,316,25,38,198,55,277,40,95,126,16
"2011","Lancaster 008A","E01025111","Total",830,76,201,473,80,415,17,53,282,63,415,59,148,191,17
"2011","Lancaster 008B","E01025113","Total",781,73,176,457,75,411,24,39,288,60,370,49,137,169,15
"2011","Lancaster 008C","E01025118","Total",498,38,113,300,47,263,11,23,193,36,235,27,90,107,11
"2011","Lancaster 008D","E01025119","Total",623,65,153,343,62,319,12,40,214,53,304,53,113,129,9
"2011","Lancaster 009A","E01025110","Total",587,64,135,309,79,318,34,50,180,54,269,30,85,129,25
"2011","Lancaster 009B","E01025116","Total",609,53,145,333,78,304,15,40,194,55,305,38,105,139,23
"2011","Lancaster 009C","E01025117","Total",568,45,136,332,55,286,10,40,191,45,282,35,96,141,10
"2011","Lancaster 009D","E01025120","Total",622,45,155,353,69,314,15,44,207,48,308,30,111,146,21
"2011","Lancaster 010A","E01025170","Total",716,60,188,406,62,356,16,43,249,48,360,44,145,157,14
"2011","Lancaster 010B","E01025171","Total",575,65,162,300,48,276,22,39,175,40,299,43,123,125,8
"2011","Lancaster 010C","E01025172","Total",736,56,190,415,75,369,17,50,243,59,367,39,140,172,16
"2011","Lancaster 010D","E01025173","Total",651,62,168,365,56,333,13,38,232,50,318,49,130,133,6
"2011","Lancaster 011A","E01025149","Total",1149,80,258,695,116,572,19,57,414,82,577,61,201,281,34
"2011","Lancaster 011B","E01025150","Total",746,61,175,437,73,375,21,36,263,55,371,40,139,174,18
"2011","Lancaster 011C","E01025151","Total",724,65,168,417,74,367,19,49,250,49,357,46,119,167,25
"2011","Lancaster 011D","E01025152","Total",714,69,169,415,61,353,20,37,253,43,361,49,132,162,18
"2011","Lancaster 011E","E01025154","Total",458,43,139,238,38,229,17,28,151,33,229,26,111,87,5
"2011","Lancaster 013A","E01025091","Total",632,55,155,348,74,339,19,34,222,64,293,36,121,126,10
"2011","Lancaster 013B","E01025092","Total",521,49,150,276,46,247,11,34,173,29,274,38,116,103,17
"2011","Lancaster 013C","E01025095","Total",698,64,151,384,99,354,17,53,220,64,344,47,98,164,35
"2011","Lancaster 013D","E01025126","Total",1062,120,218,594,130,535,34,50,355,96,527,86,168,239,34
"2011","Lancaster 014A","E01025093","Total",772,184,141,359,88,399,68,50,217,64,373,116,91,142,24
"2011","Lancaster 014B","E01025094","Total",665,99,140,352,74,333,44,35,198,56,332,55,105,154,18
"2011","Lancaster 014C","E01025099","Total",844,90,130,521,103,460,38,47,300,75,384,52,83,221,28
"2011","Lancaster 014E","E01033071","Total",650,95,94,355,106,358,37,41,208,72,292,58,53,147,34
"2011","Lancaster 014F","E01033073","Total",763,174,137,343,109,397,68,56,201,72,366,106,81,142,37
"2011","Lancaster 015A","E01025125","Total",565,199,110,221,35,263,64,46,126,27,302,135,64,95,8
"2011","Lancaster 015B","E01025128","Total",738,124,147,394,73,375,52,61,215,47,363,72,86,179,26
"2011","Lancaster 015C","E01025129","Total",628,151,126,296,55,301,45,52,168,36,327,106,74,128,19
"2011","Lancaster 015D","E01025147","Total",717,94,134,411,78,360,31,36,241,52,357,63,98,170,26
"2011","Lancaster 016A","E01025114","Total",654,66,154,361,73,337,22,42,216,57,317,44,112,145,16
"2011","Lancaster 016B","E01025115","Total",621,57,171,341,52,311,14,46,209,42,310,43,125,132,10
"2011","Lancaster 016C","E01025121","Total",905,68,198,550,89,458,25,38,320,75,447,43,160,230,14
"2011","Lancaster 016D","E01025122","Total",756,86,165,401,104,401,31,38,255,77,355,55,127,146,27
"2011","Lancaster 016E","E01025123","Total",1232,74,250,767,141,622,19,37,451,115,610,55,213,316,26
"2011","Lancaster 016F","E01025124","Total",628,61,150,349,68,315,22,29,214,50,313,39,121,135,18
"2011","Lancaster 016I","E01033072","Total",1093,84,251,583,175,587,20,75,356,136,506,64,176,227,39
"2011","Lancaster 017A","E01025100","Total",817,66,172,509,70,410,24,45,294,47,407,42,127,215,23
"2011","Lancaster 017B","E01025101","Total",580,57,136,328,59,294,18,33,196,47,286,39,103,132,12
"2011","Lancaster 017C","E01025102","Total",669,131,125,347,66,335,46,40,210,39,334,85,85,137,27
"2011","Lancaster 017D","E01025103","Total",679,75,138,368,98,337,25,33,208,71,342,50,105,160,27
"2011","Lancaster 017E","E01025144","Total",862,98,168,491,105,442,42,48,273,79,420,56,120,218,26
"2011","Lancaster 017F","E01025146","Total",979,111,196,526,146,475,36,38,299,102,504,75,158,227,44
"2011","Lancaster 018A","E01025127","Total",681,75,152,402,52,343,27,27,250,39,338,48,125,152,13
"2011","Lancaster 018B","E01025141","Total",711,83,169,377,82,360,29,41,228,62,351,54,128,149,20
"2011","Lancaster 018C","E01025143","Total",577,59,126,331,61,288,24,24,196,44,289,35,102,135,17
"2011","Lancaster 018D","E01025145","Total",735,79,177,424,55,338,31,42,224,41,397,48,135,200,14
"2011","Lancaster 019A","E01025105","Total",1584,704,253,438,189,727,251,86,244,146,857,453,167,194,43
"2011","Lancaster 019B","E01025106","Total",1074,220,190,514,150,528,71,39,301,117,546,149,151,213,33
"2011","Lancaster 019C","E01025107","Total",903,93,176,415,219,482,27,49,242,164,421,66,127,173,55
"2011","Lancaster 019D","E01025142","Total",726,83,140,419,84,368,28,36,239,65,358,55,104,180,19
"2011","Lancaster 020A","E01025137","Total",706,63,163,395,85,358,16,29,242,71,348,47,134,153,14
"2011","Lancaster 020F","E01025153","Total",684,51,172,395,66,361,12,34,258,57,323,39,138,137,9
"2011","Lancaster 020G","E01025155","Total",672,56,156,377,83,352,20,29,236,67,320,36,127,141,16
"2011","Lancaster 020H","E01025156","Total",365,31,138,170,26,170,9,34,104,23,195,22,104,66,3
"2011","Lancaster 020I","E01025157","Total",484,50,125,267,42,229,9,25,161,34,255,41,100,106,8
"2011","Lancaster 020B","E01025162","Total",560,59,118,340,43,282,15,27,208,32,278,44,91,132,11
"2011","Lancaster 020C","E01025163","Total",636,69,174,337,56,325,24,37,214,50,311,45,137,123,6
"2011","Lancaster 020D","E01025164","Total",663,70,126,383,84,341,21,33,220,67,322,49,93,163,17
"2011","Lancaster 020E","E01025165","Total",842,59,190,507,86,430,21,30,300,79,412,38,160,207,7
"2011","Pendle 001A","E01025191","Total",657,50,109,420,78,336,14,12,253,57,321,36,97,167,21
"2011","Pendle 001B","E01025192","Total",730,43,142,484,61,383,12,26,299,46,347,31,116,185,15
"2011","Pendle 001C","E01025193","Total",630,41,138,376,75,313,9,22,221,61,317,32,116,155,14
"2011","Pendle 001D","E01025194","Total",716,44,132,472,68,389,15,27,295,52,327,29,105,177,16
"2011","Pendle 002A","E01025195","Total",662,64,125,400,73,358,19,28,251,60,304,45,97,149,13
"2011","Pendle 002B","E01025196","Total",853,56,139,555,103,460,20,31,335,74,393,36,108,220,29
"2011","Pendle 002C","E01025197","Total",666,60,113,421,72,359,20,22,264,53,307,40,91,157,19
"2011","Pendle 002D","E01025198","Total",652,52,124,410,66,351,14,36,252,49,301,38,88,158,17
"2011","Pendle 003A","E01025199","Total",896,66,175,523,132,460,21,39,303,97,436,45,136,220,35
"2011","Pendle 003B","E01025200","Total",748,57,150,451,90,403,19,31,280,73,345,38,119,171,17
"2011","Pendle 003C","E01025201","Total",763,50,158,489,66,401,21,29,297,54,362,29,129,192,12
"2011","Pendle 003D","E01025202","Total",701,60,152,410,79,358,20,40,247,51,343,40,112,163,28
"2011","Pendle 004A","E01025205","Total",696,46,138,458,54,371,16,31,282,42,325,30,107,176,12
"2011","Pendle 004B","E01025206","Total",559,57,125,332,45,281,20,31,196,34,278,37,94,136,11
"2011","Pendle 004C","E01025207","Total",612,41,130,397,44,320,14,33,238,35,292,27,97,159,9
"2011","Pendle 004D","E01025208","Total",513,49,97,325,42,289,14,24,215,36,224,35,73,110,6
"2011","Pendle 005A","E01025220","Total",574,44,140,345,45,273,7,29,203,34,301,37,111,142,11
"2011","Pendle 005B","E01025221","Total",575,43,129,341,62,285,16,21,198,50,290,27,108,143,12
"2011","Pendle 005C","E01025222","Total",758,66,146,473,73,391,17,30,283,61,367,49,116,190,12
"2011","Pendle 005D","E01025223","Total",630,43,122,407,58,356,12,28,272,44,274,31,94,135,14
"2011","Pendle 006A","E01025178","Total",974,88,189,556,141,512,31,50,325,106,462,57,139,231,35
"2011","Pendle 006B","E01025179","Total",833,65,170,514,84,415,23,36,293,63,418,42,134,221,21
"2011","Pendle 006C","E01025180","Total",1032,69,192,642,129,535,23,36,368,108,497,46,156,274,21
"2011","Pendle 006D","E01025203","Total",946,95,165,528,158,502,33,39,307,123,444,62,126,221,35
"2011","Pendle 007A","E01025226","Total",699,62,154,427,56,374,16,45,263,50,325,46,109,164,6
"2011","Pendle 007B","E01025227","Total",822,75,209,478,60,456,29,75,307,45,366,46,134,171,15
"2011","Pendle 007C","E01025228","Total",852,80,168,543,61,438,29,38,325,46,414,51,130,218,15
"2011","Pendle 008A","E01025174","Total",691,62,118,419,92,370,17,33,251,69,321,45,85,168,23
"2011","Pendle 008B","E01025175","Total",797,70,153,456,118,414,24,37,263,90,383,46,116,193,28
"2011","Pendle 008C","E01025176","Total",1144,69,221,719,135,573,25,50,411,87,571,44,171,308,48
"2011","Pendle 008D","E01025177","Total",905,82,155,506,162,478,27,33,294,124,427,55,122,212,38
"2011","Pendle 008E","E01025204","Total",895,82,151,493,169,473,29,41,284,119,422,53,110,209,50
"2011","Pendle 008F","E01025211","Total",727,62,159,399,107,383,20,38,243,82,344,42,121,156,25
"2011","Pendle 009A","E01025181","Total",469,40,159,249,21,257,16,60,163,18,212,24,99,86,3
"2011","Pendle 009B","E01025182","Total",523,45,153,292,33,325,21,86,195,23,198,24,67,97,10
"2011","Pendle 009C","E01025183","Total",618,54,146,377,41,356,26,68,235,27,262,28,78,142,14
"2011","Pendle 009D","E01025184","Total",520,56,186,251,27,354,28,119,184,23,166,28,67,67,4
"2011","Pendle 010A","E01025188","Total",649,59,178,377,35,413,34,93,256,30,236,25,85,121,5
"2011","Pendle 010B","E01025189","Total",683,56,161,431,35,383,23,53,276,31,300,33,108,155,4
"2011","Pendle 010C","E01025210","Total",813,65,165,527,56,424,28,42,313,41,389,37,123,214,15
"2011","Pendle 010D","E01025217","Total",563,58,154,307,44,325,27,71,189,38,238,31,83,118,6
"2011","Pendle 010E","E01025218","Total",330,22,112,183,13,220,11,68,131,10,110,11,44,52,3
"2011","Pendle 010F","E01025219","Total",435,37,108,260,30,247,17,49,159,22,188,20,59,101,8
"2011","Pendle 011A","E01025224","Total",674,67,236,341,30,437,39,130,247,21,237,28,106,94,9
"2011","Pendle 011B","E01025225","Total",701,65,156,419,61,381,27,57,251,46,320,38,99,168,15
"2011","Pendle 011C","E01025229","Total",671,70,210,360,31,462,39,141,257,25,209,31,69,103,6
"2011","Pendle 011D","E01025230","Total",508,51,142,286,29,342,25,92,202,23,166,26,50,84,6
"2011","Pendle 012A","E01025187","Total",538,41,134,321,42,292,14,57,190,31,246,27,77,131,11
"2011","Pendle 012B","E01025190","Total",741,49,187,454,51,394,20,72,267,35,347,29,115,187,16
"2011","Pendle 012C","E01025209","Total",714,71,163,419,61,364,23,25,267,49,350,48,138,152,12
"2011","Pendle 012D","E01025216","Total",889,72,208,511,98,492,35,67,315,75,397,37,141,196,23
"2011","Pendle 013A","E01025185","Total",640,64,182,347,47,393,31,102,221,39,247,33,80,126,8
"2011","Pendle 013B","E01025186","Total",557,52,139,318,48,341,26,75,205,35,216,26,64,113,13
"2011","Pendle 013C","E01025212","Total",558,53,123,313,69,305,16,47,187,55,253,37,76,126,14
"2011","Pendle 013D","E01025213","Total",456,43,132,231,50,262,16,62,146,38,194,27,70,85,12
"2011","Pendle 013E","E01025214","Total",715,65,147,452,51,372,35,44,253,40,343,30,103,199,11
"2011","Pendle 013F","E01025215","Total",451,48,143,233,27,271,24,79,147,21,180,24,64,86,6
"2011","Preston 001A","E01025278","Total",1339,117,290,703,229,701,42,68,412,179,638,75,222,291,50
"2011","Preston 001B","E01025279","Total",1028,121,189,464,254,564,43,41,285,195,464,78,148,179,59
"2011","Preston 001C","E01025282","Total",697,85,143,361,108,359,26,39,212,82,338,59,104,149,26
"2011","Preston 002A","E01025257","Total",704,79,143,385,97,376,29,33,230,84,328,50,110,155,13
"2011","Preston 002B","E01025277","Total",834,93,156,453,132,444,27,42,268,107,390,66,114,185,25
"2011","Preston 002C","E01025280","Total",1004,92,201,523,188,515,33,36,304,142,489,59,165,219,46
"2011","Preston 002D","E01025281","Total",772,73,151,386,162,387,15,28,215,129,385,58,123,171,33
"2011","Preston 003A","E01025256","Total",708,89,158,394,67,368,33,43,244,48,340,56,115,150,19
"2011","Preston 003B","E01025258","Total",675,70,141,406,58,351,27,43,240,41,324,43,98,166,17
"2011","Preston 003C","E01025259","Total",1029,115,222,602,90,519,43,41,366,69,510,72,181,236,21
"2011","Preston 003D","E01025299","Total",712,65,145,437,65,355,26,34,247,48,357,39,111,190,17
"2011","Preston 003E","E01025301","Total",666,48,126,441,51,324,12,18,255,39,342,36,108,186,12
"2011","Preston 003F","E01025302","Total",635,80,130,361,64,326,26,42,206,52,309,54,88,155,12
"2011","Preston 004A","E01025253","Total",1135,62,176,719,178,589,17,33,404,135,546,45,143,315,43
"2011","Preston 004B","E01025254","Total",624,61,117,383,63,331,17,23,243,48,293,44,94,140,15
"2011","Preston 004C","E01025255","Total",941,62,185,576,118,481,23,39,326,93,460,39,146,250,25
"2011","Preston 004D","E01025300","Total",441,57,75,261,48,245,21,19,166,39,196,36,56,95,9
"2011","Preston 004E","E01025303","Total",781,72,171,472,66,397,25,39,283,50,384,47,132,189,16
"2011","Preston 005A","E01025260","Total",588,39,122,373,54,314,16,32,222,44,274,23,90,151,10
"2011","Preston 005B","E01025262","Total",673,47,151,414,61,342,17,37,235,53,331,30,114,179,8
"2011","Preston 005C","E01025263","Total",619,42,134,392,51,306,9,27,230,40,313,33,107,162,11
"2011","Preston 005D","E01025264","Total",675,55,157,391,72,338,20,40,225,53,337,35,117,166,19
"2011","Preston 006A","E01025239","Total",643,49,135,391,68,336,18,44,226,48,307,31,91,165,20
"2011","Preston 006B","E01025241","Total",770,83,161,451,75,408,37,48,272,51,362,46,113,179,24
"2011","Preston 006C","E01025242","Total",712,59,181,401,71,370,19,51,245,55,342,40,130,156,16
"2011","Preston 006D","E01025243","Total",936,107,168,556,105,525,38,66,339,82,411,69,102,217,23
"2011","Preston 006E","E01025251","Total",628,70,160,336,62,330,20,48,212,50,298,50,112,124,12
"2011","Preston 007A","E01025234","Total",682,49,152,403,78,356,13,35,246,62,326,36,117,157,16
"2011","Preston 007B","E01025235","Total",747,60,147,473,67,388,24,30,284,50,359,36,117,189,17
"2011","Preston 007C","E01025237","Total",666,51,159,394,62,339,15,36,237,51,327,36,123,157,11
"2011","Preston 007D","E01025238","Total",640,49,141,404,46,318,17,33,233,35,322,32,108,171,11
"2011","Preston 007E","E01025245","Total",974,93,264,544,73,542,32,98,353,59,432,61,166,191,14
"2011","Preston 007F","E01025252","Total",698,64,117,425,92,348,22,32,237,57,350,42,85,188,35
"2011","Preston 008A","E01025233","Total",721,52,152,446,71,367,17,29,272,49,354,35,123,174,22
"2011","Preston 008B","E01025240","Total",794,75,165,483,71,406,29,32,295,50,388,46,133,188,21
"2011","Preston 008C","E01025261","Total",693,49,143,447,54,352,19,38,255,40,341,30,105,192,14
"2011","Preston 008D","E01025266","Total",613,50,151,356,56,303,21,32,202,48,310,29,119,154,8
"2011","Preston 008E","E01025309","Total",556,43,112,362,39,287,14,20,225,28,269,29,92,137,11
"2011","Preston 009A","E01025236","Total",531,38,136,314,43,274,13,29,201,31,257,25,107,113,12
"2011","Preston 009B","E01025283","Total",529,47,146,297,39,271,14,32,193,32,258,33,114,104,7
"2011","Preston 009C","E01025284","Total",787,51,179,486,71,426,18,41,305,62,361,33,138,181,9
"2011","Preston 009D","E01025285","Total",571,57,142,326,46,302,17,43,202,40,269,40,99,124,6
"2011","Preston 009E","E01025286","Total",596,60,145,335,56,316,23,34,216,43,280,37,111,119,13
"2011","Preston 009F","E01025287","Total",758,52,177,464,65,395,19,42,279,55,363,33,135,185,10
"2011","Preston 010A","E01025270","Total",896,53,170,583,90,469,18,40,335,76,427,35,130,248,14
"2011","Preston 010B","E01025272","Total",917,79,139,589,110,479,29,23,347,80,438,50,116,242,30
"2011","Preston 010C","E01025273","Total",862,77,177,512,96,440,30,29,307,74,422,47,148,205,22
"2011","Preston 010D","E01025288","Total",965,58,122,670,115,563,18,33,419,93,402,40,89,251,22
"2011","Preston 011A","E01025246","Total",620,65,197,330,28,397,26,122,228,21,223,39,75,102,7
"2011","Preston 011B","E01025274","Total",920,127,169,562,62,502,51,60,343,48,418,76,109,219,14
"2011","Preston 011C","E01025275","Total",710,110,136,413,51,351,38,41,237,35,359,72,95,176,16
"2011","Preston 011D","E01025294","Total",789,123,220,413,33,449,50,102,271,26,340,73,118,142,7
"2011","Preston 012A","E01025276","Total",808,94,154,486,74,430,41,49,287,53,378,53,105,199,21
"2011","Preston 012B","E01025308","Total",940,106,155,608,71,471,37,45,343,46,469,69,110,265,25
"2011","Preston 012C","E01025310","Total",820,69,145,544,62,436,27,48,315,46,384,42,97,229,16
"2011","Preston 012D","E01025311","Total",743,40,117,522,64,362,12,29,280,41,381,28,88,242,23
"2011","Preston 012E","E01025312","Total",940,79,171,619,71,503,25,44,382,52,437,54,127,237,19
"2011","Preston 012F","E01025313","Total",783,281,147,322,33,379,106,50,196,27,404,175,97,126,6
"2011","Preston 012G","E01025314","Total",1209,337,246,573,53,598,130,86,338,44,611,207,160,235,9
"2011","Preston 013A","E01025231","Total",695,60,139,423,73,365,21,41,249,54,330,39,98,174,19
"2011","Preston 013B","E01025232","Total",917,74,174,580,89,504,26,63,347,68,413,48,111,233,21
"2011","Preston 013C","E01025265","Total",826,57,163,532,74,409,19,26,304,60,417,38,137,228,14
"2011","Preston 013D","E01025267","Total",639,44,136,404,55,337,13,22,257,45,302,31,114,147,10
"2011","Preston 013E","E01025268","Total",738,51,159,484,44,372,16,30,292,34,366,35,129,192,10
"2011","Preston 013F","E01025269","Total",711,52,162,446,51,343,17,33,261,32,368,35,129,185,19
"2011","Preston 013G","E01025271","Total",681,62,149,415,55,357,22,33,252,50,324,40,116,163,5
"2011","Preston 014A","E01025295","Total",851,82,174,534,61,544,41,94,358,51,307,41,80,176,10
"2011","Preston 014B","E01025296","Total",753,60,208,432,53,424,23,80,273,48,329,37,128,159,5
"2011","Preston 014C","E01025297","Total",793,77,197,454,65,462,25,80,303,54,331,52,117,151,11
"2011","Preston 014D","E01025298","Total",614,62,153,360,39,349,31,66,220,32,265,31,87,140,7
"2011","Preston 015A","E01025244","Total",581,97,167,289,28,377,46,108,203,20,204,51,59,86,8
"2011","Preston 015B","E01025292","Total",977,441,216,263,57,484,162,102,175,45,493,279,114,88,12
"2011","Preston 015C","E01025293","Total",662,94,170,353,45,396,33,86,245,32,266,61,84,108,13
"2011","Preston 016A","E01025247","Total",677,60,192,377,48,412,24,106,244,38,265,36,86,133,10
"2011","Preston 016B","E01025248","Total",459,38,150,235,36,217,9,44,132,32,242,29,106,103,4
"2011","Preston 016C","E01025249","Total",453,35,95,276,47,236,9,25,164,38,217,26,70,112,9
"2011","Preston 016D","E01025250","Total",667,64,173,383,47,398,24,81,256,37,269,40,92,127,10
"2011","Preston 016E","E01025304","Total",750,64,226,401,59,426,19,91,269,47,324,45,135,132,12
"2011","Preston 016F","E01025305","Total",647,59,177,376,35,362,22,80,233,27,285,37,97,143,8
"2011","Preston 017A","E01025289","Total",828,118,169,469,72,458,47,70,284,57,370,71,99,185,15
"2011","Preston 017B","E01025290","Total",830,130,163,485,52,484,58,66,320,40,346,72,97,165,12
"2011","Preston 017C","E01025291","Total",668,57,118,443,50,358,20,38,266,34,310,37,80,177,16
"2011","Preston 017D","E01025306","Total",952,124,139,554,135,587,61,61,360,105,365,63,78,194,30
"2011","Preston 017F","E01033223","Total",496,151,78,233,34,270,65,32,147,26,226,86,46,86,8
"2011","Preston 017G","E01033224","Total",442,53,87,269,33,263,18,47,173,25,179,35,40,96,8
"2011","Preston 017H","E01033226","Total",426,37,110,243,36,262,19,53,161,29,164,18,57,82,7
"2011","Ribble Valley 001A","E01025315","Total",783,94,114,351,224,409,27,23,188,171,374,67,91,163,53
"2011","Ribble Valley 001B","E01025320","Total",721,93,141,282,205,387,27,35,161,164,334,66,106,121,41
"2011","Ribble Valley 001C","E01025331","Total",760,67,137,336,220,423,17,33,200,173,337,50,104,136,47
"2011","Ribble Valley 001D","E01025348","Total",709,71,146,355,137,389,27,34,220,108,320,44,112,135,29
"2011","Ribble Valley 001E","E01025349","Total",762,89,128,388,157,400,37,24,218,121,362,52,104,170,36
"2011","Ribble Valley 002A","E01025334","Total",739,75,157,398,109,379,22,33,240,84,360,53,124,158,25
"2011","Ribble Valley 002B","E01025344","Total",649,56,150,366,77,337,21,31,227,58,312,35,119,139,19
"2011","Ribble Valley 002C","E01025345","Total",693,74,140,369,110,373,28,34,226,85,320,46,106,143,25
"2011","Ribble Valley 002D","E01025346","Total",824,72,167,481,104,429,23,45,286,75,395,49,122,195,29
"2011","Ribble Valley 002E","E01025347","Total",852,78,167,514,93,434,22,37,306,69,418,56,130,208,24
"2011","Ribble Valley 003A","E01025329","Total",642,65,138,371,68,344,19,38,232,55,298,46,100,139,13
"2011","Ribble Valley 003B","E01025330","Total",635,49,163,362,61,332,15,39,229,49,303,34,124,133,12
"2011","Ribble Valley 003C","E01025335","Total",561,49,134,315,63,277,13,25,191,48,284,36,109,124,15
"2011","Ribble Valley 003D","E01025338","Total",888,66,174,554,94,471,24,40,339,68,417,42,134,215,26
"2011","Ribble Valley 003E","E01025339","Total",764,66,180,450,68,388,22,33,278,55,376,44,147,172,13
"2011","Ribble Valley 004A","E01025322","Total",763,75,132,367,189,397,19,25,205,148,366,56,107,162,41
"2011","Ribble Valley 004B","E01025326","Total",744,68,108,438,130,395,19,19,246,111,349,49,89,192,19
"2011","Ribble Valley 004C","E01025327","Total",697,56,125,413,103,348,13,18,239,78,349,43,107,174,25
"2011","Ribble Valley 004D","E01025342","Total",865,105,166,437,157,455,32,44,256,123,410,73,122,181,34
"2011","Ribble Valley 005A","E01025321","Total",680,65,123,414,78,356,16,28,252,60,324,49,95,162,18
"2011","Ribble Valley 005B","E01025340","Total",729,77,154,399,99,366,29,33,233,71,363,48,121,166,28
"2011","Ribble Valley 005C","E01025341","Total",587,80,103,308,96,303,26,25,177,75,284,54,78,131,21
"2011","Ribble Valley 005D","E01025343","Total",733,75,129,420,109,375,19,31,243,82,358,56,98,177,27
"2011","Ribble Valley 005E","E01025354","Total",679,74,128,344,133,357,29,28,202,98,322,45,100,142,35
"2011","Ribble Valley 006A","E01025316","Total",846,89,146,461,150,436,27,29,263,117,410,62,117,198,33
"2011","Ribble Valley 006B","E01025317","Total",576,66,109,317,84,302,23,21,186,72,274,43,88,131,12
"2011","Ribble Valley 006C","E01025325","Total",816,62,159,492,103,423,17,42,278,86,393,45,117,214,17
"2011","Ribble Valley 006D","E01025328","Total",560,59,108,310,83,292,18,23,186,65,268,41,85,124,18
"2011","Ribble Valley 007A","E01025318","Total",540,51,92,340,57,269,17,18,189,45,271,34,74,151,12
"2011","Ribble Valley 007B","E01025319","Total",1111,97,200,604,210,580,29,42,339,170,531,68,158,265,40
"2011","Ribble Valley 007C","E01025333","Total",631,73,126,332,100,324,29,24,200,71,307,44,102,132,29
"2011","Ribble Valley 007D","E01025350","Total",609,69,103,328,109,338,24,30,200,84,271,45,73,128,25
"2011","Ribble Valley 007E","E01025351","Total",1226,121,225,648,232,616,39,43,360,174,610,82,182,288,58
"2011","Ribble Valley 008A","E01025323","Total",551,68,103,277,103,284,16,35,162,71,267,52,68,115,32
"2011","Ribble Valley 008B","E01025324","Total",701,65,151,380,105,346,24,29,220,73,355,41,122,160,32
"2011","Ribble Valley 008C","E01025332","Total",478,57,107,251,63,251,22,31,147,51,227,35,76,104,12
"2011","Ribble Valley 008D","E01025336","Total",589,71,103,309,106,295,17,25,169,84,294,54,78,140,22
"2011","Ribble Valley 008E","E01025337","Total",789,84,147,447,111,412,28,37,267,80,377,56,110,180,31
"2011","Ribble Valley 008F","E01025352","Total",678,68,128,387,95,350,17,26,233,74,328,51,102,154,21
"2011","Ribble Valley 008G","E01025353","Total",553,47,94,323,89,278,14,23,175,66,275,33,71,148,23
"2011","Rossendale 001A","E01025355","Total",1263,94,230,762,177,642,31,62,415,134,621,63,168,347,43
"2011","Rossendale 001B","E01025361","Total",1156,64,213,725,154,569,24,55,372,118,587,40,158,353,36
"2011","Rossendale 001C","E01025362","Total",1067,80,197,615,175,544,23,35,354,132,523,57,162,261,43
"2011","Rossendale 001D","E01025393","Total",795,60,144,478,113,398,21,26,273,78,397,39,118,205,35
"2011","Rossendale 002A","E01025363","Total",576,41,114,347,74,288,8,29,194,57,288,33,85,153,17
"2011","Rossendale 002B","E01025364","Total",696,64,123,403,106,367,18,31,234,84,329,46,92,169,22
"2011","Rossendale 002C","E01025366","Total",642,56,133,384,69,349,22,43,228,56,293,34,90,156,13
"2011","Rossendale 002D","E01025395","Total",811,51,150,504,106,421,14,39,278,90,390,37,111,226,16
"2011","Rossendale 002E","E01025396","Total",503,38,105,303,57,279,14,37,183,45,224,24,68,120,12
"2011","Rossendale 002F","E01025397","Total",743,53,169,448,73,415,19,58,282,56,328,34,111,166,17
"2011","Rossendale 002G","E01025398","Total",622,52,136,381,53,324,14,36,237,37,298,38,100,144,16
"2011","Rossendale 003A","E01025367","Total",966,70,177,568,151,502,23,38,326,115,464,47,139,242,36
"2011","Rossendale 003B","E01025368","Total",714,60,137,419,98,378,20,31,249,78,336,40,106,170,20
"2011","Rossendale 003C","E01025369","Total",521,43,116,308,54,261,12,25,180,44,260,31,91,128,10
"2011","Rossendale 003D","E01025381","Total",595,39,142,345,69,312,11,32,214,55,283,28,110,131,14
"2011","Rossendale 003E","E01025382","Total",658,53,146,393,66,352,15,47,237,53,306,38,99,156,13
"2011","Rossendale 003F","E01025383","Total",1209,79,265,728,137,617,22,72,415,108,592,57,193,313,29
"2011","Rossendale 004A","E01025356","Total",643,54,120,413,56,372,19,44,266,43,271,35,76,147,13
"2011","Rossendale 004C","E01025373","Total",768,69,147,444,108,405,30,33,267,75,363,39,114,177,33
"2011","Rossendale 004D","E01025385","Total",492,38,103,322,29,225,11,17,176,21,267,27,86,146,8
"2011","Rossendale 004F","E01025387","Total",615,57,126,356,76,326,18,44,213,51,289,39,82,143,25
"2011","Rossendale 004G","E01033281","Total",1193,104,232,722,135,621,39,74,415,93,572,65,158,307,42
"2011","Rossendale 007A","E01025377","Total",822,76,165,471,110,436,23,35,292,86,386,53,130,179,24
"2011","Rossendale 007B","E01025378","Total",854,83,168,504,99,429,27,44,277,81,425,56,124,227,18
"2011","Rossendale 007C","E01025379","Total",529,35,114,336,44,268,8,24,197,39,261,27,90,139,5
"2011","Rossendale 007D","E01025380","Total",769,76,133,433,127,381,20,24,249,88,388,56,109,184,39
"2011","Rossendale 008A","E01025357","Total",704,44,137,419,104,351,13,35,226,77,353,31,102,193,27
"2011","Rossendale 008B","E01025358","Total",1255,95,224,733,203,642,35,58,396,153,613,60,166,337,50
"2011","Rossendale 008C","E01025365","Total",816,59,128,528,101,407,19,34,279,75,409,40,94,249,26
"2011","Rossendale 008D","E01025384","Total",560,54,106,315,85,290,19,33,179,59,270,35,73,136,26
"2011","Rossendale 009A","E01025359","Total",811,74,160,485,92,429,23,48,288,70,382,51,112,197,22
"2011","Rossendale 009B","E01025360","Total",957,63,188,594,112,499,20,48,352,79,458,43,140,242,33
"2011","Rossendale 009C","E01025375","Total",922,88,174,543,117,471,34,31,312,94,451,54,143,231,23
"2011","Rossendale 009D","E01025376","Total",943,66,183,580,114,479,17,38,333,91,464,49,145,247,23
"2011","Rossendale 010F","E01025370","Total",626,53,121,375,77,339,20,30,232,57,287,33,91,143,20
"2011","Rossendale 010A","E01025371","Total",625,40,137,394,54,327,12,38,233,44,298,28,99,161,10
"2011","Rossendale 010B","E01025374","Total",690,61,116,434,79,362,17,30,250,65,328,44,86,184,14
"2011","Rossendale 010G","E01025388","Total",662,48,123,417,74,362,15,30,258,59,300,33,93,159,15
"2011","Rossendale 010H","E01025389","Total",529,49,113,314,53,273,14,28,192,39,256,35,85,122,14
"2011","Rossendale 010I","E01025390","Total",445,45,94,251,55,239,16,24,154,45,206,29,70,97,10
"2011","Rossendale 010C","E01025391","Total",666,45,151,406,64,339,13,40,237,49,327,32,111,169,15
"2011","Rossendale 010D","E01025392","Total",623,42,99,403,79,340,15,35,227,63,283,27,64,176,16
"2011","Rossendale 010E","E01025394","Total",752,62,143,444,103,376,21,38,241,76,376,41,105,203,27
"2011","South Ribble 001A","E01025424","Total",667,69,144,380,74,338,19,36,222,61,329,50,108,158,13
"2011","South Ribble 001B","E01025425","Total",718,57,161,432,68,360,19,33,257,51,358,38,128,175,17
"2011","South Ribble 001C","E01025426","Total",614,65,131,333,85,335,17,39,212,67,279,48,92,121,18
"2011","South Ribble 001D","E01025466","Total",738,68,149,428,93,380,18,28,261,73,358,50,121,167,20
"2011","South Ribble 002A","E01025413","Total",898,83,187,523,105,443,20,34,313,76,455,63,153,210,29
"2011","South Ribble 002B","E01025414","Total",808,103,154,479,72,420,29,33,306,52,388,74,121,173,20
"2011","South Ribble 002C","E01025456","Total",637,56,106,347,128,333,18,25,194,96,304,38,81,153,32
"2011","South Ribble 002D","E01025458","Total",793,67,147,497,82,403,18,32,290,63,390,49,115,207,19
"2011","South Ribble 003A","E01025408","Total",714,64,130,444,76,369,18,31,271,49,345,46,99,173,27
"2011","South Ribble 003B","E01025409","Total",696,51,130,457,58,352,15,31,265,41,344,36,99,192,17
"2011","South Ribble 003C","E01025410","Total",764,71,156,467,70,389,23,21,289,56,375,48,135,178,14
"2011","South Ribble 003D","E01025467","Total",954,101,186,581,86,479,40,23,349,67,475,61,163,232,19
"2011","South Ribble 004A","E01025403","Total",1208,82,201,813,112,622,27,31,481,83,586,55,170,332,29
"2011","South Ribble 004B","E01025457","Total",769,55,147,493,74,408,20,39,288,61,361,35,108,205,13
"2011","South Ribble 004C","E01025463","Total",783,58,148,484,93,391,13,31,274,73,392,45,117,210,20
"2011","South Ribble 004D","E01025464","Total",717,72,129,435,81,377,25,26,265,61,340,47,103,170,20
"2011","South Ribble 004E","E01025465","Total",586,36,111,383,56,307,7,29,228,43,279,29,82,155,13
"2011","South Ribble 005A","E01025411","Total",1086,83,203,698,102,542,18,35,410,79,544,65,168,288,23
"2011","South Ribble 005B","E01025448","Total",886,53,182,578,73,477,27,42,357,51,409,26,140,221,22
"2011","South Ribble 005C","E01025449","Total",503,56,105,300,42,262,15,33,178,36,241,41,72,122,6
"2011","South Ribble 005D","E01025450","Total",487,43,110,288,46,243,12,27,167,37,244,31,83,121,9
"2011","South Ribble 006A","E01025412","Total",694,38,142,447,67,373,10,36,279,48,321,28,106,168,19
"2011","South Ribble 006B","E01025427","Total",681,44,135,416,86,353,13,32,238,70,328,31,103,178,16
"2011","South Ribble 006C","E01025428","Total",751,48,141,503,59,394,12,29,305,48,357,36,112,198,11
"2011","South Ribble 006D","E01025429","Total",622,45,120,395,62,301,13,24,218,46,321,32,96,177,16
"2011","South Ribble 007A","E01025404","Total",560,51,111,353,45,302,17,25,220,40,258,34,86,133,5
"2011","South Ribble 007B","E01025405","Total",545,55,109,330,51,285,20,28,195,42,260,35,81,135,9
"2011","South Ribble 007C","E01025406","Total",612,56,113,387,56,316,14,29,227,46,296,42,84,160,10
"2011","South Ribble 007D","E01025407","Total",1018,78,192,651,97,504,29,38,362,75,514,49,154,289,22
"2011","South Ribble 008A","E01025399","Total",723,57,152,433,81,340,11,32,229,68,383,46,120,204,13
"2011","South Ribble 008B","E01025400","Total",912,79,179,547,107,456,20,38,317,81,456,59,141,230,26
"2011","South Ribble 008C","E01025401","Total",793,53,155,507,78,414,12,37,304,61,379,41,118,203,17
"2011","South Ribble 008D","E01025402","Total",773,58,130,504,81,411,19,33,291,68,362,39,97,213,13
"2011","South Ribble 009A","E01025442","Total",550,40,116,344,50,295,11,33,213,38,255,29,83,131,12
"2011","South Ribble 009B","E01025443","Total",721,57,123,483,58,365,21,26,269,49,356,36,97,214,9
"2011","South Ribble 009C","E01025444","Total",735,48,131,492,64,382,13,32,293,44,353,35,99,199,20
"2011","South Ribble 009D","E01025461","Total",1096,91,226,666,113,551,22,50,390,89,545,69,176,276,24
"2011","South Ribble 009E","E01025462","Total",899,71,166,585,77,473,21,39,355,58,426,50,127,230,19
"2011","South Ribble 010A","E01025439","Total",607,68,137,314,88,316,22,35,190,69,291,46,102,124,19
"2011","South Ribble 010B","E01025453","Total",800,82,127,482,109,422,27,32,272,91,378,55,95,210,18
"2011","South Ribble 010C","E01025454","Total",613,87,98,337,91,326,27,26,201,72,287,60,72,136,19
"2011","South Ribble 010D","E01025455","Total",682,88,138,361,95,358,30,33,217,78,324,58,105,144,17
"2011","South Ribble 011A","E01025436","Total",1261,119,250,676,216,672,41,54,400,177,589,78,196,276,39
"2011","South Ribble 011B","E01025437","Total",945,80,164,566,135,504,24,32,340,108,441,56,132,226,27
"2011","South Ribble 011C","E01025438","Total",687,60,144,386,97,354,19,27,229,79,333,41,117,157,18
"2011","South Ribble 011D","E01025440","Total",677,61,149,363,104,356,21,32,220,83,321,40,117,143,21
"2011","South Ribble 011E","E01025441","Total",657,78,116,364,99,344,22,21,221,80,313,56,95,143,19
"2011","South Ribble 012A","E01025417","Total",754,71,124,481,78,371,18,24,262,67,383,53,100,219,11
"2011","South Ribble 012B","E01025418","Total",748,59,135,478,76,380,17,31,272,60,368,42,104,206,16
"2011","South Ribble 012C","E01025419","Total",832,69,182,471,110,435,29,43,272,91,397,40,139,199,19
"2011","South Ribble 012D","E01025420","Total",1485,116,269,922,178,781,41,43,549,148,704,75,226,373,30
"2011","South Ribble 013A","E01025421","Total",1251,64,204,850,133,655,21,27,497,110,596,43,177,353,23
"2011","South Ribble 013B","E01025422","Total",646,45,122,420,59,329,11,28,244,46,317,34,94,176,13
"2011","South Ribble 013C","E01025431","Total",1004,64,175,666,99,516,19,34,383,80,488,45,141,283,19
"2011","South Ribble 013D","E01025433","Total",996,70,187,633,106,513,25,46,361,81,483,45,141,272,25
"2011","South Ribble 014A","E01025416","Total",808,72,148,486,102,425,20,31,291,83,383,52,117,195,19
"2011","South Ribble 014B","E01025451","Total",1138,96,206,676,160,595,31,43,393,128,543,65,163,283,32
"2011","South Ribble 014C","E01025452","Total",829,65,192,490,82,421,17,41,298,65,408,48,151,192,17
"2011","South Ribble 015A","E01025415","Total",1050,75,196,676,103,554,25,48,393,88,496,50,148,283,15
"2011","South Ribble 015B","E01025423","Total",540,52,157,287,44,276,16,39,182,39,264,36,118,105,5
"2011","South Ribble 015C","E01025435","Total",706,79,126,434,67,365,32,27,254,52,341,47,99,180,15
"2011","South Ribble 015D","E01025446","Total",766,59,141,477,89,400,20,33,285,62,366,39,108,192,27
"2011","South Ribble 016A","E01025430","Total",1068,95,208,686,79,548,23,36,424,65,520,72,172,262,14
"2011","South Ribble 016C","E01025434","Total",908,113,183,522,90,469,34,28,331,76,439,79,155,191,14
"2011","South Ribble 016D","E01032928","Total",1215,70,174,802,169,612,23,38,426,125,603,47,136,376,44
"2011","South Ribble 016E","E01032929","Total",526,43,94,346,43,278,16,24,205,33,248,27,70,141,10
"2011","South Ribble 017A","E01025445","Total",559,47,147,319,46,275,12,47,185,31,284,35,100,134,15
"2011","South Ribble 017B","E01025447","Total",425,37,109,241,38,205,8,26,140,31,220,29,83,101,7
"2011","South Ribble 017C","E01025459","Total",838,76,162,505,95,444,29,45,292,78,394,47,117,213,17
"2011","South Ribble 017D","E01025460","Total",1029,67,219,648,95,538,19,64,379,76,491,48,155,269,19
"2011","West Lancashire 001A","E01025496","Total",656,65,136,345,110,355,17,31,215,92,301,48,105,130,18
"2011","West Lancashire 001B","E01025497","Total",860,95,166,443,156,442,26,27,254,135,418,69,139,189,21
"2011","West Lancashire 001C","E01025498","Total",648,67,129,372,80,338,19,28,224,67,310,48,101,148,13
"2011","West Lancashire 001D","E01025530","Total",792,83,167,432,110,423,32,46,255,90,369,51,121,177,20
"2011","West Lancashire 001E","E01025532","Total",756,78,164,374,140,404,24,33,236,111,352,54,131,138,29
"2011","West Lancashire 001F","E01025533","Total",790,71,149,437,133,422,16,32,270,104,368,55,117,167,29
"2011","West Lancashire 002A","E01025507","Total",765,74,154,413,124,394,20,30,245,99,371,54,124,168,25
"2011","West Lancashire 002B","E01025508","Total",654,64,136,349,105,347,14,33,216,84,307,50,103,133,21
"2011","West Lancashire 002C","E01025509","Total",569,55,138,316,60,300,17,35,199,49,269,38,103,117,11
"2011","West Lancashire 002D","E01025513","Total",978,104,161,534,179,526,32,34,326,134,452,72,127,208,45
"2011","West Lancashire 002E","E01025531","Total",575,72,110,267,126,301,19,29,153,100,274,53,81,114,26
"2011","West Lancashire 003A","E01025474","Total",586,54,127,309,96,312,14,40,184,74,274,40,87,125,22
"2011","West Lancashire 003B","E01025495","Total",1034,127,190,535,182,536,43,46,305,142,498,84,144,230,40
"2011","West Lancashire 003C","E01025514","Total",1150,133,244,595,178,603,44,69,346,144,547,89,175,249,34
"2011","West Lancashire 003D","E01025515","Total",732,93,152,360,127,400,33,38,227,102,332,60,114,133,25
"2011","West Lancashire 004A","E01025483","Total",1001,76,217,576,132,515,25,46,342,102,486,51,171,234,30
"2011","West Lancashire 004B","E01025484","Total",987,95,201,583,108,501,26,43,350,82,486,69,158,233,26
"2011","West Lancashire 004C","E01025485","Total",900,87,193,511,109,472,28,36,319,89,428,59,157,192,20
"2011","West Lancashire 004D","E01025486","Total",849,71,201,489,88,423,20,42,298,63,426,51,159,191,25
"2011","West Lancashire 004E","E01025487","Total",791,71,156,471,93,393,18,28,282,65,398,53,128,189,28
"2011","West Lancashire 005A","E01025510","Total",603,86,106,286,125,332,24,34,171,103,271,62,72,115,22
"2011","West Lancashire 005B","E01025511","Total",557,73,122,253,109,299,14,37,162,86,258,59,85,91,23
"2011","West Lancashire 005C","E01025512","Total",667,69,117,394,87,335,15,24,228,68,332,54,93,166,19
"2011","West Lancashire 005D","E01025538","Total",779,80,147,398,154,398,23,33,218,124,381,57,114,180,30
"2011","West Lancashire 005E","E01025539","Total",666,63,133,360,110,336,14,33,201,88,330,49,100,159,22
"2011","West Lancashire 006A","E01025499","Total",655,62,132,385,76,313,17,36,200,60,342,45,96,185,16
"2011","West Lancashire 006B","E01025501","Total",486,61,88,281,56,244,21,16,166,41,242,40,72,115,15
"2011","West Lancashire 006C","E01025502","Total",735,69,165,407,94,368,26,32,236,74,367,43,133,171,20
"2011","West Lancashire 006D","E01025516","Total",748,87,170,415,76,386,32,40,259,55,362,55,130,156,21
"2011","West Lancashire 006E","E01025517","Total",671,73,165,369,64,342,23,38,228,53,329,50,127,141,11
"2011","West Lancashire 006F","E01025519","Total",581,59,116,323,83,312,17,32,194,69,269,42,84,129,14
"2011","West Lancashire 007A","E01025488","Total",875,226,164,398,87,431,73,59,231,68,444,153,105,167,19
"2011","West Lancashire 007B","E01025489","Total",661,101,149,341,70,326,34,35,201,56,335,67,114,140,14
"2011","West Lancashire 007C","E01025490","Total",736,266,151,257,62,343,83,62,151,47,393,183,89,106,15
"2011","West Lancashire 007D","E01025500","Total",660,102,127,371,60,316,33,37,210,36,344,69,90,161,24
"2011","West Lancashire 007E","E01025518","Total",623,133,136,302,52,307,49,40,179,39,316,84,96,123,13
"2011","West Lancashire 008A","E01025479","Total",1049,113,183,540,213,539,37,37,304,161,510,76,146,236,52
"2011","West Lancashire 008B","E01025491","Total",712,136,152,341,83,368,52,44,209,63,344,84,108,132,20
"2011","West Lancashire 008C","E01025506","Total",947,95,178,499,175,509,39,52,286,132,438,56,126,213,43
"2011","West Lancashire 009A","E01025468","Total",985,85,197,586,117,492,25,32,349,86,493,60,165,237,31
"2011","West Lancashire 009B","E01025469","Total",725,74,150,433,68,396,21,38,277,60,329,53,112,156,8
"2011","West Lancashire 009C","E01025470","Total",865,74,172,525,94,441,21,39,307,74,424,53,133,218,20
"2011","West Lancashire 009D","E01025522","Total",556,49,127,340,40,297,13,23,226,35,259,36,104,114,5
"2011","West Lancashire 010A","E01025471","Total",628,42,147,382,57,318,13,30,229,46,310,29,117,153,11
"2011","West Lancashire 010B","E01025480","Total",603,56,124,373,50,297,20,30,209,38,306,36,94,164,12
"2011","West Lancashire 010C","E01025481","Total",620,49,123,405,43,328,12,32,247,37,292,37,91,158,6
"2011","West Lancashire 010D","E01025482","Total",470,42,113,270,45,245,10,25,173,37,225,32,88,97,8
"2011","West Lancashire 010E","E01025520","Total",493,45,107,299,42,251,15,22,176,38,242,30,85,123,4
"2011","West Lancashire 010F","E01025521","Total",715,62,151,429,73,370,18,30,262,60,345,44,121,167,13
"2011","West Lancashire 011A","E01025523","Total",825,64,150,514,97,425,22,28,297,78,400,42,122,217,19
"2011","West Lancashire 011B","E01025524","Total",663,57,133,422,51,364,26,32,259,47,299,31,101,163,4
"2011","West Lancashire 011C","E01025525","Total",781,43,193,485,60,409,13,35,311,50,372,30,158,174,10
"2011","West Lancashire 011D","E01025526","Total",829,64,178,523,64,420,13,33,321,53,409,51,145,202,11
"2011","West Lancashire 012A","E01025472","Total",635,80,125,334,96,327,21,32,206,68,308,59,93,128,28
"2011","West Lancashire 012B","E01025473","Total",634,65,135,339,95,320,20,30,194,76,314,45,105,145,19
"2011","West Lancashire 012C","E01025475","Total",654,68,138,360,88,338,21,31,221,65,316,47,107,139,23
"2011","West Lancashire 012D","E01025476","Total",561,53,104,334,70,300,14,20,207,59,261,39,84,127,11
"2011","West Lancashire 012E","E01025477","Total",620,62,122,347,89,322,16,25,210,71,298,46,97,137,18
"2011","West Lancashire 012F","E01025478","Total",518,58,111,256,93,262,15,27,152,68,256,43,84,104,25
"2011","West Lancashire 013A","E01025492","Total",608,55,129,376,48,302,18,27,225,32,306,37,102,151,16
"2011","West Lancashire 013B","E01025527","Total",515,33,105,327,50,257,9,21,185,42,258,24,84,142,8
"2011","West Lancashire 013C","E01025528","Total",662,49,158,372,83,360,17,49,229,65,302,32,109,143,18
"2011","West Lancashire 013D","E01025529","Total",762,50,163,463,86,397,19,28,281,69,365,31,135,182,17
"2011","West Lancashire 014A","E01025493","Total",539,36,142,324,37,271,12,30,200,29,268,24,112,124,8
"2011","West Lancashire 014B","E01025494","Total",552,39,109,333,71,294,13,24,196,61,258,26,85,137,10
"2011","West Lancashire 014C","E01025503","Total",573,43,117,363,50,305,11,29,227,38,268,32,88,136,12
"2011","West Lancashire 014D","E01025504","Total",376,27,86,233,30,185,8,19,138,20,191,19,67,95,10
"2011","West Lancashire 014E","E01025505","Total",666,45,126,436,59,327,9,20,258,40,339,36,106,178,19
"2011","West Lancashire 015A","E01025534","Total",857,73,166,518,100,426,20,34,295,77,431,53,132,223,23
"2011","West Lancashire 015B","E01025535","Total",749,59,126,451,113,402,17,28,273,84,347,42,98,178,29
"2011","West Lancashire 015C","E01025536","Total",675,50,134,431,60,348,12,30,264,42,327,38,104,167,18
"2011","West Lancashire 015D","E01025537","Total",725,56,131,460,78,391,24,24,281,62,334,32,107,179,16
"2011","West Lancashire 015E","E01025540","Total",571,59,120,306,86,289,18,29,179,63,282,41,91,127,23
"2011","Wyre 001A","E01025573","Total",693,60,170,388,75,369,18,45,235,71,324,42,125,153,4
"2011","Wyre 001B","E01025574","Total",599,43,153,346,57,298,10,42,197,49,301,33,111,149,8
"2011","Wyre 001C","E01025581","Total",674,54,182,353,85,347,18,55,207,67,327,36,127,146,18
"2011","Wyre 001D","E01025582","Total",547,46,128,321,52,284,13,34,194,43,263,33,94,127,9
"2011","Wyre 001E","E01025583","Total",583,40,154,340,49,308,6,47,207,48,275,34,107,133,1
"2011","Wyre 001F","E01025584","Total",574,49,119,336,70,330,18,48,204,60,244,31,71,132,10
"2011","Wyre 002A","E01025605","Total",677,71,153,386,67,355,20,37,239,59,322,51,116,147,8
"2011","Wyre 002B","E01025606","Total",448,47,102,262,37,220,12,24,154,30,228,35,78,108,7
"2011","Wyre 002C","E01025607","Total",758,81,180,411,86,386,22,47,242,75,372,59,133,169,11
"2011","Wyre 002D","E01025608","Total",799,77,184,448,90,408,20,37,274,77,391,57,147,174,13
"2011","Wyre 003A","E01025590","Total",506,37,136,295,38,247,14,34,167,32,259,23,102,128,6
"2011","Wyre 003B","E01025591","Total",614,61,141,330,82,330,24,45,189,72,284,37,96,141,10
"2011","Wyre 003C","E01025592","Total",494,45,134,260,55,244,16,33,150,45,250,29,101,110,10
"2011","Wyre 003D","E01025593","Total",570,55,117,328,70,301,20,38,197,46,269,35,79,131,24
"2011","Wyre 004A","E01025563","Total",497,61,96,266,74,267,18,28,165,56,230,43,68,101,18
"2011","Wyre 004B","E01025564","Total",749,95,138,412,104,391,26,33,249,83,358,69,105,163,21
"2011","Wyre 004C","E01025565","Total",691,65,136,380,110,357,24,30,221,82,334,41,106,159,28
"2011","Wyre 004D","E01025586","Total",602,65,147,326,64,312,17,37,202,56,290,48,110,124,8
"2011","Wyre 004E","E01025587","Total",647,76,139,344,88,345,24,41,208,72,302,52,98,136,16
"2011","Wyre 004F","E01025588","Total",445,52,103,231,59,234,18,27,143,46,211,34,76,88,13
"2011","Wyre 004G","E01025589","Total",626,57,138,347,84,326,17,33,208,68,300,40,105,139,16
"2011","Wyre 005A","E01025557","Total",741,59,148,452,82,374,21,27,262,64,367,38,121,190,18
"2011","Wyre 005B","E01025575","Total",371,31,114,176,50,182,11,34,94,43,189,20,80,82,7
"2011","Wyre 005C","E01025578","Total",654,58,168,369,59,322,28,31,210,53,332,30,137,159,6
"2011","Wyre 005D","E01025579","Total",557,50,148,308,51,282,16,42,179,45,275,34,106,129,6
"2011","Wyre 005E","E01025580","Total",567,58,117,325,67,302,19,29,201,53,265,39,88,124,14
"2011","Wyre 006A","E01025547","Total",972,156,182,426,208,521,56,51,252,162,451,100,131,174,46
"2011","Wyre 006B","E01025549","Total",1120,116,198,587,219,571,35,53,327,156,549,81,145,260,63
"2011","Wyre 006C","E01025609","Total",1030,119,220,462,229,548,40,41,291,176,482,79,179,171,53
"2011","Wyre 007A","E01025548","Total",612,75,124,314,99,316,21,25,191,79,296,54,99,123,20
"2011","Wyre 007B","E01025553","Total",1458,137,297,820,204,762,44,53,490,175,696,93,244,330,29
"2011","Wyre 007C","E01025558","Total",658,86,136,345,91,345,32,34,207,72,313,54,102,138,19
"2011","Wyre 007D","E01025559","Total",952,101,204,506,141,483,34,53,284,112,469,67,151,222,29
"2011","Wyre 007E","E01025560","Total",546,71,112,293,70,292,17,28,191,56,254,54,84,102,14
"2011","Wyre 008A","E01025554","Total",535,46,127,310,52,270,10,36,184,40,265,36,91,126,12
"2011","Wyre 008B","E01025556","Total",615,53,143,340,79,307,14,42,195,56,308,39,101,145,23
"2011","Wyre 008C","E01025570","Total",419,41,89,234,55,229,15,40,137,37,190,26,49,97,18
"2011","Wyre 008D","E01025571","Total",557,48,128,311,70,289,12,37,183,57,268,36,91,128,13
"2011","Wyre 008E","E01025572","Total",515,52,118,288,57,278,20,36,175,47,237,32,82,113,10
"2011","Wyre 008F","E01025604","Total",711,48,177,401,85,346,18,35,232,61,365,30,142,169,24
"2011","Wyre 009A","E01025561","Total",796,83,158,399,156,414,17,31,235,131,382,66,127,164,25
"2011","Wyre 009B","E01025562","Total",1065,115,184,555,211,541,25,43,309,164,524,90,141,246,47
"2011","Wyre 009C","E01025585","Total",1138,99,212,601,226,629,24,56,365,184,509,75,156,236,42
"2011","Wyre 010A","E01025542","Total",843,78,176,495,94,434,22,40,295,77,409,56,136,200,17
"2011","Wyre 010B","E01025555","Total",508,50,122,297,39,278,17,41,190,30,230,33,81,107,9
"2011","Wyre 010C","E01025601","Total",607,59,143,335,70,295,21,34,190,50,312,38,109,145,20
"2011","Wyre 010D","E01025602","Total",831,62,170,503,96,421,22,43,291,65,410,40,127,212,31
"2011","Wyre 010E","E01025603","Total",635,62,127,370,76,335,22,31,222,60,300,40,96,148,16
"2011","Wyre 011A","E01025541","Total",858,65,180,533,80,429,23,46,299,61,429,42,134,234,19
"2011","Wyre 011B","E01025543","Total",867,63,201,537,66,412,22,49,291,50,455,41,152,246,16
"2011","Wyre 011C","E01025544","Total",647,47,166,385,49,338,19,46,230,43,309,28,120,155,6
"2011","Wyre 011D","E01025576","Total",1096,110,226,669,91,572,38,61,401,72,524,72,165,268,19
"2011","Wyre 011E","E01025577","Total",649,57,152,387,53,336,28,39,229,40,313,29,113,158,13
"2011","Wyre 012A","E01025550","Total",670,67,121,409,73,346,27,28,239,52,324,40,93,170,21
"2011","Wyre 012B","E01025552","Total",688,62,128,417,81,355,12,34,251,58,333,50,94,166,23
"2011","Wyre 012C","E01025594","Total",632,74,117,375,66,313,24,23,213,53,319,50,94,162,13
"2011","Wyre 012D","E01025595","Total",642,68,154,351,69,329,24,28,220,57,313,44,126,131,12
"2011","Wyre 012E","E01025596","Total",1077,78,230,628,141,558,30,37,383,108,519,48,193,245,33
"2011","Wyre 012F","E01025597","Total",475,42,117,273,43,233,14,26,159,34,242,28,91,114,9
"2011","Wyre 013A","E01025545","Total",844,93,165,473,113,434,34,44,271,85,410,59,121,202,28
"2011","Wyre 013B","E01025546","Total",758,57,146,478,77,368,16,33,266,53,390,41,113,212,24
"2011","Wyre 013C","E01025551","Total",695,63,148,413,71,357,27,24,251,55,338,36,124,162,16
"2011","Wyre 013D","E01025567","Total",686,69,168,374,75,341,23,45,211,62,345,46,123,163,13
"2011","Wyre 013E","E01025598","Total",673,53,135,383,102,365,18,32,229,86,308,35,103,154,16
"2011","Wyre 014A","E01025566","Total",889,100,203,469,117,451,32,37,285,97,438,68,166,184,20
"2011","Wyre 014B","E01025568","Total",788,62,169,483,74,412,25,53,273,61,376,37,116,210,13
"2011","Wyre 014C","E01025569","Total",834,77,192,466,99,426,28,50,275,73,408,49,142,191,26
"2011","Wyre 014D","E01025599","Total",493,58,82,304,49,257,21,27,170,39,236,37,55,134,10
"2011","Wyre 014E","E01025600","Total",791,65,169,473,84,407,19,28,293,67,384,46,141,180,17
"2011","Knowsley 001A","E01006448","Total",513,43,157,289,24,225,14,29,164,18,288,29,128,125,6
"2011","Knowsley 001B","E01006492","Total",659,49,153,411,46,338,15,35,248,40,321,34,118,163,6
"2011","Knowsley 001C","E01006493","Total",314,23,98,173,20,142,6,20,97,19,172,17,78,76,1
"2011","Knowsley 001D","E01006494","Total",412,29,129,233,21,181,4,31,128,18,231,25,98,105,3
"2011","Knowsley 001E","E01006495","Total",753,48,175,456,74,367,11,43,249,64,386,37,132,207,10
"2011","Knowsley 002A","E01006454","Total",597,46,136,376,39,301,16,30,221,34,296,30,106,155,5
"2011","Knowsley 002B","E01006456","Total",764,63,152,479,70,411,23,30,298,60,353,40,122,181,10
"2011","Knowsley 002C","E01006457","Total",491,32,103,320,36,237,8,26,176,27,254,24,77,144,9
"2011","Knowsley 002D","E01006458","Total",573,38,131,356,48,291,7,29,214,41,282,31,102,142,7
"2011","Knowsley 002E","E01006490","Total",1567,77,278,1061,151,763,20,50,569,124,804,57,228,492,27
"2011","Knowsley 002F","E01006491","Total",1124,47,211,756,110,567,13,35,427,92,557,34,176,329,18
"2011","Knowsley 003A","E01006415","Total",882,60,205,527,90,447,25,51,300,71,435,35,154,227,19
"2011","Knowsley 003B","E01006417","Total",407,33,121,219,34,217,16,37,133,31,190,17,84,86,3
"2011","Knowsley 003C","E01006436","Total",539,36,128,333,42,269,7,25,204,33,270,29,103,129,9
"2011","Knowsley 003D","E01006437","Total",515,45,131,306,33,253,19,31,180,23,262,26,100,126,10
"2011","Knowsley 003E","E01006447","Total",559,36,124,350,49,287,9,28,212,38,272,27,96,138,11
"2011","Knowsley 004A","E01006455","Total",575,37,145,358,35,268,13,31,195,29,307,24,114,163,6
"2011","Knowsley 004B","E01006506","Total",694,33,147,471,43,346,9,25,278,34,348,24,122,193,9
"2011","Knowsley 004C","E01006507","Total",552,40,169,314,29,261,9,40,188,24,291,31,129,126,5
"2011","Knowsley 004D","E01006508","Total",663,38,128,448,49,329,14,27,248,40,334,24,101,200,9
"2011","Knowsley 004E","E01006509","Total",598,46,131,380,41,297,17,32,216,32,301,29,99,164,9
"2011","Knowsley 004F","E01006510","Total",596,50,120,383,43,294,19,21,215,39,302,31,99,168,4
"2011","Knowsley 005A","E01006416","Total",521,39,130,323,29,239,10,23,184,22,282,29,107,139,7
"2011","Knowsley 005B","E01006418","Total",476,38,109,286,43,232,11,23,161,37,244,27,86,125,6
"2011","Knowsley 005C","E01006434","Total",583,43,169,342,29,259,17,31,189,22,324,26,138,153,7
"2011","Knowsley 005D","E01006435","Total",559,46,139,351,23,275,11,25,218,21,284,35,114,133,2
"2011","Knowsley 005E","E01006438","Total",488,33,93,290,72,263,16,20,175,52,225,17,73,115,20
"2011","Knowsley 005F","E01006439","Total",676,38,158,405,75,366,11,42,253,60,310,27,116,152,15
"2011","Knowsley 005G","E01006446","Total",500,33,120,311,36,246,13,27,174,32,254,20,93,137,4
"2011","Knowsley 006A","E01006412","Total",480,47,122,287,24,223,10,18,177,18,257,37,104,110,6
"2011","Knowsley 006B","E01006413","Total",459,29,118,283,29,239,8,29,181,21,220,21,89,102,8
"2011","Knowsley 006C","E01006414","Total",464,32,128,269,35,218,9,27,155,27,246,23,101,114,8
"2011","Knowsley 006D","E01006441","Total",1065,65,209,703,88,547,27,44,410,66,518,38,165,293,22
"2011","Knowsley 007A","E01006460","Total",506,48,149,274,35,247,13,41,163,30,259,35,108,111,5
"2011","Knowsley 007B","E01006461","Total",578,40,161,321,56,305,14,50,195,46,273,26,111,126,10
"2011","Knowsley 007C","E01006463","Total",772,47,155,501,69,389,14,34,288,53,383,33,121,213,16
"2011","Knowsley 007D","E01006464","Total",630,51,145,384,50,335,20,42,237,36,295,31,103,147,14
"2011","Knowsley 007E","E01006466","Total",730,47,142,487,54,366,13,27,288,38,364,34,115,199,16
"2011","Knowsley 008A","E01006453","Total",371,33,122,203,13,161,13,24,114,10,210,20,98,89,3
"2011","Knowsley 008B","E01006467","Total",360,36,102,200,22,161,9,18,117,17,199,27,84,83,5
"2011","Knowsley 008E","E01006470","Total",453,37,141,247,28,221,14,40,148,19,232,23,101,99,9
"2011","Knowsley 008F","E01033228","Total",543,38,186,287,32,252,15,38,173,26,291,23,148,114,6
"2011","Knowsley 009A","E01006459","Total",835,58,177,544,56,435,19,51,319,46,400,39,126,225,10
"2011","Knowsley 009B","E01006462","Total",687,58,163,411,55,342,23,28,253,38,345,35,135,158,17
"2011","Knowsley 009C","E01006496","Total",599,47,135,375,42,303,16,31,225,31,296,31,104,150,11
"2011","Knowsley 009D","E01006498","Total",834,64,165,533,72,423,20,31,321,51,411,44,134,212,21
"2011","Knowsley 009E","E01006499","Total",794,56,153,502,83,388,20,42,259,67,406,36,111,243,16
"2011","Knowsley 010A","E01006440","Total",490,50,120,292,28,227,13,31,165,18,263,37,89,127,10
"2011","Knowsley 010B","E01006442","Total",388,29,132,204,23,189,2,36,130,21,199,27,96,74,2
"2011","Knowsley 010C","E01006443","Total",420,28,102,251,39,210,10,25,146,29,210,18,77,105,10
"2011","Knowsley 010D","E01006444","Total",393,31,101,237,24,176,3,21,134,18,217,28,80,103,6
"2011","Knowsley 010E","E01006445","Total",468,37,117,286,28,232,14,23,170,25,236,23,94,116,3
"2011","Knowsley 011A","E01006465","Total",884,57,159,586,82,459,15,30,348,66,425,42,129,238,16
"2011","Knowsley 011B","E01006482","Total",606,58,156,343,49,293,23,34,195,41,313,35,122,148,8
"2011","Knowsley 011C","E01006483","Total",499,37,108,313,41,242,13,21,171,37,257,24,87,142,4
"2011","Knowsley 011D","E01006484","Total",584,41,149,354,40,290,11,24,219,36,294,30,125,135,4
"2011","Knowsley 012A","E01006449","Total",631,46,137,403,45,316,17,23,243,33,315,29,114,160,12
"2011","Knowsley 012B","E01006450","Total",503,45,126,295,37,245,18,19,180,28,258,27,107,115,9
"2011","Knowsley 012C","E01006451","Total",621,42,149,392,38,310,12,36,231,31,311,30,113,161,7
"2011","Knowsley 012D","E01006452","Total",709,58,175,434,42,332,19,36,242,35,377,39,139,192,7
"2011","Knowsley 013A","E01006497","Total",513,40,94,336,43,252,9,23,191,29,261,31,71,145,14
"2011","Knowsley 013B","E01006500","Total",417,30,101,255,31,194,6,24,138,26,223,24,77,117,5
"2011","Knowsley 013C","E01006501","Total",686,37,173,413,63,347,8,46,248,45,339,29,127,165,18
"2011","Knowsley 013D","E01006504","Total",510,51,124,299,36,248,11,30,177,30,262,40,94,122,6
"2011","Knowsley 013E","E01006505","Total",624,40,166,369,49,302,4,37,224,37,322,36,129,145,12
"2011","Knowsley 014A","E01006472","Total",749,74,151,459,65,394,23,32,285,54,355,51,119,174,11
"2011","Knowsley 014B","E01006485","Total",708,53,154,453,48,335,12,29,257,37,373,41,125,196,11
"2011","Knowsley 014C","E01006486","Total",599,57,130,362,50,299,16,31,216,36,300,41,99,146,14
"2011","Knowsley 014D","E01006487","Total",760,65,167,468,60,394,23,39,283,49,366,42,128,185,11
"2011","Knowsley 014E","E01006488","Total",889,65,192,544,88,423,22,37,298,66,466,43,155,246,22
"2011","Knowsley 014F","E01006489","Total",730,71,146,467,46,360,22,31,267,40,370,49,115,200,6
"2011","Knowsley 015A","E01006477","Total",602,42,125,401,34,294,10,21,238,25,308,32,104,163,9
"2011","Knowsley 015B","E01006478","Total",529,50,138,307,34,254,15,27,185,27,275,35,111,122,7
"2011","Knowsley 015C","E01006479","Total",607,41,136,374,56,300,9,22,229,40,307,32,114,145,16
"2011","Knowsley 015D","E01006480","Total",444,39,99,266,40,214,12,20,147,35,230,27,79,119,5
"2011","Knowsley 015E","E01006481","Total",506,42,113,314,37,238,8,15,183,32,268,34,98,131,5
"2011","Knowsley 016A","E01006471","Total",726,66,160,439,61,364,21,26,266,51,362,45,134,173,10
"2011","Knowsley 016B","E01006473","Total",615,49,128,381,57,291,22,20,207,42,324,27,108,174,15
"2011","Knowsley 016C","E01006474","Total",639,41,131,413,54,326,10,34,242,40,313,31,97,171,14
"2011","Knowsley 016D","E01006475","Total",704,54,132,452,66,370,18,35,268,49,334,36,97,184,17
"2011","Knowsley 016E","E01006476","Total",726,59,128,457,82,363,17,21,262,63,363,42,107,195,19
"2011","Knowsley 017A","E01006420","Total",1139,78,222,700,139,568,18,50,400,100,571,60,172,300,39
"2011","Knowsley 017B","E01006424","Total",1139,82,211,708,138,572,27,53,385,107,567,55,158,323,31
"2011","Knowsley 017C","E01006502","Total",829,62,160,539,68,416,14,31,312,59,413,48,129,227,9
"2011","Knowsley 017D","E01006503","Total",535,60,95,325,55,279,16,26,196,41,256,44,69,129,14
"2011","Knowsley 018A","E01006421","Total",694,54,146,429,65,337,13,32,241,51,357,41,114,188,14
"2011","Knowsley 018B","E01006425","Total",686,50,142,405,89,339,13,32,229,65,347,37,110,176,24
"2011","Knowsley 018C","E01006430","Total",451,39,113,272,27,210,9,26,159,16,241,30,87,113,11
"2011","Knowsley 018D","E01006433","Total",617,49,138,392,38,308,15,30,231,32,309,34,108,161,6
"2011","Knowsley 019A","E01006419","Total",856,64,166,558,68,432,18,34,327,53,424,46,132,231,15
"2011","Knowsley 019B","E01006422","Total",587,45,118,382,42,292,13,22,222,35,295,32,96,160,7
"2011","Knowsley 019C","E01006423","Total",813,66,159,505,83,415,17,35,299,64,398,49,124,206,19
"2011","Knowsley 019D","E01006427","Total",664,55,135,417,57,324,20,25,243,36,340,35,110,174,21
"2011","Knowsley 020A","E01006426","Total",464,27,128,274,35,217,5,33,153,26,247,22,95,121,9
"2011","Knowsley 020B","E01006428","Total",677,28,158,427,64,345,11,38,243,53,332,17,120,184,11
"2011","Knowsley 020C","E01006429","Total",401,33,101,244,23,194,13,25,138,18,207,20,76,106,5
"2011","Knowsley 020D","E01006431","Total",759,52,127,499,81,397,23,36,288,50,362,29,91,211,31
"2011","Knowsley 020E","E01006432","Total",591,47,157,337,50,285,16,31,198,40,306,31,126,139,10
"2011","Liverpool 001A","E01006651","Total",920,69,180,573,98,464,15,38,338,73,456,54,142,235,25
"2011","Liverpool 001B","E01006653","Total",620,42,139,394,45,312,11,37,223,41,308,31,102,171,4
"2011","Liverpool 001C","E01006655","Total",766,52,166,462,86,376,21,41,245,69,390,31,125,217,17
"2011","Liverpool 001D","E01006658","Total",489,28,151,288,22,225,9,43,154,19,264,19,108,134,3
"2011","Liverpool 001E","E01006660","Total",583,57,136,333,57,283,16,39,186,42,300,41,97,147,15
"2011","Liverpool 002A","E01006652","Total",733,47,157,467,62,377,11,51,268,47,356,36,106,199,15
"2011","Liverpool 002B","E01006656","Total",740,43,134,496,67,370,17,30,270,53,370,26,104,226,14
"2011","Liverpool 002C","E01006657","Total",550,38,123,335,54,271,13,21,196,41,279,25,102,139,13
"2011","Liverpool 002D","E01006780","Total",724,47,165,456,56,368,15,46,262,45,356,32,119,194,11
"2011","Liverpool 002E","E01006783","Total",726,42,177,455,52,361,11,42,269,39,365,31,135,186,13
"2011","Liverpool 003A","E01006781","Total",825,53,169,530,73,402,19,27,294,62,423,34,142,236,11
"2011","Liverpool 003B","E01006782","Total",764,65,152,491,56,375,20,43,276,36,389,45,109,215,20
"2011","Liverpool 003C","E01006784","Total",723,41,149,485,48,379,11,41,287,40,344,30,108,198,8
"2011","Liverpool 003D","E01006785","Total",823,52,166,538,67,422,15,47,310,50,401,37,119,228,17
"2011","Liverpool 003E","E01006786","Total",922,70,190,583,79,483,38,36,349,60,439,32,154,234,19
"2011","Liverpool 004A","E01006661","Total",545,39,138,331,37,273,11,32,199,31,272,28,106,132,6
"2011","Liverpool 004B","E01006662","Total",596,50,137,366,43,296,14,37,209,36,300,36,100,157,7
"2011","Liverpool 004C","E01006663","Total",514,25,140,316,33,240,8,25,182,25,274,17,115,134,8
"2011","Liverpool 004D","E01006664","Total",663,46,155,408,54,324,17,44,222,41,339,29,111,186,13
"2011","Liverpool 004E","E01006669","Total",764,50,164,478,72,380,18,32,273,57,384,32,132,205,15
"2011","Liverpool 005A","E01006654","Total",744,62,145,479,58,381,24,41,268,48,363,38,104,211,10
"2011","Liverpool 005B","E01006659","Total",571,53,117,325,76,363,31,54,215,63,208,22,63,110,13
"2011","Liverpool 005C","E01006734","Total",454,28,155,249,22,218,10,50,141,17,236,18,105,108,5
"2011","Liverpool 005D","E01006735","Total",455,41,137,254,23,221,8,31,164,18,234,33,106,90,5
"2011","Liverpool 005E","E01006736","Total",569,41,144,348,36,279,11,44,201,23,290,30,100,147,13
"2011","Liverpool 005F","E01006737","Total",522,39,150,310,23,231,8,43,163,17,291,31,107,147,6
"2011","Liverpool 006A","E01006787","Total",942,67,245,539,91,654,35,149,387,83,288,32,96,152,8
"2011","Liverpool 006B","E01006788","Total",844,59,203,525,57,411,20,42,306,43,433,39,161,219,14
"2011","Liverpool 006C","E01006790","Total",589,38,163,340,48,293,10,43,202,38,296,28,120,138,10
"2011","Liverpool 006D","E01006791","Total",620,42,169,365,44,341,12,68,223,38,279,30,101,142,6
"2011","Liverpool 007A","E01006665","Total",855,53,182,522,98,409,18,38,281,72,446,35,144,241,26
"2011","Liverpool 007B","E01006666","Total",819,71,177,491,80,402,20,37,284,61,417,51,140,207,19
"2011","Liverpool 007C","E01006667","Total",661,52,141,417,51,334,15,32,252,35,327,37,109,165,16
"2011","Liverpool 007D","E01006668","Total",847,55,175,529,88,414,18,28,307,61,433,37,147,222,27
"2011","Liverpool 007E","E01006670","Total",789,62,167,479,81,386,22,42,260,62,403,40,125,219,19
"2011","Liverpool 008A","E01006607","Total",578,52,136,350,40,272,15,24,199,34,306,37,112,151,6
"2011","Liverpool 008B","E01006612","Total",536,53,146,301,36,269,20,33,185,31,267,33,113,116,5
"2011","Liverpool 008C","E01006729","Total",473,45,155,245,28,208,18,31,139,20,265,27,124,106,8
"2011","Liverpool 008F","E01032510","Total",887,68,214,525,80,441,30,56,287,68,446,38,158,238,12
"2011","Liverpool 008G","E01032511","Total",619,59,163,367,30,322,27,45,227,23,297,32,118,140,7
"2011","Liverpool 009A","E01006608","Total",559,47,133,323,56,276,16,31,183,46,283,31,102,140,10
"2011","Liverpool 009B","E01006609","Total",553,40,123,351,39,278,12,32,203,31,275,28,91,148,8
"2011","Liverpool 009C","E01006610","Total",545,41,120,348,36,267,14,26,201,26,278,27,94,147,10
"2011","Liverpool 009D","E01006613","Total",491,46,127,281,37,250,18,39,163,30,241,28,88,118,7
"2011","Liverpool 009E","E01006705","Total",635,41,157,384,53,332,14,49,231,38,303,27,108,153,15
"2011","Liverpool 010A","E01006598","Total",369,23,96,222,28,157,5,15,116,21,212,18,81,106,7
"2011","Liverpool 010B","E01006599","Total",362,35,109,190,28,166,9,29,106,22,196,26,80,84,6
"2011","Liverpool 010E","E01006672","Total",702,50,195,406,51,333,14,46,235,38,369,36,149,171,13
"2011","Liverpool 010F","E01033759","Total",463,37,114,285,27,229,19,33,162,15,234,18,81,123,12
"2011","Liverpool 011A","E01006600","Total",569,50,148,334,37,262,15,41,173,33,307,35,107,161,4
"2011","Liverpool 011B","E01006603","Total",526,44,147,304,31,251,18,35,171,27,275,26,112,133,4
"2011","Liverpool 011C","E01006730","Total",461,33,125,277,26,210,13,22,153,22,251,20,103,124,4
"2011","Liverpool 011D","E01006731","Total",426,37,100,263,26,221,12,30,159,20,205,25,70,104,6
"2011","Liverpool 011E","E01006732","Total",478,47,152,253,26,215,16,33,142,24,263,31,119,111,2
"2011","Liverpool 012A","E01006611","Total",473,29,111,311,22,237,9,19,193,16,236,20,92,118,6
"2011","Liverpool 012B","E01006614","Total",551,47,126,345,33,275,12,34,204,25,276,35,92,141,8
"2011","Liverpool 012C","E01006615","Total",562,38,146,345,33,259,12,32,191,24,303,26,114,154,9
"2011","Liverpool 012D","E01006698","Total",750,61,173,466,50,359,18,39,263,39,391,43,134,203,11
"2011","Liverpool 012E","E01006700","Total",539,30,141,320,48,280,5,39,197,39,259,25,102,123,9
"2011","Liverpool 013A","E01006623","Total",779,67,174,450,88,405,25,47,265,68,374,42,127,185,20
"2011","Liverpool 013B","E01006624","Total",667,66,155,393,53,318,20,38,219,41,349,46,117,174,12
"2011","Liverpool 013C","E01006627","Total",683,53,148,431,51,339,21,36,243,39,344,32,112,188,12
"2011","Liverpool 013D","E01006671","Total",636,49,142,368,77,322,15,28,215,64,314,34,114,153,13
"2011","Liverpool 014A","E01006699","Total",509,34,159,280,36,250,10,36,169,35,259,24,123,111,1
"2011","Liverpool 014B","E01006701","Total",599,38,158,346,57,300,10,34,207,49,299,28,124,139,8
"2011","Liverpool 014C","E01006702","Total",542,44,157,303,38,269,18,49,171,31,273,26,108,132,7
"2011","Liverpool 014D","E01006703","Total",522,33,119,323,47,278,11,40,191,36,244,22,79,132,11
"2011","Liverpool 014E","E01006778","Total",815,59,219,487,50,424,28,70,291,35,391,31,149,196,15
"2011","Liverpool 015A","E01006541","Total",717,56,159,456,46,360,11,44,268,37,357,45,115,188,9
"2011","Liverpool 015B","E01006543","Total",626,55,138,393,40,306,17,30,229,30,320,38,108,164,10
"2011","Liverpool 015C","E01006544","Total",561,56,161,313,31,258,12,38,182,26,303,44,123,131,5
"2011","Liverpool 015D","E01006616","Total",588,51,150,333,54,293,14,36,193,50,295,37,114,140,4
"2011","Liverpool 015E","E01006762","Total",652,47,170,392,43,320,14,43,230,33,332,33,127,162,10
"2011","Liverpool 016A","E01006604","Total",583,47,153,350,33,263,15,31,186,31,320,32,122,164,2
"2011","Liverpool 016B","E01006605","Total",586,49,150,357,30,304,19,41,219,25,282,30,109,138,5
"2011","Liverpool 016C","E01006618","Total",667,46,165,407,49,337,10,42,248,37,330,36,123,159,12
"2011","Liverpool 016D","E01006625","Total",660,54,138,406,62,339,22,26,242,49,321,32,112,164,13
"2011","Liverpool 016E","E01006626","Total",710,66,144,459,41,353,25,36,264,28,357,41,108,195,13
"2011","Liverpool 017A","E01006637","Total",552,48,160,299,45,244,12,31,164,37,308,36,129,135,8
"2011","Liverpool 017B","E01006638","Total",371,31,123,191,26,151,14,22,100,15,220,17,101,91,11
"2011","Liverpool 017C","E01006639","Total",705,50,161,441,53,336,13,34,250,39,369,37,127,191,14
"2011","Liverpool 017D","E01006644","Total",850,45,188,528,89,419,15,40,304,60,431,30,148,224,29
"2011","Liverpool 017E","E01006645","Total",435,32,142,227,34,212,14,38,134,26,223,18,104,93,8
"2011","Liverpool 018A","E01006542","Total",565,59,125,341,40,285,24,33,197,31,280,35,92,144,9
"2011","Liverpool 018B","E01006558","Total",472,34,126,285,27,251,11,33,186,21,221,23,93,99,6
"2011","Liverpool 018E","E01006562","Total",468,48,128,253,39,223,12,38,141,32,245,36,90,112,7
"2011","Liverpool 018F","E01033747","Total",264,29,60,156,19,140,13,20,102,5,124,16,40,54,14
"2011","Liverpool 019A","E01006545","Total",670,43,172,415,40,340,15,45,246,34,330,28,127,169,6
"2011","Liverpool 019B","E01006546","Total",546,46,124,341,35,269,13,34,197,25,277,33,90,144,10
"2011","Liverpool 019C","E01006547","Total",521,51,126,308,36,271,18,39,189,25,250,33,87,119,11
"2011","Liverpool 019D","E01006548","Total",583,58,160,334,31,287,22,47,195,23,296,36,113,139,8
"2011","Liverpool 019E","E01006766","Total",476,38,139,269,30,244,20,49,151,24,232,18,90,118,6
"2011","Liverpool 019F","E01006767","Total",748,58,172,458,60,368,19,50,254,45,380,39,122,204,15
"2011","Liverpool 020A","E01006606","Total",670,43,154,414,59,339,17,31,245,46,331,26,123,169,13
"2011","Liverpool 020B","E01006761","Total",654,50,161,402,41,348,18,54,243,33,306,32,107,159,8
"2011","Liverpool 020C","E01006763","Total",634,47,141,401,45,313,15,36,231,31,321,32,105,170,14
"2011","Liverpool 020D","E01006764","Total",634,60,147,375,52,332,33,44,212,43,302,27,103,163,9
"2011","Liverpool 020E","E01006765","Total",624,49,133,399,43,307,16,37,222,32,317,33,96,177,11
"2011","Liverpool 020F","E01006768","Total",628,52,113,409,54,342,21,41,240,40,286,31,72,169,14
"2011","Liverpool 021A","E01006617","Total",768,48,137,511,72,369,11,27,277,54,399,37,110,234,18
"2011","Liverpool 021B","E01006619","Total",767,64,151,481,71,372,26,35,258,53,395,38,116,223,18
"2011","Liverpool 021C","E01006620","Total",618,50,136,380,52,320,19,40,219,42,298,31,96,161,10
"2011","Liverpool 021D","E01006621","Total",692,73,127,389,103,363,22,36,229,76,329,51,91,160,27
"2011","Liverpool 021E","E01006622","Total",772,74,163,454,81,408,28,42,271,67,364,46,121,183,14
"2011","Liverpool 021F","E01006640","Total",870,64,193,532,81,423,19,37,298,69,447,45,156,234,12
"2011","Liverpool 022B","E01006776","Total",663,40,147,434,42,305,13,28,229,35,358,27,119,205,7
"2011","Liverpool 022D","E01006779","Total",571,49,168,307,47,258,16,39,168,35,313,33,129,139,12
"2011","Liverpool 022E","E01033764","Total",655,63,197,357,38,352,20,79,220,33,303,43,118,137,5
"2011","Liverpool 023A","E01006560","Total",525,50,168,273,34,267,16,48,173,30,258,34,120,100,4
"2011","Liverpool 023B","E01006564","Total",683,59,186,396,42,331,16,37,243,35,352,43,149,153,7
"2011","Liverpool 023C","E01006646","Total",757,53,149,466,89,391,20,37,273,61,366,33,112,193,28
"2011","Liverpool 023D","E01006648","Total",933,75,202,589,67,529,41,60,376,52,404,34,142,213,15
"2011","Liverpool 024A","E01006540","Total",487,35,136,268,48,258,18,44,160,36,229,17,92,108,12
"2011","Liverpool 024B","E01006563","Total",410,32,123,236,19,187,10,33,130,14,223,22,90,106,5
"2011","Liverpool 024C","E01006647","Total",337,31,109,180,17,150,9,28,100,13,187,22,81,80,4
"2011","Liverpool 024D","E01006693","Total",490,49,122,285,34,242,16,37,164,25,248,33,85,121,9
"2011","Liverpool 025A","E01006572","Total",409,46,122,210,31,188,15,26,118,29,221,31,96,92,2
"2011","Liverpool 025B","E01006574","Total",512,37,141,297,37,245,9,32,173,31,267,28,109,124,6
"2011","Liverpool 025C","E01006641","Total",899,49,186,605,59,430,17,48,318,47,469,32,138,287,12
"2011","Liverpool 025D","E01006642","Total",442,36,123,259,24,202,11,34,139,18,240,25,89,120,6
"2011","Liverpool 025E","E01006643","Total",674,53,171,389,61,313,21,45,201,46,361,32,126,188,15
"2011","Liverpool 026A","E01006567","Total",659,60,156,380,63,355,17,49,235,54,304,43,107,145,9
"2011","Liverpool 026B","E01006568","Total",733,32,161,484,56,338,14,28,252,44,395,18,133,232,12
"2011","Liverpool 026C","E01006570","Total",739,67,147,443,82,392,29,39,259,65,347,38,108,184,17
"2011","Liverpool 026D","E01006571","Total",557,46,147,322,42,263,15,41,172,35,294,31,106,150,7
"2011","Liverpool 027A","E01006711","Total",610,40,146,360,64,296,15,35,195,51,314,25,111,165,13
"2011","Liverpool 027D","E01006717","Total",708,60,163,435,50,356,18,46,255,37,352,42,117,180,13
"2011","Liverpool 027E","E01006718","Total",717,37,177,462,41,362,16,54,262,30,355,21,123,200,11
"2011","Liverpool 027F","E01006719","Total",701,55,184,403,59,354,22,53,231,48,347,33,131,172,11
"2011","Liverpool 027G","E01032508","Total",655,42,168,406,39,327,12,45,245,25,328,30,123,161,14
"2011","Liverpool 027H","E01032509","Total",612,53,148,372,39,297,12,42,215,28,315,41,106,157,11
"2011","Liverpool 028A","E01006690","Total",620,67,149,352,52,342,28,53,222,39,278,39,96,130,13
"2011","Liverpool 028B","E01006692","Total",828,67,193,492,76,438,29,57,294,58,390,38,136,198,18
"2011","Liverpool 028C","E01006695","Total",738,95,153,432,58,423,43,61,272,47,315,52,92,160,11
"2011","Liverpool 028D","E01006759","Total",501,43,111,300,47,257,22,30,167,38,244,21,81,133,9
"2011","Liverpool 028E","E01006760","Total",685,65,125,438,57,424,27,66,291,40,261,38,59,147,17
"2011","Liverpool 029A","E01006565","Total",653,57,160,398,38,308,22,45,211,30,345,35,115,187,8
"2011","Liverpool 029B","E01006569","Total",509,43,105,327,34,245,15,22,181,27,264,28,83,146,7
"2011","Liverpool 029C","E01006573","Total",590,40,127,377,46,293,11,32,215,35,297,29,95,162,11
"2011","Liverpool 029D","E01006712","Total",581,30,124,384,43,290,9,25,224,32,291,21,99,160,11
"2011","Liverpool 029E","E01006713","Total",650,46,153,404,47,306,19,36,218,33,344,27,117,186,14
"2011","Liverpool 030A","E01006691","Total",523,49,154,273,47,300,17,72,174,37,223,32,82,99,10
"2011","Liverpool 030B","E01006694","Total",715,50,218,402,45,376,18,91,234,33,339,32,127,168,12
"2011","Liverpool 030C","E01006696","Total",630,55,160,382,33,322,14,55,228,25,308,41,105,154,8
"2011","Liverpool 030D","E01006697","Total",668,78,186,354,50,355,45,67,211,32,313,33,119,143,18
"2011","Liverpool 030E","E01006746","Total",461,93,131,220,17,222,26,52,135,9,239,67,79,85,8
"2011","Liverpool 031A","E01006512","Total",513,86,99,262,66,287,36,46,149,56,226,50,53,113,10
"2011","Liverpool 031B","E01006747","Total",1024,418,233,317,56,485,161,93,188,43,539,257,140,129,13
"2011","Liverpool 031C","E01006748","Total",644,193,161,267,23,311,82,58,152,19,333,111,103,115,4
"2011","Liverpool 031F","E01006751","Total",640,158,178,264,40,313,67,69,152,25,327,91,109,112,15
"2011","Liverpool 031G","E01033763","Total",484,93,112,255,24,274,47,47,162,18,210,46,65,93,6
"2011","Liverpool 032A","E01006566","Total",695,57,151,432,55,363,22,38,259,44,332,35,113,173,11
"2011","Liverpool 032B","E01006585","Total",491,38,112,308,33,241,12,32,172,25,250,26,80,136,8
"2011","Liverpool 032C","E01006586","Total",875,68,190,520,97,443,22,59,292,70,432,46,131,228,27
"2011","Liverpool 032D","E01006587","Total",805,68,142,505,90,435,28,46,302,59,370,40,96,203,31
"2011","Liverpool 032E","E01006716","Total",643,37,134,424,48,310,7,35,231,37,333,30,99,193,11
"2011","Liverpool 034A","E01006575","Total",569,55,129,338,47,275,22,26,193,34,294,33,103,145,13
"2011","Liverpool 034B","E01006576","Total",902,54,179,580,89,443,15,37,333,58,459,39,142,247,31
"2011","Liverpool 034C","E01006577","Total",775,72,164,457,82,374,27,43,251,53,401,45,121,206,29
"2011","Liverpool 034D","E01006579","Total",800,63,175,483,79,408,22,42,286,58,392,41,133,197,21
"2011","Liverpool 034E","E01006584","Total",672,56,143,428,45,346,11,37,259,39,326,45,106,169,6
"2011","Liverpool 035A","E01006720","Total",771,112,189,415,55,415,46,94,239,36,356,66,95,176,19
"2011","Liverpool 035B","E01006725","Total",691,74,144,417,56,355,33,47,232,43,336,41,97,185,13
"2011","Liverpool 035C","E01006726","Total",686,121,150,362,53,344,48,58,201,37,342,73,92,161,16
"2011","Liverpool 035D","E01006727","Total",745,65,167,457,56,389,23,65,260,41,356,42,102,197,15
"2011","Liverpool 035E","E01006728","Total",627,66,137,382,42,321,29,40,220,32,306,37,97,162,10
"2011","Liverpool 035F","E01006752","Total",387,57,97,209,24,218,33,47,120,18,169,24,50,89,6
"2011","Liverpool 036A","E01006578","Total",712,61,136,447,68,365,24,31,257,53,347,37,105,190,15
"2011","Liverpool 036B","E01006580","Total",711,70,150,401,90,375,31,42,234,68,336,39,108,167,22
"2011","Liverpool 036C","E01006581","Total",777,82,160,460,75,390,34,29,281,46,387,48,131,179,29
"2011","Liverpool 036D","E01006773","Total",698,55,149,445,49,345,19,33,258,35,353,36,116,187,14
"2011","Liverpool 036E","E01006774","Total",737,57,148,452,80,369,22,30,253,64,368,35,118,199,16
"2011","Liverpool 037A","E01006514","Total",926,237,188,409,92,503,105,79,254,65,423,132,109,155,27
"2011","Liverpool 037B","E01006515","Total",482,49,99,284,50,247,23,28,161,35,235,26,71,123,15
"2011","Liverpool 037D","E01006673","Total",629,79,153,348,49,356,32,82,202,40,273,47,71,146,9
"2011","Liverpool 037E","E01033757","Total",340,105,67,139,29,194,52,33,89,20,146,53,34,50,9
"2011","Liverpool 037F","E01033768","Total",573,85,105,318,65,326,53,45,184,44,247,32,60,134,21
"2011","Liverpool 038A","E01006550","Total",583,191,120,228,44,264,70,47,118,29,319,121,73,110,15
"2011","Liverpool 038B","E01006557","Total",739,202,167,331,39,397,86,79,200,32,342,116,88,131,7
"2011","Liverpool 038C","E01006721","Total",643,88,158,347,50,328,43,60,190,35,315,45,98,157,15
"2011","Liverpool 038D","E01006722","Total",729,171,189,329,40,409,72,106,198,33,320,99,83,131,7
"2011","Liverpool 038E","E01006723","Total",717,145,183,349,40,397,64,87,217,29,320,81,96,132,11
"2011","Liverpool 038F","E01006724","Total",675,177,140,311,47,312,53,54,179,26,363,124,86,132,21
"2011","Liverpool 039A","E01006552","Total",646,65,168,341,72,369,34,74,210,51,277,31,94,131,21
"2011","Liverpool 039B","E01006556","Total",596,77,169,295,55,337,47,70,179,41,259,30,99,116,14
"2011","Liverpool 039C","E01006674","Total",441,55,124,213,49,255,37,48,130,40,186,18,76,83,9
"2011","Liverpool 039D","E01006679","Total",473,56,148,218,51,269,29,69,131,40,204,27,79,87,11
"2011","Liverpool 040A","E01006709","Total",599,45,130,384,40,308,15,33,229,31,291,30,97,155,9
"2011","Liverpool 040B","E01006769","Total",417,25,90,273,29,227,7,24,175,21,190,18,66,98,8
"2011","Liverpool 040C","E01006770","Total",366,29,112,200,25,170,6,28,117,19,196,23,84,83,6
"2011","Liverpool 040D","E01006771","Total",489,36,141,277,35,210,7,25,150,28,279,29,116,127,7
"2011","Liverpool 040E","E01006772","Total",457,41,126,264,26,223,13,35,152,23,234,28,91,112,3
"2011","Liverpool 040F","E01006775","Total",436,34,126,242,34,185,14,30,113,28,251,20,96,129,6
"2011","Liverpool 041A","E01006582","Total",818,80,175,465,98,406,28,45,264,69,412,52,130,201,29
"2011","Liverpool 041B","E01006589","Total",789,75,183,471,60,385,22,39,284,40,404,53,144,187,20
"2011","Liverpool 041C","E01006591","Total",867,86,157,522,102,424,40,43,276,65,443,46,114,246,37
"2011","Liverpool 041D","E01006592","Total",763,88,133,421,121,403,30,49,241,83,360,58,84,180,38
"2011","Liverpool 041E","E01006597","Total",837,82,138,485,132,429,33,28,276,92,408,49,110,209,40
"2011","Liverpool 042A","E01006553","Total",873,190,167,438,78,447,81,64,252,50,426,109,103,186,28
"2011","Liverpool 042C","E01006588","Total",831,75,167,507,82,447,36,69,284,58,384,39,98,223,24
"2011","Liverpool 042D","E01006590","Total",906,87,155,579,85,511,32,62,355,62,395,55,93,224,23
"2011","Liverpool 042E","E01006593","Total",838,77,156,505,100,421,34,45,276,66,417,43,111,229,34
"2011","Liverpool 042F","E01033749","Total",205,93,34,57,21,94,36,12,36,10,111,57,22,21,11
"2011","Liverpool 042G","E01033766","Total",564,66,105,344,49,303,28,41,203,31,261,38,64,141,18
"2011","Liverpool 043A","E01006520","Total",1049,48,130,705,166,551,18,68,360,105,498,30,62,345,61
"2011","Liverpool 043B","E01006549","Total",820,94,133,483,110,483,57,55,290,81,337,37,78,193,29
"2011","Liverpool 043C","E01006675","Total",936,92,175,558,111,522,50,94,299,79,414,42,81,259,32
"2011","Liverpool 043D","E01006677","Total",274,33,97,124,20,142,13,46,68,15,132,20,51,56,5
"2011","Liverpool 044A","E01006518","Total",562,40,165,318,39,283,17,58,181,27,279,23,107,137,12
"2011","Liverpool 044B","E01006630","Total",406,35,129,214,28,188,12,39,118,19,218,23,90,96,9
"2011","Liverpool 044C","E01006632","Total",670,59,159,388,64,351,19,51,225,56,319,40,108,163,8
"2011","Liverpool 044D","E01006676","Total",518,54,148,269,47,266,31,54,146,35,252,23,94,123,12
"2011","Liverpool 044E","E01006678","Total",731,78,165,416,72,396,30,48,256,62,335,48,117,160,10
"2011","Liverpool 045A","E01006706","Total",445,59,129,230,27,212,12,41,133,26,233,47,88,97,1
"2011","Liverpool 045B","E01006707","Total",418,32,99,266,21,197,12,22,149,14,221,20,77,117,7
"2011","Liverpool 045C","E01006708","Total",738,50,165,463,60,357,8,43,263,43,381,42,122,200,17
"2011","Liverpool 045D","E01006710","Total",668,60,153,415,40,314,15,28,235,36,354,45,125,180,4
"2011","Liverpool 046A","E01006792","Total",615,39,134,345,97,328,14,40,203,71,287,25,94,142,26
"2011","Liverpool 046B","E01006794","Total",758,56,149,438,115,387,20,41,242,84,371,36,108,196,31
"2011","Liverpool 046C","E01006800","Total",576,48,128,338,62,298,21,34,195,48,278,27,94,143,14
"2011","Liverpool 046D","E01006801","Total",656,61,122,387,86,336,21,29,218,68,320,40,93,169,18
"2011","Liverpool 047A","E01006532","Total",729,78,129,382,140,399,25,39,233,102,330,53,90,149,38
"2011","Liverpool 047B","E01006539","Total",732,99,134,382,117,394,40,42,225,87,338,59,92,157,30
"2011","Liverpool 047C","E01006583","Total",769,196,157,332,84,347,44,39,202,62,422,152,118,130,22
"2011","Liverpool 047D","E01006594","Total",681,68,129,389,95,352,25,36,220,71,329,43,93,169,24
"2011","Liverpool 047E","E01006796","Total",752,81,154,360,157,400,18,50,207,125,352,63,104,153,32
"2011","Liverpool 048A","E01006522","Total",1027,65,97,699,166,573,35,46,377,115,454,30,51,322,51
"2011","Liverpool 048B","E01006524","Total",767,175,112,372,108,412,84,40,209,79,355,91,72,163,29
"2011","Liverpool 048C","E01006526","Total",698,56,128,428,86,348,25,39,230,54,350,31,89,198,32
"2011","Liverpool 048D","E01006529","Total",709,54,114,456,85,349,14,31,250,54,360,40,83,206,31
"2011","Liverpool 048E","E01006551","Total",466,90,79,233,64,236,35,25,132,44,230,55,54,101,20
"2011","Liverpool 048F","E01006554","Total",752,143,156,369,84,377,55,66,201,55,375,88,90,168,29
"2011","Liverpool 049A","E01006525","Total",638,60,121,386,71,339,26,27,233,53,299,34,94,153,18
"2011","Liverpool 049B","E01006595","Total",897,59,161,603,74,436,19,42,332,43,461,40,119,271,31
"2011","Liverpool 049C","E01006596","Total",759,62,148,472,77,384,21,51,261,51,375,41,97,211,26
"2011","Liverpool 049D","E01006689","Total",867,92,153,550,72,405,25,28,310,42,462,67,125,240,30
"2011","Liverpool 050B","E01006633","Total",412,36,113,237,26,191,8,20,142,21,221,28,93,95,5
"2011","Liverpool 050F","E01032505","Total",575,52,140,322,61,284,11,43,183,47,291,41,97,139,14
"2011","Liverpool 050G","E01032506","Total",668,53,140,411,64,346,22,34,245,45,322,31,106,166,19
"2011","Liverpool 050H","E01032507","Total",889,79,157,558,95,423,25,53,284,61,466,54,104,274,34
"2011","Liverpool 050I","E01033748","Total",926,47,83,677,119,533,20,31,399,83,393,27,52,278,36
"2011","Liverpool 050J","E01033767","Total",415,33,103,246,33,205,14,26,137,28,210,19,77,109,5
"2011","Liverpool 051A","E01006793","Total",645,54,148,364,79,341,24,44,218,55,304,30,104,146,24
"2011","Liverpool 051B","E01006795","Total",726,65,152,401,108,376,19,38,237,82,350,46,114,164,26
"2011","Liverpool 051C","E01006797","Total",639,61,137,373,68,333,17,41,226,49,306,44,96,147,19
"2011","Liverpool 051D","E01006798","Total",719,64,117,441,97,372,23,34,248,67,347,41,83,193,30
"2011","Liverpool 051E","E01006799","Total",702,53,137,410,102,380,26,40,239,75,322,27,97,171,27
"2011","Liverpool 052A","E01006521","Total",799,64,112,512,111,435,26,38,291,80,364,38,74,221,31
"2011","Liverpool 052B","E01006523","Total",812,51,132,507,122,413,26,61,247,79,399,25,71,260,43
"2011","Liverpool 052C","E01006528","Total",760,72,126,452,110,395,21,44,252,78,365,51,82,200,32
"2011","Liverpool 052D","E01006628","Total",874,109,187,478,100,416,36,56,260,64,458,73,131,218,36
"2011","Liverpool 052E","E01006629","Total",621,46,108,404,63,299,16,25,220,38,322,30,83,184,25
"2011","Liverpool 053A","E01006527","Total",658,67,127,388,76,316,25,34,202,55,342,42,93,186,21
"2011","Liverpool 053B","E01006680","Total",793,63,176,463,91,405,30,41,261,73,388,33,135,202,18
"2011","Liverpool 053C","E01006682","Total",666,61,123,411,71,338,22,31,230,55,328,39,92,181,16
"2011","Liverpool 053D","E01006683","Total",749,64,145,475,65,365,19,28,269,49,384,45,117,206,16
"2011","Liverpool 053E","E01006686","Total",674,55,134,435,50,331,23,37,236,35,343,32,97,199,15
"2011","Liverpool 054A","E01006534","Total",709,58,161,413,77,363,23,54,231,55,346,35,107,182,22
"2011","Liverpool 054B","E01006535","Total",739,64,155,442,78,348,27,37,231,53,391,37,118,211,25
"2011","Liverpool 054C","E01006536","Total",775,74,187,464,50,356,21,48,250,37,419,53,139,214,13
"2011","Liverpool 054D","E01006681","Total",706,59,159,412,76,356,18,42,233,63,350,41,117,179,13
"2011","Liverpool 055A","E01006530","Total",648,63,128,386,71,325,17,31,228,49,323,46,97,158,22
"2011","Liverpool 055B","E01006531","Total",570,39,114,359,58,296,13,28,207,48,274,26,86,152,10
"2011","Liverpool 055C","E01006533","Total",581,52,136,326,67,310,21,41,193,55,271,31,95,133,12
"2011","Liverpool 055D","E01006537","Total",1167,73,234,744,116,591,20,52,438,81,576,53,182,306,35
"2011","Liverpool 055E","E01006538","Total",643,56,129,408,50,333,17,26,253,37,310,39,103,155,13
"2011","Liverpool 056A","E01006519","Total",643,58,124,384,77,314,20,31,212,51,329,38,93,172,26
"2011","Liverpool 056B","E01006684","Total",1193,89,178,773,153,619,35,53,418,113,574,54,125,355,40
"2011","Liverpool 056C","E01006685","Total",696,67,131,419,79,342,16,26,244,56,354,51,105,175,23
"2011","Liverpool 056D","E01006687","Total",979,72,152,593,162,514,33,31,339,111,465,39,121,254,51
"2011","Liverpool 056E","E01006688","Total",766,71,154,451,90,390,25,43,254,68,376,46,111,197,22
"2011","Liverpool 057A","E01006740","Total",428,27,116,264,21,228,6,23,183,16,200,21,93,81,5
"2011","Liverpool 057B","E01006742","Total",665,52,157,398,58,333,18,38,236,41,332,34,119,162,17
"2011","Liverpool 057C","E01006744","Total",737,64,147,476,50,374,23,41,275,35,363,41,106,201,15
"2011","Liverpool 057D","E01006745","Total",874,84,205,513,72,472,39,67,313,53,402,45,138,200,19
"2011","Liverpool 058A","E01006738","Total",571,54,151,331,35,269,18,32,194,25,302,36,119,137,10
"2011","Liverpool 058B","E01006739","Total",615,41,170,377,27,292,10,40,219,23,323,31,130,158,4
"2011","Liverpool 058C","E01006741","Total",673,42,173,417,41,335,13,42,250,30,338,29,131,167,11
"2011","Liverpool 058D","E01006743","Total",1046,78,198,673,97,543,34,47,396,66,503,44,151,277,31
"2011","Liverpool 059A","E01006753","Total",530,38,140,312,40,248,10,28,181,29,282,28,112,131,11
"2011","Liverpool 059B","E01006754","Total",627,50,152,385,40,304,19,30,229,26,323,31,122,156,14
"2011","Liverpool 059C","E01006755","Total",491,33,141,290,27,226,7,46,152,21,265,26,95,138,6
"2011","Liverpool 059D","E01006756","Total",606,42,168,352,44,291,12,39,209,31,315,30,129,143,13
"2011","Liverpool 059E","E01006757","Total",485,35,136,285,29,241,8,41,169,23,244,27,95,116,6
"2011","Liverpool 059F","E01006758","Total",545,30,141,338,36,263,14,24,196,29,282,16,117,142,7
"2011","Liverpool 060A","E01006513","Total",1052,354,189,410,99,538,149,78,246,65,514,205,111,164,34
"2011","Liverpool 060B","E01033758","Total",433,172,81,153,27,211,63,42,84,22,222,109,39,69,5
"2011","Liverpool 060C","E01033760","Total",757,322,123,254,58,393,124,59,163,47,364,198,64,91,11
"2011","Liverpool 060D","E01033761","Total",944,110,131,605,98,575,61,63,375,76,369,49,68,230,22
"2011","Liverpool 060E","E01033762","Total",602,236,100,220,46,316,102,50,131,33,286,134,50,89,13
"2011","Liverpool 061A","E01033750","Total",1037,59,91,696,191,668,31,45,443,149,369,28,46,253,42
"2011","Liverpool 061B","E01033754","Total",890,57,116,592,125,503,21,42,353,87,387,36,74,239,38
"2011","Liverpool 061C","E01033756","Total",712,66,68,435,143,459,35,36,288,100,253,31,32,147,43
"2011","Liverpool 061D","E01033765","Total",530,41,111,307,71,273,18,22,181,52,257,23,89,126,19
"2011","Liverpool 062A","E01033751","Total",794,185,113,402,94,459,88,39,258,74,335,97,74,144,20
"2011","Liverpool 062B","E01033752","Total",913,48,77,633,155,571,25,39,393,114,342,23,38,240,41
"2011","Liverpool 062C","E01033753","Total",785,34,53,559,139,519,20,34,363,102,266,14,19,196,37
"2011","Liverpool 062D","E01033755","Total",820,52,68,579,121,501,14,30,369,88,319,38,38,210,33
"2011","Sefton 001A","E01006946","Total",555,60,133,313,49,275,20,33,187,35,280,40,100,126,14
"2011","Sefton 001B","E01007028","Total",659,62,160,372,65,334,20,42,223,49,325,42,118,149,16
"2011","Sefton 001C","E01007029","Total",433,50,111,237,35,208,15,30,134,29,225,35,81,103,6
"2011","Sefton 001D","E01007030","Total",698,57,181,395,65,347,19,47,226,55,351,38,134,169,10
"2011","Sefton 001E","E01007036","Total",595,65,140,336,54,303,21,38,203,41,292,44,102,133,13
"2011","Sefton 002A","E01006947","Total",637,84,155,324,74,327,25,42,206,54,310,59,113,118,20
"2011","Sefton 002B","E01007031","Total",697,91,165,378,63,337,37,25,227,48,360,54,140,151,15
"2011","Sefton 002C","E01007032","Total",630,67,136,354,73,314,15,28,210,61,316,52,108,144,12
"2011","Sefton 002D","E01007033","Total",674,77,155,367,75,347,18,44,227,58,327,59,111,140,17
"2011","Sefton 002E","E01007035","Total",620,88,133,315,84,323,25,42,198,58,297,63,91,117,26
"2011","Sefton 003A","E01006944","Total",513,41,88,316,68,285,18,32,178,57,228,23,56,138,11
"2011","Sefton 003B","E01006948","Total",495,40,113,279,63,227,12,32,133,50,268,28,81,146,13
"2011","Sefton 003C","E01006949","Total",552,63,118,286,85,289,19,34,168,68,263,44,84,118,17
"2011","Sefton 003D","E01006951","Total",589,57,118,333,81,302,22,39,180,61,287,35,79,153,20
"2011","Sefton 003E","E01007034","Total",657,96,141,333,87,320,28,31,196,65,337,68,110,137,22
"2011","Sefton 004A","E01006945","Total",683,65,119,421,78,363,24,36,247,56,320,41,83,174,22
"2011","Sefton 004B","E01006950","Total",684,53,106,442,83,356,25,38,235,58,328,28,68,207,25
"2011","Sefton 004C","E01006968","Total",761,65,158,456,82,411,20,58,272,61,350,45,100,184,21
"2011","Sefton 004D","E01006969","Total",695,53,191,396,55,368,24,68,234,42,327,29,123,162,13
"2011","Sefton 004F","E01033094","Total",461,42,116,236,67,236,20,40,133,43,225,22,76,103,24
"2011","Sefton 004G","E01033097","Total",498,28,89,313,68,261,6,25,182,48,237,22,64,131,20
"2011","Sefton 005A","E01007055","Total",553,68,151,275,59,291,25,52,171,43,262,43,99,104,16
"2011","Sefton 005B","E01007056","Total",832,64,210,485,73,431,20,57,293,61,401,44,153,192,12
"2011","Sefton 005C","E01007057","Total",747,80,166,432,69,363,20,49,236,58,384,60,117,196,11
"2011","Sefton 005D","E01007062","Total",727,75,170,407,75,364,21,40,252,51,363,54,130,155,24
"2011","Sefton 005E","E01007063","Total",790,84,203,426,77,398,23,47,271,57,392,61,156,155,20
"2011","Sefton 006A","E01007058","Total",764,72,178,431,83,409,17,57,275,60,355,55,121,156,23
"2011","Sefton 006B","E01007059","Total",750,71,179,415,85,372,21,51,233,67,378,50,128,182,18
"2011","Sefton 006C","E01007060","Total",644,57,148,380,59,333,13,39,237,44,311,44,109,143,15
"2011","Sefton 006D","E01007061","Total",758,50,187,439,82,373,13,41,248,71,385,37,146,191,11
"2011","Sefton 006E","E01007064","Total",655,83,138,346,88,335,25,37,207,66,320,58,101,139,22
"2011","Sefton 007A","E01006934","Total",752,85,167,415,85,392,33,45,249,65,360,52,122,166,20
"2011","Sefton 007B","E01006970","Total",764,71,149,463,81,405,26,54,272,53,359,45,95,191,28
"2011","Sefton 007C","E01006994","Total",729,64,169,412,84,365,15,50,238,62,364,49,119,174,22
"2011","Sefton 007D","E01006996","Total",740,67,160,433,80,404,25,56,260,63,336,42,104,173,17
"2011","Sefton 007E","E01006998","Total",833,56,206,475,96,427,17,49,287,74,406,39,157,188,22
"2011","Sefton 008A","E01006995","Total",657,81,152,332,92,352,25,48,203,76,305,56,104,129,16
"2011","Sefton 008B","E01006997","Total",805,74,174,474,83,408,19,31,294,64,397,55,143,180,19
"2011","Sefton 008C","E01006999","Total",752,55,186,431,80,370,10,46,254,60,382,45,140,177,20
"2011","Sefton 008D","E01007000","Total",602,74,146,319,63,299,22,46,187,44,303,52,100,132,19
"2011","Sefton 008E","E01007001","Total",756,70,193,436,57,380,23,59,258,40,376,47,134,178,17
"2011","Sefton 008F","E01007002","Total",639,69,144,354,72,311,22,33,197,59,328,47,111,157,13
"2011","Sefton 009A","E01006928","Total",691,78,152,368,93,364,23,50,215,76,327,55,102,153,17
"2011","Sefton 009B","E01006935","Total",801,70,180,436,115,412,20,46,255,91,389,50,134,181,24
"2011","Sefton 009C","E01006971","Total",559,61,121,279,98,309,14,38,178,79,250,47,83,101,19
"2011","Sefton 009D","E01006972","Total",504,58,107,261,78,263,19,34,146,64,241,39,73,115,14
"2011","Sefton 009E","E01006973","Total",530,64,104,266,96,287,18,26,171,72,243,46,78,95,24
"2011","Sefton 009F","E01006974","Total",710,102,141,326,141,365,34,31,186,114,345,68,110,140,27
"2011","Sefton 010A","E01006929","Total",818,76,198,470,74,420,17,55,294,54,398,59,143,176,20
"2011","Sefton 010B","E01006930","Total",705,72,186,379,68,335,16,48,218,53,370,56,138,161,15
"2011","Sefton 010C","E01006931","Total",787,98,222,410,57,385,28,62,253,42,402,70,160,157,15
"2011","Sefton 010D","E01006932","Total",752,95,156,397,104,384,27,37,238,82,368,68,119,159,22
"2011","Sefton 010E","E01006933","Total",687,69,156,391,71,353,20,34,248,51,334,49,122,143,20
"2011","Sefton 011A","E01006920","Total",687,72,156,384,75,349,25,33,231,60,338,47,123,153,15
"2011","Sefton 011B","E01006924","Total",521,47,114,296,64,250,16,30,159,45,271,31,84,137,19
"2011","Sefton 011C","E01006925","Total",684,58,163,407,56,324,23,39,221,41,360,35,124,186,15
"2011","Sefton 011D","E01006927","Total",705,82,160,387,76,366,27,43,239,57,339,55,117,148,19
"2011","Sefton 012A","E01006921","Total",517,61,103,296,57,273,15,32,177,49,244,46,71,119,8
"2011","Sefton 012B","E01006922","Total",621,83,135,330,73,319,30,39,193,57,302,53,96,137,16
"2011","Sefton 012C","E01006923","Total",558,54,142,304,58,290,17,47,185,41,268,37,95,119,17
"2011","Sefton 012D","E01006926","Total",679,97,134,335,113,360,29,50,196,85,319,68,84,139,28
"2011","Sefton 013A","E01006985","Total",681,104,149,324,104,344,38,37,194,75,337,66,112,130,29
"2011","Sefton 013B","E01006986","Total",510,71,109,234,96,271,21,33,138,79,239,50,76,96,17
"2011","Sefton 013C","E01006987","Total",521,61,111,270,79,267,15,32,163,57,254,46,79,107,22
"2011","Sefton 013D","E01006989","Total",534,71,122,287,54,290,26,43,180,41,244,45,79,107,13
"2011","Sefton 013E","E01006990","Total",579,68,119,309,83,301,28,26,184,63,278,40,93,125,20
"2011","Sefton 014A","E01006988","Total",581,49,145,315,72,285,15,27,186,57,296,34,118,129,15
"2011","Sefton 014B","E01007079","Total",662,83,143,325,111,350,33,27,200,90,312,50,116,125,21
"2011","Sefton 014C","E01007080","Total",625,83,138,339,65,317,30,37,200,50,308,53,101,139,15
"2011","Sefton 014D","E01007081","Total",644,70,118,366,90,337,24,32,207,74,307,46,86,159,16
"2011","Sefton 015A","E01006991","Total",630,73,150,318,89,322,20,39,195,68,308,53,111,123,21
"2011","Sefton 015B","E01006992","Total",489,49,115,266,59,259,20,24,165,50,230,29,91,101,9
"2011","Sefton 015C","E01006993","Total",701,105,164,336,96,354,32,38,209,75,347,73,126,127,21
"2011","Sefton 015D","E01007078","Total",684,89,149,368,78,349,24,36,225,64,335,65,113,143,14
"2011","Sefton 016A","E01007075","Total",587,65,137,323,62,277,17,27,183,50,310,48,110,140,12
"2011","Sefton 016B","E01007076","Total",628,68,130,351,79,308,20,21,206,61,320,48,109,145,18
"2011","Sefton 016C","E01007077","Total",719,91,160,380,88,354,29,37,221,67,365,62,123,159,21
"2011","Sefton 016D","E01007082","Total",648,74,148,347,79,331,27,32,209,63,317,47,116,138,16
"2011","Sefton 017A","E01007067","Total",722,70,145,398,109,383,27,34,231,91,339,43,111,167,18
"2011","Sefton 017B","E01007068","Total",698,66,137,437,58,358,29,29,252,48,340,37,108,185,10
"2011","Sefton 017C","E01007069","Total",630,63,116,372,79,304,20,20,201,63,326,43,96,171,16
"2011","Sefton 017D","E01007070","Total",693,59,156,402,76,370,20,41,244,65,323,39,115,158,11
"2011","Sefton 017E","E01007101","Total",680,53,139,420,68,343,19,28,247,49,337,34,111,173,19
"2011","Sefton 018C","E01007095","Total",716,59,158,437,62,362,17,34,262,49,354,42,124,175,13
"2011","Sefton 018D","E01007096","Total",651,60,138,397,56,328,18,24,240,46,323,42,114,157,10
"2011","Sefton 018E","E01007100","Total",682,66,161,396,59,345,17,46,232,50,337,49,115,164,9
"2011","Sefton 018F","E01033096","Total",1187,105,262,713,107,586,26,49,424,87,601,79,213,289,20
"2011","Sefton 019A","E01007074","Total",695,60,149,429,57,343,22,29,250,42,352,38,120,179,15
"2011","Sefton 019B","E01007097","Total",712,76,147,419,70,358,22,41,235,60,354,54,106,184,10
"2011","Sefton 019C","E01007098","Total",649,54,131,405,59,332,19,27,239,47,317,35,104,166,12
"2011","Sefton 019D","E01007099","Total",611,64,128,340,79,307,18,26,195,68,304,46,102,145,11
"2011","Sefton 020A","E01007065","Total",721,67,148,431,75,378,25,32,265,56,343,42,116,166,19
"2011","Sefton 020B","E01007066","Total",820,66,174,506,74,408,23,33,298,54,412,43,141,208,20
"2011","Sefton 020C","E01007071","Total",607,48,112,388,59,315,16,24,229,46,292,32,88,159,13
"2011","Sefton 020D","E01007072","Total",540,53,100,335,52,296,22,21,213,40,244,31,79,122,12
"2011","Sefton 020E","E01007073","Total",704,66,130,426,82,354,25,26,239,64,350,41,104,187,18
"2011","Sefton 021A","E01007020","Total",625,71,143,366,45,301,24,29,212,36,324,47,114,154,9
"2011","Sefton 021B","E01007022","Total",622,52,146,366,58,325,18,39,224,44,297,34,107,142,14
"2011","Sefton 021C","E01007023","Total",672,84,128,349,111,341,29,33,194,85,331,55,95,155,26
"2011","Sefton 021D","E01007027","Total",1039,89,209,590,151,536,25,54,339,118,503,64,155,251,33
"2011","Sefton 021E","E01007037","Total",718,71,161,402,84,361,26,34,228,73,357,45,127,174,11
"2011","Sefton 021F","E01007038","Total",674,56,156,350,112,328,19,39,188,82,346,37,117,162,30
"2011","Sefton 022A","E01006936","Total",661,77,110,350,124,341,29,27,193,92,320,48,83,157,32
"2011","Sefton 022B","E01006937","Total",644,87,121,336,100,334,31,34,194,75,310,56,87,142,25
"2011","Sefton 022C","E01006938","Total",490,57,97,259,77,266,18,31,158,59,224,39,66,101,18
"2011","Sefton 022D","E01006939","Total",742,65,139,438,100,354,18,37,237,62,388,47,102,201,38
"2011","Sefton 022E","E01006940","Total",636,63,108,359,106,349,21,34,218,76,287,42,74,141,30
"2011","Sefton 022F","E01006943","Total",632,75,125,361,71,317,23,27,212,55,315,52,98,149,16
"2011","Sefton 023A","E01007083","Total",549,50,131,324,44,265,15,26,186,38,284,35,105,138,6
"2011","Sefton 023B","E01007085","Total",453,42,113,260,38,203,9,28,136,30,250,33,85,124,8
"2011","Sefton 023C","E01007086","Total",439,27,114,272,26,222,4,29,164,25,217,23,85,108,1
"2011","Sefton 023D","E01007091","Total",542,39,121,347,35,257,12,25,188,32,285,27,96,159,3
"2011","Sefton 023E","E01007092","Total",423,37,102,247,37,202,9,21,140,32,221,28,81,107,5
"2011","Sefton 024A","E01006979","Total",482,30,136,276,40,236,8,31,163,34,246,22,105,113,6
"2011","Sefton 024B","E01006980","Total",504,37,138,297,32,249,12,33,176,28,255,25,105,121,4
"2011","Sefton 024C","E01007024","Total",435,50,111,236,38,205,17,32,127,29,230,33,79,109,9
"2011","Sefton 024D","E01007026","Total",445,41,97,265,42,228,14,29,155,30,217,27,68,110,12
"2011","Sefton 024E","E01007089","Total",492,44,126,286,36,246,15,35,167,29,246,29,91,119,7
"2011","Sefton 025A","E01007021","Total",658,71,113,393,81,343,28,28,227,60,315,43,85,166,21
"2011","Sefton 025B","E01007025","Total",647,63,127,386,71,331,16,29,228,58,316,47,98,158,13
"2011","Sefton 025C","E01007105","Total",785,60,178,466,81,383,23,33,262,65,402,37,145,204,16
"2011","Sefton 025D","E01007106","Total",702,64,130,444,64,344,18,28,247,51,358,46,102,197,13
"2011","Sefton 025E","E01007107","Total",663,67,135,405,56,333,18,25,248,42,330,49,110,157,14
"2011","Sefton 025F","E01007108","Total",822,72,179,500,71,410,26,47,285,52,412,46,132,215,19
"2011","Sefton 026A","E01007039","Total",624,55,118,385,66,310,18,19,225,48,314,37,99,160,18
"2011","Sefton 026B","E01007040","Total",995,74,195,580,146,495,28,43,317,107,500,46,152,263,39
"2011","Sefton 026C","E01007042","Total",604,58,126,358,62,307,22,26,206,53,297,36,100,152,9
"2011","Sefton 026D","E01007044","Total",566,40,153,325,48,288,16,33,202,37,278,24,120,123,11
"2011","Sefton 026E","E01007045","Total",616,63,142,356,55,313,21,30,221,41,303,42,112,135,14
"2011","Sefton 027A","E01007041","Total",698,51,156,433,58,344,19,33,249,43,354,32,123,184,15
"2011","Sefton 027B","E01007043","Total",649,61,121,420,47,348,20,33,251,44,301,41,88,169,3
"2011","Sefton 027C","E01007046","Total",795,61,174,496,64,401,22,34,294,51,394,39,140,202,13
"2011","Sefton 027D","E01007053","Total",686,56,148,421,61,330,15,27,243,45,356,41,121,178,16
"2011","Sefton 027E","E01007084","Total",810,58,144,542,66,399,16,34,298,51,411,42,110,244,15
"2011","Sefton 028A","E01006941","Total",767,66,159,441,101,391,25,39,254,73,376,41,120,187,28
"2011","Sefton 028B","E01006942","Total",774,67,156,480,71,378,26,33,262,57,396,41,123,218,14
"2011","Sefton 028C","E01006954","Total",721,55,138,446,82,381,25,41,251,64,340,30,97,195,18
"2011","Sefton 028D","E01007104","Total",707,55,147,412,93,353,16,40,232,65,354,39,107,180,28
"2011","Sefton 028E","E01007109","Total",737,49,155,451,82,354,16,35,241,62,383,33,120,210,20
"2011","Sefton 029A","E01007048","Total",625,51,161,361,52,277,20,32,187,38,348,31,129,174,14
"2011","Sefton 029B","E01007054","Total",589,52,150,345,42,298,19,42,200,37,291,33,108,145,5
"2011","Sefton 029C","E01007087","Total",518,43,131,312,32,261,11,32,193,25,257,32,99,119,7
"2011","Sefton 029D","E01007088","Total",604,48,126,377,53,313,16,27,221,49,291,32,99,156,4
"2011","Sefton 029E","E01007090","Total",430,22,124,244,40,201,7,19,142,33,229,15,105,102,7
"2011","Sefton 030A","E01006955","Total",868,69,175,529,95,436,24,41,299,72,432,45,134,230,23
"2011","Sefton 030B","E01006956","Total",794,53,133,533,75,409,20,32,303,54,385,33,101,230,21
"2011","Sefton 030C","E01006958","Total",711,52,150,428,81,368,19,43,253,53,343,33,107,175,28
"2011","Sefton 030D","E01007102","Total",769,58,150,472,89,388,17,34,272,65,381,41,116,200,24
"2011","Sefton 030E","E01007103","Total",741,51,143,461,86,378,17,35,265,61,363,34,108,196,25
"2011","Sefton 031A","E01006978","Total",729,54,157,459,59,370,14,39,267,50,359,40,118,192,9
"2011","Sefton 031B","E01006981","Total",548,56,121,317,54,271,17,26,182,46,277,39,95,135,8
"2011","Sefton 031C","E01006982","Total",627,54,150,370,53,302,16,29,214,43,325,38,121,156,10
"2011","Sefton 031D","E01006983","Total",831,69,152,540,70,407,20,25,302,60,424,49,127,238,10
"2011","Sefton 031E","E01006984","Total",450,28,120,266,36,211,6,22,150,33,239,22,98,116,3
"2011","Sefton 032A","E01006952","Total",548,43,137,326,42,276,15,32,191,38,272,28,105,135,4
"2011","Sefton 032B","E01006953","Total",618,51,138,385,44,302,15,37,216,34,316,36,101,169,10
"2011","Sefton 032C","E01006957","Total",670,55,120,402,93,351,28,34,216,73,319,27,86,186,20
"2011","Sefton 032D","E01006959","Total",719,51,136,449,83,362,12,30,260,60,357,39,106,189,23
"2011","Sefton 032E","E01006977","Total",581,44,122,337,78,284,14,30,180,60,297,30,92,157,18
"2011","Sefton 033A","E01006976","Total",729,50,155,463,61,361,15,36,263,47,368,35,119,200,14
"2011","Sefton 033B","E01007014","Total",780,70,167,477,66,385,30,34,265,56,395,40,133,212,10
"2011","Sefton 033E","E01007047","Total",609,60,123,366,60,304,14,26,212,52,305,46,97,154,8
"2011","Sefton 033F","E01033095","Total",892,86,201,533,72,448,22,42,318,66,444,64,159,215,6
"2011","Sefton 034A","E01007004","Total",544,44,113,343,44,258,12,29,179,38,286,32,84,164,6
"2011","Sefton 034B","E01007005","Total",443,29,125,240,49,215,5,30,143,37,228,24,95,97,12
"2011","Sefton 034C","E01007011","Total",523,44,118,311,50,260,19,29,172,40,263,25,89,139,10
"2011","Sefton 034D","E01007016","Total",751,58,192,438,63,378,23,54,251,50,373,35,138,187,13
"2011","Sefton 034E","E01007017","Total",600,43,164,354,39,276,17,28,202,29,324,26,136,152,10
"2011","Sefton 035A","E01007019","Total",455,43,121,260,31,214,13,26,149,26,241,30,95,111,5
"2011","Sefton 035B","E01007049","Total",675,57,149,412,57,347,18,37,246,46,328,39,112,166,11
"2011","Sefton 035C","E01007050","Total",609,54,151,361,43,323,11,29,244,39,286,43,122,117,4
"2011","Sefton 035D","E01007051","Total",434,34,100,262,38,215,11,28,145,31,219,23,72,117,7
"2011","Sefton 035E","E01007052","Total",550,34,142,322,52,260,10,30,181,39,290,24,112,141,13
"2011","Sefton 036A","E01006964","Total",632,54,149,388,41,318,17,42,225,34,314,37,107,163,7
"2011","Sefton 036B","E01007003","Total",432,35,117,248,32,219,17,36,139,27,213,18,81,109,5
"2011","Sefton 036C","E01007006","Total",489,35,114,304,36,233,9,29,166,29,256,26,85,138,7
"2011","Sefton 036D","E01007012","Total",643,50,146,397,50,330,15,41,235,39,313,35,105,162,11
"2011","Sefton 036E","E01007013","Total",581,42,140,360,39,294,14,35,213,32,287,28,105,147,7
"2011","Sefton 037A","E01006967","Total",567,56,128,329,54,295,20,40,193,42,272,36,88,136,12
"2011","Sefton 037B","E01007007","Total",408,27,107,236,38,201,5,30,135,31,207,22,77,101,7
"2011","Sefton 037C","E01007008","Total",468,43,132,260,33,234,18,34,154,28,234,25,98,106,5
"2011","Sefton 037D","E01007009","Total",509,48,93,325,43,295,21,32,207,35,214,27,61,118,8
"2011","Sefton 037E","E01007010","Total",359,24,114,197,24,184,5,28,131,20,175,19,86,66,4
"2011","Sefton 038A","E01006960","Total",563,37,141,338,47,290,13,42,201,34,273,24,99,137,13
"2011","Sefton 038B","E01006961","Total",636,33,150,398,55,330,11,41,236,42,306,22,109,162,13
"2011","Sefton 038C","E01006962","Total",633,48,138,396,51,306,20,25,223,38,327,28,113,173,13
"2011","Sefton 038D","E01006963","Total",540,35,127,337,41,272,9,38,195,30,268,26,89,142,11
"2011","Sefton 038E","E01006965","Total",547,53,137,330,27,263,19,36,184,24,284,34,101,146,3
"2011","Sefton 038F","E01006966","Total",711,53,142,455,61,363,14,34,261,54,348,39,108,194,7
"2011","St. Helens 001A","E01006882","Total",531,62,106,301,62,277,23,23,182,49,254,39,83,119,13
"2011","St. Helens 001B","E01006883","Total",581,60,102,327,92,292,15,26,182,69,289,45,76,145,23
"2011","St. Helens 001C","E01006884","Total",587,60,109,353,65,307,24,25,205,53,280,36,84,148,12
"2011","St. Helens 001D","E01006885","Total",620,72,110,345,93,313,19,27,200,67,307,53,83,145,26
"2011","St. Helens 001E","E01006886","Total",598,49,104,378,67,299,19,16,213,51,299,30,88,165,16
"2011","St. Helens 001F","E01006887","Total",579,47,123,345,64,284,16,28,186,54,295,31,95,159,10
"2011","St. Helens 002A","E01006802","Total",760,65,157,448,90,387,21,31,274,61,373,44,126,174,29
"2011","St. Helens 002B","E01006804","Total",697,62,158,422,55,363,24,35,258,46,334,38,123,164,9
"2011","St. Helens 002C","E01006806","Total",698,54,147,425,72,386,16,35,275,60,312,38,112,150,12
"2011","St. Helens 002D","E01006807","Total",610,54,136,361,59,314,15,38,215,46,296,39,98,146,13
"2011","St. Helens 003A","E01006803","Total",717,54,128,455,80,380,18,35,263,64,337,36,93,192,16
"2011","St. Helens 003B","E01006805","Total",723,52,155,430,86,376,11,41,257,67,347,41,114,173,19
"2011","St. Helens 003C","E01006808","Total",728,45,134,475,74,378,19,28,278,53,350,26,106,197,21
"2011","St. Helens 003D","E01006809","Total",725,69,123,446,87,378,29,24,262,63,347,40,99,184,24
"2011","St. Helens 004A","E01006849","Total",515,43,117,310,45,269,11,14,208,36,246,32,103,102,9
"2011","St. Helens 004B","E01006850","Total",551,48,131,325,47,294,20,34,201,39,257,28,97,124,8
"2011","St. Helens 004C","E01006851","Total",551,37,92,366,56,273,7,27,196,43,278,30,65,170,13
"2011","St. Helens 004D","E01006852","Total",703,55,150,450,48,373,21,30,281,41,330,34,120,169,7
"2011","St. Helens 004E","E01006853","Total",729,50,150,463,66,384,17,33,281,53,345,33,117,182,13
"2011","St. Helens 004F","E01006854","Total",715,56,165,449,45,339,17,24,262,36,376,39,141,187,9
"2011","St. Helens 004G","E01006855","Total",599,42,132,375,50,293,8,29,222,34,306,34,103,153,16
"2011","St. Helens 005A","E01006836","Total",578,48,129,358,43,310,18,32,224,36,268,30,97,134,7
"2011","St. Helens 005B","E01006839","Total",665,46,143,420,56,348,10,32,263,43,317,36,111,157,13
"2011","St. Helens 005C","E01006840","Total",766,56,148,488,74,415,11,42,301,61,351,45,106,187,13
"2011","St. Helens 005D","E01006842","Total",629,47,134,382,66,322,9,34,224,55,307,38,100,158,11
"2011","St. Helens 006A","E01006837","Total",701,52,132,444,73,359,13,28,257,61,342,39,104,187,12
"2011","St. Helens 006B","E01006838","Total",649,42,112,430,65,339,13,21,253,52,310,29,91,177,13
"2011","St. Helens 006C","E01006841","Total",906,56,177,574,99,458,13,25,343,77,448,43,152,231,22
"2011","St. Helens 006D","E01006843","Total",476,30,116,291,39,235,7,25,177,26,241,23,91,114,13
"2011","St. Helens 007A","E01006914","Total",563,62,106,331,64,294,19,27,200,48,269,43,79,131,16
"2011","St. Helens 007B","E01006915","Total",706,65,140,438,63,360,20,22,272,46,346,45,118,166,17
"2011","St. Helens 007C","E01006916","Total",777,58,153,483,83,406,19,45,280,62,371,39,108,203,21
"2011","St. Helens 007D","E01006917","Total",817,67,148,529,73,426,20,40,311,55,391,47,108,218,18
"2011","St. Helens 007E","E01006918","Total",665,54,125,406,80,336,16,22,243,55,329,38,103,163,25
"2011","St. Helens 007F","E01006919","Total",558,45,130,334,49,272,15,21,201,35,286,30,109,133,14
"2011","St. Helens 008A","E01006810","Total",626,43,129,406,48,323,9,21,249,44,303,34,108,157,4
"2011","St. Helens 008B","E01006811","Total",610,49,134,374,53,325,18,35,229,43,285,31,99,145,10
"2011","St. Helens 008C","E01006812","Total",551,53,130,329,39,280,19,36,194,31,271,34,94,135,8
"2011","St. Helens 008D","E01006813","Total",667,64,127,420,56,342,17,21,255,49,325,47,106,165,7
"2011","St. Helens 008E","E01006814","Total",839,68,168,543,60,438,22,43,326,47,401,46,125,217,13
"2011","St. Helens 008F","E01006815","Total",552,44,108,353,47,279,11,26,203,39,273,33,82,150,8
"2011","St. Helens 008G","E01006818","Total",699,43,140,468,48,365,12,32,281,40,334,31,108,187,8
"2011","St. Helens 009A","E01006822","Total",665,51,140,411,63,344,14,38,243,49,321,37,102,168,14
"2011","St. Helens 009B","E01006823","Total",472,42,94,286,50,241,12,17,172,40,231,30,77,114,10
"2011","St. Helens 009C","E01006824","Total",583,53,115,346,69,307,13,31,208,55,276,40,84,138,14
"2011","St. Helens 009D","E01006825","Total",650,52,118,394,86,336,15,32,222,67,314,37,86,172,19
"2011","St. Helens 010A","E01006866","Total",590,52,115,358,65,290,12,23,205,50,300,40,92,153,15
"2011","St. Helens 010B","E01006867","Total",1124,83,167,732,142,568,22,29,409,108,556,61,138,323,34
"2011","St. Helens 010C","E01006868","Total",618,42,111,400,65,324,12,26,237,49,294,30,85,163,16
"2011","St. Helens 010D","E01006869","Total",647,64,111,396,76,363,24,24,252,63,284,40,87,144,13
"2011","St. Helens 011A","E01006819","Total",681,43,139,432,67,378,17,36,274,51,303,26,103,158,16
"2011","St. Helens 011B","E01006820","Total",519,27,116,329,47,284,3,22,221,38,235,24,94,108,9
"2011","St. Helens 011C","E01006821","Total",496,36,130,285,45,258,6,25,189,38,238,30,105,96,7
"2011","St. Helens 011D","E01006871","Total",543,41,121,319,62,288,13,21,205,49,255,28,100,114,13
"2011","St. Helens 012A","E01006832","Total",864,54,136,603,71,462,20,30,358,54,402,34,106,245,17
"2011","St. Helens 012B","E01006834","Total",523,44,107,325,47,270,15,24,197,34,253,29,83,128,13
"2011","St. Helens 012C","E01006877","Total",551,33,118,339,61,308,13,28,224,43,243,20,90,115,18
"2011","St. Helens 012D","E01006880","Total",543,42,119,345,37,288,15,35,210,28,255,27,84,135,9
"2011","St. Helens 012E","E01006881","Total",580,53,150,333,44,304,24,43,203,34,276,29,107,130,10
"2011","St. Helens 013A","E01006863","Total",697,52,158,417,70,368,18,33,263,54,329,34,125,154,16
"2011","St. Helens 013B","E01006864","Total",1048,67,166,706,109,521,17,33,381,90,527,50,133,325,19
"2011","St. Helens 013C","E01006865","Total",640,43,175,375,47,328,14,45,233,36,312,29,130,142,11
"2011","St. Helens 014A","E01006845","Total",680,64,122,450,44,359,24,25,274,36,321,40,97,176,8
"2011","St. Helens 014B","E01006870","Total",618,55,134,392,37,323,19,37,236,31,295,36,97,156,6
"2011","St. Helens 014C","E01006872","Total",588,34,111,375,68,354,16,41,249,48,234,18,70,126,20
"2011","St. Helens 014D","E01006873","Total",337,30,96,187,24,159,5,29,103,22,178,25,67,84,2
"2011","St. Helens 014E","E01006874","Total",385,32,108,213,32,202,5,35,138,24,183,27,73,75,8
"2011","St. Helens 015A","E01006856","Total",768,51,119,528,70,420,18,31,317,54,348,33,88,211,16
"2011","St. Helens 015B","E01006857","Total",733,62,126,461,84,379,20,30,266,63,354,42,96,195,21
"2011","St. Helens 015C","E01006858","Total",634,65,130,385,54,309,16,35,214,44,325,49,95,171,10
"2011","St. Helens 015D","E01006859","Total",876,53,169,509,145,478,18,46,307,107,398,35,123,202,38
"2011","St. Helens 015E","E01006860","Total",674,46,109,466,53,341,14,23,266,38,333,32,86,200,15
"2011","St. Helens 015F","E01006861","Total",547,43,137,319,48,261,10,31,185,35,286,33,106,134,13
"2011","St. Helens 015G","E01006862","Total",566,43,107,358,58,292,10,25,215,42,274,33,82,143,16
"2011","St. Helens 016A","E01006831","Total",739,50,149,477,63,383,10,35,289,49,356,40,114,188,14
"2011","St. Helens 016B","E01006833","Total",867,57,165,574,71,458,18,36,351,53,409,39,129,223,18
"2011","St. Helens 016C","E01006835","Total",671,48,133,410,80,377,22,31,262,62,294,26,102,148,18
"2011","St. Helens 016D","E01006876","Total",698,48,123,457,70,372,16,26,284,46,326,32,97,173,24
"2011","St. Helens 016E","E01006878","Total",694,57,152,438,47,363,17,26,285,35,331,40,126,153,12
"2011","St. Helens 016F","E01006879","Total",634,53,142,391,48,323,18,30,238,37,311,35,112,153,11
"2011","St. Helens 016G","E01006904","Total",724,46,170,450,58,368,9,35,274,50,356,37,135,176,8
"2011","St. Helens 017A","E01006816","Total",638,41,153,385,59,329,11,36,229,53,309,30,117,156,6
"2011","St. Helens 017B","E01006817","Total",447,37,94,281,35,244,8,25,186,25,203,29,69,95,10
"2011","St. Helens 017C","E01006875","Total",472,47,124,267,34,240,16,31,162,31,232,31,93,105,3
"2011","St. Helens 017D","E01006899","Total",887,53,173,566,95,456,21,32,323,80,431,32,141,243,15
"2011","St. Helens 018A","E01006826","Total",488,38,97,303,50,256,12,25,179,40,232,26,72,124,10
"2011","St. Helens 018B","E01006827","Total",830,84,161,486,99,422,28,27,288,79,408,56,134,198,20
"2011","St. Helens 018C","E01006828","Total",999,100,227,550,122,525,30,57,342,96,474,70,170,208,26
"2011","St. Helens 018D","E01006829","Total",604,43,114,383,64,305,11,26,224,44,299,32,88,159,20
"2011","St. Helens 019A","E01006830","Total",477,39,141,253,44,253,12,41,162,38,224,27,100,91,6
"2011","St. Helens 019C","E01006903","Total",564,42,128,349,45,279,9,22,211,37,285,33,106,138,8
"2011","St. Helens 019D","E01006905","Total",542,51,124,334,33,279,17,25,208,29,263,34,99,126,4
"2011","St. Helens 019E","E01006906","Total",728,61,154,440,73,355,17,30,249,59,373,44,124,191,14
"2011","St. Helens 019F","E01006907","Total",705,48,139,462,56,359,13,23,273,50,346,35,116,189,6
"2011","St. Helens 019G","E01006912","Total",629,43,105,427,54,330,7,22,259,42,299,36,83,168,12
"2011","St. Helens 019H","E01006913","Total",486,34,124,286,42,254,7,36,175,36,232,27,88,111,6
"2011","St. Helens 019I","E01032904","Total",945,65,180,569,131,492,22,30,333,107,453,43,150,236,24
"2011","St. Helens 019J","E01032905","Total",774,43,131,503,97,401,11,30,285,75,373,32,101,218,22
"2011","St. Helens 020A","E01006844","Total",628,43,132,394,59,311,9,25,233,44,317,34,107,161,15
"2011","St. Helens 020B","E01006846","Total",649,58,144,395,52,328,17,31,234,46,321,41,113,161,6
"2011","St. Helens 020C","E01006847","Total",673,75,151,388,59,328,20,35,228,45,345,55,116,160,14
"2011","St. Helens 020D","E01006848","Total",718,58,164,434,62,389,20,41,280,48,329,38,123,154,14
"2011","St. Helens 020E","E01006896","Total",733,44,172,462,55,382,15,37,281,49,351,29,135,181,6
"2011","St. Helens 020F","E01006897","Total",768,66,149,491,62,399,17,27,308,47,369,49,122,183,15
"2011","St. Helens 020G","E01006901","Total",728,87,138,440,63,370,18,24,278,50,358,69,114,162,13
"2011","St. Helens 021A","E01006890","Total",693,55,119,472,47,353,15,27,270,41,340,40,92,202,6
"2011","St. Helens 021B","E01006892","Total",551,47,106,347,51,295,20,18,213,44,256,27,88,134,7
"2011","St. Helens 021C","E01006893","Total",669,53,142,412,62,340,18,29,246,47,329,35,113,166,15
"2011","St. Helens 021D","E01006894","Total",600,49,131,375,45,309,19,36,218,36,291,30,95,157,9
"2011","St. Helens 022A","E01006898","Total",650,59,165,349,77,323,13,32,216,62,327,46,133,133,15
"2011","St. Helens 022B","E01006900","Total",1516,90,251,1008,167,788,31,54,580,123,728,59,197,428,44
"2011","St. Helens 022C","E01006908","Total",523,29,120,319,55,284,9,20,207,48,239,20,100,112,7
"2011","St. Helens 022D","E01006909","Total",353,31,96,203,23,165,8,16,124,17,188,23,80,79,6
"2011","St. Helens 022E","E01006910","Total",792,48,157,515,72,393,15,30,298,50,399,33,127,217,22
"2011","St. Helens 022F","E01006911","Total",711,72,142,433,64,372,21,34,260,57,339,51,108,173,7
"2011","St. Helens 023A","E01006888","Total",544,50,125,310,59,284,18,32,183,51,260,32,93,127,8
"2011","St. Helens 023B","E01006889","Total",732,58,140,430,104,382,19,32,245,86,350,39,108,185,18
"2011","St. Helens 023C","E01006891","Total",602,47,120,381,54,301,17,19,224,41,301,30,101,157,13
"2011","St. Helens 023D","E01006895","Total",548,56,103,323,66,290,18,26,197,49,258,38,77,126,17
"2011","Wirral 001A","E01007229","Total",803,46,191,492,74,378,12,41,269,56,425,34,150,223,18
"2011","Wirral 001B","E01007230","Total",551,45,113,338,55,266,19,31,175,41,285,26,82,163,14
"2011","Wirral 001C","E01007231","Total",786,51,143,497,95,423,22,40,292,69,363,29,103,205,26
"2011","Wirral 001D","E01007237","Total",592,42,120,357,73,316,14,42,211,49,276,28,78,146,24
"2011","Wirral 001E","E01007238","Total",640,47,132,402,59,328,17,46,223,42,312,30,86,179,17
"2011","Wirral 002A","E01007218","Total",673,49,177,388,59,341,18,44,234,45,332,31,133,154,14
"2011","Wirral 002B","E01007232","Total",668,57,166,390,55,332,15,48,232,37,336,42,118,158,18
"2011","Wirral 002C","E01007233","Total",798,48,187,490,73,396,11,54,279,52,402,37,133,211,21
"2011","Wirral 002D","E01007234","Total",742,60,156,447,79,373,22,42,253,56,369,38,114,194,23
"2011","Wirral 002E","E01007236","Total",637,49,156,382,50,295,17,32,210,36,342,32,124,172,14
"2011","Wirral 003A","E01007307","Total",905,99,174,518,114,462,35,56,281,90,443,64,118,237,24
"2011","Wirral 003B","E01007308","Total",702,58,147,415,82,344,22,46,220,56,358,36,101,195,26
"2011","Wirral 003C","E01007312","Total",671,48,153,403,67,349,13,38,244,54,322,35,115,159,13
"2011","Wirral 003D","E01007313","Total",693,65,139,415,74,351,16,43,244,48,342,49,96,171,26
"2011","Wirral 003E","E01007315","Total",776,63,183,470,60,379,17,39,276,47,397,46,144,194,13
"2011","Wirral 004A","E01007211","Total",572,53,129,337,53,305,18,34,215,38,267,35,95,122,15
"2011","Wirral 004B","E01007235","Total",708,54,169,418,67,345,16,40,237,52,363,38,129,181,15
"2011","Wirral 004C","E01007310","Total",687,73,116,420,78,345,20,26,242,57,342,53,90,178,21
"2011","Wirral 004D","E01007311","Total",751,52,145,468,86,409,18,40,280,71,342,34,105,188,15
"2011","Wirral 004E","E01007314","Total",747,68,170,437,72,360,19,44,237,60,387,49,126,200,12
"2011","Wirral 004F","E01007316","Total",752,75,149,460,68,370,20,37,257,56,382,55,112,203,12
"2011","Wirral 005A","E01007215","Total",532,32,140,299,61,286,9,49,181,47,246,23,91,118,14
"2011","Wirral 005B","E01007216","Total",703,64,158,408,73,349,16,34,241,58,354,48,124,167,15
"2011","Wirral 005C","E01007219","Total",678,50,153,427,48,351,18,39,257,37,327,32,114,170,11
"2011","Wirral 005D","E01007220","Total",467,46,114,269,38,235,17,39,150,29,232,29,75,119,9
"2011","Wirral 005E","E01007275","Total",703,50,160,424,69,357,13,37,255,52,346,37,123,169,17
"2011","Wirral 006A","E01007203","Total",1153,73,213,721,146,585,24,51,401,109,568,49,162,320,37
"2011","Wirral 006B","E01007205","Total",627,48,151,383,45,319,12,38,234,35,308,36,113,149,10
"2011","Wirral 006C","E01007210","Total",819,57,188,485,89,398,21,56,262,59,421,36,132,223,30
"2011","Wirral 006D","E01007309","Total",723,61,171,409,82,377,24,38,252,63,346,37,133,157,19
"2011","Wirral 007A","E01007212","Total",672,57,138,418,59,340,13,39,246,42,332,44,99,172,17
"2011","Wirral 007B","E01007213","Total",739,69,174,421,75,383,22,45,254,62,356,47,129,167,13
"2011","Wirral 007C","E01007214","Total",596,49,147,340,60,297,9,40,198,50,299,40,107,142,10
"2011","Wirral 007D","E01007217","Total",735,38,166,472,59,380,14,51,270,45,355,24,115,202,14
"2011","Wirral 007E","E01007276","Total",696,58,155,432,51,355,21,43,249,42,341,37,112,183,9
"2011","Wirral 008A","E01007272","Total",534,39,143,298,54,285,19,36,191,39,249,20,107,107,15
"2011","Wirral 008B","E01007273","Total",433,39,122,247,25,217,15,34,147,21,216,24,88,100,4
"2011","Wirral 008C","E01007274","Total",379,31,135,195,18,171,3,47,110,11,208,28,88,85,7
"2011","Wirral 008D","E01007277","Total",541,43,137,314,47,283,14,37,192,40,258,29,100,122,7
"2011","Wirral 008E","E01007278","Total",528,48,135,311,34,253,9,31,189,24,275,39,104,122,10
"2011","Wirral 009A","E01007204","Total",480,40,152,248,40,228,12,40,143,33,252,28,112,105,7
"2011","Wirral 009B","E01007206","Total",942,75,213,565,89,471,19,53,330,69,471,56,160,235,20
"2011","Wirral 009C","E01007207","Total",391,36,98,227,30,191,14,25,128,24,200,22,73,99,6
"2011","Wirral 009D","E01007209","Total",418,34,97,246,41,225,14,24,155,32,193,20,73,91,9
"2011","Wirral 010C","E01007269","Total",700,50,167,417,66,331,4,40,240,47,369,46,127,177,19
"2011","Wirral 010D","E01007270","Total",700,54,182,412,52,346,18,46,247,35,354,36,136,165,17
"2011","Wirral 010E","E01007271","Total",698,47,156,437,58,349,10,39,256,44,349,37,117,181,14
"2011","Wirral 010F","E01032903","Total",898,82,233,522,61,425,17,56,305,47,473,65,177,217,14
"2011","Wirral 011A","E01007120","Total",505,51,135,270,49,224,12,30,142,40,281,39,105,128,9
"2011","Wirral 011B","E01007121","Total",484,43,118,295,28,226,14,35,157,20,258,29,83,138,8
"2011","Wirral 011C","E01007122","Total",337,41,84,183,29,165,7,24,110,24,172,34,60,73,5
"2011","Wirral 011D","E01007123","Total",559,67,153,301,38,264,16,38,181,29,295,51,115,120,9
"2011","Wirral 011E","E01007124","Total",452,45,163,218,26,191,12,35,124,20,261,33,128,94,6
"2011","Wirral 012A","E01007208","Total",753,62,180,439,72,387,13,45,270,59,366,49,135,169,13
"2011","Wirral 012B","E01007221","Total",660,61,138,404,57,339,15,28,249,47,321,46,110,155,10
"2011","Wirral 012C","E01007225","Total",783,76,174,460,73,395,21,42,273,59,388,55,132,187,14
"2011","Wirral 012D","E01007227","Total",551,50,129,321,51,285,10,34,203,38,266,40,95,118,13
"2011","Wirral 012E","E01007228","Total",469,32,118,285,34,264,8,41,186,29,205,24,77,99,5
"2011","Wirral 013A","E01007195","Total",778,76,175,426,101,389,20,42,247,80,389,56,133,179,21
"2011","Wirral 013B","E01007199","Total",725,75,151,398,101,362,20,37,230,75,363,55,114,168,26
"2011","Wirral 013C","E01007222","Total",833,60,178,519,76,419,14,31,310,64,414,46,147,209,12
"2011","Wirral 013D","E01007223","Total",784,51,148,503,82,399,10,41,281,67,385,41,107,222,15
"2011","Wirral 014A","E01007193","Total",707,60,147,387,113,385,24,44,228,89,322,36,103,159,24
"2011","Wirral 014B","E01007194","Total",723,64,121,433,105,385,21,34,255,75,338,43,87,178,30
"2011","Wirral 014C","E01007200","Total",833,85,168,447,133,421,19,45,266,91,412,66,123,181,42
"2011","Wirral 014D","E01007201","Total",717,60,155,405,97,360,24,34,234,68,357,36,121,171,29
"2011","Wirral 014E","E01007202","Total",629,63,129,364,73,304,17,28,206,53,325,46,101,158,20
"2011","Wirral 015A","E01007125","Total",732,65,180,434,53,358,20,37,261,40,374,45,143,173,13
"2011","Wirral 015B","E01007156","Total",735,60,163,443,69,368,21,39,260,48,367,39,124,183,21
"2011","Wirral 015C","E01007157","Total",762,61,181,448,72,388,21,41,271,55,374,40,140,177,17
"2011","Wirral 015D","E01007158","Total",746,78,142,460,66,385,28,27,277,53,361,50,115,183,13
"2011","Wirral 015E","E01007159","Total",847,73,164,481,129,442,23,40,287,92,405,50,124,194,37
"2011","Wirral 016A","E01007126","Total",760,51,150,470,89,403,20,48,267,68,357,31,102,203,21
"2011","Wirral 016B","E01007127","Total",459,48,133,248,30,225,15,30,155,25,234,33,103,93,5
"2011","Wirral 016C","E01007128","Total",493,45,123,284,41,262,14,37,178,33,231,31,86,106,8
"2011","Wirral 016D","E01007129","Total",556,57,130,321,48,288,19,43,190,36,268,38,87,131,12
"2011","Wirral 016E","E01007133","Total",264,18,87,140,19,133,7,30,83,13,131,11,57,57,6
"2011","Wirral 017A","E01007224","Total",745,61,165,445,74,381,10,42,270,59,364,51,123,175,15
"2011","Wirral 017B","E01007226","Total",689,55,162,409,63,360,18,42,255,45,329,37,120,154,18
"2011","Wirral 017C","E01007265","Total",683,58,164,410,51,332,16,25,251,40,351,42,139,159,11
"2011","Wirral 017D","E01007299","Total",708,44,157,452,55,363,17,36,267,43,345,27,121,185,12
"2011","Wirral 017E","E01007306","Total",845,60,147,540,98,424,16,30,305,73,421,44,117,235,25
"2011","Wirral 018A","E01007297","Total",517,62,111,299,45,246,15,19,175,37,271,47,92,124,8
"2011","Wirral 018B","E01007298","Total",692,67,142,390,93,350,31,27,220,72,342,36,115,170,21
"2011","Wirral 018C","E01007301","Total",770,63,161,475,71,390,13,35,285,57,380,50,126,190,14
"2011","Wirral 018D","E01007302","Total",655,53,154,390,58,326,19,37,228,42,329,34,117,162,16
"2011","Wirral 018E","E01007305","Total",818,58,156,504,100,422,20,41,283,78,396,38,115,221,22
"2011","Wirral 019A","E01007119","Total",536,53,139,299,45,259,14,42,168,35,277,39,97,131,10
"2011","Wirral 019B","E01007161","Total",683,62,139,409,73,352,12,34,245,61,331,50,105,164,12
"2011","Wirral 019C","E01007162","Total",512,44,159,269,40,233,15,33,159,26,279,29,126,110,14
"2011","Wirral 019D","E01007300","Total",745,55,230,393,67,358,12,52,239,55,387,43,178,154,12
"2011","Wirral 020A","E01007155","Total",739,53,118,471,97,401,23,44,266,68,338,30,74,205,29
"2011","Wirral 020B","E01007160","Total",842,62,172,513,95,445,23,40,317,65,397,39,132,196,30
"2011","Wirral 020C","E01007240","Total",751,57,113,485,96,405,24,37,275,69,346,33,76,210,27
"2011","Wirral 020D","E01007241","Total",638,54,127,379,78,327,12,32,223,60,311,42,95,156,18
"2011","Wirral 020E","E01007242","Total",813,75,133,499,106,436,31,40,290,75,377,44,93,209,31
"2011","Wirral 021A","E01007130","Total",724,68,201,405,50,385,22,87,231,45,339,46,114,174,5
"2011","Wirral 021B","E01007131","Total",593,51,147,355,40,297,12,34,214,37,296,39,113,141,3
"2011","Wirral 021C","E01007179","Total",525,40,104,343,38,276,11,31,204,30,249,29,73,139,8
"2011","Wirral 021D","E01007291","Total",638,54,143,392,49,317,18,39,225,35,321,36,104,167,14
"2011","Wirral 021E","E01007292","Total",510,41,121,303,45,267,16,33,184,34,243,25,88,119,11
"2011","Wirral 021F","E01007294","Total",657,60,151,405,41,319,18,31,239,31,338,42,120,166,10
"2011","Wirral 022A","E01007180","Total",727,44,169,439,75,377,13,54,258,52,350,31,115,181,23
"2011","Wirral 022B","E01007181","Total",733,59,173,438,63,373,22,43,261,47,360,37,130,177,16
"2011","Wirral 022C","E01007239","Total",787,37,164,510,76,399,13,47,288,51,388,24,117,222,25
"2011","Wirral 022D","E01007243","Total",741,71,140,441,89,367,16,30,257,64,374,55,110,184,25
"2011","Wirral 022E","E01007244","Total",974,61,202,635,76,493,16,55,365,57,481,45,147,270,19
"2011","Wirral 023A","E01007259","Total",623,70,111,365,77,325,27,24,212,62,298,43,87,153,15
"2011","Wirral 023B","E01007261","Total",582,62,127,325,68,302,26,33,195,48,280,36,94,130,20
"2011","Wirral 023C","E01007264","Total",692,79,153,394,66,345,25,40,229,51,347,54,113,165,15
"2011","Wirral 023D","E01007266","Total",725,56,158,430,81,376,21,35,262,58,349,35,123,168,23
"2011","Wirral 023E","E01007267","Total",726,68,165,424,69,360,21,38,249,52,366,47,127,175,17
"2011","Wirral 023F","E01007268","Total",551,55,109,315,72,289,15,37,190,47,262,40,72,125,25
"2011","Wirral 024A","E01007163","Total",1171,100,236,696,139,600,27,60,394,119,571,73,176,302,20
"2011","Wirral 024B","E01007245","Total",727,67,155,440,65,386,22,31,281,52,341,45,124,159,13
"2011","Wirral 024C","E01007246","Total",777,69,175,464,69,404,18,43,289,54,373,51,132,175,15
"2011","Wirral 024D","E01007247","Total",912,80,196,534,102,469,26,46,316,81,443,54,150,218,21
"2011","Wirral 024E","E01007252","Total",755,59,165,472,59,384,19,33,282,50,371,40,132,190,9
"2011","Wirral 025A","E01007249","Total",536,39,136,322,39,278,8,36,203,31,258,31,100,119,8
"2011","Wirral 025B","E01007251","Total",583,55,109,350,69,321,14,27,231,49,262,41,82,119,20
"2011","Wirral 025C","E01007257","Total",493,42,133,278,40,238,17,26,162,33,255,25,107,116,7
"2011","Wirral 025D","E01007303","Total",514,40,135,309,30,247,10,33,181,23,267,30,102,128,7
"2011","Wirral 025E","E01007304","Total",520,47,152,278,43,243,14,35,161,33,277,33,117,117,10
"2011","Wirral 026A","E01007196","Total",616,59,127,351,79,319,22,37,201,59,297,37,90,150,20
"2011","Wirral 026B","E01007197","Total",763,82,174,379,128,407,22,54,234,97,356,60,120,145,31
"2011","Wirral 026C","E01007198","Total",782,68,130,466,118,415,21,39,269,86,367,47,91,197,32
"2011","Wirral 026D","E01007263","Total",564,53,129,322,60,287,18,40,186,43,277,35,89,136,17
"2011","Wirral 026E","E01007282","Total",670,73,135,359,103,327,22,33,204,68,343,51,102,155,35
"2011","Wirral 027A","E01007175","Total",675,55,172,398,50,350,15,51,247,37,325,40,121,151,13
"2011","Wirral 027B","E01007290","Total",593,43,145,352,53,304,21,39,209,35,289,22,106,143,18
"2011","Wirral 027C","E01007293","Total",398,41,115,222,20,188,14,28,131,15,210,27,87,91,5
"2011","Wirral 027D","E01007295","Total",446,34,115,254,43,205,10,24,138,33,241,24,91,116,10
"2011","Wirral 027E","E01007296","Total",690,57,166,413,54,319,17,39,229,34,371,40,127,184,20
"2011","Wirral 028A","E01007258","Total",701,53,144,416,88,367,21,31,254,61,334,32,113,162,27
"2011","Wirral 028B","E01007260","Total",689,77,143,386,83,357,29,30,234,64,332,48,113,152,19
"2011","Wirral 028C","E01007262","Total",673,86,143,327,117,353,35,27,205,86,320,51,116,122,31
"2011","Wirral 028D","E01007281","Total",544,77,96,257,114,299,19,27,157,96,245,58,69,100,18
"2011","Wirral 028E","E01007283","Total",517,85,84,237,111,297,27,28,156,86,220,58,56,81,25
"2011","Wirral 029A","E01007173","Total",692,57,153,413,69,351,20,28,247,56,341,37,125,166,13
"2011","Wirral 029B","E01007174","Total",740,56,186,435,63,356,12,44,256,44,384,44,142,179,19
"2011","Wirral 029C","E01007176","Total",699,55,151,444,49,364,22,41,265,36,335,33,110,179,13
"2011","Wirral 029D","E01007177","Total",616,70,150,361,35,274,17,33,199,25,342,53,117,162,10
"2011","Wirral 029E","E01007178","Total",731,70,164,424,73,370,25,34,261,50,361,45,130,163,23
"2011","Wirral 030A","E01007248","Total",732,75,138,411,108,383,21,40,236,86,349,54,98,175,22
"2011","Wirral 030B","E01007250","Total",705,64,184,405,52,361,18,40,267,36,344,46,144,138,16
"2011","Wirral 030C","E01007253","Total",646,62,145,369,70,333,21,33,223,56,313,41,112,146,14
"2011","Wirral 030D","E01007254","Total",727,78,153,400,96,366,31,28,232,75,361,47,125,168,21
"2011","Wirral 031A","E01007115","Total",738,64,142,468,64,372,19,37,272,44,366,45,105,196,20
"2011","Wirral 031B","E01007138","Total",648,41,169,388,50,349,18,40,252,39,299,23,129,136,11
"2011","Wirral 031C","E01007139","Total",722,66,155,448,53,360,13,42,261,44,362,53,113,187,9
"2011","Wirral 031D","E01007141","Total",729,62,153,442,72,354,26,50,233,45,375,36,103,209,27
"2011","Wirral 031E","E01007289","Total",471,37,148,249,37,234,11,46,148,29,237,26,102,101,8
"2011","Wirral 032A","E01007111","Total",816,84,173,479,80,405,29,37,279,60,411,55,136,200,20
"2011","Wirral 032B","E01007112","Total",716,48,159,448,61,361,16,31,267,47,355,32,128,181,14
"2011","Wirral 032C","E01007113","Total",675,70,134,387,84,351,25,23,238,65,324,45,111,149,19
"2011","Wirral 032D","E01007114","Total",669,47,182,393,47,307,18,34,216,39,362,29,148,177,8
"2011","Wirral 032E","E01007116","Total",740,53,156,457,74,395,17,38,288,52,345,36,118,169,22
"2011","Wirral 033A","E01007280","Total",842,81,185,473,103,430,23,46,288,73,412,58,139,185,30
"2011","Wirral 033B","E01007284","Total",766,78,169,412,107,406,27,39,256,84,360,51,130,156,23
"2011","Wirral 033C","E01007285","Total",672,71,150,378,73,333,18,41,216,58,339,53,109,162,15
"2011","Wirral 033D","E01007287","Total",783,71,183,466,63,403,26,42,287,48,380,45,141,179,15
"2011","Wirral 034A","E01007183","Total",622,43,133,347,99,318,13,33,198,74,304,30,100,149,25
"2011","Wirral 034B","E01007255","Total",702,68,151,382,101,364,21,34,238,71,338,47,117,144,30
"2011","Wirral 034C","E01007256","Total",650,57,136,379,78,315,16,30,208,61,335,41,106,171,17
"2011","Wirral 034D","E01007279","Total",802,66,172,483,81,398,23,36,271,68,404,43,136,212,13
"2011","Wirral 034E","E01007286","Total",665,61,144,378,82,350,26,40,221,63,315,35,104,157,19
"2011","Wirral 035A","E01007110","Total",757,66,153,467,71,367,13,34,268,52,390,53,119,199,19
"2011","Wirral 035B","E01007117","Total",857,71,200,512,74,426,24,41,305,56,431,47,159,207,18
"2011","Wirral 035C","E01007118","Total",645,63,150,377,55,330,21,44,223,42,315,42,106,154,13
"2011","Wirral 035D","E01007151","Total",743,62,153,462,66,373,19,32,272,50,370,43,121,190,16
"2011","Wirral 035E","E01007154","Total",723,62,163,419,79,370,22,36,249,63,353,40,127,170,16
"2011","Wirral 036A","E01007140","Total",846,75,175,529,67,434,27,46,311,50,412,48,129,218,17
"2011","Wirral 036B","E01007142","Total",899,76,149,558,116,461,19,32,334,76,438,57,117,224,40
"2011","Wirral 036C","E01007143","Total",873,71,188,543,71,434,16,30,333,55,439,55,158,210,16
"2011","Wirral 036D","E01007152","Total",705,62,129,455,59,356,13,25,269,49,349,49,104,186,10
"2011","Wirral 036E","E01007153","Total",567,48,133,339,47,282,15,29,202,36,285,33,104,137,11
"2011","Wirral 037A","E01007182","Total",636,79,105,336,116,345,21,26,210,88,291,58,79,126,28
"2011","Wirral 037B","E01007184","Total",679,76,152,352,99,331,10,42,201,78,348,66,110,151,21
"2011","Wirral 037C","E01007185","Total",801,76,158,464,103,403,30,30,270,73,398,46,128,194,30
"2011","Wirral 037D","E01007192","Total",517,68,126,240,83,268,24,26,153,65,249,44,100,87,18
"2011","Wirral 037E","E01007288","Total",612,55,159,337,61,301,23,34,198,46,311,32,125,139,15
"2011","Wirral 038A","E01007144","Total",597,53,110,330,104,305,13,29,191,72,292,40,81,139,32
"2011","Wirral 038B","E01007145","Total",585,65,126,333,61,306,24,32,203,47,279,41,94,130,14
"2011","Wirral 038C","E01007146","Total",797,65,168,479,85,415,24,37,288,66,382,41,131,191,19
"2011","Wirral 038D","E01007147","Total",607,81,137,326,63,311,25,29,207,50,296,56,108,119,13
"2011","Wirral 038E","E01007148","Total",734,67,152,422,93,386,22,26,266,72,348,45,126,156,21
"2011","Wirral 039A","E01007135","Total",707,70,164,420,53,368,17,31,276,44,339,53,133,144,9
"2011","Wirral 039B","E01007136","Total",688,46,146,444,52,347,13,34,257,43,341,33,112,187,9
"2011","Wirral 039C","E01007137","Total",703,60,149,426,68,349,21,36,245,47,354,39,113,181,21
"2011","Wirral 039D","E01007170","Total",705,65,154,421,65,373,16,29,274,54,332,49,125,147,11
"2011","Wirral 040A","E01007186","Total",691,73,140,365,113,352,25,31,213,83,339,48,109,152,30
"2011","Wirral 040B","E01007187","Total",623,74,116,335,98,328,21,30,201,76,295,53,86,134,22
"2011","Wirral 040C","E01007188","Total",665,58,134,360,113,347,20,29,208,90,318,38,105,152,23
"2011","Wirral 040D","E01007189","Total",679,93,141,328,117,365,39,36,209,81,314,54,105,119,36
"2011","Wirral 040E","E01007190","Total",591,93,118,253,127,314,25,27,168,94,277,68,91,85,33
"2011","Wirral 040F","E01007191","Total",557,69,108,275,105,311,23,31,172,85,246,46,77,103,20
"2011","Wirral 041A","E01007149","Total",690,58,148,423,61,377,18,34,272,53,313,40,114,151,8
"2011","Wirral 041B","E01007150","Total",748,64,160,451,73,386,22,28,279,57,362,42,132,172,16
"2011","Wirral 041C","E01007165","Total",625,53,123,378,71,329,16,24,234,55,296,37,99,144,16
"2011","Wirral 041D","E01007171","Total",781,72,163,475,71,420,23,38,304,55,361,49,125,171,16
"2011","Wirral 041E","E01007172","Total",705,64,140,414,87,362,10,21,259,72,343,54,119,155,15
"2011","Wirral 042A","E01007164","Total",876,57,177,544,98,449,19,31,325,74,427,38,146,219,24
"2011","Wirral 042B","E01007166","Total",695,69,142,424,60,371,28,35,264,44,324,41,107,160,16
"2011","Wirral 042C","E01007167","Total",641,65,115,406,55,330,18,17,252,43,311,47,98,154,12
"2011","Wirral 042D","E01007168","Total",676,64,141,407,64,334,18,20,249,47,342,46,121,158,17
"2011","Wirral 042E","E01007169","Total",814,74,157,504,79,413,19,30,304,60,401,55,127,200,19
"2011","East Riding of Yorkshire 001A","E01012933","Total",429,59,109,193,68,226,22,31,122,51,203,37,78,71,17
"2011","East Riding of Yorkshire 001B","E01012934","Total",657,80,133,352,92,356,22,40,220,74,301,58,93,132,18
"2011","East Riding of Yorkshire 001C","E01012938","Total",873,104,196,486,87,440,29,44,299,68,433,75,152,187,19
"2011","East Riding of Yorkshire 001D","E01012939","Total",706,81,142,371,112,364,25,29,228,82,342,56,113,143,30
"2011","East Riding of Yorkshire 001E","E01012940","Total",656,73,165,338,80,331,23,44,200,64,325,50,121,138,16
"2011","East Riding of Yorkshire 001F","E01012941","Total",456,44,105,244,63,237,12,17,152,56,219,32,88,92,7
"2011","East Riding of Yorkshire 002A","E01012929","Total",931,87,217,524,103,472,21,47,317,87,459,66,170,207,16
"2011","East Riding of Yorkshire 002B","E01012930","Total",608,70,158,304,76,296,18,31,181,66,312,52,127,123,10
"2011","East Riding of Yorkshire 002C","E01012935","Total",466,45,111,239,71,248,16,29,147,56,218,29,82,92,15
"2011","East Riding of Yorkshire 002D","E01012937","Total",784,91,193,376,124,414,28,48,240,98,370,63,145,136,26
"2011","East Riding of Yorkshire 002E","E01012942","Total",377,40,105,194,38,192,16,26,117,33,185,24,79,77,5
"2011","East Riding of Yorkshire 003A","E01012928","Total",556,60,147,293,56,279,21,37,173,48,277,39,110,120,8
"2011","East Riding of Yorkshire 003B","E01012931","Total",475,65,138,229,43,237,23,36,143,35,238,42,102,86,8
"2011","East Riding of Yorkshire 003C","E01012932","Total",565,51,148,304,62,292,13,39,193,47,273,38,109,111,15
"2011","East Riding of Yorkshire 003D","E01012946","Total",490,56,136,241,57,267,17,37,164,49,223,39,99,77,8
"2011","East Riding of Yorkshire 003E","E01012949","Total",474,39,114,275,46,262,13,33,180,36,212,26,81,95,10
"2011","East Riding of Yorkshire 004A","E01012936","Total",470,62,106,227,75,252,19,31,143,59,218,43,75,84,16
"2011","East Riding of Yorkshire 004B","E01012943","Total",700,62,180,383,75,348,17,36,237,58,352,45,144,146,17
"2011","East Riding of Yorkshire 004C","E01012945","Total",612,64,156,306,86,315,26,46,184,59,297,38,110,122,27
"2011","East Riding of Yorkshire 004D","E01012952","Total",605,63,146,282,114,315,28,40,168,79,290,35,106,114,35
"2011","East Riding of Yorkshire 005A","E01012944","Total",496,52,140,230,74,270,23,56,134,57,226,29,84,96,17
"2011","East Riding of Yorkshire 005B","E01012947","Total",597,64,151,303,79,324,26,49,180,69,273,38,102,123,10
"2011","East Riding of Yorkshire 005C","E01012948","Total",518,44,126,259,89,283,17,41,165,60,235,27,85,94,29
"2011","East Riding of Yorkshire 005D","E01012951","Total",466,53,98,235,80,261,20,38,154,49,205,33,60,81,31
"2011","East Riding of Yorkshire 006A","E01012950","Total",571,73,146,270,82,309,33,40,170,66,262,40,106,100,16
"2011","East Riding of Yorkshire 006B","E01012990","Total",709,79,156,327,147,376,20,52,191,113,333,59,104,136,34
"2011","East Riding of Yorkshire 006C","E01012991","Total",764,79,154,382,149,393,17,32,223,121,371,62,122,159,28
"2011","East Riding of Yorkshire 006D","E01012992","Total",692,74,145,327,146,379,17,41,205,116,313,57,104,122,30
"2011","East Riding of Yorkshire 008A","E01012978","Total",637,72,139,347,79,332,19,31,213,69,305,53,108,134,10
"2011","East Riding of Yorkshire 008B","E01012981","Total",717,82,136,373,126,384,16,41,231,96,333,66,95,142,30
"2011","East Riding of Yorkshire 008C","E01012983","Total",909,92,170,526,121,484,30,31,332,91,425,62,139,194,30
"2011","East Riding of Yorkshire 008D","E01012989","Total",794,84,166,422,122,416,24,38,252,102,378,60,128,170,20
"2011","East Riding of Yorkshire 008E","E01013125","Total",905,91,154,470,190,469,27,27,272,143,436,64,127,198,47
"2011","East Riding of Yorkshire 009A","E01013057","Total",797,97,161,394,145,412,27,30,245,110,385,70,131,149,35
"2011","East Riding of Yorkshire 009B","E01013059","Total",874,88,169,490,127,460,27,33,298,102,414,61,136,192,25
"2011","East Riding of Yorkshire 009C","E01013060","Total",920,104,192,505,119,479,30,47,308,94,441,74,145,197,25
"2011","East Riding of Yorkshire 009D","E01013061","Total",807,91,162,450,104,410,24,30,269,87,397,67,132,181,17
"2011","East Riding of Yorkshire 009E","E01013126","Total",938,117,211,447,163,525,47,71,275,132,413,70,140,172,31
"2011","East Riding of Yorkshire 010A","E01012986","Total",663,80,164,292,127,348,16,44,182,106,315,64,120,110,21
"2011","East Riding of Yorkshire 010B","E01012987","Total",859,102,164,426,167,448,27,31,252,138,411,75,133,174,29
"2011","East Riding of Yorkshire 010C","E01012988","Total",821,82,149,423,167,437,16,30,255,136,384,66,119,168,31
"2011","East Riding of Yorkshire 010D","E01013048","Total",988,108,187,492,201,534,37,45,290,162,454,71,142,202,39
"2011","East Riding of Yorkshire 011A","E01013052","Total",845,87,170,459,129,434,27,37,266,104,411,60,133,193,25
"2011","East Riding of Yorkshire 011B","E01013053","Total",594,62,129,307,96,312,20,29,193,70,282,42,100,114,26
"2011","East Riding of Yorkshire 011C","E01013054","Total",1039,86,196,583,174,534,30,31,338,135,505,56,165,245,39
"2011","East Riding of Yorkshire 011D","E01013055","Total",751,74,144,424,109,395,21,30,257,87,356,53,114,167,22
"2011","East Riding of Yorkshire 011E","E01013056","Total",811,68,164,460,119,432,25,38,277,92,379,43,126,183,27
"2011","East Riding of Yorkshire 011F","E01013058","Total",680,60,151,354,115,354,14,34,214,92,326,46,117,140,23
"2011","East Riding of Yorkshire 011G","E01013119","Total",792,97,143,344,208,420,25,33,196,166,372,72,110,148,42
"2011","East Riding of Yorkshire 012A","E01013046","Total",670,81,154,333,102,353,22,36,218,77,317,59,118,115,25
"2011","East Riding of Yorkshire 012B","E01013047","Total",631,74,144,324,89,322,23,42,192,65,309,51,102,132,24
"2011","East Riding of Yorkshire 012C","E01013049","Total",632,63,151,310,108,338,27,45,192,74,294,36,106,118,34
"2011","East Riding of Yorkshire 012D","E01013050","Total",696,65,159,353,119,369,23,39,218,89,327,42,120,135,30
"2011","East Riding of Yorkshire 012E","E01013051","Total",617,70,144,333,70,319,27,34,196,62,298,43,110,137,8
"2011","East Riding of Yorkshire 013A","E01012922","Total",785,93,144,395,153,420,26,32,232,130,365,67,112,163,23
"2011","East Riding of Yorkshire 013B","E01012923","Total",835,71,135,410,219,481,15,24,250,192,354,56,111,160,27
"2011","East Riding of Yorkshire 013C","E01012925","Total",686,72,140,351,123,359,18,37,210,94,327,54,103,141,29
"2011","East Riding of Yorkshire 013D","E01012927","Total",792,92,157,433,110,422,34,42,259,87,370,58,115,174,23
"2011","East Riding of Yorkshire 014A","E01012924","Total",941,111,168,503,159,482,38,32,293,119,459,73,136,210,40
"2011","East Riding of Yorkshire 014B","E01012926","Total",1173,111,240,667,155,620,26,54,418,122,553,85,186,249,33
"2011","East Riding of Yorkshire 014C","E01013027","Total",788,89,172,414,113,409,26,37,252,94,379,63,135,162,19
"2011","East Riding of Yorkshire 014D","E01013034","Total",928,106,194,475,153,480,25,38,296,121,448,81,156,179,32
"2011","East Riding of Yorkshire 015A","E01013120","Total",995,84,192,542,177,514,21,48,309,136,481,63,144,233,41
"2011","East Riding of Yorkshire 015B","E01013121","Total",1121,116,210,600,195,599,36,39,362,162,522,80,171,238,33
"2011","East Riding of Yorkshire 015C","E01013123","Total",835,78,157,475,125,457,24,37,293,103,378,54,120,182,22
"2011","East Riding of Yorkshire 015D","E01013124","Total",911,85,181,520,125,458,23,29,306,100,453,62,152,214,25
"2011","East Riding of Yorkshire 016A","E01013064","Total",819,93,159,461,106,402,23,19,283,77,417,70,140,178,29
"2011","East Riding of Yorkshire 016B","E01013065","Total",806,73,161,488,84,421,21,34,299,67,385,52,127,189,17
"2011","East Riding of Yorkshire 016C","E01013066","Total",824,109,183,433,99,415,33,39,270,73,409,76,144,163,26
"2011","East Riding of Yorkshire 016D","E01013067","Total",982,101,199,547,135,504,27,52,313,112,478,74,147,234,23
"2011","East Riding of Yorkshire 016E","E01013068","Total",589,84,134,285,86,305,26,28,186,65,284,58,106,99,21
"2011","East Riding of Yorkshire 016F","E01013070","Total",671,74,124,361,112,349,16,34,216,83,322,58,90,145,29
"2011","East Riding of Yorkshire 017A","E01013038","Total",602,58,163,314,67,310,13,34,206,57,292,45,129,108,10
"2011","East Riding of Yorkshire 017B","E01013045","Total",665,75,146,391,53,329,15,36,239,39,336,60,110,152,14
"2011","East Riding of Yorkshire 017C","E01013069","Total",799,84,161,471,83,423,28,38,291,66,376,56,123,180,17
"2011","East Riding of Yorkshire 017D","E01013071","Total",666,54,125,405,82,352,16,37,238,61,314,38,88,167,21
"2011","East Riding of Yorkshire 018A","E01013022","Total",1038,114,199,532,193,564,41,38,329,156,474,73,161,203,37
"2011","East Riding of Yorkshire 018B","E01013023","Total",956,108,158,465,225,509,31,27,275,176,447,77,131,190,49
"2011","East Riding of Yorkshire 018C","E01013024","Total",972,90,200,542,140,481,23,32,314,112,491,67,168,228,28
"2011","East Riding of Yorkshire 018D","E01013122","Total",828,108,168,391,161,438,31,41,240,126,390,77,127,151,35
"2011","East Riding of Yorkshire 018E","E01013127","Total",795,65,168,374,188,444,23,34,236,151,351,42,134,138,37
"2011","East Riding of Yorkshire 019A","E01013036","Total",826,65,156,490,115,416,18,39,283,76,410,47,117,207,39
"2011","East Riding of Yorkshire 019B","E01013037","Total",858,61,146,555,96,435,17,24,319,75,423,44,122,236,21
"2011","East Riding of Yorkshire 019C","E01013040","Total",1173,82,206,705,180,598,20,40,403,135,575,62,166,302,45
"2011","East Riding of Yorkshire 019D","E01013041","Total",675,69,119,390,97,340,25,25,228,62,335,44,94,162,35
"2011","East Riding of Yorkshire 019E","E01013062","Total",847,99,166,446,136,437,33,47,270,87,410,66,119,176,49
"2011","East Riding of Yorkshire 019F","E01013063","Total",737,72,154,397,114,372,19,28,241,84,365,53,126,156,30
"2011","East Riding of Yorkshire 020A","E01012919","Total",782,162,155,331,134,394,54,39,207,94,388,108,116,124,40
"2011","East Riding of Yorkshire 020B","E01012921","Total",581,71,116,301,93,291,18,23,184,66,290,53,93,117,27
"2011","East Riding of Yorkshire 020C","E01013039","Total",899,92,179,494,134,486,30,40,312,104,413,62,139,182,30
"2011","East Riding of Yorkshire 020D","E01013042","Total",890,82,184,526,98,472,20,35,342,75,418,62,149,184,23
"2011","East Riding of Yorkshire 020E","E01013043","Total",749,80,164,399,106,387,29,30,243,85,362,51,134,156,21
"2011","East Riding of Yorkshire 020F","E01013044","Total",880,94,164,496,126,459,27,26,300,106,421,67,138,196,20
"2011","East Riding of Yorkshire 021A","E01013029","Total",661,76,140,329,116,349,16,43,202,88,312,60,97,127,28
"2011","East Riding of Yorkshire 021B","E01013030","Total",710,86,145,377,102,379,16,32,243,88,331,70,113,134,14
"2011","East Riding of Yorkshire 021C","E01013031","Total",731,86,139,401,105,386,22,31,247,86,345,64,108,154,19
"2011","East Riding of Yorkshire 021D","E01013032","Total",705,79,137,406,83,366,22,29,244,71,339,57,108,162,12
"2011","East Riding of Yorkshire 021E","E01013035","Total",687,75,148,379,85,368,19,36,240,73,319,56,112,139,12
"2011","East Riding of Yorkshire 022A","E01012954","Total",581,80,104,324,73,312,27,23,204,58,269,53,81,120,15
"2011","East Riding of Yorkshire 022B","E01012956","Total",598,84,120,340,54,312,27,30,212,43,286,57,90,128,11
"2011","East Riding of Yorkshire 022C","E01012958","Total",456,68,93,248,47,234,18,18,165,33,222,50,75,83,14
"2011","East Riding of Yorkshire 022D","E01012961","Total",586,69,141,305,71,319,27,27,201,64,267,42,114,104,7
"2011","East Riding of Yorkshire 022E","E01012966","Total",614,59,125,338,92,321,20,31,200,70,293,39,94,138,22
"2011","East Riding of Yorkshire 023A","E01012953","Total",561,64,95,317,85,303,21,24,188,70,258,43,71,129,15
"2011","East Riding of Yorkshire 023B","E01012955","Total",750,89,147,424,90,382,28,27,258,69,368,61,120,166,21
"2011","East Riding of Yorkshire 023C","E01012959","Total",741,76,149,436,80,375,29,40,238,68,366,47,109,198,12
"2011","East Riding of Yorkshire 023D","E01012962","Total",561,61,124,303,73,282,20,25,182,55,279,41,99,121,18
"2011","East Riding of Yorkshire 023E","E01012964","Total",769,55,190,461,63,392,15,36,292,49,377,40,154,169,14
"2011","East Riding of Yorkshire 024A","E01012920","Total",782,87,126,418,151,423,22,36,249,116,359,65,90,169,35
"2011","East Riding of Yorkshire 024B","E01012965","Total",517,57,95,267,98,274,16,24,158,76,243,41,71,109,22
"2011","East Riding of Yorkshire 024C","E01012967","Total",776,99,144,424,109,410,30,28,266,86,366,69,116,158,23
"2011","East Riding of Yorkshire 024D","E01012968","Total",878,95,172,463,148,452,23,38,287,104,426,72,134,176,44
"2011","East Riding of Yorkshire 024E","E01012969","Total",783,104,202,363,114,498,43,103,258,94,285,61,99,105,20
"2011","East Riding of Yorkshire 025A","E01012957","Total",856,204,166,384,102,430,89,49,219,73,426,115,117,165,29
"2011","East Riding of Yorkshire 025B","E01012960","Total",781,91,153,441,96,393,28,29,256,80,388,63,124,185,16
"2011","East Riding of Yorkshire 025C","E01012963","Total",541,47,131,309,54,276,21,23,192,40,265,26,108,117,14
"2011","East Riding of Yorkshire 025D","E01013112","Total",581,86,126,319,50,312,27,35,211,39,269,59,91,108,11
"2011","East Riding of Yorkshire 026A","E01013018","Total",911,91,193,487,140,473,23,27,304,119,438,68,166,183,21
"2011","East Riding of Yorkshire 026B","E01013019","Total",661,70,121,353,117,356,19,32,206,99,305,51,89,147,18
"2011","East Riding of Yorkshire 026C","E01013021","Total",759,67,133,435,124,421,17,28,270,106,338,50,105,165,18
"2011","East Riding of Yorkshire 026D","E01013025","Total",650,64,117,356,113,356,23,29,217,87,294,41,88,139,26
"2011","East Riding of Yorkshire 026E","E01013026","Total",849,73,191,449,136,458,26,41,281,110,391,47,150,168,26
"2011","East Riding of Yorkshire 027A","E01013105","Total",678,82,146,370,80,352,21,27,241,63,326,61,119,129,17
"2011","East Riding of Yorkshire 027B","E01013110","Total",771,84,149,448,90,386,25,27,272,62,385,59,122,176,28
"2011","East Riding of Yorkshire 027C","E01013111","Total",737,80,172,399,86,392,18,31,273,70,345,62,141,126,16
"2011","East Riding of Yorkshire 027D","E01013115","Total",809,59,164,503,83,419,15,26,309,69,390,44,138,194,14
"2011","East Riding of Yorkshire 027E","E01013117","Total",780,92,177,423,88,417,31,35,283,68,363,61,142,140,20
"2011","East Riding of Yorkshire 028A","E01013108","Total",751,91,159,399,102,401,31,32,259,79,350,60,127,140,23
"2011","East Riding of Yorkshire 028B","E01013113","Total",724,75,174,388,87,370,22,29,252,67,354,53,145,136,20
"2011","East Riding of Yorkshire 028C","E01013114","Total",724,92,155,347,130,388,20,38,214,116,336,72,117,133,14
"2011","East Riding of Yorkshire 028D","E01013116","Total",760,79,146,397,138,402,17,24,253,108,358,62,122,144,30
"2011","East Riding of Yorkshire 028E","E01013118","Total",655,101,136,324,94,344,43,24,206,71,311,58,112,118,23
"2011","East Riding of Yorkshire 029A","E01013094","Total",660,68,132,360,100,356,17,23,232,84,304,51,109,128,16
"2011","East Riding of Yorkshire 029B","E01013095","Total",729,82,150,398,99,370,28,38,219,85,359,54,112,179,14
"2011","East Riding of Yorkshire 029C","E01013096","Total",860,79,186,490,105,434,18,29,299,88,426,61,157,191,17
"2011","East Riding of Yorkshire 029D","E01013097","Total",735,64,147,440,84,382,23,37,251,71,353,41,110,189,13
"2011","East Riding of Yorkshire 029E","E01013102","Total",738,70,171,395,102,380,21,34,242,83,358,49,137,153,19
"2011","East Riding of Yorkshire 031A","E01013028","Total",851,84,180,445,142,460,21,36,285,118,391,63,144,160,24
"2011","East Riding of Yorkshire 031B","E01013078","Total",643,79,109,327,128,356,18,32,199,107,287,61,77,128,21
"2011","East Riding of Yorkshire 031C","E01013081","Total",739,62,133,400,144,391,12,22,236,121,348,50,111,164,23
"2011","East Riding of Yorkshire 031D","E01013082","Total",695,73,157,379,86,368,16,39,240,73,327,57,118,139,13
"2011","East Riding of Yorkshire 031E","E01013085","Total",761,74,154,416,117,409,15,38,260,96,352,59,116,156,21
"2011","East Riding of Yorkshire 032A","E01012970","Total",765,87,165,394,119,403,25,42,242,94,362,62,123,152,25
"2011","East Riding of Yorkshire 032C","E01012972","Total",742,64,158,418,102,377,17,25,254,81,365,47,133,164,21
"2011","East Riding of Yorkshire 032D","E01012973","Total",1679,141,289,1005,244,903,32,60,611,200,776,109,229,394,44
"2011","East Riding of Yorkshire 032E","E01012974","Total",759,73,158,442,86,378,29,29,260,60,381,44,129,182,26
"2011","East Riding of Yorkshire 032F","E01013092","Total",1042,83,195,580,184,545,27,34,345,139,497,56,161,235,45
"2011","East Riding of Yorkshire 032G","E01033495","Total",866,45,106,577,138,466,17,8,328,113,400,28,98,249,25
"2011","East Riding of Yorkshire 032H","E01033496","Total",906,86,173,527,120,470,22,22,340,86,436,64,151,187,34
"2011","East Riding of Yorkshire 033A","E01013033","Total",855,68,171,494,122,458,15,37,301,105,397,53,134,193,17
"2011","East Riding of Yorkshire 033B","E01013098","Total",1137,89,225,667,156,589,23,32,406,128,548,66,193,261,28
"2011","East Riding of Yorkshire 033C","E01013099","Total",546,48,123,294,81,288,10,27,185,66,258,38,96,109,15
"2011","East Riding of Yorkshire 033D","E01013100","Total",802,83,165,424,130,422,23,31,274,94,380,60,134,150,36
"2011","East Riding of Yorkshire 033E","E01013101","Total",851,84,172,485,110,446,21,28,305,92,405,63,144,180,18
"2011","East Riding of Yorkshire 034A","E01013008","Total",836,57,175,529,75,414,13,40,299,62,422,44,135,230,13
"2011","East Riding of Yorkshire 034B","E01013009","Total",692,65,138,368,121,366,13,39,218,96,326,52,99,150,25
"2011","East Riding of Yorkshire 034C","E01013013","Total",827,85,179,483,80,413,27,32,286,68,414,58,147,197,12
"2011","East Riding of Yorkshire 034D","E01013014","Total",753,67,183,430,73,394,23,34,279,58,359,44,149,151,15
"2011","East Riding of Yorkshire 034E","E01013107","Total",629,62,137,376,54,329,18,27,240,44,300,44,110,136,10
"2011","East Riding of Yorkshire 035A","E01013088","Total",744,103,151,344,146,404,35,36,219,114,340,68,115,125,32
"2011","East Riding of Yorkshire 035B","E01013089","Total",866,118,167,416,165,436,31,37,237,131,430,87,130,179,34
"2011","East Riding of Yorkshire 035C","E01013090","Total",703,77,147,381,98,368,26,24,245,73,335,51,123,136,25
"2011","East Riding of Yorkshire 035D","E01013091","Total",743,71,155,404,113,374,11,29,245,89,369,60,126,159,24
"2011","East Riding of Yorkshire 035E","E01013093","Total",686,81,134,337,134,356,20,31,196,109,330,61,103,141,25
"2011","East Riding of Yorkshire 036A","E01013005","Total",625,67,121,310,127,348,14,36,198,100,277,53,85,112,27
"2011","East Riding of Yorkshire 036B","E01013007","Total",813,80,164,463,106,412,21,32,279,80,401,59,132,184,26
"2011","East Riding of Yorkshire 036C","E01013011","Total",798,78,157,471,92,408,26,31,277,74,390,52,126,194,18
"2011","East Riding of Yorkshire 036D","E01013012","Total",779,75,163,419,122,401,21,20,264,96,378,54,143,155,26
"2011","East Riding of Yorkshire 037A","E01012996","Total",839,98,159,465,117,445,19,31,299,96,394,79,128,166,21
"2011","East Riding of Yorkshire 037B","E01012998","Total",1161,87,248,664,162,615,19,32,433,131,546,68,216,231,31
"2011","East Riding of Yorkshire 037C","E01013015","Total",876,70,144,526,136,469,12,26,322,109,407,58,118,204,27
"2011","East Riding of Yorkshire 037D","E01013016","Total",890,90,162,480,158,479,27,31,291,130,411,63,131,189,28
"2011","East Riding of Yorkshire 038A","E01013003","Total",642,50,136,373,83,344,15,23,234,72,298,35,113,139,11
"2011","East Riding of Yorkshire 038B","E01013017","Total",776,76,156,426,118,405,18,28,266,93,371,58,128,160,25
"2011","East Riding of Yorkshire 038C","E01013020","Total",1014,87,216,522,189,533,23,37,322,151,481,64,179,200,38
"2011","East Riding of Yorkshire 038D","E01013076","Total",702,59,126,374,143,377,12,20,228,117,325,47,106,146,26
"2011","East Riding of Yorkshire 039A","E01013079","Total",671,68,157,349,97,364,20,43,221,80,307,48,114,128,17
"2011","East Riding of Yorkshire 039B","E01013080","Total",474,48,118,247,61,231,13,27,142,49,243,35,91,105,12
"2011","East Riding of Yorkshire 039C","E01013083","Total",528,56,135,260,77,281,14,42,157,68,247,42,93,103,9
"2011","East Riding of Yorkshire 039D","E01013084","Total",397,41,101,208,47,205,8,25,138,34,192,33,76,70,13
"2011","East Riding of Yorkshire 039E","E01013086","Total",628,49,144,341,94,362,12,39,233,78,266,37,105,108,16
"2011","East Riding of Yorkshire 039F","E01013087","Total",608,78,122,297,111,330,16,42,184,88,278,62,80,113,23
"2011","East Riding of Yorkshire 040A","E01012993","Total",620,54,135,350,81,327,8,28,223,68,293,46,107,127,13
"2011","East Riding of Yorkshire 040B","E01012997","Total",952,56,167,632,97,506,15,27,391,73,446,41,140,241,24
"2011","East Riding of Yorkshire 040C","E01012999","Total",912,52,163,577,120,510,15,37,357,101,402,37,126,220,19
"2011","East Riding of Yorkshire 040D","E01013001","Total",844,85,171,490,98,444,14,28,319,83,400,71,143,171,15
"2011","East Riding of Yorkshire 040E","E01013074","Total",838,62,149,462,165,460,27,27,271,135,378,35,122,191,30
"2011","East Riding of Yorkshire 041A","E01012994","Total",814,81,181,464,88,438,16,38,307,77,376,65,143,157,11
"2011","East Riding of Yorkshire 041B","E01012995","Total",886,85,229,487,85,422,16,39,298,69,464,69,190,189,16
"2011","East Riding of Yorkshire 041C","E01013000","Total",846,66,132,528,120,462,12,28,332,90,384,54,104,196,30
"2011","East Riding of Yorkshire 041D","E01013002","Total",692,57,160,399,76,370,8,31,262,69,322,49,129,137,7
"2011","East Riding of Yorkshire 041E","E01013004","Total",769,74,152,431,112,391,13,31,265,82,378,61,121,166,30
"2011","East Riding of Yorkshire 042A","E01013072","Total",826,84,157,451,134,431,21,25,280,105,395,63,132,171,29
"2011","East Riding of Yorkshire 042B","E01013073","Total",845,87,177,459,122,456,26,35,296,99,389,61,142,163,23
"2011","East Riding of Yorkshire 042C","E01013075","Total",701,60,123,392,126,375,17,29,234,95,326,43,94,158,31
"2011","East Riding of Yorkshire 042D","E01013077","Total",1007,91,204,541,171,515,12,34,330,139,492,79,170,211,32
"2011","East Riding of Yorkshire 043A","E01013006","Total",843,77,182,494,90,416,22,25,297,72,427,55,157,197,18
"2011","East Riding of Yorkshire 043B","E01013010","Total",768,78,168,439,83,372,17,38,249,68,396,61,130,190,15
"2011","East Riding of Yorkshire 043C","E01013103","Total",704,83,162,404,55,347,16,30,258,43,357,67,132,146,12
"2011","East Riding of Yorkshire 043D","E01013104","Total",600,53,142,352,53,311,13,28,223,47,289,40,114,129,6
"2011","East Riding of Yorkshire 043E","E01013106","Total",531,48,126,312,45,272,12,22,203,35,259,36,104,109,10
"2011","East Riding of Yorkshire 043F","E01032596","Total",748,66,177,426,79,382,20,32,266,64,366,46,145,160,15
"2011","East Riding of Yorkshire 044A","E01012975","Total",739,62,165,410,102,383,16,33,248,86,356,46,132,162,16
"2011","East Riding of Yorkshire 044B","E01012977","Total",1350,136,292,735,187,703,31,54,458,160,647,105,238,277,27
"2011","East Riding of Yorkshire 044C","E01012984","Total",884,104,195,420,165,474,27,44,267,136,410,77,151,153,29
"2011","East Riding of Yorkshire 044D","E01012985","Total",743,81,152,393,117,384,27,31,230,96,359,54,121,163,21
"2011","East Riding of Yorkshire 045A","E01012976","Total",653,65,147,377,64,327,12,30,231,54,326,53,117,146,10
"2011","East Riding of Yorkshire 045B","E01012979","Total",727,64,152,432,79,384,20,37,269,58,343,44,115,163,21
"2011","East Riding of Yorkshire 045C","E01012980","Total",808,73,182,460,93,420,16,36,289,79,388,57,146,171,14
"2011","East Riding of Yorkshire 045D","E01012982","Total",832,85,166,460,121,425,24,51,258,92,407,61,115,202,29
"2011","Kingston upon Hull 001A","E01012779","Total",437,36,129,245,27,210,6,25,155,24,227,30,104,90,3
"2011","Kingston upon Hull 001B","E01012780","Total",527,44,163,277,43,270,16,32,185,37,257,28,131,92,6
"2011","Kingston upon Hull 001C","E01012781","Total",380,38,101,213,28,182,6,16,138,22,198,32,85,75,6
"2011","Kingston upon Hull 001E","E01012832","Total",704,44,162,423,75,370,15,28,263,64,334,29,134,160,11
"2011","Kingston upon Hull 001F","E01033105","Total",909,63,163,558,125,477,16,29,327,105,432,47,134,231,20
"2011","Kingston upon Hull 001G","E01033106","Total",798,42,113,547,96,424,11,27,318,68,374,31,86,229,28
"2011","Kingston upon Hull 001H","E01033107","Total",832,59,126,547,100,431,14,24,318,75,401,45,102,229,25
"2011","Kingston upon Hull 001I","E01033108","Total",905,59,171,581,94,470,12,20,357,81,435,47,151,224,13
"2011","Kingston upon Hull 002A","E01012782","Total",398,29,121,218,30,200,7,27,140,26,198,22,94,78,4
"2011","Kingston upon Hull 002B","E01012785","Total",402,35,125,211,31,200,11,35,131,23,202,24,90,80,8
"2011","Kingston upon Hull 002C","E01012786","Total",479,39,137,267,36,242,11,38,165,28,237,28,99,102,8
"2011","Kingston upon Hull 002D","E01012787","Total",526,50,145,294,37,270,17,32,189,32,256,33,113,105,5
"2011","Kingston upon Hull 002E","E01012788","Total",474,44,145,256,29,243,11,24,180,28,231,33,121,76,1
"2011","Kingston upon Hull 002F","E01012789","Total",517,47,139,295,36,259,12,21,194,32,258,35,118,101,4
"2011","Kingston upon Hull 003A","E01012875","Total",385,33,116,207,29,195,12,33,126,24,190,21,83,81,5
"2011","Kingston upon Hull 003B","E01012876","Total",463,48,128,254,33,238,11,34,165,28,225,37,94,89,5
"2011","Kingston upon Hull 003C","E01012877","Total",377,36,119,194,28,193,12,30,125,26,184,24,89,69,2
"2011","Kingston upon Hull 003D","E01012878","Total",497,51,138,281,27,260,14,33,193,20,237,37,105,88,7
"2011","Kingston upon Hull 003E","E01012879","Total",385,28,123,204,30,202,7,24,143,28,183,21,99,61,2
"2011","Kingston upon Hull 004A","E01012778","Total",506,38,148,277,43,260,11,37,176,36,246,27,111,101,7
"2011","Kingston upon Hull 004B","E01012783","Total",396,38,114,218,26,194,9,23,138,24,202,29,91,80,2
"2011","Kingston upon Hull 004C","E01012784","Total",988,84,212,590,102,483,21,30,339,93,505,63,182,251,9
"2011","Kingston upon Hull 004D","E01012790","Total",466,43,113,267,43,248,14,24,172,38,218,29,89,95,5
"2011","Kingston upon Hull 004E","E01012906","Total",584,61,161,323,39,278,18,27,198,35,306,43,134,125,4
"2011","Kingston upon Hull 004F","E01012908","Total",424,33,112,240,39,221,5,25,155,36,203,28,87,85,3
"2011","Kingston upon Hull 005A","E01012764","Total",518,52,104,303,59,281,18,22,192,49,237,34,82,111,10
"2011","Kingston upon Hull 005B","E01012765","Total",788,48,180,503,57,405,18,34,309,44,383,30,146,194,13
"2011","Kingston upon Hull 005C","E01012768","Total",720,56,151,445,68,377,15,26,277,59,343,41,125,168,9
"2011","Kingston upon Hull 005D","E01012769","Total",549,45,126,321,57,302,15,41,202,44,247,30,85,119,13
"2011","Kingston upon Hull 006A","E01012829","Total",856,76,175,515,90,455,19,35,317,84,401,57,140,198,6
"2011","Kingston upon Hull 006B","E01012830","Total",786,59,176,481,70,414,17,35,302,60,372,42,141,179,10
"2011","Kingston upon Hull 006C","E01012905","Total",513,49,129,285,50,274,10,26,195,43,239,39,103,90,7
"2011","Kingston upon Hull 006D","E01012910","Total",719,69,183,414,53,366,16,31,272,47,353,53,152,142,6
"2011","Kingston upon Hull 006E","E01012912","Total",917,81,204,543,89,486,19,43,346,78,431,62,161,197,11
"2011","Kingston upon Hull 007A","E01012822","Total",701,69,157,415,60,375,17,25,284,49,326,52,132,131,11
"2011","Kingston upon Hull 007B","E01012904","Total",705,59,146,422,78,383,20,40,258,65,322,39,106,164,13
"2011","Kingston upon Hull 007C","E01012907","Total",684,71,164,388,61,354,21,36,245,52,330,50,128,143,9
"2011","Kingston upon Hull 007D","E01012909","Total",827,68,171,525,63,415,26,38,299,52,412,42,133,226,11
"2011","Kingston upon Hull 007E","E01012911","Total",715,55,158,429,73,365,18,19,266,62,350,37,139,163,11
"2011","Kingston upon Hull 008A","E01012873","Total",458,53,136,235,34,210,13,20,147,30,248,40,116,88,4
"2011","Kingston upon Hull 008B","E01012874","Total",490,45,135,264,46,244,7,32,164,41,246,38,103,100,5
"2011","Kingston upon Hull 008C","E01012880","Total",524,52,142,285,45,269,10,38,181,40,255,42,104,104,5
"2011","Kingston upon Hull 008D","E01012881","Total",503,53,120,299,31,262,19,19,199,25,241,34,101,100,6
"2011","Kingston upon Hull 008E","E01012915","Total",528,42,125,315,46,249,6,25,182,36,279,36,100,133,10
"2011","Kingston upon Hull 008F","E01012917","Total",489,35,117,291,46,263,7,25,192,39,226,28,92,99,7
"2011","Kingston upon Hull 008G","E01012918","Total",550,43,144,325,38,276,12,30,206,28,274,31,114,119,10
"2011","Kingston upon Hull 009A","E01012833","Total",523,35,148,295,45,261,11,33,180,37,262,24,115,115,8
"2011","Kingston upon Hull 009B","E01012835","Total",574,61,120,343,50,293,15,21,211,46,281,46,99,132,4
"2011","Kingston upon Hull 009C","E01012836","Total",532,45,132,313,42,284,11,37,200,36,248,34,95,113,6
"2011","Kingston upon Hull 009D","E01012839","Total",538,49,155,290,44,275,14,35,188,38,263,35,120,102,6
"2011","Kingston upon Hull 009E","E01012840","Total",543,47,133,323,40,271,9,19,207,36,272,38,114,116,4
"2011","Kingston upon Hull 010A","E01012824","Total",838,67,192,474,105,448,15,35,307,91,390,52,157,167,14
"2011","Kingston upon Hull 010B","E01012825","Total",687,65,153,400,69,355,17,26,254,58,332,48,127,146,11
"2011","Kingston upon Hull 010C","E01012834","Total",551,49,158,300,44,268,15,32,180,41,283,34,126,120,3
"2011","Kingston upon Hull 010D","E01012837","Total",578,42,163,334,39,298,8,39,216,35,280,34,124,118,4
"2011","Kingston upon Hull 010E","E01012838","Total",515,47,149,281,38,260,18,30,182,30,255,29,119,99,8
"2011","Kingston upon Hull 011A","E01012821","Total",499,34,100,307,58,253,12,16,182,43,246,22,84,125,15
"2011","Kingston upon Hull 011B","E01012823","Total",447,39,121,255,32,243,5,29,181,28,204,34,92,74,4
"2011","Kingston upon Hull 011C","E01012826","Total",604,56,143,345,60,305,10,25,218,52,299,46,118,127,8
"2011","Kingston upon Hull 011D","E01012827","Total",624,48,142,369,65,333,13,35,230,55,291,35,107,139,10
"2011","Kingston upon Hull 011E","E01012828","Total",701,54,173,415,59,360,16,27,262,55,341,38,146,153,4
"2011","Kingston upon Hull 012A","E01012766","Total",842,71,189,492,90,439,26,45,299,69,403,45,144,193,21
"2011","Kingston upon Hull 012B","E01012767","Total",712,150,153,350,59,358,58,42,214,44,354,92,111,136,15
"2011","Kingston upon Hull 012C","E01012914","Total",520,231,80,175,34,272,112,34,100,26,248,119,46,75,8
"2011","Kingston upon Hull 012D","E01012916","Total",735,91,142,431,71,380,35,32,262,51,355,56,110,169,20
"2011","Kingston upon Hull 013A","E01012812","Total",775,76,199,434,66,413,22,41,293,57,362,54,158,141,9
"2011","Kingston upon Hull 013B","E01012813","Total",1003,95,228,601,79,522,17,43,391,71,481,78,185,210,8
"2011","Kingston upon Hull 013C","E01012814","Total",789,76,201,444,68,396,23,26,294,53,393,53,175,150,15
"2011","Kingston upon Hull 013D","E01012815","Total",938,62,195,595,86,502,14,31,380,77,436,48,164,215,9
"2011","Kingston upon Hull 013E","E01012818","Total",655,65,157,380,53,330,12,23,247,48,325,53,134,133,5
"2011","Kingston upon Hull 014A","E01012791","Total",908,83,210,528,87,465,31,39,317,78,443,52,171,211,9
"2011","Kingston upon Hull 014B","E01012792","Total",801,61,168,496,76,416,15,34,312,55,385,46,134,184,21
"2011","Kingston upon Hull 014C","E01012793","Total",649,74,149,349,77,334,20,40,218,56,315,54,109,131,21
"2011","Kingston upon Hull 014D","E01012794","Total",890,95,198,520,77,482,35,32,356,59,408,60,166,164,18
"2011","Kingston upon Hull 014E","E01012913","Total",853,75,208,480,90,435,22,52,301,60,418,53,156,179,30
"2011","Kingston upon Hull 015A","E01012761","Total",710,89,110,413,98,431,50,58,248,75,279,39,52,165,23
"2011","Kingston upon Hull 015B","E01012868","Total",641,136,114,341,50,356,53,48,220,35,285,83,66,121,15
"2011","Kingston upon Hull 015C","E01012869","Total",694,149,133,359,53,398,74,51,233,40,296,75,82,126,13
"2011","Kingston upon Hull 015D","E01012871","Total",877,99,147,550,81,500,47,53,332,68,377,52,94,218,13
"2011","Kingston upon Hull 015E","E01012872","Total",620,174,129,270,47,335,88,65,148,34,285,86,64,122,13
"2011","Kingston upon Hull 016A","E01012804","Total",852,64,161,537,90,449,12,28,343,66,403,52,133,194,24
"2011","Kingston upon Hull 016B","E01012806","Total",691,48,142,444,57,385,16,40,288,41,306,32,102,156,16
"2011","Kingston upon Hull 016C","E01012807","Total",668,50,152,402,64,369,10,32,278,49,299,40,120,124,15
"2011","Kingston upon Hull 016D","E01012817","Total",767,56,165,457,89,414,15,37,288,74,353,41,128,169,15
"2011","Kingston upon Hull 016E","E01012819","Total",789,62,165,491,71,413,10,42,299,62,376,52,123,192,9
"2011","Kingston upon Hull 017A","E01012841","Total",451,54,132,235,30,212,13,26,148,25,239,41,106,87,5
"2011","Kingston upon Hull 017B","E01012844","Total",384,36,94,223,31,209,12,20,149,28,175,24,74,74,3
"2011","Kingston upon Hull 017C","E01012849","Total",540,52,142,303,43,279,12,21,209,37,261,40,121,94,6
"2011","Kingston upon Hull 017D","E01012895","Total",389,27,107,221,34,205,8,24,145,28,184,19,83,76,6
"2011","Kingston upon Hull 017E","E01012897","Total",355,42,90,198,25,194,18,14,139,23,161,24,76,59,2
"2011","Kingston upon Hull 017F","E01012898","Total",430,37,103,247,43,209,9,23,141,36,221,28,80,106,7
"2011","Kingston upon Hull 018A","E01012758","Total",898,85,152,539,122,461,38,46,292,85,437,47,106,247,37
"2011","Kingston upon Hull 018B","E01012762","Total",815,105,165,455,90,402,43,57,253,49,413,62,108,202,41
"2011","Kingston upon Hull 018C","E01012763","Total",1029,108,210,589,122,606,53,101,368,84,423,55,109,221,38
"2011","Kingston upon Hull 018D","E01012866","Total",739,83,149,458,49,402,37,46,281,38,337,46,103,177,11
"2011","Kingston upon Hull 018E","E01012870","Total",677,114,124,393,46,340,49,35,224,32,337,65,89,169,14
"2011","Kingston upon Hull 019A","E01012774","Total",758,66,172,456,64,383,11,43,273,56,375,55,129,183,8
"2011","Kingston upon Hull 019B","E01012795","Total",799,71,192,469,67,425,24,45,301,55,374,47,147,168,12
"2011","Kingston upon Hull 019C","E01012797","Total",611,38,145,380,48,314,13,29,230,42,297,25,116,150,6
"2011","Kingston upon Hull 019D","E01012798","Total",502,44,131,299,28,236,14,25,171,26,266,30,106,128,2
"2011","Kingston upon Hull 019E","E01012801","Total",729,53,159,455,62,384,14,30,291,49,345,39,129,164,13
"2011","Kingston upon Hull 020A","E01012816","Total",697,67,144,410,76,381,19,26,272,64,316,48,118,138,12
"2011","Kingston upon Hull 020B","E01012848","Total",744,64,151,448,81,482,32,72,305,73,262,32,79,143,8
"2011","Kingston upon Hull 020C","E01012894","Total",606,45,141,372,48,317,13,33,231,40,289,32,108,141,8
"2011","Kingston upon Hull 020D","E01012896","Total",1072,99,232,643,98,552,19,51,399,83,520,80,181,244,15
"2011","Kingston upon Hull 020E","E01012901","Total",728,73,139,451,65,402,20,25,303,54,326,53,114,148,11
"2011","Kingston upon Hull 021A","E01012842","Total",514,39,126,309,40,258,9,23,194,32,256,30,103,115,8
"2011","Kingston upon Hull 021B","E01012843","Total",419,37,96,252,34,220,3,20,168,29,199,34,76,84,5
"2011","Kingston upon Hull 021C","E01012845","Total",482,29,127,283,43,259,7,21,192,39,223,22,106,91,4
"2011","Kingston upon Hull 021D","E01012846","Total",498,40,132,285,41,268,11,27,193,37,230,29,105,92,4
"2011","Kingston upon Hull 021E","E01012847","Total",412,25,123,225,39,210,7,22,146,35,202,18,101,79,4
"2011","Kingston upon Hull 022A","E01012820","Total",711,58,158,425,70,376,17,28,273,58,335,41,130,152,12
"2011","Kingston upon Hull 022B","E01012899","Total",769,56,179,480,54,396,18,37,295,46,373,38,142,185,8
"2011","Kingston upon Hull 022C","E01012900","Total",712,58,154,439,61,393,13,35,297,48,319,45,119,142,13
"2011","Kingston upon Hull 022D","E01012902","Total",854,65,186,536,67,460,10,31,359,60,394,55,155,177,7
"2011","Kingston upon Hull 022E","E01012903","Total",845,49,186,545,65,460,6,39,358,57,385,43,147,187,8
"2011","Kingston upon Hull 023A","E01012796","Total",642,57,158,373,54,339,16,36,239,48,303,41,122,134,6
"2011","Kingston upon Hull 023B","E01012799","Total",706,40,153,452,61,352,9,24,270,49,354,31,129,182,12
"2011","Kingston upon Hull 023C","E01012800","Total",819,61,161,528,69,428,18,32,318,60,391,43,129,210,9
"2011","Kingston upon Hull 023D","E01012802","Total",759,54,156,486,63,396,15,31,296,54,363,39,125,190,9
"2011","Kingston upon Hull 023E","E01012803","Total",731,54,188,437,52,364,10,30,282,42,367,44,158,155,10
"2011","Kingston upon Hull 024A","E01012850","Total",819,44,165,534,76,511,21,81,348,61,308,23,84,186,15
"2011","Kingston upon Hull 024B","E01012852","Total",679,81,157,379,62,385,44,68,229,44,294,37,89,150,18
"2011","Kingston upon Hull 024C","E01012856","Total",530,52,124,309,45,307,21,51,194,41,223,31,73,115,4
"2011","Kingston upon Hull 024D","E01012857","Total",582,49,136,338,59,315,19,49,199,48,267,30,87,139,11
"2011","Kingston upon Hull 024E","E01012867","Total",623,56,105,403,59,353,23,42,235,53,270,33,63,168,6
"2011","Kingston upon Hull 025A","E01012756","Total",832,72,195,506,59,409,32,54,284,39,423,40,141,222,20
"2011","Kingston upon Hull 025B","E01012757","Total",824,71,153,543,57,456,32,58,322,44,368,39,95,221,13
"2011","Kingston upon Hull 025C","E01012759","Total",891,56,171,575,89,475,14,46,343,72,416,42,125,232,17
"2011","Kingston upon Hull 025D","E01012760","Total",823,59,130,563,71,461,25,43,344,49,362,34,87,219,22
"2011","Kingston upon Hull 025E","E01012862","Total",498,52,118,276,52,256,19,36,160,41,242,33,82,116,11
"2011","Kingston upon Hull 026A","E01012805","Total",587,45,128,366,48,338,20,39,237,42,249,25,89,129,6
"2011","Kingston upon Hull 026B","E01012808","Total",647,52,149,395,51,352,16,37,254,45,295,36,112,141,6
"2011","Kingston upon Hull 026C","E01012809","Total",854,65,173,515,101,495,31,55,324,85,359,34,118,191,16
"2011","Kingston upon Hull 026D","E01012810","Total",999,47,162,648,142,547,13,34,387,113,452,34,128,261,29
"2011","Kingston upon Hull 026E","E01012811","Total",988,51,149,632,156,581,19,45,401,116,407,32,104,231,40
"2011","Kingston upon Hull 027A","E01012773","Total",927,62,223,573,69,473,13,40,364,56,454,49,183,209,13
"2011","Kingston upon Hull 027B","E01012776","Total",829,66,183,514,66,400,14,31,298,57,429,52,152,216,9
"2011","Kingston upon Hull 027C","E01012863","Total",674,61,157,403,53,355,18,45,246,46,319,43,112,157,7
"2011","Kingston upon Hull 027D","E01012864","Total",774,58,160,481,75,437,17,46,317,57,337,41,114,164,18
"2011","Kingston upon Hull 027E","E01012865","Total",600,49,135,364,52,334,12,48,230,44,266,37,87,134,8
"2011","Kingston upon Hull 028A","E01012770","Total",815,76,198,460,81,410,23,39,281,67,405,53,159,179,14
"2011","Kingston upon Hull 028B","E01012771","Total",775,64,192,445,74,401,15,35,286,65,374,49,157,159,9
"2011","Kingston upon Hull 028C","E01012772","Total",767,72,160,478,57,406,18,38,298,52,361,54,122,180,5
"2011","Kingston upon Hull 028D","E01012775","Total",636,58,173,363,42,329,17,43,232,37,307,41,130,131,5
"2011","Kingston upon Hull 028E","E01012777","Total",518,58,122,288,50,282,17,28,199,38,236,41,94,89,12
"2011","Kingston upon Hull 029A","E01012851","Total",1002,63,145,695,99,607,29,65,435,78,395,34,80,260,21
"2011","Kingston upon Hull 029C","E01012854","Total",827,66,117,538,106,532,36,60,350,86,295,30,57,188,20
"2011","Kingston upon Hull 029D","E01012855","Total",606,54,144,338,70,360,17,59,224,60,246,37,85,114,10
"2011","Kingston upon Hull 029E","E01033104","Total",780,50,72,531,127,460,23,21,314,102,320,27,51,217,25
"2011","Kingston upon Hull 029F","E01033109","Total",716,41,80,501,94,466,20,43,320,83,250,21,37,181,11
"2011","Kingston upon Hull 030A","E01012859","Total",607,56,149,352,50,348,24,48,235,41,259,32,101,117,9
"2011","Kingston upon Hull 030B","E01012889","Total",519,39,136,289,55,265,7,37,176,45,254,32,99,113,10
"2011","Kingston upon Hull 030C","E01012891","Total",951,63,160,656,72,566,27,69,408,62,385,36,91,248,10
"2011","Kingston upon Hull 030D","E01012892","Total",857,57,212,516,72,462,16,70,320,56,395,41,142,196,16
"2011","Kingston upon Hull 030E","E01012893","Total",523,34,142,310,37,275,15,43,188,29,248,19,99,122,8
"2011","Kingston upon Hull 031A","E01012858","Total",711,68,184,389,70,349,27,29,230,63,362,41,155,159,7
"2011","Kingston upon Hull 031B","E01012860","Total",754,69,168,448,69,396,19,30,288,59,358,50,138,160,10
"2011","Kingston upon Hull 031D","E01012886","Total",681,62,163,396,60,357,21,43,248,45,324,41,120,148,15
"2011","Kingston upon Hull 031E","E01012888","Total",660,47,151,410,52,352,19,40,249,44,308,28,111,161,8
"2011","Kingston upon Hull 031G","E01033110","Total",545,36,137,327,45,293,12,35,208,38,252,24,102,119,7
"2011","Kingston upon Hull 033A","E01012882","Total",868,68,185,529,86,447,21,34,317,75,421,47,151,212,11
"2011","Kingston upon Hull 033B","E01012883","Total",625,55,138,366,66,340,18,26,234,62,285,37,112,132,4
"2011","Kingston upon Hull 033C","E01012884","Total",695,65,186,393,51,359,17,39,261,42,336,48,147,132,9
"2011","Kingston upon Hull 033D","E01012887","Total",522,43,140,276,63,279,15,38,170,56,243,28,102,106,7
"2011","Kingston upon Hull 033E","E01032595","Total",705,75,186,390,54,349,22,38,250,39,356,53,148,140,15
"2011","North East Lincolnshire 001A","E01013174","Total",494,47,139,230,78,257,12,30,150,65,237,35,109,80,13
"2011","North East Lincolnshire 001B","E01013175","Total",692,59,133,407,93,369,15,31,240,83,323,44,102,167,10
"2011","North East Lincolnshire 001C","E01013176","Total",686,53,120,392,121,373,9,20,241,103,313,44,100,151,18
"2011","North East Lincolnshire 001D","E01013177","Total",538,42,128,275,93,297,10,24,177,86,241,32,104,98,7
"2011","North East Lincolnshire 001E","E01013178","Total",660,72,142,366,80,364,20,34,234,76,296,52,108,132,4
"2011","North East Lincolnshire 001F","E01013179","Total",651,58,141,365,87,359,14,31,239,75,292,44,110,126,12
"2011","North East Lincolnshire 001G","E01013180","Total",697,55,130,417,95,369,14,22,251,82,328,41,108,166,13
"2011","North East Lincolnshire 002A","E01013136","Total",418,39,112,219,48,241,14,45,139,43,177,25,67,80,5
"2011","North East Lincolnshire 002B","E01013137","Total",383,39,97,200,47,260,17,46,155,42,123,22,51,45,5
"2011","North East Lincolnshire 002C","E01013139","Total",342,32,88,191,31,178,5,25,119,29,164,27,63,72,2
"2011","North East Lincolnshire 002D","E01013142","Total",657,61,164,363,69,341,20,36,221,64,316,41,128,142,5
"2011","North East Lincolnshire 003A","E01013218","Total",594,52,113,351,78,339,14,37,224,64,255,38,76,127,14
"2011","North East Lincolnshire 003B","E01013219","Total",585,48,167,325,45,299,8,39,213,39,286,40,128,112,6
"2011","North East Lincolnshire 003C","E01013220","Total",706,54,182,388,82,380,17,39,253,71,326,37,143,135,11
"2011","North East Lincolnshire 003D","E01013221","Total",728,59,176,414,79,406,11,52,270,73,322,48,124,144,6
"2011","North East Lincolnshire 003E","E01013222","Total",684,62,162,387,73,347,22,37,231,57,337,40,125,156,16
"2011","North East Lincolnshire 004A","E01013144","Total",464,47,119,249,49,257,17,39,158,43,207,30,80,91,6
"2011","North East Lincolnshire 004B","E01013145","Total",661,67,160,344,90,347,17,26,225,79,314,50,134,119,11
"2011","North East Lincolnshire 004C","E01013146","Total",843,72,198,445,128,453,19,42,279,113,390,53,156,166,15
"2011","North East Lincolnshire 004D","E01013148","Total",821,66,185,466,104,431,18,31,292,90,390,48,154,174,14
"2011","North East Lincolnshire 005A","E01013195","Total",658,53,157,366,82,359,16,38,235,70,299,37,119,131,12
"2011","North East Lincolnshire 005B","E01013196","Total",588,55,163,305,65,302,11,42,194,55,286,44,121,111,10
"2011","North East Lincolnshire 005C","E01013201","Total",611,44,148,350,69,348,9,42,239,58,263,35,106,111,11
"2011","North East Lincolnshire 005D","E01013202","Total",662,59,175,346,82,352,13,50,226,63,310,46,125,120,19
"2011","North East Lincolnshire 005E","E01013203","Total",620,40,150,366,64,348,11,39,245,53,272,29,111,121,11
"2011","North East Lincolnshire 006A","E01013138","Total",387,32,92,214,49,215,7,22,145,41,172,25,70,69,8
"2011","North East Lincolnshire 006B","E01013140","Total",608,50,157,338,63,322,16,33,222,51,286,34,124,116,12
"2011","North East Lincolnshire 006C","E01013141","Total",669,52,179,376,62,357,15,49,239,54,312,37,130,137,8
"2011","North East Lincolnshire 006D","E01013143","Total",637,49,164,345,79,332,16,38,214,64,305,33,126,131,15
"2011","North East Lincolnshire 007A","E01013173","Total",615,63,98,366,88,317,15,16,208,78,298,48,82,158,10
"2011","North East Lincolnshire 007B","E01013223","Total",1516,148,293,838,237,812,29,56,541,186,704,119,237,297,51
"2011","North East Lincolnshire 007C","E01013224","Total",917,90,192,497,138,482,21,35,313,113,435,69,157,184,25
"2011","North East Lincolnshire 007D","E01013226","Total",790,78,147,446,119,415,13,30,272,100,375,65,117,174,19
"2011","North East Lincolnshire 008A","E01013187","Total",553,36,101,331,85,305,11,28,195,71,248,25,73,136,14
"2011","North East Lincolnshire 008B","E01013188","Total",850,87,196,468,99,453,27,41,305,80,397,60,155,163,19
"2011","North East Lincolnshire 008C","E01013231","Total",802,72,187,460,83,407,17,28,292,70,395,55,159,168,13
"2011","North East Lincolnshire 008D","E01013233","Total",771,73,177,428,93,400,19,39,264,78,371,54,138,164,15
"2011","North East Lincolnshire 009A","E01013147","Total",563,59,137,293,74,307,19,31,187,70,256,40,106,106,4
"2011","North East Lincolnshire 009D","E01013234","Total",683,46,159,384,94,359,5,25,252,77,324,41,134,132,17
"2011","North East Lincolnshire 009E","E01033414","Total",1156,86,269,640,161,609,15,57,402,135,547,71,212,238,26
"2011","North East Lincolnshire 010A","E01013128","Total",655,66,161,351,77,349,18,46,218,67,306,48,115,133,10
"2011","North East Lincolnshire 010B","E01013198","Total",728,63,180,400,85,363,20,35,243,65,365,43,145,157,20
"2011","North East Lincolnshire 010C","E01013199","Total",557,43,119,307,88,309,14,22,200,73,248,29,97,107,15
"2011","North East Lincolnshire 010D","E01013200","Total",694,67,173,378,76,371,22,35,247,67,323,45,138,131,9
"2011","North East Lincolnshire 011A","E01013159","Total",610,42,177,345,46,339,18,43,239,39,271,24,134,106,7
"2011","North East Lincolnshire 011B","E01013161","Total",592,48,143,337,64,303,14,33,203,53,289,34,110,134,11
"2011","North East Lincolnshire 011C","E01013162","Total",673,54,163,368,88,373,15,56,232,70,300,39,107,136,18
"2011","North East Lincolnshire 011D","E01013165","Total",530,36,149,292,53,294,9,44,195,46,236,27,105,97,7
"2011","North East Lincolnshire 012A","E01013158","Total",742,68,199,389,86,391,18,43,251,79,351,50,156,138,7
"2011","North East Lincolnshire 012B","E01013160","Total",825,74,187,454,110,437,25,35,278,99,388,49,152,176,11
"2011","North East Lincolnshire 012C","E01013163","Total",599,60,130,309,100,331,16,20,206,89,268,44,110,103,11
"2011","North East Lincolnshire 012D","E01013164","Total",843,63,219,463,98,424,14,44,285,81,419,49,175,178,17
"2011","North East Lincolnshire 012E","E01013197","Total",636,61,148,341,86,342,16,28,225,73,294,45,120,116,13
"2011","North East Lincolnshire 013A","E01013149","Total",602,60,135,329,78,313,11,21,212,69,289,49,114,117,9
"2011","North East Lincolnshire 013B","E01013150","Total",731,65,158,423,85,383,12,29,267,75,348,53,129,156,10
"2011","North East Lincolnshire 013C","E01013227","Total",726,68,183,399,76,381,21,36,260,64,345,47,147,139,12
"2011","North East Lincolnshire 013D","E01013228","Total",927,98,186,517,126,489,38,36,309,106,438,60,150,208,20
"2011","North East Lincolnshire 013E","E01013229","Total",599,43,154,330,72,305,3,26,215,61,294,40,128,115,11
"2011","North East Lincolnshire 014A","E01013131","Total",691,52,162,382,95,369,8,46,231,84,322,44,116,151,11
"2011","North East Lincolnshire 014B","E01013132","Total",688,80,174,361,73,373,21,42,241,69,315,59,132,120,4
"2011","North East Lincolnshire 014C","E01013133","Total",813,56,195,469,93,420,15,47,284,74,393,41,148,185,19
"2011","North East Lincolnshire 014D","E01013134","Total",574,44,156,320,54,299,9,24,215,51,275,35,132,105,3
"2011","North East Lincolnshire 015A","E01013206","Total",503,55,101,300,47,266,11,21,192,42,237,44,80,108,5
"2011","North East Lincolnshire 015B","E01013207","Total",587,59,149,306,73,306,14,42,184,66,281,45,107,122,7
"2011","North East Lincolnshire 015C","E01013211","Total",708,60,160,420,68,377,19,35,268,55,331,41,125,152,13
"2011","North East Lincolnshire 015D","E01013212","Total",391,33,84,228,46,211,8,18,145,40,180,25,66,83,6
"2011","North East Lincolnshire 016A","E01013181","Total",630,59,149,359,63,346,21,57,222,46,284,38,92,137,17
"2011","North East Lincolnshire 016B","E01013182","Total",645,66,141,336,102,352,25,33,210,84,293,41,108,126,18
"2011","North East Lincolnshire 016C","E01013183","Total",795,79,174,462,80,411,26,44,276,65,384,53,130,186,15
"2011","North East Lincolnshire 016D","E01013184","Total",750,66,152,420,112,419,24,52,251,92,331,42,100,169,20
"2011","North East Lincolnshire 016E","E01013185","Total",816,77,187,467,85,430,23,43,289,75,386,54,144,178,10
"2011","North East Lincolnshire 016F","E01013186","Total",724,82,157,389,96,381,25,34,245,77,343,57,123,144,19
"2011","North East Lincolnshire 017A","E01013129","Total",727,51,161,393,122,424,14,54,267,89,303,37,107,126,33
"2011","North East Lincolnshire 017B","E01013151","Total",609,78,155,310,66,327,24,28,218,57,282,54,127,92,9
"2011","North East Lincolnshire 017C","E01013152","Total",684,78,165,333,108,365,21,33,221,90,319,57,132,112,18
"2011","North East Lincolnshire 017D","E01013155","Total",674,68,156,355,95,367,24,37,225,81,307,44,119,130,14
"2011","North East Lincolnshire 018A","E01013130","Total",552,49,128,318,57,294,8,27,210,49,258,41,101,108,8
"2011","North East Lincolnshire 018B","E01013135","Total",520,51,130,280,59,270,14,31,178,47,250,37,99,102,12
"2011","North East Lincolnshire 018C","E01013154","Total",660,85,151,336,88,357,15,31,230,81,303,70,120,106,7
"2011","North East Lincolnshire 018D","E01013156","Total",436,63,105,222,46,222,16,21,148,37,214,47,84,74,9
"2011","North East Lincolnshire 019A","E01013204","Total",577,47,146,330,54,293,15,29,202,47,284,32,117,128,7
"2011","North East Lincolnshire 019B","E01013205","Total",370,29,108,181,52,184,7,25,114,38,186,22,83,67,14
"2011","North East Lincolnshire 019C","E01013208","Total",342,27,115,170,30,180,6,37,114,23,162,21,78,56,7
"2011","North East Lincolnshire 019D","E01013209","Total",414,46,113,211,44,224,10,27,148,39,190,36,86,63,5
"2011","North East Lincolnshire 019E","E01013210","Total",393,36,112,205,40,209,5,33,134,37,184,31,79,71,3
"2011","North East Lincolnshire 020A","E01013153","Total",543,54,111,299,79,296,13,24,193,66,247,41,87,106,13
"2011","North East Lincolnshire 020B","E01013157","Total",1006,120,224,506,156,497,19,35,312,131,509,101,189,194,25
"2011","North East Lincolnshire 020C","E01013166","Total",713,79,159,374,101,378,12,30,244,92,335,67,129,130,9
"2011","North East Lincolnshire 020D","E01013167","Total",813,100,175,432,106,438,27,36,283,92,375,73,139,149,14
"2011","North East Lincolnshire 020E","E01013169","Total",428,45,108,224,51,209,11,25,125,48,219,34,83,99,3
"2011","North East Lincolnshire 021A","E01013189","Total",687,77,156,363,91,364,16,31,232,85,323,61,125,131,6
"2011","North East Lincolnshire 021B","E01013190","Total",1491,135,288,845,223,785,35,51,515,184,706,100,237,330,39
"2011","North East Lincolnshire 021C","E01013191","Total",753,83,160,403,107,403,22,34,260,87,350,61,126,143,20
"2011","North East Lincolnshire 021D","E01013192","Total",578,55,139,327,57,308,15,27,217,49,270,40,112,110,8
"2011","North East Lincolnshire 021E","E01013194","Total",592,57,136,338,61,312,16,31,215,50,280,41,105,123,11
"2011","North East Lincolnshire 022A","E01013168","Total",794,87,169,408,130,433,23,40,264,106,361,64,129,144,24
"2011","North East Lincolnshire 022B","E01013170","Total",745,76,164,406,99,365,10,30,246,79,380,66,134,160,20
"2011","North East Lincolnshire 022C","E01013171","Total",940,92,209,478,161,490,21,32,301,136,450,71,177,177,25
"2011","North East Lincolnshire 022D","E01013172","Total",672,50,152,388,82,355,11,32,244,68,317,39,120,144,14
"2011","North East Lincolnshire 022E","E01013193","Total",728,67,165,411,85,379,15,34,262,68,349,52,131,149,17
"2011","North East Lincolnshire 023A","E01013213","Total",458,52,102,250,54,231,13,20,149,49,227,39,82,101,5
"2011","North East Lincolnshire 023B","E01013214","Total",662,66,142,358,96,372,23,24,247,78,290,43,118,111,18
"2011","North East Lincolnshire 023C","E01013215","Total",738,86,133,398,121,397,20,30,247,100,341,66,103,151,21
"2011","North East Lincolnshire 023D","E01013216","Total",712,78,157,382,95,359,18,32,235,74,353,60,125,147,21
"2011","North East Lincolnshire 023E","E01013217","Total",717,65,157,395,100,392,14,31,264,83,325,51,126,131,17
"2011","North East Lincolnshire 023F","E01013225","Total",504,60,77,272,95,255,16,14,144,81,249,44,63,128,14
"2011","North Lincolnshire 001A","E01013254","Total",730,66,171,393,100,396,18,36,259,83,334,48,135,134,17
"2011","North Lincolnshire 001B","E01013255","Total",787,85,141,456,105,424,25,35,281,83,363,60,106,175,22
"2011","North Lincolnshire 001C","E01013256","Total",1249,101,238,705,205,672,26,50,440,156,577,75,188,265,49
"2011","North Lincolnshire 001D","E01013257","Total",888,88,155,512,133,480,22,31,320,107,408,66,124,192,26
"2011","North Lincolnshire 001E","E01013258","Total",709,73,150,410,76,392,18,30,277,67,317,55,120,133,9
"2011","North Lincolnshire 001F","E01013259","Total",616,51,131,345,89,316,9,26,204,77,300,42,105,141,12
"2011","North Lincolnshire 002A","E01013303","Total",608,47,113,349,99,346,12,24,226,84,262,35,89,123,15
"2011","North Lincolnshire 002B","E01013304","Total",807,79,154,430,144,428,13,27,269,119,379,66,127,161,25
"2011","North Lincolnshire 002C","E01013305","Total",852,78,148,478,148,462,19,23,304,116,390,59,125,174,32
"2011","North Lincolnshire 002D","E01013307","Total",833,83,174,460,116,435,15,47,275,98,398,68,127,185,18
"2011","North Lincolnshire 003A","E01013288","Total",783,75,160,443,105,427,23,31,286,87,356,52,129,157,18
"2011","North Lincolnshire 003B","E01013291","Total",609,58,132,342,77,320,13,23,221,63,289,45,109,121,14
"2011","North Lincolnshire 003C","E01013292","Total",842,74,157,498,113,451,24,27,305,95,391,50,130,193,18
"2011","North Lincolnshire 003D","E01013294","Total",756,71,148,406,131,411,17,32,255,107,345,54,116,151,24
"2011","North Lincolnshire 004A","E01013270","Total",990,102,188,537,163,524,18,32,332,142,466,84,156,205,21
"2011","North Lincolnshire 004B","E01013306","Total",747,71,140,394,142,412,13,28,252,119,335,58,112,142,23
"2011","North Lincolnshire 004C","E01013308","Total",849,50,157,476,166,475,10,37,290,138,374,40,120,186,28
"2011","North Lincolnshire 004D","E01013309","Total",818,69,162,455,132,425,16,22,279,108,393,53,140,176,24
"2011","North Lincolnshire 005A","E01013286","Total",964,73,203,595,93,507,16,38,377,76,457,57,165,218,17
"2011","North Lincolnshire 005B","E01013287","Total",757,61,133,455,108,406,14,28,282,82,351,47,105,173,26
"2011","North Lincolnshire 005C","E01013289","Total",899,80,164,542,113,470,21,24,331,94,429,59,140,211,19
"2011","North Lincolnshire 005D","E01013290","Total",797,76,170,431,120,422,20,32,274,96,375,56,138,157,24
"2011","North Lincolnshire 005E","E01013293","Total",707,69,139,413,86,371,20,21,263,67,336,49,118,150,19
"2011","North Lincolnshire 006A","E01013245","Total",663,59,141,364,99,352,11,29,225,87,311,48,112,139,12
"2011","North Lincolnshire 006B","E01013246","Total",753,70,157,387,139,429,19,41,251,118,324,51,116,136,21
"2011","North Lincolnshire 006C","E01013247","Total",896,74,160,504,158,473,17,20,308,128,423,57,140,196,30
"2011","North Lincolnshire 006D","E01013248","Total",906,77,182,498,149,505,24,36,322,123,401,53,146,176,26
"2011","North Lincolnshire 006E","E01013249","Total",837,69,153,483,132,446,22,25,290,109,391,47,128,193,23
"2011","North Lincolnshire 007A","E01013297","Total",1183,78,239,752,114,641,19,46,481,95,542,59,193,271,19
"2011","North Lincolnshire 007B","E01013300","Total",735,58,141,448,88,434,21,63,278,72,301,37,78,170,16
"2011","North Lincolnshire 007C","E01013302","Total",713,61,141,410,101,404,21,32,268,83,309,40,109,142,18
"2011","North Lincolnshire 007D","E01013331","Total",723,64,122,469,68,405,15,25,304,61,318,49,97,165,7
"2011","North Lincolnshire 008A","E01013296","Total",732,51,149,470,62,441,21,62,308,50,291,30,87,162,12
"2011","North Lincolnshire 008B","E01013298","Total",536,50,121,324,41,304,16,39,215,34,232,34,82,109,7
"2011","North Lincolnshire 008C","E01013299","Total",544,51,141,313,39,276,12,34,200,30,268,39,107,113,9
"2011","North Lincolnshire 008D","E01013330","Total",768,44,130,512,82,462,21,48,328,65,306,23,82,184,17
"2011","North Lincolnshire 008E","E01013332","Total",733,36,164,473,60,431,11,64,309,47,302,25,100,164,13
"2011","North Lincolnshire 009A","E01013295","Total",642,75,145,361,61,348,24,29,244,51,294,51,116,117,10
"2011","North Lincolnshire 009B","E01013301","Total",817,82,175,486,74,435,20,50,309,56,382,62,125,177,18
"2011","North Lincolnshire 009C","E01013333","Total",813,81,144,503,85,484,21,50,339,74,329,60,94,164,11
"2011","North Lincolnshire 009D","E01013334","Total",797,70,158,496,73,432,15,38,318,61,365,55,120,178,12
"2011","North Lincolnshire 010A","E01013310","Total",677,70,146,395,66,347,14,21,253,59,330,56,125,142,7
"2011","North Lincolnshire 010B","E01013312","Total",806,82,169,479,76,415,31,24,296,64,391,51,145,183,12
"2011","North Lincolnshire 010C","E01013313","Total",817,74,183,487,73,437,17,29,323,68,380,57,154,164,5
"2011","North Lincolnshire 010D","E01013314","Total",778,85,162,451,80,428,23,28,306,71,350,62,134,145,9
"2011","North Lincolnshire 011A","E01013267","Total",585,53,106,322,104,326,12,21,214,79,259,41,85,108,25
"2011","North Lincolnshire 011B","E01013268","Total",582,43,114,305,120,312,8,21,186,97,270,35,93,119,23
"2011","North Lincolnshire 011C","E01013269","Total",872,86,194,450,142,467,24,40,293,110,405,62,154,157,32
"2011","North Lincolnshire 011D","E01013271","Total",869,87,169,490,123,463,15,21,316,111,406,72,148,174,12
"2011","North Lincolnshire 011E","E01013272","Total",732,76,138,417,101,414,20,41,275,78,318,56,97,142,23
"2011","North Lincolnshire 011F","E01013273","Total",818,85,150,461,122,433,17,31,288,97,385,68,119,173,25
"2011","North Lincolnshire 012A","E01013279","Total",521,45,123,288,65,276,13,19,189,55,245,32,104,99,10
"2011","North Lincolnshire 012B","E01013285","Total",670,67,153,383,67,355,20,30,248,57,315,47,123,135,10
"2011","North Lincolnshire 012C","E01013316","Total",760,83,170,420,87,407,29,39,271,68,353,54,131,149,19
"2011","North Lincolnshire 012D","E01013321","Total",878,87,181,518,92,455,31,30,317,77,423,56,151,201,15
"2011","North Lincolnshire 013A","E01013274","Total",1079,97,193,602,187,575,19,29,368,159,504,78,164,234,28
"2011","North Lincolnshire 013B","E01013275","Total",802,85,174,444,99,424,21,35,284,84,378,64,139,160,15
"2011","North Lincolnshire 013C","E01013276","Total",731,54,156,434,87,403,12,31,286,74,328,42,125,148,13
"2011","North Lincolnshire 013D","E01013277","Total",789,72,151,479,87,405,9,26,295,75,384,63,125,184,12
"2011","North Lincolnshire 014A","E01013315","Total",546,41,135,325,45,296,14,34,215,33,250,27,101,110,12
"2011","North Lincolnshire 014B","E01013317","Total",680,73,155,383,69,360,23,28,250,59,320,50,127,133,10
"2011","North Lincolnshire 014C","E01013318","Total",749,66,167,460,56,391,18,28,294,51,358,48,139,166,5
"2011","North Lincolnshire 014D","E01013319","Total",989,77,211,614,87,538,19,33,414,72,451,58,178,200,15
"2011","North Lincolnshire 015A","E01013238","Total",781,64,173,451,93,418,11,38,290,79,363,53,135,161,14
"2011","North Lincolnshire 015B","E01013240","Total",1051,80,183,687,101,578,25,32,430,91,473,55,151,257,10
"2011","North Lincolnshire 015C","E01013311","Total",626,62,145,361,58,340,16,35,240,49,286,46,110,121,9
"2011","North Lincolnshire 015D","E01013320","Total",692,60,177,383,72,365,14,38,251,62,327,46,139,132,10
"2011","North Lincolnshire 016A","E01013278","Total",460,43,109,270,38,246,16,23,176,31,214,27,86,94,7
"2011","North Lincolnshire 016B","E01013280","Total",676,52,147,409,68,354,12,23,262,57,322,40,124,147,11
"2011","North Lincolnshire 016C","E01013281","Total",510,49,139,266,56,245,9,26,159,51,265,40,113,107,5
"2011","North Lincolnshire 016D","E01013283","Total",531,42,136,294,59,283,9,25,199,50,248,33,111,95,9
"2011","North Lincolnshire 017A","E01013236","Total",694,53,163,421,57,377,17,28,283,49,317,36,135,138,8
"2011","North Lincolnshire 017B","E01013239","Total",768,64,162,473,69,429,21,27,322,59,339,43,135,151,10
"2011","North Lincolnshire 017C","E01013282","Total",648,60,145,372,71,346,18,21,245,62,302,42,124,127,9
"2011","North Lincolnshire 017D","E01013284","Total",615,66,158,339,52,311,19,33,217,42,304,47,125,122,10
"2011","North Lincolnshire 018B","E01013237","Total",616,67,162,326,61,307,20,29,205,53,309,47,133,121,8
"2011","North Lincolnshire 018C","E01013261","Total",685,79,154,386,66,359,18,29,254,58,326,61,125,132,8
"2011","North Lincolnshire 018D","E01013262","Total",628,66,146,337,79,334,18,19,233,64,294,48,127,104,15
"2011","North Lincolnshire 018E","E01013263","Total",698,67,157,401,73,363,21,24,263,55,335,46,133,138,18
"2011","North Lincolnshire 018F","E01033296","Total",683,52,137,398,96,369,12,26,250,81,314,40,111,148,15
"2011","North Lincolnshire 018G","E01033297","Total",1026,72,167,674,113,522,18,24,392,88,504,54,143,282,25
"2011","North Lincolnshire 019A","E01013260","Total",675,58,160,391,66,370,21,28,260,61,305,37,132,131,5
"2011","North Lincolnshire 019B","E01013264","Total",900,70,202,534,94,482,17,29,359,77,418,53,173,175,17
"2011","North Lincolnshire 019C","E01013265","Total",830,82,175,486,87,436,17,34,312,73,394,65,141,174,14
"2011","North Lincolnshire 019D","E01013266","Total",1033,67,220,617,129,555,20,38,399,98,478,47,182,218,31
"2011","North Lincolnshire 020A","E01013241","Total",660,70,128,355,107,334,17,24,205,88,326,53,104,150,19
"2011","North Lincolnshire 020B","E01013242","Total",918,100,163,482,173,500,29,40,291,140,418,71,123,191,33
"2011","North Lincolnshire 020C","E01013243","Total",1117,112,204,577,224,588,37,33,334,184,529,75,171,243,40
"2011","North Lincolnshire 020D","E01013244","Total",812,70,173,442,127,430,19,36,276,99,382,51,137,166,28
"2011","North Lincolnshire 021A","E01013324","Total",839,108,158,431,142,460,28,33,285,114,379,80,125,146,28
"2011","North Lincolnshire 021B","E01013326","Total",730,89,141,397,103,381,19,31,246,85,349,70,110,151,18
"2011","North Lincolnshire 021C","E01013327","Total",618,65,117,351,85,335,22,22,222,69,283,43,95,129,16
"2011","North Lincolnshire 021D","E01013328","Total",659,71,134,375,79,326,13,17,233,63,333,58,117,142,16
"2011","North Lincolnshire 022A","E01013322","Total",967,79,205,543,140,500,22,47,323,108,467,57,158,220,32
"2011","North Lincolnshire 022B","E01013323","Total",897,73,160,505,159,498,17,35,314,132,399,56,125,191,27
"2011","North Lincolnshire 022C","E01013325","Total",724,74,135,374,141,415,21,24,255,115,309,53,111,119,26
"2011","North Lincolnshire 022D","E01013329","Total",820,62,162,476,120,448,19,33,302,94,372,43,129,174,26
"2011","North Lincolnshire 023A","E01013250","Total",731,67,142,400,122,397,17,29,253,98,334,50,113,147,24
"2011","North Lincolnshire 023B","E01013251","Total",927,70,185,496,176,492,17,31,302,142,435,53,154,194,34
"2011","North Lincolnshire 023C","E01013252","Total",773,83,146,402,142,420,27,31,237,125,353,56,115,165,17
"2011","North Lincolnshire 023D","E01013253","Total",965,87,189,502,187,518,28,34,305,151,447,59,155,197,36
"2011","York 001A","E01013436","Total",926,100,165,482,179,509,31,35,299,144,417,69,130,183,35
"2011","York 001B","E01013438","Total",910,87,197,522,104,453,29,41,294,89,457,58,156,228,15
"2011","York 001C","E01013439","Total",793,84,174,419,116,398,19,23,264,92,395,65,151,155,24
"2011","York 001D","E01013440","Total",1007,105,195,583,124,504,31,36,339,98,503,74,159,244,26
"2011","York 002A","E01013370","Total",717,74,159,413,71,349,25,36,235,53,368,49,123,178,18
"2011","York 002B","E01013373","Total",663,52,172,376,63,332,17,26,239,50,331,35,146,137,13
"2011","York 002C","E01013375","Total",645,88,140,337,80,323,22,32,204,65,322,66,108,133,15
"2011","York 002D","E01013376","Total",739,78,182,394,85,382,29,34,257,62,357,49,148,137,23
"2011","York 003A","E01013371","Total",807,99,190,434,84,427,32,39,288,68,380,67,151,146,16
"2011","York 003B","E01013372","Total",683,61,162,393,67,341,13,31,246,51,342,48,131,147,16
"2011","York 003C","E01013374","Total",810,99,173,445,93,415,34,34,270,77,395,65,139,175,16
"2011","York 003D","E01013377","Total",883,94,180,484,125,461,26,30,307,98,422,68,150,177,27
"2011","York 004A","E01013404","Total",718,79,170,419,50,352,27,44,239,42,366,52,126,180,8
"2011","York 004B","E01013407","Total",597,68,145,320,64,300,24,29,198,49,297,44,116,122,15
"2011","York 004C","E01013408","Total",542,71,134,293,44,277,24,33,183,37,265,47,101,110,7
"2011","York 004D","E01013410","Total",650,57,197,340,56,309,17,53,198,41,341,40,144,142,15
"2011","York 005A","E01013405","Total",753,70,178,448,57,375,28,33,269,45,378,42,145,179,12
"2011","York 005B","E01013406","Total",1126,99,253,674,100,559,29,44,416,70,567,70,209,258,30
"2011","York 005C","E01013409","Total",763,85,168,430,80,374,23,29,263,59,389,62,139,167,21
"2011","York 005D","E01013411","Total",690,76,153,400,61,366,29,38,246,53,324,47,115,154,8
"2011","York 006A","E01013428","Total",933,89,191,567,86,465,25,43,327,70,468,64,148,240,16
"2011","York 006B","E01013429","Total",1238,102,279,716,141,632,32,58,432,110,606,70,221,284,31
"2011","York 006C","E01013430","Total",806,67,190,439,110,424,17,41,282,84,382,50,149,157,26
"2011","York 006D","E01013431","Total",936,64,185,586,101,461,13,35,347,66,475,51,150,239,35
"2011","York 006E","E01013435","Total",761,77,164,464,56,389,22,28,296,43,372,55,136,168,13
"2011","York 007A","E01013344","Total",877,85,153,469,170,453,25,47,259,122,424,60,106,210,48
"2011","York 007B","E01013346","Total",817,81,153,463,120,415,26,54,247,88,402,55,99,216,32
"2011","York 007C","E01013432","Total",1109,93,221,664,131,533,22,41,377,93,576,71,180,287,38
"2011","York 007D","E01013433","Total",745,80,166,401,98,389,34,36,245,74,356,46,130,156,24
"2011","York 007E","E01013434","Total",734,76,141,424,93,380,29,26,262,63,354,47,115,162,30
"2011","York 008A","E01013379","Total",737,93,169,373,102,382,30,35,241,76,355,63,134,132,26
"2011","York 008B","E01013380","Total",893,161,177,452,103,448,56,47,269,76,445,105,130,183,27
"2011","York 008C","E01013385","Total",718,80,156,416,66,343,27,33,229,54,375,53,123,187,12
"2011","York 008D","E01013387","Total",662,98,144,344,76,340,30,35,223,52,322,68,109,121,24
"2011","York 008E","E01013388","Total",476,62,118,250,46,247,22,29,161,35,229,40,89,89,11
"2011","York 008F","E01013389","Total",586,59,140,341,46,307,18,30,222,37,279,41,110,119,9
"2011","York 008G","E01013437","Total",629,73,110,349,97,333,18,23,214,78,296,55,87,135,19
"2011","York 009A","E01013343","Total",1134,171,197,674,92,556,51,68,368,69,578,120,129,306,23
"2011","York 009B","E01013345","Total",1011,106,190,627,88,511,31,70,356,54,500,75,120,271,34
"2011","York 009C","E01013347","Total",719,73,177,417,52,371,32,53,247,39,348,41,124,170,13
"2011","York 009D","E01013349","Total",570,65,156,319,30,288,23,39,199,27,282,42,117,120,3
"2011","York 009E","E01013350","Total",793,81,184,456,72,396,24,62,254,56,397,57,122,202,16
"2011","York 010A","E01013348","Total",1067,231,197,561,78,499,70,68,308,53,568,161,129,253,25
"2011","York 010B","E01013368","Total",1338,271,268,686,113,637,88,99,373,77,701,183,169,313,36
"2011","York 010C","E01013382","Total",813,73,184,493,63,412,19,45,298,50,401,54,139,195,13
"2011","York 010D","E01013383","Total",1244,146,267,714,117,670,62,89,435,84,574,84,178,279,33
"2011","York 010E","E01013386","Total",846,81,207,479,79,430,31,68,269,62,416,50,139,210,17
"2011","York 011A","E01013421","Total",704,108,175,290,131,372,42,55,172,103,332,66,120,118,28
"2011","York 011B","E01013422","Total",887,103,196,464,124,449,28,31,296,94,438,75,165,168,30
"2011","York 011C","E01013426","Total",721,112,155,318,136,380,39,35,194,112,341,73,120,124,24
"2011","York 011D","E01013427","Total",612,71,133,324,84,325,23,22,212,68,287,48,111,112,16
"2011","York 012A","E01013335","Total",703,60,177,420,46,357,13,57,248,39,346,47,120,172,7
"2011","York 012B","E01013336","Total",752,68,177,435,72,393,20,43,279,51,359,48,134,156,21
"2011","York 012C","E01013337","Total",913,80,173,584,76,478,16,38,362,62,435,64,135,222,14
"2011","York 012D","E01013338","Total",1203,103,250,733,117,635,33,47,460,95,568,70,203,273,22
"2011","York 012E","E01013339","Total",791,90,188,430,83,412,25,42,276,69,379,65,146,154,14
"2011","York 012F","E01013392","Total",875,72,187,537,79,465,22,46,332,65,410,50,141,205,14
"2011","York 013A","E01013366","Total",1067,119,199,597,152,608,46,91,372,99,459,73,108,225,53
"2011","York 013C","E01013369","Total",1021,128,169,601,123,559,42,66,362,89,462,86,103,239,34
"2011","York 013E","E01013416","Total",801,95,139,451,116,408,33,47,256,72,393,62,92,195,44
"2011","York 013F","E01033067","Total",699,69,110,452,68,354,23,37,242,52,345,46,73,210,16
"2011","York 013G","E01033068","Total",727,49,73,479,126,410,13,31,277,89,317,36,42,202,37
"2011","York 013H","E01033069","Total",686,47,89,441,109,392,16,29,279,68,294,31,60,162,41
"2011","York 013I","E01033070","Total",795,140,137,404,114,431,45,60,248,78,364,95,77,156,36
"2011","York 014A","E01013381","Total",799,93,175,460,71,409,29,33,287,60,390,64,142,173,11
"2011","York 014B","E01013402","Total",714,167,155,324,68,371,67,42,206,56,343,100,113,118,12
"2011","York 014C","E01013419","Total",660,85,143,355,77,324,21,24,216,63,336,64,119,139,14
"2011","York 014D","E01013420","Total",979,115,236,533,95,491,44,50,326,71,488,71,186,207,24
"2011","York 015A","E01013384","Total",814,138,213,414,49,407,44,62,262,39,407,94,151,152,10
"2011","York 015B","E01013398","Total",678,142,175,316,45,338,51,52,201,34,340,91,123,115,11
"2011","York 015C","E01013399","Total",646,94,188,312,52,332,36,66,194,36,314,58,122,118,16
"2011","York 015D","E01013400","Total",982,178,147,564,93,501,74,59,302,66,481,104,88,262,27
"2011","York 015E","E01013401","Total",746,155,155,373,63,405,68,45,246,46,341,87,110,127,17
"2011","York 015F","E01013403","Total",712,191,159,306,56,364,87,50,183,44,348,104,109,123,12
"2011","York 016A","E01013393","Total",948,74,195,594,85,454,20,41,324,69,494,54,154,270,16
"2011","York 016B","E01013394","Total",604,46,142,347,69,307,13,31,210,53,297,33,111,137,16
"2011","York 016C","E01013395","Total",841,68,166,520,87,442,20,37,324,61,399,48,129,196,26
"2011","York 016D","E01013396","Total",760,88,188,419,65,378,24,35,273,46,382,64,153,146,19
"2011","York 016E","E01013441","Total",847,65,182,521,79,406,17,34,301,54,441,48,148,220,25
"2011","York 016F","E01013445","Total",699,51,163,418,67,350,14,37,248,51,349,37,126,170,16
"2011","York 017A","E01013390","Total",1047,58,164,710,115,527,20,45,374,88,520,38,119,336,27
"2011","York 017B","E01013391","Total",1429,89,198,961,181,771,25,68,554,124,658,64,130,407,57
"2011","York 017C","E01013397","Total",826,90,183,489,64,415,24,47,298,46,411,66,136,191,18
"2011","York 017D","E01013413","Total",976,84,197,560,135,506,27,56,322,101,470,57,141,238,34
"2011","York 017E","E01013417","Total",1039,114,198,538,189,559,32,68,328,131,480,82,130,210,58
"2011","York 018A","E01013442","Total",695,60,180,379,76,332,15,37,220,60,363,45,143,159,16
"2011","York 018B","E01013443","Total",628,61,151,374,42,326,19,35,240,32,302,42,116,134,10
"2011","York 018C","E01013444","Total",610,61,162,349,38,297,15,36,214,32,313,46,126,135,6
"2011","York 018D","E01013446","Total",854,75,178,529,72,433,27,30,313,63,421,48,148,216,9
"2011","York 018E","E01013447","Total",708,66,160,402,80,337,21,26,225,65,371,45,134,177,15
"2011","York 018F","E01013448","Total",654,47,151,407,49,339,18,34,246,41,315,29,117,161,8
"2011","York 019A","E01013360","Total",825,94,167,461,103,446,26,44,291,85,379,68,123,170,18
"2011","York 019B","E01013361","Total",1086,174,182,602,128,554,68,69,337,80,532,106,113,265,48
"2011","York 019C","E01013362","Total",1055,109,170,630,146,660,45,52,445,118,395,64,118,185,28
"2011","York 019D","E01013363","Total",973,171,172,532,98,505,76,64,300,65,468,95,108,232,33
"2011","York 019E","E01013364","Total",963,217,174,485,87,490,72,73,278,67,473,145,101,207,20
"2011","York 019F","E01013418","Total",876,78,182,528,88,434,27,50,310,47,442,51,132,218,41
"2011","York 020A","E01013351","Total",874,108,189,433,144,458,32,39,272,115,416,76,150,161,29
"2011","York 020B","E01013352","Total",733,77,171,367,118,372,25,37,220,90,361,52,134,147,28
"2011","York 020C","E01013451","Total",684,77,130,373,104,359,19,33,224,83,325,58,97,149,21
"2011","York 020D","E01013452","Total",781,91,184,395,111,406,32,37,248,89,375,59,147,147,22
"2011","York 021A","E01013357","Total",950,113,189,524,124,489,30,43,323,93,461,83,146,201,31
"2011","York 021B","E01013358","Total",854,79,164,509,102,431,17,38,290,86,423,62,126,219,16
"2011","York 021C","E01013412","Total",1140,70,217,734,119,583,21,68,416,78,557,49,149,318,41
"2011","York 021D","E01013414","Total",974,83,212,566,113,490,23,47,335,85,484,60,165,231,28
"2011","York 022A","E01013353","Total",768,53,172,471,72,394,20,39,283,52,374,33,133,188,20
"2011","York 022B","E01013354","Total",833,79,186,476,92,418,26,29,295,68,415,53,157,181,24
"2011","York 022C","E01013355","Total",699,72,144,397,86,360,16,41,238,65,339,56,103,159,21
"2011","York 022D","E01013356","Total",759,74,155,454,76,401,30,34,281,56,358,44,121,173,20
"2011","York 022E","E01013359","Total",785,76,191,456,62,408,22,44,297,45,377,54,147,159,17
"2011","York 022F","E01013449","Total",859,83,193,488,95,444,27,43,300,74,415,56,150,188,21
"2011","York 023A","E01013365","Total",1257,139,261,700,157,654,51,77,416,110,603,88,184,284,47
"2011","York 023B","E01013378","Total",922,419,168,256,79,444,175,62,145,62,478,244,106,111,17
"2011","York 023C","E01013450","Total",634,75,128,311,120,332,17,28,198,89,302,58,100,113,31
"2011","York 024A","E01013340","Total",611,66,141,293,111,315,13,26,185,91,296,53,115,108,20
"2011","York 024B","E01013341","Total",532,61,136,263,72,260,15,23,165,57,272,46,113,98,15
"2011","York 024C","E01013342","Total",666,67,146,373,80,341,9,42,229,61,325,58,104,144,19
"2011","York 024D","E01013423","Total",631,74,149,332,76,322,17,29,210,66,309,57,120,122,10
"2011","York 024E","E01013424","Total",736,94,179,376,87,380,35,38,239,68,356,59,141,137,19
"2011","York 024F","E01013425","Total",795,81,168,431,115,392,28,26,251,87,403,53,142,180,28
"2011","Craven 001A","E01027558","Total",990,125,203,479,183,517,37,49,282,149,473,88,154,197,34
"2011","Craven 001B","E01027559","Total",848,90,180,461,117,445,21,38,290,96,403,69,142,171,21
"2011","Craven 001C","E01027569","Total",696,82,141,287,186,367,23,30,176,138,329,59,111,111,48
"2011","Craven 001D","E01027570","Total",1235,136,243,551,305,662,41,58,324,239,573,95,185,227,66
"2011","Craven 002A","E01027562","Total",879,113,148,364,254,486,34,34,215,203,393,79,114,149,51
"2011","Craven 002B","E01027567","Total",739,96,159,327,157,373,29,38,189,117,366,67,121,138,40
"2011","Craven 002C","E01027585","Total",829,94,160,356,219,448,24,46,218,160,381,70,114,138,59
"2011","Craven 003A","E01027568","Total",1096,114,190,569,223,563,28,33,314,188,533,86,157,255,35
"2011","Craven 003B","E01027571","Total",852,97,186,342,227,450,24,41,213,172,402,73,145,129,55
"2011","Craven 003C","E01027572","Total",1029,111,228,489,201,525,35,63,280,147,504,76,165,209,54
"2011","Craven 003D","E01027573","Total",729,94,140,295,200,386,31,34,173,148,343,63,106,122,52
"2011","Craven 004A","E01027557","Total",881,105,163,377,236,481,19,42,228,192,400,86,121,149,44
"2011","Craven 004B","E01027561","Total",922,114,194,451,163,477,26,56,270,125,445,88,138,181,38
"2011","Craven 004C","E01027576","Total",710,123,136,340,111,370,44,25,210,91,340,79,111,130,20
"2011","Craven 005A","E01027574","Total",727,78,156,406,87,371,20,41,237,73,356,58,115,169,14
"2011","Craven 005B","E01027575","Total",954,79,197,557,121,478,12,35,340,91,476,67,162,217,30
"2011","Craven 005C","E01027577","Total",1034,115,190,581,148,554,30,49,365,110,480,85,141,216,38
"2011","Craven 005D","E01027579","Total",504,62,108,288,46,240,17,28,157,38,264,45,80,131,8
"2011","Craven 006A","E01027578","Total",850,67,140,551,92,436,16,41,310,69,414,51,99,241,23
"2011","Craven 006B","E01027580","Total",489,40,140,276,33,243,9,35,170,29,246,31,105,106,4
"2011","Craven 006C","E01027581","Total",1185,106,249,699,131,614,35,64,416,99,571,71,185,283,32
"2011","Craven 006D","E01027582","Total",809,74,169,476,90,400,22,39,268,71,409,52,130,208,19
"2011","Craven 007A","E01027556","Total",904,106,190,452,156,474,29,50,286,109,430,77,140,166,47
"2011","Craven 007B","E01027560","Total",1309,112,233,757,207,688,23,50,460,155,621,89,183,297,52
"2011","Craven 007C","E01027563","Total",647,68,123,339,117,322,15,36,177,94,325,53,87,162,23
"2011","Craven 007D","E01027586","Total",995,100,165,520,210,512,26,37,289,160,483,74,128,231,50
"2011","Craven 008A","E01027555","Total",913,109,155,480,169,467,23,33,282,129,446,86,122,198,40
"2011","Craven 008B","E01027564","Total",539,45,112,330,52,279,17,27,199,36,260,28,85,131,16
"2011","Craven 008C","E01027565","Total",782,76,177,451,78,388,22,32,272,62,394,54,145,179,16
"2011","Craven 008D","E01027566","Total",674,67,133,385,89,353,32,25,223,73,321,35,108,162,16
"2011","Craven 008E","E01027583","Total",1021,97,221,588,115,511,25,42,353,91,510,72,179,235,24
"2011","Craven 008F","E01027584","Total",829,79,175,469,106,436,24,33,286,93,393,55,142,183,13
"2011","Hambleton 001A","E01027591","Total",830,95,146,391,198,445,18,32,238,157,385,77,114,153,41
"2011","Hambleton 001B","E01027597","Total",759,90,158,362,149,423,28,42,234,119,336,62,116,128,30
"2011","Hambleton 001C","E01027599","Total",759,88,168,379,124,390,22,24,242,102,369,66,144,137,22
"2011","Hambleton 001D","E01027623","Total",574,74,112,314,74,279,24,20,176,59,295,50,92,138,15
"2011","Hambleton 001E","E01027625","Total",639,56,163,316,104,326,6,39,203,78,313,50,124,113,26
"2011","Hambleton 002A","E01027598","Total",695,84,149,350,112,364,28,34,213,89,331,56,115,137,23
"2011","Hambleton 002B","E01027618","Total",1117,138,214,541,224,582,40,48,314,180,535,98,166,227,44
"2011","Hambleton 002C","E01027624","Total",608,70,132,307,99,311,19,22,187,83,297,51,110,120,16
"2011","Hambleton 002D","E01027626","Total",597,89,100,274,134,319,22,29,167,101,278,67,71,107,33
"2011","Hambleton 002E","E01027627","Total",925,110,154,428,233,503,30,56,244,173,422,80,98,184,60
"2011","Hambleton 003A","E01027590","Total",1123,128,209,639,147,575,39,50,373,113,548,89,159,266,34
"2011","Hambleton 003B","E01027592","Total",944,112,173,412,247,522,34,45,247,196,422,78,128,165,51
"2011","Hambleton 003C","E01027613","Total",935,90,159,438,248,499,19,30,256,194,436,71,129,182,54
"2011","Hambleton 003D","E01027617","Total",587,65,107,269,146,330,18,28,167,117,257,47,79,102,29
"2011","Hambleton 004A","E01027605","Total",914,56,150,597,111,482,17,25,357,83,432,39,125,240,28
"2011","Hambleton 004B","E01027606","Total",737,73,152,430,82,372,29,32,248,63,365,44,120,182,19
"2011","Hambleton 004C","E01027608","Total",930,94,193,542,101,494,34,48,331,81,436,60,145,211,20
"2011","Hambleton 004D","E01027609","Total",699,48,157,415,79,335,12,28,228,67,364,36,129,187,12
"2011","Hambleton 004E","E01027610","Total",872,67,182,516,107,447,22,28,309,88,425,45,154,207,19
"2011","Hambleton 004F","E01027611","Total",884,82,171,513,118,459,23,30,320,86,425,59,141,193,32
"2011","Hambleton 004G","E01027612","Total",748,55,168,458,67,382,15,34,275,58,366,40,134,183,9
"2011","Hambleton 004H","E01027616","Total",727,72,161,424,70,350,20,29,241,60,377,52,132,183,10
"2011","Hambleton 005A","E01027603","Total",967,102,177,518,170,512,31,46,307,128,455,71,131,211,42
"2011","Hambleton 005B","E01027604","Total",946,97,176,483,190,487,28,31,281,147,459,69,145,202,43
"2011","Hambleton 005C","E01027607","Total",602,61,141,305,95,314,28,36,171,79,288,33,105,134,16
"2011","Hambleton 005D","E01027614","Total",611,53,122,356,80,311,16,29,204,62,300,37,93,152,18
"2011","Hambleton 005E","E01027615","Total",659,68,145,377,69,344,22,30,232,60,315,46,115,145,9
"2011","Hambleton 006A","E01027587","Total",617,65,142,324,86,330,19,34,204,73,287,46,108,120,13
"2011","Hambleton 006B","E01027588","Total",826,66,157,480,123,431,17,38,273,103,395,49,119,207,20
"2011","Hambleton 006C","E01027589","Total",924,87,159,529,149,489,22,29,313,125,435,65,130,216,24
"2011","Hambleton 006D","E01027593","Total",920,107,171,421,221,500,26,43,246,185,420,81,128,175,36
"2011","Hambleton 007B","E01027628","Total",1020,127,174,459,260,543,31,42,260,210,477,96,132,199,50
"2011","Hambleton 007C","E01027633","Total",974,118,164,487,205,499,25,39,273,162,475,93,125,214,43
"2011","Hambleton 007D","E01033065","Total",651,57,126,314,154,354,12,20,190,132,297,45,106,124,22
"2011","Hambleton 007E","E01033066","Total",1464,82,146,966,270,1023,28,27,737,231,441,54,119,229,39
"2011","Hambleton 008A","E01027620","Total",1022,99,202,577,144,521,33,35,340,113,501,66,167,237,31
"2011","Hambleton 008B","E01027630","Total",939,70,162,572,135,499,18,36,341,104,440,52,126,231,31
"2011","Hambleton 008C","E01027631","Total",692,63,118,405,106,374,21,20,242,91,318,42,98,163,15
"2011","Hambleton 008D","E01027632","Total",807,77,164,422,144,423,21,37,250,115,384,56,127,172,29
"2011","Hambleton 008E","E01027637","Total",988,102,199,464,223,515,32,42,266,175,473,70,157,198,48
"2011","Hambleton 009A","E01027621","Total",1080,124,208,598,150,578,37,44,375,122,502,87,164,223,28
"2011","Hambleton 009B","E01027629","Total",584,51,132,329,72,306,12,21,211,62,278,39,111,118,10
"2011","Hambleton 009C","E01027635","Total",1489,133,225,700,431,926,44,47,465,370,563,89,178,235,61
"2011","Hambleton 009D","E01027636","Total",1101,122,204,494,281,584,19,42,301,222,517,103,162,193,59
"2011","Hambleton 010A","E01027594","Total",665,56,169,361,79,331,15,35,218,63,334,41,134,143,16
"2011","Hambleton 010B","E01027595","Total",809,84,172,414,139,409,25,34,242,108,400,59,138,172,31
"2011","Hambleton 010C","E01027596","Total",656,81,109,347,119,332,13,29,203,87,324,68,80,144,32
"2011","Hambleton 010D","E01027601","Total",1028,102,217,488,221,545,22,47,303,173,483,80,170,185,48
"2011","Hambleton 010E","E01027622","Total",963,136,180,417,230,517,38,50,245,184,446,98,130,172,46
"2011","Hambleton 011A","E01027600","Total",1064,120,210,517,217,570,24,54,310,182,494,96,156,207,35
"2011","Hambleton 011B","E01027619","Total",1494,130,228,840,296,842,39,42,534,227,652,91,186,306,69
"2011","Hambleton 011C","E01027634","Total",1090,113,211,521,245,567,33,36,310,188,523,80,175,211,57
"2011","Harrogate 001A","E01027666","Total",885,126,154,399,206,470,37,37,233,163,415,89,117,166,43
"2011","Harrogate 001B","E01027667","Total",717,71,138,326,182,385,14,27,198,146,332,57,111,128,36
"2011","Harrogate 001C","E01027685","Total",596,64,92,330,110,305,16,25,177,87,291,48,67,153,23
"2011","Harrogate 001D","E01027686","Total",630,70,106,272,182,336,11,23,156,146,294,59,83,116,36
"2011","Harrogate 002A","E01027712","Total",1102,76,165,574,287,762,32,39,431,260,340,44,126,143,27
"2011","Harrogate 002B","E01027713","Total",827,95,155,441,136,437,29,41,265,102,390,66,114,176,34
"2011","Harrogate 002C","E01027714","Total",806,79,159,434,134,446,28,44,272,102,360,51,115,162,32
"2011","Harrogate 002D","E01027715","Total",567,70,102,305,90,316,16,20,202,78,251,54,82,103,12
"2011","Harrogate 003A","E01027643","Total",703,102,132,325,144,376,27,31,196,122,327,75,101,129,22
"2011","Harrogate 003B","E01027688","Total",752,96,142,352,162,405,30,30,216,129,347,66,112,136,33
"2011","Harrogate 003C","E01027736","Total",875,89,159,434,193,465,22,39,257,147,410,67,120,177,46
"2011","Harrogate 003D","E01027737","Total",1062,80,173,544,265,655,34,30,369,222,407,46,143,175,43
"2011","Harrogate 004A","E01027705","Total",941,93,180,535,133,489,33,34,318,104,452,60,146,217,29
"2011","Harrogate 004B","E01027706","Total",936,77,147,573,139,505,26,40,322,117,431,51,107,251,22
"2011","Harrogate 004C","E01027707","Total",912,93,207,491,121,478,34,42,308,94,434,59,165,183,27
"2011","Harrogate 004D","E01027708","Total",699,55,148,376,120,379,21,30,230,98,320,34,118,146,22
"2011","Harrogate 004E","E01027709","Total",606,69,115,336,86,326,23,30,200,73,280,46,85,136,13
"2011","Harrogate 004F","E01027710","Total",478,36,103,290,49,245,9,17,176,43,233,27,86,114,6
"2011","Harrogate 004G","E01027711","Total",689,60,145,402,82,351,19,20,243,69,338,41,125,159,13
"2011","Harrogate 005A","E01027644","Total",769,78,141,422,128,411,19,26,265,101,358,59,115,157,27
"2011","Harrogate 005B","E01027645","Total",843,85,136,466,156,443,27,28,265,123,400,58,108,201,33
"2011","Harrogate 005C","E01027647","Total",844,127,151,382,184,451,30,38,231,152,393,97,113,151,32
"2011","Harrogate 005D","E01027687","Total",814,84,132,406,192,432,27,27,231,147,382,57,105,175,45
"2011","Harrogate 006A","E01027681","Total",874,100,162,417,195,465,21,33,251,160,409,79,129,166,35
"2011","Harrogate 006B","E01027693","Total",996,127,187,467,215,528,30,44,286,168,468,97,143,181,47
"2011","Harrogate 006C","E01027701","Total",850,104,170,365,211,474,29,44,235,166,376,75,126,130,45
"2011","Harrogate 006D","E01027702","Total",559,57,100,310,92,305,17,18,197,73,254,40,82,113,19
"2011","Harrogate 007A","E01027642","Total",649,69,150,293,137,332,13,34,172,113,317,56,116,121,24
"2011","Harrogate 007B","E01027646","Total",768,89,153,383,143,412,28,36,232,116,356,61,117,151,27
"2011","Harrogate 007C","E01027674","Total",674,84,127,339,124,361,23,24,206,108,313,61,103,133,16
"2011","Harrogate 007D","E01027675","Total",1242,139,255,654,194,637,31,47,399,160,605,108,208,255,34
"2011","Harrogate 008A","E01027641","Total",774,84,154,421,115,412,22,27,267,96,362,62,127,154,19
"2011","Harrogate 008B","E01027664","Total",1043,118,210,473,242,582,32,50,292,208,461,86,160,181,34
"2011","Harrogate 008C","E01027665","Total",560,60,105,259,136,304,17,25,164,98,256,43,80,95,38
"2011","Harrogate 008D","E01027722","Total",865,70,173,486,136,435,19,31,274,111,430,51,142,212,25
"2011","Harrogate 009A","E01027668","Total",739,77,187,396,79,368,22,30,249,67,371,55,157,147,12
"2011","Harrogate 009B","E01027669","Total",846,93,163,463,127,439,30,42,274,93,407,63,121,189,34
"2011","Harrogate 009C","E01027673","Total",941,91,166,522,162,490,39,35,302,114,451,52,131,220,48
"2011","Harrogate 009D","E01027676","Total",923,87,233,512,91,468,30,49,318,71,455,57,184,194,20
"2011","Harrogate 010A","E01027638","Total",712,66,151,410,85,374,17,36,250,71,338,49,115,160,14
"2011","Harrogate 010B","E01027639","Total",673,75,145,377,76,355,27,35,229,64,318,48,110,148,12
"2011","Harrogate 010C","E01027640","Total",804,83,159,478,84,418,22,32,298,66,386,61,127,180,18
"2011","Harrogate 010D","E01027690","Total",773,58,182,447,86,390,20,40,263,67,383,38,142,184,19
"2011","Harrogate 010E","E01027738","Total",784,43,143,510,88,409,18,24,300,67,375,25,119,210,21
"2011","Harrogate 010F","E01027739","Total",640,47,112,410,71,336,17,30,236,53,304,30,82,174,18
"2011","Harrogate 010G","E01027741","Total",666,54,145,394,73,344,10,32,242,60,322,44,113,152,13
"2011","Harrogate 011A","E01027689","Total",793,60,144,512,77,401,25,33,287,56,392,35,111,225,21
"2011","Harrogate 011B","E01027691","Total",894,80,157,569,88,438,24,31,315,68,456,56,126,254,20
"2011","Harrogate 011C","E01027720","Total",780,55,140,506,79,405,19,31,292,63,375,36,109,214,16
"2011","Harrogate 011D","E01027721","Total",866,76,157,530,103,449,18,40,310,81,417,58,117,220,22
"2011","Harrogate 011E","E01027723","Total",796,56,150,500,90,399,23,28,285,63,397,33,122,215,27
"2011","Harrogate 012A","E01027670","Total",889,101,176,509,103,436,33,38,291,74,453,68,138,218,29
"2011","Harrogate 012B","E01027671","Total",790,104,192,387,107,404,34,32,255,83,386,70,160,132,24
"2011","Harrogate 012C","E01027672","Total",789,85,166,401,137,420,24,41,248,107,369,61,125,153,30
"2011","Harrogate 012D","E01027704","Total",570,66,114,267,123,299,18,25,155,101,271,48,89,112,22
"2011","Harrogate 013A","E01027649","Total",910,72,175,544,119,474,26,42,317,89,436,46,133,227,30
"2011","Harrogate 013B","E01027651","Total",708,72,185,397,54,337,22,48,223,44,371,50,137,174,10
"2011","Harrogate 013C","E01027657","Total",827,56,126,543,102,439,28,34,296,81,388,28,92,247,21
"2011","Harrogate 013D","E01027658","Total",933,57,146,596,134,468,19,25,325,99,465,38,121,271,35
"2011","Harrogate 013E","E01027692","Total",674,54,107,436,77,367,18,33,260,56,307,36,74,176,21
"2011","Harrogate 013F","E01027740","Total",538,46,113,333,46,266,14,28,190,34,272,32,85,143,12
"2011","Harrogate 014A","E01027648","Total",805,86,181,444,94,412,32,39,270,71,393,54,142,174,23
"2011","Harrogate 014B","E01027650","Total",819,67,179,492,81,408,22,41,286,59,411,45,138,206,22
"2011","Harrogate 014C","E01027726","Total",888,81,178,521,108,449,26,33,304,86,439,55,145,217,22
"2011","Harrogate 014D","E01027727","Total",866,78,160,537,91,448,28,31,315,74,418,50,129,222,17
"2011","Harrogate 014E","E01027728","Total",642,62,154,353,73,329,25,44,202,58,313,37,110,151,15
"2011","Harrogate 014F","E01027729","Total",903,71,185,551,96,436,27,36,306,67,467,44,149,245,29
"2011","Harrogate 015A","E01027652","Total",797,77,139,439,142,420,28,31,251,110,377,49,108,188,32
"2011","Harrogate 015B","E01027655","Total",649,69,106,339,135,354,22,29,204,99,295,47,77,135,36
"2011","Harrogate 015C","E01027659","Total",1163,71,147,766,179,655,29,55,439,132,508,42,92,327,47
"2011","Harrogate 015D","E01027677","Total",858,53,106,543,156,463,15,25,311,112,395,38,81,232,44
"2011","Harrogate 015E","E01027678","Total",1100,54,146,729,171,614,24,49,427,114,486,30,97,302,57
"2011","Harrogate 015F","E01027680","Total",810,52,113,514,131,431,16,34,290,91,379,36,79,224,40
"2011","Harrogate 016A","E01027683","Total",782,71,122,445,144,413,18,22,255,118,369,53,100,190,26
"2011","Harrogate 016B","E01027684","Total",740,85,154,323,178,403,27,24,212,140,337,58,130,111,38
"2011","Harrogate 016C","E01027695","Total",876,87,165,427,197,468,25,36,255,152,408,62,129,172,45
"2011","Harrogate 016D","E01027696","Total",832,112,141,377,202,448,45,25,233,145,384,67,116,144,57
"2011","Harrogate 016E","E01027703","Total",943,102,182,463,196,498,20,41,282,155,445,82,141,181,41
"2011","Harrogate 017A","E01027660","Total",677,79,154,336,108,353,23,31,216,83,324,56,123,120,25
"2011","Harrogate 017B","E01027661","Total",760,70,166,433,91,383,22,39,252,70,377,48,127,181,21
"2011","Harrogate 017C","E01027662","Total",662,84,144,330,104,349,33,30,206,80,313,51,114,124,24
"2011","Harrogate 017D","E01027663","Total",737,61,146,426,104,366,14,29,242,81,371,47,117,184,23
"2011","Harrogate 017E","E01027697","Total",740,66,165,416,93,381,16,42,255,68,359,50,123,161,25
"2011","Harrogate 017F","E01027733","Total",670,87,134,336,113,344,19,27,211,87,326,68,107,125,26
"2011","Harrogate 018A","E01027682","Total",837,105,158,380,194,449,24,43,228,154,388,81,115,152,40
"2011","Harrogate 018B","E01027694","Total",675,81,116,335,143,387,30,29,206,122,288,51,87,129,21
"2011","Harrogate 018C","E01027734","Total",828,102,140,367,219,453,28,38,210,177,375,74,102,157,42
"2011","Harrogate 018D","E01027735","Total",837,101,169,377,190,459,32,39,240,148,378,69,130,137,42
"2011","Harrogate 019A","E01027656","Total",839,79,133,489,138,454,30,44,272,108,385,49,89,217,30
"2011","Harrogate 019B","E01027679","Total",801,80,116,460,145,430,24,40,261,105,371,56,76,199,40
"2011","Harrogate 019C","E01027730","Total",786,73,145,398,170,426,22,39,234,131,360,51,106,164,39
"2011","Harrogate 019D","E01027731","Total",780,84,156,419,121,387,36,32,228,91,393,48,124,191,30
"2011","Harrogate 019E","E01027732","Total",630,82,88,329,131,336,20,20,197,99,294,62,68,132,32
"2011","Harrogate 020A","E01027653","Total",604,78,118,308,100,304,22,28,181,73,300,56,90,127,27
"2011","Harrogate 020B","E01027654","Total",569,78,102,275,114,297,16,29,158,94,272,62,73,117,20
"2011","Harrogate 020C","E01027698","Total",724,78,144,360,142,374,27,29,209,109,350,51,115,151,33
"2011","Harrogate 020D","E01027716","Total",613,93,123,279,118,322,23,41,163,95,291,70,82,116,23
"2011","Harrogate 020E","E01027717","Total",774,78,158,428,110,380,25,30,244,81,394,53,128,184,29
"2011","Harrogate 020F","E01027718","Total",871,97,184,431,159,426,25,27,246,128,445,72,157,185,31
"2011","Harrogate 020G","E01027719","Total",648,66,136,365,81,334,20,27,224,63,314,46,109,141,18
"2011","Harrogate 021A","E01027699","Total",586,77,123,267,119,312,24,26,167,95,274,53,97,100,24
"2011","Harrogate 021B","E01027700","Total",567,64,116,259,128,308,23,27,157,101,259,41,89,102,27
"2011","Harrogate 021C","E01027724","Total",797,85,164,353,195,431,27,36,215,153,366,58,128,138,42
"2011","Harrogate 021D","E01027725","Total",752,107,135,341,169,373,22,23,199,129,379,85,112,142,40
"2011","Richmondshire 001A","E01027743","Total",600,51,107,347,95,321,9,26,215,71,279,42,81,132,24
"2011","Richmondshire 001B","E01027751","Total",681,58,137,329,157,370,21,37,188,124,311,37,100,141,33
"2011","Richmondshire 001C","E01027752","Total",643,61,105,332,145,345,12,28,198,107,298,49,77,134,38
"2011","Richmondshire 001D","E01027759","Total",704,67,136,342,159,384,21,33,207,123,320,46,103,135,36
"2011","Richmondshire 001E","E01027761","Total",507,59,101,228,119,274,15,26,138,95,233,44,75,90,24
"2011","Richmondshire 001F","E01027762","Total",750,87,131,344,188,404,22,34,202,146,346,65,97,142,42
"2011","Richmondshire 002A","E01027765","Total",801,72,194,433,102,386,18,29,263,76,415,54,165,170,26
"2011","Richmondshire 002B","E01027766","Total",604,62,118,332,92,301,17,25,192,67,303,45,93,140,25
"2011","Richmondshire 002C","E01027767","Total",692,71,144,404,73,350,20,22,252,56,342,51,122,152,17
"2011","Richmondshire 002D","E01027768","Total",560,55,102,320,83,275,19,16,175,65,285,36,86,145,18
"2011","Richmondshire 002E","E01027769","Total",608,75,118,309,106,310,25,25,179,81,298,50,93,130,25
"2011","Richmondshire 002F","E01027770","Total",725,62,148,393,122,388,25,27,247,89,337,37,121,146,33
"2011","Richmondshire 003A","E01027745","Total",822,73,152,424,173,441,17,25,257,142,381,56,127,167,31
"2011","Richmondshire 003B","E01027746","Total",773,73,124,446,130,394,20,18,253,103,379,53,106,193,27
"2011","Richmondshire 003C","E01027747","Total",1326,60,131,688,447,972,30,31,508,403,354,30,100,180,44
"2011","Richmondshire 003D","E01027748","Total",558,34,123,313,88,277,8,26,174,69,281,26,97,139,19
"2011","Richmondshire 004A","E01027749","Total",884,74,248,452,110,436,20,62,260,94,448,54,186,192,16
"2011","Richmondshire 004B","E01027750","Total",1729,121,283,878,447,1039,39,61,531,408,690,82,222,347,39
"2011","Richmondshire 004C","E01027754","Total",676,44,110,303,219,411,8,14,200,189,265,36,96,103,30
"2011","Richmondshire 004E","E01027771","Total",2460,55,159,654,1592,2137,26,54,494,1563,323,29,105,160,29
"2011","Richmondshire 004F","E01027772","Total",725,57,114,445,109,376,22,26,239,89,349,35,88,206,20
"2011","Richmondshire 004G","E01033183","Total",660,48,110,317,185,413,10,5,226,172,247,38,105,91,13
"2011","Richmondshire 004H","E01033184","Total",1860,76,167,1033,584,1447,40,45,818,544,413,36,122,215,40
"2011","Richmondshire 005A","E01027742","Total",726,91,141,287,207,387,30,29,166,162,339,61,112,121,45
"2011","Richmondshire 005B","E01027753","Total",751,77,125,368,181,409,25,27,217,140,342,52,98,151,41
"2011","Richmondshire 005C","E01027763","Total",591,93,92,246,160,322,26,27,145,124,269,67,65,101,36
"2011","Richmondshire 005D","E01027764","Total",628,67,132,263,166,345,16,29,166,134,283,51,103,97,32
"2011","Richmondshire 005E","E01027773","Total",573,51,115,226,181,325,17,39,133,136,248,34,76,93,45
"2011","Richmondshire 006A","E01027744","Total",634,61,108,311,154,335,12,27,174,122,299,49,81,137,32
"2011","Richmondshire 006B","E01027756","Total",946,70,178,509,189,483,11,33,296,143,463,59,145,213,46
"2011","Richmondshire 006D","E01027758","Total",726,87,158,272,209,384,24,43,148,169,342,63,115,124,40
"2011","Richmondshire 006E","E01027760","Total",679,67,121,307,184,365,13,28,187,137,314,54,93,120,47
"2011","Richmondshire 006F","E01033185","Total",609,56,118,336,99,317,15,24,204,74,292,41,94,132,25
"2011","Richmondshire 006G","E01033186","Total",584,80,110,289,105,318,19,33,186,80,266,61,77,103,25
"2011","Ryedale 001A","E01027776","Total",740,78,154,341,167,414,24,46,215,129,326,54,108,126,38
"2011","Ryedale 001B","E01027777","Total",787,100,175,291,221,426,31,39,185,171,361,69,136,106,50
"2011","Ryedale 001C","E01027783","Total",862,121,183,408,150,461,22,49,279,111,401,99,134,129,39
"2011","Ryedale 001D","E01027784","Total",766,88,183,409,86,395,11,39,282,63,371,77,144,127,23
"2011","Ryedale 002A","E01027792","Total",816,113,176,412,115,424,29,33,273,89,392,84,143,139,26
"2011","Ryedale 002B","E01027793","Total",660,73,159,336,92,337,17,30,210,80,323,56,129,126,12
"2011","Ryedale 002C","E01027794","Total",914,128,199,463,124,462,32,30,302,98,452,96,169,161,26
"2011","Ryedale 002D","E01027795","Total",762,83,173,426,80,402,24,37,275,66,360,59,136,151,14
"2011","Ryedale 002E","E01027801","Total",713,98,146,338,131,377,25,43,204,105,336,73,103,134,26
"2011","Ryedale 002F","E01027802","Total",813,94,142,388,189,449,33,32,244,140,364,61,110,144,49
"2011","Ryedale 003A","E01027775","Total",789,93,141,321,234,422,23,42,203,154,367,70,99,118,80
"2011","Ryedale 003B","E01027780","Total",1013,117,189,452,255,545,25,41,277,202,468,92,148,175,53
"2011","Ryedale 003C","E01027781","Total",561,78,110,276,97,294,28,24,168,74,267,50,86,108,23
"2011","Ryedale 003D","E01027800","Total",890,114,178,406,192,453,21,50,235,147,437,93,128,171,45
"2011","Ryedale 004A","E01027779","Total",539,62,121,240,116,286,14,35,147,90,253,48,86,93,26
"2011","Ryedale 004B","E01027796","Total",880,90,176,484,130,487,21,41,318,107,393,69,135,166,23
"2011","Ryedale 004C","E01027798","Total",980,93,230,491,166,529,31,44,326,128,451,62,186,165,38
"2011","Ryedale 004D","E01027803","Total",936,88,181,460,207,507,21,40,279,167,429,67,141,181,40
"2011","Ryedale 007A","E01027774","Total",1038,115,192,518,213,553,33,36,314,170,485,82,156,204,43
"2011","Ryedale 007B","E01027778","Total",1205,125,223,606,251,635,31,50,355,199,570,94,173,251,52
"2011","Ryedale 007C","E01027782","Total",831,100,163,400,168,428,22,37,240,129,403,78,126,160,39
"2011","Ryedale 007D","E01027797","Total",921,99,179,473,170,487,27,54,270,136,434,72,125,203,34
"2011","Ryedale 007E","E01027799","Total",887,98,191,425,173,477,25,56,263,133,410,73,135,162,40
"2011","Ryedale 008A","E01027785","Total",789,60,149,487,93,433,26,36,298,73,356,34,113,189,20
"2011","Ryedale 008B","E01027786","Total",752,90,143,402,117,388,26,27,238,97,364,64,116,164,20
"2011","Ryedale 008C","E01027787","Total",811,89,166,451,105,421,13,37,289,82,390,76,129,162,23
"2011","Ryedale 008D","E01027788","Total",685,76,162,376,71,361,21,29,247,64,324,55,133,129,7
"2011","Ryedale 008E","E01027789","Total",1234,129,262,706,137,639,33,55,436,115,595,96,207,270,22
"2011","Ryedale 008F","E01027790","Total",1085,110,200,633,142,544,18,40,373,113,541,92,160,260,29
"2011","Ryedale 008G","E01027791","Total",845,75,173,484,113,449,14,35,307,93,396,61,138,177,20
"2011","Scarborough 001A","E01027837","Total",545,64,164,234,83,280,16,39,155,70,265,48,125,79,13
"2011","Scarborough 001B","E01027839","Total",787,103,193,366,125,409,22,39,243,105,378,81,154,123,20
"2011","Scarborough 001C","E01027869","Total",538,49,111,263,115,292,15,52,152,73,246,34,59,111,42
"2011","Scarborough 001D","E01027870","Total",621,64,147,305,105,314,27,43,167,77,307,37,104,138,28
"2011","Scarborough 001E","E01027871","Total",645,80,163,291,111,343,24,41,195,83,302,56,122,96,28
"2011","Scarborough 002A","E01027813","Total",1013,130,197,442,244,558,35,66,277,180,455,95,131,165,64
"2011","Scarborough 002B","E01027822","Total",728,93,150,320,165,393,28,33,203,129,335,65,117,117,36
"2011","Scarborough 002C","E01027840","Total",903,81,213,443,166,504,19,48,303,134,399,62,165,140,32
"2011","Scarborough 002D","E01027841","Total",679,80,119,297,183,357,15,27,175,140,322,65,92,122,43
"2011","Scarborough 003A","E01027838","Total",752,92,184,353,123,391,31,39,225,96,361,61,145,128,27
"2011","Scarborough 003B","E01027864","Total",659,69,175,323,92,339,19,34,203,83,320,50,141,120,9
"2011","Scarborough 003C","E01027865","Total",790,98,192,384,116,439,35,61,246,97,351,63,131,138,19
"2011","Scarborough 003D","E01027866","Total",727,75,181,377,94,397,16,46,255,80,330,59,135,122,14
"2011","Scarborough 004A","E01027821","Total",669,111,141,274,143,342,32,42,180,88,327,79,99,94,55
"2011","Scarborough 004B","E01027823","Total",597,93,150,247,107,296,18,38,151,89,301,75,112,96,18
"2011","Scarborough 004C","E01027831","Total",507,61,117,236,93,274,18,32,147,77,233,43,85,89,16
"2011","Scarborough 004D","E01027832","Total",495,61,122,218,94,259,17,41,134,67,236,44,81,84,27
"2011","Scarborough 004E","E01027836","Total",1020,108,233,516,163,512,32,67,301,112,508,76,166,215,51
"2011","Scarborough 004F","E01027857","Total",653,67,128,311,147,348,16,30,182,120,305,51,98,129,27
"2011","Scarborough 005A","E01027842","Total",697,72,198,354,73,355,29,41,226,59,342,43,157,128,14
"2011","Scarborough 005B","E01027843","Total",622,51,168,351,52,308,14,37,214,43,314,37,131,137,9
"2011","Scarborough 005C","E01027844","Total",745,66,189,411,79,387,21,39,266,61,358,45,150,145,18
"2011","Scarborough 005D","E01027845","Total",873,99,217,466,91,446,30,43,296,77,427,69,174,170,14
"2011","Scarborough 005E","E01027855","Total",661,73,145,365,78,343,23,36,225,59,318,50,109,140,19
"2011","Scarborough 005F","E01027856","Total",396,63,89,186,58,210,22,31,114,43,186,41,58,72,15
"2011","Scarborough 006A","E01027805","Total",637,58,134,340,105,336,20,39,201,76,301,38,95,139,29
"2011","Scarborough 006B","E01027806","Total",718,82,192,351,93,392,29,59,235,69,326,53,133,116,24
"2011","Scarborough 006C","E01027846","Total",920,87,230,474,129,487,27,71,305,84,433,60,159,169,45
"2011","Scarborough 006D","E01027847","Total",830,75,230,425,100,473,46,85,273,69,357,29,145,152,31
"2011","Scarborough 006E","E01027848","Total",480,49,113,240,78,249,16,28,146,59,231,33,85,94,19
"2011","Scarborough 007A","E01027849","Total",488,45,129,252,62,245,15,40,151,39,243,30,89,101,23
"2011","Scarborough 007B","E01027850","Total",547,48,155,295,49,283,16,38,191,38,264,32,117,104,11
"2011","Scarborough 007C","E01027872","Total",586,60,187,278,61,300,20,46,184,50,286,40,141,94,11
"2011","Scarborough 007D","E01027874","Total",484,56,154,235,39,234,14,36,155,29,250,42,118,80,10
"2011","Scarborough 008A","E01027810","Total",815,73,224,454,64,395,21,54,270,50,420,52,170,184,14
"2011","Scarborough 008B","E01027811","Total",845,78,219,477,71,401,19,51,275,56,444,59,168,202,15
"2011","Scarborough 008C","E01027812","Total",836,68,245,438,85,421,23,73,263,62,415,45,172,175,23
"2011","Scarborough 008D","E01027851","Total",842,94,200,456,92,419,27,47,274,71,423,67,153,182,21
"2011","Scarborough 008E","E01027862","Total",782,71,199,433,79,385,27,47,257,54,397,44,152,176,25
"2011","Scarborough 009A","E01027824","Total",551,68,134,287,62,282,23,27,182,50,269,45,107,105,12
"2011","Scarborough 009B","E01027825","Total",812,56,222,478,56,413,19,55,299,40,399,37,167,179,16
"2011","Scarborough 009C","E01027826","Total",765,56,177,452,80,400,18,52,265,65,365,38,125,187,15
"2011","Scarborough 009D","E01027861","Total",628,67,146,359,56,324,20,35,226,43,304,47,111,133,13
"2011","Scarborough 009E","E01027863","Total",595,69,140,318,68,300,28,32,190,50,295,41,108,128,18
"2011","Scarborough 009F","E01027873","Total",691,80,132,403,76,355,26,37,238,54,336,54,95,165,22
"2011","Scarborough 010A","E01027804","Total",761,85,175,396,105,416,32,62,248,74,345,53,113,148,31
"2011","Scarborough 010B","E01027852","Total",796,114,200,380,102,426,35,75,233,83,370,79,125,147,19
"2011","Scarborough 010C","E01027853","Total",527,46,131,281,69,289,20,43,178,48,238,26,88,103,21
"2011","Scarborough 010D","E01027854","Total",707,96,153,371,87,377,41,60,212,64,330,55,93,159,23
"2011","Scarborough 010E","E01027868","Total",797,89,146,426,136,410,33,39,251,87,387,56,107,175,49
"2011","Scarborough 011A","E01027807","Total",682,70,149,351,112,343,16,35,204,88,339,54,114,147,24
"2011","Scarborough 011B","E01027808","Total",614,53,161,327,73,317,15,44,204,54,297,38,117,123,19
"2011","Scarborough 011C","E01027809","Total",534,54,111,304,65,271,11,35,178,47,263,43,76,126,18
"2011","Scarborough 011D","E01027818","Total",706,66,191,373,76,340,16,41,221,62,366,50,150,152,14
"2011","Scarborough 011E","E01027867","Total",606,101,138,281,86,296,38,40,163,55,310,63,98,118,31
"2011","Scarborough 012A","E01027817","Total",542,40,166,285,51,280,14,35,190,41,262,26,131,95,10
"2011","Scarborough 012B","E01027819","Total",460,46,138,233,43,228,10,31,152,35,232,36,107,81,8
"2011","Scarborough 012C","E01027820","Total",535,61,158,278,38,271,16,44,181,30,264,45,114,97,8
"2011","Scarborough 012D","E01027858","Total",655,64,137,379,75,332,16,26,229,61,323,48,111,150,14
"2011","Scarborough 012E","E01027860","Total",728,65,180,400,83,366,17,32,251,66,362,48,148,149,17
"2011","Scarborough 013A","E01027814","Total",733,87,174,349,123,382,29,48,209,96,351,58,126,140,27
"2011","Scarborough 013B","E01027815","Total",692,70,146,344,132,355,13,37,206,99,337,57,109,138,33
"2011","Scarborough 013C","E01027816","Total",717,83,168,396,70,366,31,29,251,55,351,52,139,145,15
"2011","Scarborough 013D","E01027859","Total",883,83,189,490,121,457,27,38,294,98,426,56,151,196,23
"2011","Scarborough 014A","E01027827","Total",637,69,154,327,87,339,25,52,202,60,298,44,102,125,27
"2011","Scarborough 014B","E01027828","Total",507,73,144,236,54,252,19,39,152,42,255,54,105,84,12
"2011","Scarborough 014C","E01027829","Total",493,62,119,252,60,240,19,35,140,46,253,43,84,112,14
"2011","Scarborough 014D","E01027830","Total",774,71,211,413,79,387,23,52,252,60,387,48,159,161,19
"2011","Scarborough 014E","E01027833","Total",671,70,135,327,139,353,19,33,198,103,318,51,102,129,36
"2011","Scarborough 014F","E01027834","Total",619,57,161,313,88,317,11,44,197,65,302,46,117,116,23
"2011","Scarborough 014G","E01027835","Total",809,86,190,399,134,432,30,59,234,109,377,56,131,165,25
"2011","Selby 001A","E01027918","Total",758,68,140,472,78,395,22,31,277,65,363,46,109,195,13
"2011","Selby 001B","E01027919","Total",619,43,106,397,73,329,10,22,238,59,290,33,84,159,14
"2011","Selby 001C","E01027920","Total",669,61,139,389,80,350,23,34,232,61,319,38,105,157,19
"2011","Selby 001D","E01027921","Total",831,81,161,489,100,414,26,21,286,81,417,55,140,203,19
"2011","Selby 001E","E01027922","Total",901,91,189,476,145,467,23,24,302,118,434,68,165,174,27
"2011","Selby 002A","E01027875","Total",933,108,186,410,229,482,22,39,248,173,451,86,147,162,56
"2011","Selby 002B","E01027886","Total",725,57,124,415,129,394,11,39,247,97,331,46,85,168,32
"2011","Selby 002C","E01027887","Total",871,83,156,490,142,457,26,31,291,109,414,57,125,199,33
"2011","Selby 002D","E01027888","Total",935,80,169,512,174,490,18,27,310,135,445,62,142,202,39
"2011","Selby 002E","E01027904","Total",1235,101,204,686,244,645,32,31,391,191,590,69,173,295,53
"2011","Selby 003A","E01027876","Total",899,86,182,527,104,464,27,28,320,89,435,59,154,207,15
"2011","Selby 003B","E01027877","Total",668,59,145,376,88,356,22,29,231,74,312,37,116,145,14
"2011","Selby 003C","E01027900","Total",1073,121,174,573,205,547,30,31,327,159,526,91,143,246,46
"2011","Selby 003D","E01027901","Total",848,73,176,470,129,421,20,25,277,99,427,53,151,193,30
"2011","Selby 003E","E01027902","Total",754,86,151,380,137,382,24,25,223,110,372,62,126,157,27
"2011","Selby 003F","E01027903","Total",519,62,102,253,102,261,14,21,156,70,258,48,81,97,32
"2011","Selby 004A","E01027898","Total",1347,102,236,788,221,704,30,49,461,164,643,72,187,327,57
"2011","Selby 004B","E01027914","Total",904,71,174,547,112,476,17,39,331,89,428,54,135,216,23
"2011","Selby 004C","E01027915","Total",804,61,162,492,89,416,14,34,301,67,388,47,128,191,22
"2011","Selby 004D","E01027916","Total",778,57,158,471,92,417,19,26,297,75,361,38,132,174,17
"2011","Selby 004E","E01027917","Total",1093,85,206,653,149,579,27,44,388,120,514,58,162,265,29
"2011","Selby 005A","E01027878","Total",693,51,139,429,74,352,14,23,255,60,341,37,116,174,14
"2011","Selby 005B","E01027905","Total",977,69,171,643,94,538,18,48,396,76,439,51,123,247,18
"2011","Selby 005C","E01027907","Total",511,52,122,290,47,264,13,23,188,40,247,39,99,102,7
"2011","Selby 005D","E01027908","Total",764,49,137,500,78,413,17,25,313,58,351,32,112,187,20
"2011","Selby 005E","E01027909","Total",1099,83,203,678,135,579,19,50,407,103,520,64,153,271,32
"2011","Selby 005F","E01027910","Total",1343,105,243,831,164,692,33,41,485,133,651,72,202,346,31
"2011","Selby 006A","E01027881","Total",564,63,111,323,67,298,19,22,205,52,266,44,89,118,15
"2011","Selby 006B","E01027906","Total",699,70,112,429,88,359,9,17,262,71,340,61,95,167,17
"2011","Selby 006C","E01027911","Total",620,62,121,358,79,327,13,30,224,60,293,49,91,134,19
"2011","Selby 006D","E01027912","Total",527,41,121,312,53,287,12,19,213,43,240,29,102,99,10
"2011","Selby 006E","E01027913","Total",609,58,140,320,91,313,18,17,208,70,296,40,123,112,21
"2011","Selby 007A","E01027879","Total",740,70,162,441,67,381,16,23,281,61,359,54,139,160,6
"2011","Selby 007B","E01027880","Total",808,106,162,428,112,412,26,30,259,97,396,80,132,169,15
"2011","Selby 007C","E01027882","Total",1007,101,227,548,131,536,27,38,366,105,471,74,189,182,26
"2011","Selby 007D","E01027894","Total",937,90,201,538,108,496,22,33,351,90,441,68,168,187,18
"2011","Selby 007E","E01027895","Total",775,80,153,411,131,407,24,27,258,98,368,56,126,153,33
"2011","Selby 008A","E01027883","Total",591,48,101,348,94,314,14,19,205,76,277,34,82,143,18
"2011","Selby 008B","E01027884","Total",853,75,146,510,122,458,23,25,317,93,395,52,121,193,29
"2011","Selby 008C","E01027885","Total",788,48,146,477,117,416,14,26,280,96,372,34,120,197,21
"2011","Selby 008D","E01027896","Total",1081,99,198,621,163,573,30,40,366,137,508,69,158,255,26
"2011","Selby 008E","E01027897","Total",1158,120,211,622,205,619,33,40,385,161,539,87,171,237,44
"2011","Selby 009A","E01027891","Total",865,61,170,464,170,451,16,32,265,138,414,45,138,199,32
"2011","Selby 009B","E01027892","Total",924,65,173,542,144,484,20,27,324,113,440,45,146,218,31
"2011","Selby 009C","E01027893","Total",999,86,195,585,133,522,23,39,357,103,477,63,156,228,30
"2011","Selby 009D","E01027899","Total",898,89,178,465,166,469,23,40,282,124,429,66,138,183,42
"2011","Selby 010A","E01027889","Total",880,79,164,522,115,463,10,36,324,93,417,69,128,198,22
"2011","Selby 010B","E01027890","Total",1056,87,206,594,169,551,31,45,340,135,505,56,161,254,34
"2011","Selby 010C","E01027923","Total",1164,102,217,617,228,614,33,40,355,186,550,69,177,262,42
"2011","Selby 010D","E01027924","Total",1192,93,213,652,234,632,27,45,376,184,560,66,168,276,50
"2011","Barnsley 001A","E01007434","Total",894,79,172,530,113,464,24,31,320,89,430,55,141,210,24
"2011","Barnsley 001B","E01007435","Total",623,39,123,408,53,335,10,23,256,46,288,29,100,152,7
"2011","Barnsley 001C","E01007438","Total",688,64,146,388,90,351,19,25,234,73,337,45,121,154,17
"2011","Barnsley 001D","E01007439","Total",638,58,140,358,82,340,15,36,228,61,298,43,104,130,21
"2011","Barnsley 002A","E01007433","Total",692,50,151,419,72,368,14,31,261,62,324,36,120,158,10
"2011","Barnsley 002B","E01007436","Total",529,33,103,332,61,288,10,31,198,49,241,23,72,134,12
"2011","Barnsley 002C","E01007437","Total",712,58,140,425,89,384,14,28,268,74,328,44,112,157,15
"2011","Barnsley 002D","E01007440","Total",664,56,132,425,51,362,17,29,272,44,302,39,103,153,7
"2011","Barnsley 003A","E01007329","Total",703,45,179,393,86,368,10,30,251,77,335,35,149,142,9
"2011","Barnsley 003B","E01007331","Total",882,53,181,538,110,459,12,51,314,82,423,41,130,224,28
"2011","Barnsley 003C","E01007342","Total",637,51,156,374,56,315,11,36,216,52,322,40,120,158,4
"2011","Barnsley 003D","E01007343","Total",556,38,117,330,71,292,11,30,195,56,264,27,87,135,15
"2011","Barnsley 004A","E01007356","Total",627,69,120,358,80,326,26,26,210,64,301,43,94,148,16
"2011","Barnsley 004B","E01007357","Total",634,55,121,392,66,329,17,28,227,57,305,38,93,165,9
"2011","Barnsley 004C","E01007361","Total",866,69,175,511,111,434,18,37,287,92,432,51,138,224,19
"2011","Barnsley 004D","E01007362","Total",848,83,169,489,107,459,23,41,306,89,389,60,128,183,18
"2011","Barnsley 004E","E01007363","Total",620,42,115,375,88,337,13,22,230,72,283,29,93,145,16
"2011","Barnsley 005A","E01007355","Total",829,61,159,512,97,434,14,26,314,80,395,47,133,198,17
"2011","Barnsley 005B","E01007358","Total",772,54,157,467,94,398,20,30,275,73,374,34,127,192,21
"2011","Barnsley 005C","E01007359","Total",694,62,143,418,71,365,15,27,264,59,329,47,116,154,12
"2011","Barnsley 005D","E01007360","Total",634,47,143,362,82,320,13,26,216,65,314,34,117,146,17
"2011","Barnsley 005E","E01007386","Total",842,57,183,489,113,425,12,33,291,89,417,45,150,198,24
"2011","Barnsley 006A","E01007328","Total",740,50,151,449,90,398,10,42,278,68,342,40,109,171,22
"2011","Barnsley 006B","E01007330","Total",794,60,165,477,92,409,17,42,280,70,385,43,123,197,22
"2011","Barnsley 006C","E01007332","Total",952,51,199,586,116,492,20,40,347,85,460,31,159,239,31
"2011","Barnsley 006D","E01007333","Total",479,35,114,280,50,248,6,26,175,41,231,29,88,105,9
"2011","Barnsley 007A","E01007323","Total",613,36,148,368,61,333,13,46,220,54,280,23,102,148,7
"2011","Barnsley 007B","E01007324","Total",671,66,164,369,72,362,15,37,251,59,309,51,127,118,13
"2011","Barnsley 007C","E01007325","Total",552,49,150,317,36,296,12,32,220,32,256,37,118,97,4
"2011","Barnsley 007D","E01007326","Total",618,54,161,350,53,315,17,41,212,45,303,37,120,138,8
"2011","Barnsley 007E","E01007327","Total",587,39,138,357,53,307,9,34,223,41,280,30,104,134,12
"2011","Barnsley 007F","E01007411","Total",349,34,111,171,33,192,8,35,118,31,157,26,76,53,2
"2011","Barnsley 008A","E01007341","Total",434,47,116,241,30,237,11,32,168,26,197,36,84,73,4
"2011","Barnsley 008B","E01007345","Total",755,64,145,459,87,391,18,21,279,73,364,46,124,180,14
"2011","Barnsley 008C","E01007346","Total",728,51,154,444,79,384,13,25,281,65,344,38,129,163,14
"2011","Barnsley 008D","E01007347","Total",805,45,167,473,120,434,10,44,288,92,371,35,123,185,28
"2011","Barnsley 009A","E01007334","Total",735,63,162,437,73,392,16,35,280,61,343,47,127,157,12
"2011","Barnsley 009B","E01007335","Total",746,53,163,460,70,405,16,37,290,62,341,37,126,170,8
"2011","Barnsley 009C","E01007400","Total",1008,75,231,572,130,539,25,51,355,108,469,50,180,217,22
"2011","Barnsley 009D","E01007404","Total",631,49,139,388,55,332,12,25,246,49,299,37,114,142,6
"2011","Barnsley 009E","E01007406","Total",659,57,168,391,43,353,18,57,242,36,306,39,111,149,7
"2011","Barnsley 010C","E01007408","Total",690,55,165,396,74,355,17,38,239,61,335,38,127,157,13
"2011","Barnsley 010D","E01007409","Total",752,62,156,448,86,400,17,43,280,60,352,45,113,168,26
"2011","Barnsley 010E","E01007410","Total",698,40,155,436,67,355,11,33,256,55,343,29,122,180,12
"2011","Barnsley 010G","E01032550","Total",1332,102,297,789,144,692,31,50,493,118,640,71,247,296,26
"2011","Barnsley 010H","E01032551","Total",1273,108,273,724,168,667,40,62,432,133,606,68,211,292,35
"2011","Barnsley 011A","E01007344","Total",1026,77,232,600,117,541,22,51,368,100,485,55,181,232,17
"2011","Barnsley 011B","E01007402","Total",606,41,163,347,55,297,12,39,205,41,309,29,124,142,14
"2011","Barnsley 011C","E01007403","Total",567,39,138,342,48,295,11,28,214,42,272,28,110,128,6
"2011","Barnsley 011D","E01007405","Total",494,36,123,290,45,249,10,22,175,42,245,26,101,115,3
"2011","Barnsley 012A","E01007379","Total",752,77,167,435,73,392,22,34,276,60,360,55,133,159,13
"2011","Barnsley 012B","E01007380","Total",947,73,187,554,133,493,21,46,324,102,454,52,141,230,31
"2011","Barnsley 012C","E01007381","Total",776,72,123,505,76,417,29,26,302,60,359,43,97,203,16
"2011","Barnsley 012D","E01007387","Total",741,50,156,435,100,385,14,35,257,79,356,36,121,178,21
"2011","Barnsley 012E","E01007442","Total",574,48,115,336,75,306,15,30,208,53,268,33,85,128,22
"2011","Barnsley 012F","E01007444","Total",698,54,151,404,89,377,23,40,246,68,321,31,111,158,21
"2011","Barnsley 012G","E01007446","Total",600,61,143,328,68,321,24,41,199,57,279,37,102,129,11
"2011","Barnsley 013A","E01007336","Total",778,50,162,473,93,436,19,48,294,75,342,31,114,179,18
"2011","Barnsley 013B","E01007340","Total",843,63,185,519,76,444,18,41,322,63,399,45,144,197,13
"2011","Barnsley 013C","E01007415","Total",701,62,143,417,79,355,17,37,236,65,346,45,106,181,14
"2011","Barnsley 013D","E01007417","Total",787,60,164,485,78,415,23,37,298,57,372,37,127,187,21
"2011","Barnsley 013E","E01007441","Total",812,48,174,517,73,409,13,29,310,57,403,35,145,207,16
"2011","Barnsley 013F","E01007443","Total",1011,74,163,651,123,577,24,49,402,102,434,50,114,249,21
"2011","Barnsley 013G","E01007445","Total",768,39,147,497,85,391,10,33,287,61,377,29,114,210,24
"2011","Barnsley 014A","E01007372","Total",404,25,95,243,41,215,9,25,147,34,189,16,70,96,7
"2011","Barnsley 014B","E01007373","Total",566,57,127,340,42,309,18,29,231,31,257,39,98,109,11
"2011","Barnsley 014C","E01007374","Total",623,47,148,368,60,326,9,35,232,50,297,38,113,136,10
"2011","Barnsley 014D","E01007375","Total",703,54,143,433,73,372,13,31,265,63,331,41,112,168,10
"2011","Barnsley 014E","E01007377","Total",425,31,90,269,35,240,5,20,184,31,185,26,70,85,4
"2011","Barnsley 014F","E01007378","Total",480,31,112,310,27,250,7,26,193,24,230,24,86,117,3
"2011","Barnsley 015A","E01007319","Total",696,51,155,419,71,358,14,26,263,55,338,37,129,156,16
"2011","Barnsley 015B","E01007321","Total",692,61,151,392,88,362,13,35,241,73,330,48,116,151,15
"2011","Barnsley 015C","E01007322","Total",1068,63,212,675,118,565,21,59,393,92,503,42,153,282,26
"2011","Barnsley 015D","E01007337","Total",914,51,187,567,109,493,17,46,340,90,421,34,141,227,19
"2011","Barnsley 016A","E01007418","Total",579,57,112,292,118,302,20,25,169,88,277,37,87,123,30
"2011","Barnsley 016B","E01007419","Total",822,84,164,434,140,414,20,27,255,112,408,64,137,179,28
"2011","Barnsley 016C","E01007420","Total",674,43,126,409,96,352,13,27,239,73,322,30,99,170,23
"2011","Barnsley 016D","E01007425","Total",730,62,136,387,145,380,22,32,209,117,350,40,104,178,28
"2011","Barnsley 017A","E01007338","Total",446,40,97,273,36,241,8,31,173,29,205,32,66,100,7
"2011","Barnsley 017B","E01007339","Total",655,54,141,397,63,353,17,35,245,56,302,37,106,152,7
"2011","Barnsley 017C","E01007413","Total",479,27,130,277,45,247,6,22,180,39,232,21,108,97,6
"2011","Barnsley 017D","E01007414","Total",684,51,161,397,75,344,13,38,234,59,340,38,123,163,16
"2011","Barnsley 018A","E01007317","Total",535,56,135,303,41,282,15,37,195,35,253,41,98,108,6
"2011","Barnsley 018B","E01007318","Total",596,35,126,384,51,326,10,34,239,43,270,25,92,145,8
"2011","Barnsley 018C","E01007320","Total",601,45,153,352,51,310,12,30,225,43,291,33,123,127,8
"2011","Barnsley 018D","E01007416","Total",401,28,94,248,31,207,11,21,150,25,194,17,73,98,6
"2011","Barnsley 019A","E01007382","Total",692,61,180,369,82,342,18,43,217,64,350,43,137,152,18
"2011","Barnsley 019B","E01007383","Total",770,55,163,457,95,397,15,31,279,72,373,40,132,178,23
"2011","Barnsley 019C","E01007384","Total",786,88,148,447,103,403,20,26,273,84,383,68,122,174,19
"2011","Barnsley 019D","E01007385","Total",535,42,131,307,55,277,9,27,195,46,258,33,104,112,9
"2011","Barnsley 020A","E01007348","Total",503,35,134,287,47,261,4,28,190,39,242,31,106,97,8
"2011","Barnsley 020B","E01007349","Total",591,43,122,348,78,302,11,29,204,58,289,32,93,144,20
"2011","Barnsley 020C","E01007350","Total",481,46,110,262,63,262,12,32,162,56,219,34,78,100,7
"2011","Barnsley 020D","E01007351","Total",638,50,153,349,86,331,15,33,215,68,307,35,120,134,18
"2011","Barnsley 020E","E01007352","Total",532,52,120,303,57,272,13,24,185,50,260,39,96,118,7
"2011","Barnsley 020F","E01007353","Total",779,51,167,467,94,406,18,26,287,75,373,33,141,180,19
"2011","Barnsley 020G","E01007354","Total",769,57,191,424,97,414,13,47,278,76,355,44,144,146,21
"2011","Barnsley 021A","E01007458","Total",701,61,159,411,70,362,15,26,267,54,339,46,133,144,16
"2011","Barnsley 021B","E01007459","Total",603,57,126,367,53,319,16,32,231,40,284,41,94,136,13
"2011","Barnsley 021C","E01007460","Total",685,60,176,372,77,353,15,49,230,59,332,45,127,142,18
"2011","Barnsley 021D","E01007461","Total",634,50,129,377,78,337,14,25,234,64,297,36,104,143,14
"2011","Barnsley 021E","E01007462","Total",567,44,139,318,66,305,8,40,206,51,262,36,99,112,15
"2011","Barnsley 021F","E01007463","Total",574,47,157,323,47,302,8,48,208,38,272,39,109,115,9
"2011","Barnsley 022A","E01007369","Total",576,37,130,362,47,311,10,32,230,39,265,27,98,132,8
"2011","Barnsley 022B","E01007370","Total",539,34,112,337,56,276,5,21,201,49,263,29,91,136,7
"2011","Barnsley 022C","E01007371","Total",871,52,201,507,111,451,12,41,305,93,420,40,160,202,18
"2011","Barnsley 022D","E01007376","Total",584,36,139,336,73,311,10,32,207,62,273,26,107,129,11
"2011","Barnsley 023A","E01007447","Total",621,61,164,335,61,323,20,38,216,49,298,41,126,119,12
"2011","Barnsley 023B","E01007448","Total",762,52,160,478,72,416,17,36,299,64,346,35,124,179,8
"2011","Barnsley 023C","E01007449","Total",874,59,186,511,118,458,15,44,302,97,416,44,142,209,21
"2011","Barnsley 023D","E01007450","Total",573,43,119,337,74,306,10,30,207,59,267,33,89,130,15
"2011","Barnsley 024A","E01007427","Total",827,75,152,484,116,424,23,31,281,89,403,52,121,203,27
"2011","Barnsley 024B","E01007428","Total",759,75,145,428,111,398,23,38,257,80,361,52,107,171,31
"2011","Barnsley 024C","E01007429","Total",577,59,117,326,75,288,19,21,188,60,289,40,96,138,15
"2011","Barnsley 024D","E01007430","Total",1320,83,243,804,190,692,17,46,477,152,628,66,197,327,38
"2011","Barnsley 024E","E01007431","Total",722,70,158,390,104,384,16,36,246,86,338,54,122,144,18
"2011","Barnsley 024F","E01007432","Total",701,66,142,395,98,372,16,26,252,78,329,50,116,143,20
"2011","Barnsley 025A","E01007364","Total",545,52,129,313,51,287,18,28,196,45,258,34,101,117,6
"2011","Barnsley 025B","E01007365","Total",466,30,115,270,51,241,3,24,174,40,225,27,91,96,11
"2011","Barnsley 025C","E01007366","Total",1065,66,217,659,123,571,22,41,411,97,494,44,176,248,26
"2011","Barnsley 025D","E01007367","Total",474,32,108,287,47,253,11,19,184,39,221,21,89,103,8
"2011","Barnsley 025E","E01007368","Total",750,44,170,455,81,401,14,48,269,70,349,30,122,186,11
"2011","Barnsley 026A","E01007451","Total",737,46,153,472,66,404,17,30,301,56,333,29,123,171,10
"2011","Barnsley 026B","E01007452","Total",826,61,152,517,96,421,13,32,294,82,405,48,120,223,14
"2011","Barnsley 026C","E01007453","Total",520,47,141,288,44,254,12,36,171,35,266,35,105,117,9
"2011","Barnsley 026E","E01007455","Total",646,54,162,375,55,327,13,33,235,46,319,41,129,140,9
"2011","Barnsley 026F","E01032924","Total",882,59,143,573,107,473,19,32,335,87,409,40,111,238,20
"2011","Barnsley 026G","E01032925","Total",573,39,132,347,55,289,11,21,212,45,284,28,111,135,10
"2011","Barnsley 027A","E01007421","Total",707,82,131,345,149,378,24,40,197,117,329,58,91,148,32
"2011","Barnsley 027B","E01007422","Total",820,81,150,436,153,440,18,30,268,124,380,63,120,168,29
"2011","Barnsley 027C","E01007423","Total",825,75,159,450,141,423,23,27,255,118,402,52,132,195,23
"2011","Barnsley 027D","E01007426","Total",807,73,138,407,189,434,21,34,237,142,373,52,104,170,47
"2011","Barnsley 028A","E01007396","Total",765,67,157,477,64,383,12,27,294,50,382,55,130,183,14
"2011","Barnsley 028B","E01007397","Total",578,43,137,321,77,291,16,23,188,64,287,27,114,133,13
"2011","Barnsley 028C","E01007398","Total",648,65,144,353,86,335,21,22,221,71,313,44,122,132,15
"2011","Barnsley 028D","E01007399","Total",1120,85,227,662,146,565,31,34,374,126,555,54,193,288,20
"2011","Barnsley 028E","E01007424","Total",831,58,169,479,125,436,17,26,289,104,395,41,143,190,21
"2011","Barnsley 029A","E01007388","Total",863,66,177,505,115,448,22,40,292,94,415,44,137,213,21
"2011","Barnsley 029B","E01007393","Total",871,57,177,546,91,466,14,32,344,76,405,43,145,202,15
"2011","Barnsley 029C","E01007394","Total",575,52,122,352,49,297,17,29,209,42,278,35,93,143,7
"2011","Barnsley 029D","E01007456","Total",954,65,176,585,128,488,14,34,333,107,466,51,142,252,21
"2011","Barnsley 029E","E01007457","Total",734,49,170,431,84,376,8,22,278,68,358,41,148,153,16
"2011","Barnsley 030A","E01007389","Total",651,63,140,381,67,354,25,37,238,54,297,38,103,143,13
"2011","Barnsley 030B","E01007390","Total",761,56,166,457,82,399,17,29,283,70,362,39,137,174,12
"2011","Barnsley 030C","E01007391","Total",620,48,148,361,63,335,12,33,233,57,285,36,115,128,6
"2011","Barnsley 030D","E01007392","Total",600,57,141,356,46,331,17,40,233,41,269,40,101,123,5
"2011","Barnsley 030E","E01007395","Total",780,68,185,445,82,403,15,38,283,67,377,53,147,162,15
"2011","Doncaster 001A","E01007632","Total",704,45,155,398,106,375,8,38,246,83,329,37,117,152,23
"2011","Doncaster 001B","E01007633","Total",525,35,122,316,52,282,3,23,211,45,243,32,99,105,7
"2011","Doncaster 001C","E01007634","Total",592,47,114,354,77,327,7,27,228,65,265,40,87,126,12
"2011","Doncaster 001D","E01007635","Total",565,47,103,356,59,303,10,20,220,53,262,37,83,136,6
"2011","Doncaster 002A","E01007487","Total",684,70,133,395,86,352,22,25,231,74,332,48,108,164,12
"2011","Doncaster 002B","E01007488","Total",813,71,148,430,164,457,17,37,272,131,356,54,111,158,33
"2011","Doncaster 002C","E01007489","Total",862,81,152,534,95,449,17,29,325,78,413,64,123,209,17
"2011","Doncaster 002D","E01007490","Total",684,61,134,370,119,373,18,37,218,100,311,43,97,152,19
"2011","Doncaster 002E","E01007491","Total",619,54,155,349,61,329,15,23,241,50,290,39,132,108,11
"2011","Doncaster 002F","E01007492","Total",527,39,146,282,60,255,11,22,171,51,272,28,124,111,9
"2011","Doncaster 002G","E01007493","Total",869,57,186,521,105,474,18,48,325,83,395,39,138,196,22
"2011","Doncaster 003A","E01007636","Total",587,49,114,365,59,311,10,16,238,47,276,39,98,127,12
"2011","Doncaster 003B","E01007637","Total",619,50,144,370,55,317,11,28,233,45,302,39,116,137,10
"2011","Doncaster 003C","E01007638","Total",623,41,152,370,60,326,8,30,237,51,297,33,122,133,9
"2011","Doncaster 003D","E01007639","Total",884,46,184,536,118,482,11,38,338,95,402,35,146,198,23
"2011","Doncaster 003E","E01007640","Total",774,61,169,444,100,425,18,27,293,87,349,43,142,151,13
"2011","Doncaster 003F","E01007641","Total",706,59,140,412,95,391,15,31,266,79,315,44,109,146,16
"2011","Doncaster 003G","E01007642","Total",638,53,146,374,65,354,15,26,260,53,284,38,120,114,12
"2011","Doncaster 004A","E01007625","Total",751,65,133,416,137,419,22,34,264,99,332,43,99,152,38
"2011","Doncaster 004B","E01007626","Total",461,44,118,251,48,248,11,36,160,41,213,33,82,91,7
"2011","Doncaster 004C","E01007627","Total",609,50,150,349,60,319,12,40,210,57,290,38,110,139,3
"2011","Doncaster 004D","E01007628","Total",526,41,131,317,37,281,12,27,212,30,245,29,104,105,7
"2011","Doncaster 004E","E01007629","Total",496,47,139,262,48,269,10,38,179,42,227,37,101,83,6
"2011","Doncaster 005A","E01007468","Total",568,44,135,312,77,298,9,39,197,53,270,35,96,115,24
"2011","Doncaster 005B","E01007469","Total",636,55,143,358,80,340,20,26,232,62,296,35,117,126,18
"2011","Doncaster 005C","E01007470","Total",629,64,156,358,51,314,14,23,237,40,315,50,133,121,11
"2011","Doncaster 005D","E01007472","Total",542,52,136,305,49,294,13,33,205,43,248,39,103,100,6
"2011","Doncaster 005E","E01007473","Total",686,38,165,413,70,376,10,37,270,59,310,28,128,143,11
"2011","Doncaster 005F","E01007474","Total",388,42,94,212,40,209,17,18,137,37,179,25,76,75,3
"2011","Doncaster 006A","E01007554","Total",842,62,191,477,112,450,19,43,295,93,392,43,148,182,19
"2011","Doncaster 006B","E01007555","Total",492,40,115,296,41,253,10,22,191,30,239,30,93,105,11
"2011","Doncaster 006C","E01007556","Total",545,49,131,317,48,292,10,30,210,42,253,39,101,107,6
"2011","Doncaster 006D","E01007561","Total",690,60,139,400,91,360,16,28,238,78,330,44,111,162,13
"2011","Doncaster 006E","E01007562","Total",652,58,147,389,58,354,19,42,239,54,298,39,105,150,4
"2011","Doncaster 006F","E01007563","Total",488,44,135,266,43,258,13,34,175,36,230,31,101,91,7
"2011","Doncaster 007A","E01007621","Total",759,65,181,429,84,385,16,34,267,68,374,49,147,162,16
"2011","Doncaster 007B","E01007622","Total",784,72,162,452,98,405,18,32,277,78,379,54,130,175,20
"2011","Doncaster 007C","E01007623","Total",563,45,134,338,46,277,13,15,218,31,286,32,119,120,15
"2011","Doncaster 007D","E01007624","Total",1003,91,198,575,139,512,22,41,337,112,491,69,157,238,27
"2011","Doncaster 007E","E01007630","Total",554,61,124,310,59,304,15,39,207,43,250,46,85,103,16
"2011","Doncaster 007F","E01007631","Total",562,47,129,310,76,297,16,30,198,53,265,31,99,112,23
"2011","Doncaster 008A","E01007553","Total",869,77,166,496,130,465,20,46,299,100,404,57,120,197,30
"2011","Doncaster 008B","E01007557","Total",902,142,314,338,108,684,111,244,235,94,218,31,70,103,14
"2011","Doncaster 008C","E01007558","Total",708,62,163,397,86,380,16,30,261,73,328,46,133,136,13
"2011","Doncaster 008D","E01007559","Total",502,47,112,256,87,297,14,38,175,70,205,33,74,81,17
"2011","Doncaster 008E","E01007560","Total",682,58,152,399,73,368,18,36,254,60,314,40,116,145,13
"2011","Doncaster 009A","E01007464","Total",630,70,141,350,69,330,25,33,216,56,300,45,108,134,13
"2011","Doncaster 009B","E01007465","Total",610,51,160,346,53,320,15,40,224,41,290,36,120,122,12
"2011","Doncaster 009C","E01007466","Total",594,43,168,334,49,306,13,41,214,38,288,30,127,120,11
"2011","Doncaster 009D","E01007467","Total",672,57,165,384,66,368,14,37,256,61,304,43,128,128,5
"2011","Doncaster 009E","E01007471","Total",849,64,149,514,122,444,18,30,296,100,405,46,119,218,22
"2011","Doncaster 009F","E01007504","Total",693,39,160,421,73,385,10,38,279,58,308,29,122,142,15
"2011","Doncaster 009G","E01007507","Total",473,57,123,246,47,252,16,34,164,38,221,41,89,82,9
"2011","Doncaster 010A","E01007506","Total",525,58,150,275,42,277,17,40,182,38,248,41,110,93,4
"2011","Doncaster 010B","E01007508","Total",607,49,169,333,56,314,12,45,209,48,293,37,124,124,8
"2011","Doncaster 010C","E01007509","Total",617,40,139,378,60,315,6,35,229,45,302,34,104,149,15
"2011","Doncaster 010D","E01007510","Total",719,57,164,418,80,373,16,43,241,73,346,41,121,177,7
"2011","Doncaster 010E","E01007511","Total",598,52,151,326,69,294,20,26,192,56,304,32,125,134,13
"2011","Doncaster 011A","E01007475","Total",885,65,177,548,95,461,18,31,337,75,424,47,146,211,20
"2011","Doncaster 011B","E01007476","Total",648,68,131,380,69,341,15,32,241,53,307,53,99,139,16
"2011","Doncaster 011C","E01007477","Total",681,57,141,404,79,349,10,25,252,62,332,47,116,152,17
"2011","Doncaster 011D","E01007478","Total",729,46,166,428,89,410,15,31,290,74,319,31,135,138,15
"2011","Doncaster 012A","E01007512","Total",860,68,217,498,77,455,21,44,325,65,405,47,173,173,12
"2011","Doncaster 012B","E01007513","Total",602,60,153,325,64,307,17,31,204,55,295,43,122,121,9
"2011","Doncaster 012C","E01007515","Total",684,57,166,385,76,346,8,37,236,65,338,49,129,149,11
"2011","Doncaster 012D","E01007518","Total",744,61,147,459,77,392,21,24,287,60,352,40,123,172,17
"2011","Doncaster 012E","E01007519","Total",650,51,162,375,62,342,12,47,233,50,308,39,115,142,12
"2011","Doncaster 013A","E01007505","Total",803,80,170,454,99,420,21,40,282,77,383,59,130,172,22
"2011","Doncaster 013B","E01007514","Total",707,47,150,434,76,385,16,33,268,68,322,31,117,166,8
"2011","Doncaster 013C","E01007516","Total",690,68,157,412,53,351,23,34,252,42,339,45,123,160,11
"2011","Doncaster 013D","E01007517","Total",726,50,137,480,59,392,15,31,294,52,334,35,106,186,7
"2011","Doncaster 014A","E01007479","Total",702,63,136,431,72,375,17,29,269,60,327,46,107,162,12
"2011","Doncaster 014B","E01007480","Total",682,48,156,423,55,357,12,29,267,49,325,36,127,156,6
"2011","Doncaster 014D","E01007482","Total",497,39,128,282,48,243,11,32,161,39,254,28,96,121,9
"2011","Doncaster 014E","E01033259","Total",964,55,156,629,124,496,15,28,352,101,468,40,128,277,23
"2011","Doncaster 014F","E01033260","Total",864,53,192,538,81,444,17,45,321,61,420,36,147,217,20
"2011","Doncaster 015A","E01007570","Total",657,44,153,385,75,344,10,28,251,55,313,34,125,134,20
"2011","Doncaster 015B","E01007650","Total",759,59,147,488,65,394,16,35,284,59,365,43,112,204,6
"2011","Doncaster 015C","E01007651","Total",770,65,187,459,59,404,14,47,296,47,366,51,140,163,12
"2011","Doncaster 015D","E01007652","Total",714,75,185,395,59,378,29,61,242,46,336,46,124,153,13
"2011","Doncaster 015E","E01007653","Total",808,67,171,500,70,439,25,49,313,52,369,42,122,187,18
"2011","Doncaster 015F","E01007656","Total",604,58,134,369,43,319,16,38,230,35,285,42,96,139,8
"2011","Doncaster 016A","E01007581","Total",797,70,183,461,83,413,20,48,277,68,384,50,135,184,15
"2011","Doncaster 016B","E01007582","Total",781,60,195,439,87,408,20,39,272,77,373,40,156,167,10
"2011","Doncaster 016C","E01007588","Total",773,70,172,448,83,406,23,19,291,73,367,47,153,157,10
"2011","Doncaster 016D","E01007589","Total",819,88,193,457,81,432,28,45,286,73,387,60,148,171,8
"2011","Doncaster 017A","E01007483","Total",728,51,140,469,68,372,18,28,275,51,356,33,112,194,17
"2011","Doncaster 017B","E01007484","Total",675,52,152,381,90,347,21,30,228,68,328,31,122,153,22
"2011","Doncaster 017C","E01007485","Total",827,61,170,488,108,428,21,35,281,91,399,40,135,207,17
"2011","Doncaster 017D","E01007486","Total",551,38,123,332,58,293,9,35,203,46,258,29,88,129,12
"2011","Doncaster 018A","E01007564","Total",604,56,165,339,44,306,17,40,209,40,298,39,125,130,4
"2011","Doncaster 018B","E01007565","Total",736,70,164,420,82,395,28,39,259,69,341,42,125,161,13
"2011","Doncaster 018C","E01007566","Total",635,68,171,341,55,322,21,46,213,42,313,47,125,128,13
"2011","Doncaster 018D","E01007567","Total",603,51,133,345,74,299,16,35,198,50,304,35,98,147,24
"2011","Doncaster 018E","E01007568","Total",598,49,150,359,40,298,13,40,211,34,300,36,110,148,6
"2011","Doncaster 018F","E01007569","Total",707,57,171,417,62,353,15,39,246,53,354,42,132,171,9
"2011","Doncaster 019A","E01007644","Total",771,62,152,467,90,411,22,34,282,73,360,40,118,185,17
"2011","Doncaster 019B","E01007646","Total",755,60,132,449,114,437,26,45,275,91,318,34,87,174,23
"2011","Doncaster 019C","E01007647","Total",757,69,148,461,79,402,25,48,279,50,355,44,100,182,29
"2011","Doncaster 019D","E01007648","Total",928,69,150,603,106,573,33,72,384,84,355,36,78,219,22
"2011","Doncaster 019E","E01007649","Total",814,65,168,491,90,437,23,46,301,67,377,42,122,190,23
"2011","Doncaster 019F","E01007654","Total",732,57,147,455,73,407,21,55,275,56,325,36,92,180,17
"2011","Doncaster 020A","E01007583","Total",694,62,125,399,108,354,19,26,221,88,340,43,99,178,20
"2011","Doncaster 020B","E01007586","Total",726,62,148,396,120,376,21,36,228,91,350,41,112,168,29
"2011","Doncaster 020C","E01007587","Total",692,55,133,372,132,350,18,27,200,105,342,37,106,172,27
"2011","Doncaster 020D","E01007620","Total",797,68,168,466,95,406,19,30,280,77,391,49,138,186,18
"2011","Doncaster 021A","E01007584","Total",781,55,154,486,86,400,14,33,285,68,381,41,121,201,18
"2011","Doncaster 021B","E01007585","Total",781,55,168,466,92,388,13,36,259,80,393,42,132,207,12
"2011","Doncaster 021C","E01007617","Total",710,80,155,369,106,368,29,34,217,88,342,51,121,152,18
"2011","Doncaster 021D","E01007618","Total",654,66,143,381,64,332,14,30,235,53,322,52,113,146,11
"2011","Doncaster 021E","E01007619","Total",949,103,164,523,159,501,28,40,309,124,448,75,124,214,35
"2011","Doncaster 022A","E01007529","Total",666,42,154,411,59,383,14,57,261,51,283,28,97,150,8
"2011","Doncaster 022B","E01007530","Total",486,27,112,326,21,286,8,45,217,16,200,19,67,109,5
"2011","Doncaster 022C","E01007531","Total",653,48,144,417,44,348,9,41,260,38,305,39,103,157,6
"2011","Doncaster 022D","E01007643","Total",598,50,159,338,51,318,13,70,193,42,280,37,89,145,9
"2011","Doncaster 022E","E01007645","Total",896,74,199,560,63,517,39,92,339,47,379,35,107,221,16
"2011","Doncaster 022F","E01007655","Total",886,71,181,567,67,508,25,74,357,52,378,46,107,210,15
"2011","Doncaster 023A","E01007494","Total",800,47,172,509,72,414,13,44,300,57,386,34,128,209,15
"2011","Doncaster 023B","E01007532","Total",536,64,104,325,43,335,28,44,231,32,201,36,60,94,11
"2011","Doncaster 023C","E01007533","Total",653,47,150,408,48,360,13,40,269,38,293,34,110,139,10
"2011","Doncaster 023D","E01007535","Total",748,61,162,467,58,401,14,51,287,49,347,47,111,180,9
"2011","Doncaster 024A","E01007522","Total",545,44,128,307,66,286,15,33,180,58,259,29,95,127,8
"2011","Doncaster 024B","E01007525","Total",609,54,142,342,71,306,13,34,201,58,303,41,108,141,13
"2011","Doncaster 024C","E01007528","Total",524,29,157,289,49,282,4,35,202,41,242,25,122,87,8
"2011","Doncaster 024D","E01007604","Total",692,63,145,390,94,363,17,34,234,78,329,46,111,156,16
"2011","Doncaster 025A","E01007521","Total",650,76,147,350,77,348,30,43,211,64,302,46,104,139,13
"2011","Doncaster 025B","E01007523","Total",726,71,124,439,92,389,22,31,272,64,337,49,93,167,28
"2011","Doncaster 025C","E01007524","Total",699,69,128,401,101,385,28,34,247,76,314,41,94,154,25
"2011","Doncaster 025D","E01007526","Total",743,92,154,393,104,380,29,47,217,87,363,63,107,176,17
"2011","Doncaster 025E","E01007607","Total",600,59,136,328,77,322,22,36,201,63,278,37,100,127,14
"2011","Doncaster 026A","E01007599","Total",874,73,171,489,141,465,23,31,298,113,409,50,140,191,28
"2011","Doncaster 026B","E01007600","Total",733,79,159,405,90,373,23,33,241,76,360,56,126,164,14
"2011","Doncaster 026C","E01007601","Total",622,65,147,314,96,317,16,27,198,76,305,49,120,116,20
"2011","Doncaster 026D","E01007602","Total",744,75,148,426,95,408,24,29,272,83,336,51,119,154,12
"2011","Doncaster 026E","E01007603","Total",744,63,167,391,123,384,17,35,240,92,360,46,132,151,31
"2011","Doncaster 027A","E01007520","Total",590,76,126,327,61,322,29,37,209,47,268,47,89,118,14
"2011","Doncaster 027B","E01007527","Total",1350,115,217,803,215,729,33,67,467,162,621,82,150,336,53
"2011","Doncaster 027C","E01007605","Total",689,68,136,406,79,367,23,38,249,57,322,45,98,157,22
"2011","Doncaster 027D","E01007606","Total",701,78,125,346,152,392,30,32,214,116,309,48,93,132,36
"2011","Doncaster 028A","E01007495","Total",802,58,168,499,77,427,13,35,320,59,375,45,133,179,18
"2011","Doncaster 028B","E01007500","Total",467,43,133,239,52,238,15,25,158,40,229,28,108,81,12
"2011","Doncaster 028C","E01007502","Total",1732,113,289,1111,219,907,39,62,639,167,825,74,227,472,52
"2011","Doncaster 028D","E01007534","Total",857,47,149,600,61,480,15,38,380,47,377,32,111,220,14
"2011","Doncaster 029A","E01007496","Total",581,48,145,349,39,319,22,41,223,33,262,26,104,126,6
"2011","Doncaster 029B","E01007497","Total",565,62,141,308,54,286,22,36,186,42,279,40,105,122,12
"2011","Doncaster 029C","E01007498","Total",719,53,163,445,58,390,14,38,292,46,329,39,125,153,12
"2011","Doncaster 029D","E01007499","Total",498,54,128,274,42,276,23,46,171,36,222,31,82,103,6
"2011","Doncaster 029E","E01007501","Total",636,61,145,355,75,334,21,35,219,59,302,40,110,136,16
"2011","Doncaster 029F","E01007503","Total",877,67,184,545,81,479,26,44,339,70,398,41,140,206,11
"2011","Doncaster 030A","E01007575","Total",419,33,99,247,40,214,16,14,152,32,205,17,85,95,8
"2011","Doncaster 030B","E01007578","Total",688,46,160,425,57,373,12,35,278,48,315,34,125,147,9
"2011","Doncaster 030C","E01007579","Total",726,60,147,447,72,405,18,36,290,61,321,42,111,157,11
"2011","Doncaster 030D","E01007580","Total",559,43,133,328,55,294,14,30,208,42,265,29,103,120,13
"2011","Doncaster 031A","E01007571","Total",796,42,162,518,74,425,8,45,309,63,371,34,117,209,11
"2011","Doncaster 031B","E01007572","Total",601,56,122,357,66,326,17,26,229,54,275,39,96,128,12
"2011","Doncaster 031C","E01007573","Total",492,37,133,293,29,276,10,32,209,25,216,27,101,84,4
"2011","Doncaster 031D","E01007574","Total",605,43,160,355,47,314,12,45,218,39,291,31,115,137,8
"2011","Doncaster 031E","E01007576","Total",753,61,159,460,73,397,17,32,285,63,356,44,127,175,10
"2011","Doncaster 031F","E01007577","Total",554,34,132,322,66,316,10,32,222,52,238,24,100,100,14
"2011","Doncaster 032A","E01007536","Total",1012,73,190,642,107,536,20,36,395,85,476,53,154,247,22
"2011","Doncaster 032B","E01007542","Total",616,45,161,355,55,306,11,35,213,47,310,34,126,142,8
"2011","Doncaster 032C","E01007543","Total",468,39,110,278,41,245,14,24,171,36,223,25,86,107,5
"2011","Doncaster 032D","E01007544","Total",382,29,99,222,32,190,10,19,136,25,192,19,80,86,7
"2011","Doncaster 033A","E01007546","Total",614,51,117,380,66,330,17,31,225,57,284,34,86,155,9
"2011","Doncaster 033B","E01007551","Total",813,70,157,493,93,419,19,31,297,72,394,51,126,196,21
"2011","Doncaster 033C","E01007552","Total",683,59,140,392,92,362,23,28,234,77,321,36,112,158,15
"2011","Doncaster 033D","E01007613","Total",772,82,142,399,149,403,28,32,230,113,369,54,110,169,36
"2011","Doncaster 034A","E01007545","Total",756,52,146,482,76,398,12,29,291,66,358,40,117,191,10
"2011","Doncaster 034B","E01007547","Total",630,58,148,372,52,332,14,34,238,46,298,44,114,134,6
"2011","Doncaster 034C","E01007548","Total",420,31,111,239,39,210,6,19,151,34,210,25,92,88,5
"2011","Doncaster 034D","E01007549","Total",546,27,143,326,50,296,10,32,210,44,250,17,111,116,6
"2011","Doncaster 034E","E01007550","Total",719,59,179,412,69,356,15,27,260,54,363,44,152,152,15
"2011","Doncaster 035A","E01007537","Total",801,59,181,456,105,416,17,36,280,83,385,42,145,176,22
"2011","Doncaster 035B","E01007538","Total",661,55,151,390,65,340,9,22,253,56,321,46,129,137,9
"2011","Doncaster 035C","E01007539","Total",578,49,145,326,58,290,12,22,214,42,288,37,123,112,16
"2011","Doncaster 035D","E01007540","Total",748,55,160,445,88,384,13,24,274,73,364,42,136,171,15
"2011","Doncaster 035E","E01007541","Total",604,53,145,351,55,322,12,29,237,44,282,41,116,114,11
"2011","Doncaster 036A","E01007591","Total",625,40,148,368,69,328,13,37,222,56,297,27,111,146,13
"2011","Doncaster 036B","E01007594","Total",1140,76,195,701,168,580,23,31,394,132,560,53,164,307,36
"2011","Doncaster 036C","E01007596","Total",616,50,150,338,78,315,16,37,197,65,301,34,113,141,13
"2011","Doncaster 036D","E01007598","Total",772,57,161,453,101,414,15,33,282,84,358,42,128,171,17
"2011","Doncaster 037A","E01007590","Total",542,51,114,327,50,273,11,24,199,39,269,40,90,128,11
"2011","Doncaster 037B","E01007592","Total",581,33,146,339,63,314,12,30,216,56,267,21,116,123,7
"2011","Doncaster 037C","E01007593","Total",528,46,128,305,49,274,14,36,181,43,254,32,92,124,6
"2011","Doncaster 037D","E01007595","Total",619,51,137,357,74,322,13,27,219,63,297,38,110,138,11
"2011","Doncaster 037E","E01007597","Total",546,45,140,311,50,260,12,23,184,41,286,33,117,127,9
"2011","Doncaster 038A","E01007608","Total",910,83,179,529,119,453,29,34,290,100,457,54,145,239,19
"2011","Doncaster 038B","E01007609","Total",1105,108,251,557,189,588,40,69,325,154,517,68,182,232,35
"2011","Doncaster 038C","E01007610","Total",832,72,145,454,161,435,15,33,261,126,397,57,112,193,35
"2011","Doncaster 039A","E01007611","Total",587,48,125,328,86,303,16,32,186,69,284,32,93,142,17
"2011","Doncaster 039B","E01007612","Total",653,78,124,341,110,347,23,30,210,84,306,55,94,131,26
"2011","Doncaster 039C","E01007614","Total",654,49,138,367,100,350,14,28,223,85,304,35,110,144,15
"2011","Doncaster 039D","E01007615","Total",508,62,97,257,92,267,19,31,143,74,241,43,66,114,18
"2011","Doncaster 039E","E01007616","Total",534,44,108,311,71,271,14,13,186,58,263,30,95,125,13
"2011","Rotherham 001A","E01007693","Total",1130,75,250,679,126,604,23,50,432,99,526,52,200,247,27
"2011","Rotherham 001B","E01007694","Total",750,54,165,444,87,408,15,34,288,71,342,39,131,156,16
"2011","Rotherham 001C","E01007695","Total",1313,110,239,798,166,668,25,43,482,118,645,85,196,316,48
"2011","Rotherham 001D","E01007697","Total",589,45,145,333,66,313,14,27,212,60,276,31,118,121,6
"2011","Rotherham 001E","E01007698","Total",769,57,151,460,101,392,8,26,288,70,377,49,125,172,31
"2011","Rotherham 002A","E01007816","Total",711,55,153,410,93,370,18,22,256,74,341,37,131,154,19
"2011","Rotherham 002B","E01007817","Total",604,52,141,343,68,316,14,28,217,57,288,38,113,126,11
"2011","Rotherham 002C","E01007819","Total",612,55,128,355,74,330,20,35,224,51,282,35,93,131,23
"2011","Rotherham 002D","E01007820","Total",731,35,164,457,75,392,12,44,268,68,339,23,120,189,7
"2011","Rotherham 002E","E01007821","Total",652,49,154,374,75,343,15,33,231,64,309,34,121,143,11
"2011","Rotherham 002F","E01007822","Total",538,46,129,296,67,259,13,24,170,52,279,33,105,126,15
"2011","Rotherham 003A","E01007796","Total",408,35,117,229,27,202,9,21,147,25,206,26,96,82,2
"2011","Rotherham 003B","E01007797","Total",586,57,150,327,52,287,8,24,208,47,299,49,126,119,5
"2011","Rotherham 003C","E01007798","Total",621,41,158,356,66,327,6,30,228,63,294,35,128,128,3
"2011","Rotherham 003D","E01007799","Total",581,35,142,349,55,315,6,28,236,45,266,29,114,113,10
"2011","Rotherham 003E","E01007800","Total",720,47,151,444,78,385,10,29,282,64,335,37,122,162,14
"2011","Rotherham 003F","E01007818","Total",784,75,156,465,88,414,19,34,288,73,370,56,122,177,15
"2011","Rotherham 004A","E01007777","Total",708,53,154,429,72,370,15,31,268,56,338,38,123,161,16
"2011","Rotherham 004B","E01007793","Total",634,48,161,377,48,349,16,41,247,45,285,32,120,130,3
"2011","Rotherham 004C","E01007794","Total",483,38,126,261,58,238,9,28,154,47,245,29,98,107,11
"2011","Rotherham 004D","E01007795","Total",770,56,164,475,75,403,17,26,297,63,367,39,138,178,12
"2011","Rotherham 005A","E01007778","Total",767,77,180,418,92,402,34,42,257,69,365,43,138,161,23
"2011","Rotherham 005B","E01007779","Total",466,31,109,278,48,265,8,33,183,41,201,23,76,95,7
"2011","Rotherham 005C","E01007780","Total",627,41,150,390,46,327,13,32,247,35,300,28,118,143,11
"2011","Rotherham 005D","E01007781","Total",622,56,160,353,53,325,14,35,232,44,297,42,125,121,9
"2011","Rotherham 005E","E01007782","Total",617,45,150,369,53,313,9,26,232,46,304,36,124,137,7
"2011","Rotherham 006A","E01007771","Total",714,46,162,437,69,365,13,28,266,58,349,33,134,171,11
"2011","Rotherham 006B","E01007772","Total",605,43,147,359,56,310,15,31,223,41,295,28,116,136,15
"2011","Rotherham 006C","E01007773","Total",604,38,163,346,57,302,11,29,211,51,302,27,134,135,6
"2011","Rotherham 006D","E01007774","Total",688,47,163,402,76,365,17,24,256,68,323,30,139,146,8
"2011","Rotherham 007A","E01007696","Total",719,60,160,389,110,363,12,38,235,78,356,48,122,154,32
"2011","Rotherham 007B","E01007801","Total",813,57,161,494,101,417,19,29,292,77,396,38,132,202,24
"2011","Rotherham 007C","E01007802","Total",755,60,142,461,92,374,14,29,265,66,381,46,113,196,26
"2011","Rotherham 007D","E01007803","Total",659,56,156,383,64,332,19,38,224,51,327,37,118,159,13
"2011","Rotherham 007E","E01007808","Total",901,77,190,540,94,461,24,36,326,75,440,53,154,214,19
"2011","Rotherham 008A","E01007775","Total",433,44,112,244,33,224,13,22,159,30,209,31,90,85,3
"2011","Rotherham 008B","E01007776","Total",701,51,172,427,51,362,13,38,269,42,339,38,134,158,9
"2011","Rotherham 008C","E01007783","Total",678,52,147,404,75,355,8,34,248,65,323,44,113,156,10
"2011","Rotherham 008D","E01007784","Total",811,52,180,493,86,440,19,38,313,70,371,33,142,180,16
"2011","Rotherham 009A","E01007728","Total",510,37,118,300,55,269,10,23,193,43,241,27,95,107,12
"2011","Rotherham 009B","E01007729","Total",685,54,157,418,56,357,14,41,255,47,328,40,116,163,9
"2011","Rotherham 009C","E01007730","Total",596,42,131,362,61,309,11,25,226,47,287,31,106,136,14
"2011","Rotherham 009D","E01007731","Total",636,63,127,379,67,334,21,34,228,51,302,42,93,151,16
"2011","Rotherham 009E","E01007732","Total",585,59,112,351,63,315,15,26,220,54,270,44,86,131,9
"2011","Rotherham 009F","E01007733","Total",589,56,150,331,52,294,19,24,207,44,295,37,126,124,8
"2011","Rotherham 010A","E01007719","Total",431,32,111,254,34,226,5,22,170,29,205,27,89,84,5
"2011","Rotherham 010B","E01007720","Total",638,59,149,346,84,332,16,36,211,69,306,43,113,135,15
"2011","Rotherham 010C","E01007721","Total",579,43,137,337,62,293,15,32,200,46,286,28,105,137,16
"2011","Rotherham 010D","E01007727","Total",586,56,149,330,51,320,19,35,222,44,266,37,114,108,7
"2011","Rotherham 011A","E01007740","Total",632,49,156,361,66,327,14,32,225,56,305,35,124,136,10
"2011","Rotherham 011B","E01007804","Total",549,46,147,319,37,292,16,42,201,33,257,30,105,118,4
"2011","Rotherham 011C","E01007805","Total",531,36,116,338,41,282,7,20,218,37,249,29,96,120,4
"2011","Rotherham 011D","E01007806","Total",539,47,131,323,38,281,9,30,210,32,258,38,101,113,6
"2011","Rotherham 011E","E01007807","Total",618,62,142,369,45,335,22,27,250,36,283,40,115,119,9
"2011","Rotherham 012A","E01007681","Total",598,55,120,357,66,305,7,28,217,53,293,48,92,140,13
"2011","Rotherham 012B","E01007691","Total",1040,75,214,613,138,545,20,35,383,107,495,55,179,230,31
"2011","Rotherham 012C","E01007692","Total",791,63,168,446,114,415,20,35,270,90,376,43,133,176,24
"2011","Rotherham 012E","E01032926","Total",1025,55,188,626,156,532,16,23,374,119,493,39,165,252,37
"2011","Rotherham 012F","E01032927","Total",765,45,160,465,95,391,14,23,274,80,374,31,137,191,15
"2011","Rotherham 013A","E01007723","Total",514,35,124,308,47,270,9,25,196,40,244,26,99,112,7
"2011","Rotherham 013B","E01007735","Total",454,38,135,248,33,248,12,35,170,31,206,26,100,78,2
"2011","Rotherham 013C","E01007737","Total",490,43,147,261,39,261,16,36,176,33,229,27,111,85,6
"2011","Rotherham 013D","E01007738","Total",513,50,123,301,39,269,18,30,188,33,244,32,93,113,6
"2011","Rotherham 013E","E01007739","Total",444,41,140,236,27,252,16,43,170,23,192,25,97,66,4
"2011","Rotherham 014A","E01007736","Total",489,42,120,284,43,275,14,57,175,29,214,28,63,109,14
"2011","Rotherham 014B","E01007765","Total",784,57,177,480,70,418,15,57,292,54,366,42,120,188,16
"2011","Rotherham 014C","E01007766","Total",586,68,169,295,54,308,22,46,194,46,278,46,123,101,8
"2011","Rotherham 014D","E01007768","Total",597,60,154,346,37,389,30,77,252,30,208,30,77,94,7
"2011","Rotherham 014E","E01007770","Total",659,69,181,355,54,354,21,62,228,43,305,48,119,127,11
"2011","Rotherham 015A","E01007741","Total",767,65,164,465,73,403,13,33,298,59,364,52,131,167,14
"2011","Rotherham 015B","E01007742","Total",629,57,158,349,65,314,11,30,220,53,315,46,128,129,12
"2011","Rotherham 015C","E01007743","Total",742,70,169,446,57,373,24,29,275,45,369,46,140,171,12
"2011","Rotherham 015D","E01007744","Total",754,53,164,454,83,395,13,40,274,68,359,40,124,180,15
"2011","Rotherham 015E","E01007745","Total",666,60,146,392,68,353,18,32,247,56,313,42,114,145,12
"2011","Rotherham 015F","E01007746","Total",761,79,171,436,75,406,15,48,277,66,355,64,123,159,9
"2011","Rotherham 016A","E01007715","Total",570,53,150,325,42,350,26,67,224,33,220,27,83,101,9
"2011","Rotherham 016B","E01007716","Total",624,68,172,325,59,357,32,72,207,46,267,36,100,118,13
"2011","Rotherham 016C","E01007717","Total",840,62,188,528,62,419,11,46,308,54,421,51,142,220,8
"2011","Rotherham 016D","E01007718","Total",631,43,160,379,49,350,19,50,240,41,281,24,110,139,8
"2011","Rotherham 017A","E01007677","Total",424,40,84,256,44,237,15,24,163,35,187,25,60,93,9
"2011","Rotherham 017B","E01007714","Total",816,51,139,542,84,528,22,66,372,68,288,29,73,170,16
"2011","Rotherham 017C","E01007767","Total",675,67,116,406,86,372,25,30,249,68,303,42,86,157,18
"2011","Rotherham 017D","E01007769","Total",519,38,131,318,32,353,25,71,236,21,166,13,60,82,11
"2011","Rotherham 018A","E01007685","Total",763,56,147,476,84,406,16,31,292,67,357,40,116,184,17
"2011","Rotherham 018B","E01007754","Total",802,49,169,483,101,423,17,25,292,89,379,32,144,191,12
"2011","Rotherham 018C","E01007755","Total",796,51,167,472,106,430,13,40,286,91,366,38,127,186,15
"2011","Rotherham 018D","E01007756","Total",791,55,184,442,110,409,20,47,257,85,382,35,137,185,25
"2011","Rotherham 018E","E01007761","Total",692,65,153,407,67,342,22,25,238,57,350,43,128,169,10
"2011","Rotherham 018F","E01007762","Total",619,61,150,331,77,328,20,32,211,65,291,41,118,120,12
"2011","Rotherham 019A","E01007682","Total",685,59,162,404,60,361,16,33,263,49,324,43,129,141,11
"2011","Rotherham 019B","E01007683","Total",750,71,169,435,75,401,22,32,282,65,349,49,137,153,10
"2011","Rotherham 019C","E01007686","Total",592,49,136,325,82,321,14,38,200,69,271,35,98,125,13
"2011","Rotherham 019D","E01007688","Total",604,62,141,326,75,292,13,30,193,56,312,49,111,133,19
"2011","Rotherham 019E","E01007725","Total",691,61,155,400,75,356,18,27,246,65,335,43,128,154,10
"2011","Rotherham 019F","E01007726","Total",590,43,142,341,64,300,9,36,201,54,290,34,106,140,10
"2011","Rotherham 020A","E01007757","Total",802,71,178,455,98,411,18,34,274,85,391,53,144,181,13
"2011","Rotherham 020B","E01007758","Total",549,47,118,326,58,277,12,22,197,46,272,35,96,129,12
"2011","Rotherham 020C","E01007759","Total",603,52,139,344,68,307,12,28,206,61,296,40,111,138,7
"2011","Rotherham 020D","E01007760","Total",657,42,145,372,98,348,12,25,229,82,309,30,120,143,16
"2011","Rotherham 020E","E01007763","Total",567,54,124,325,64,307,16,32,206,53,260,38,92,119,11
"2011","Rotherham 020F","E01007764","Total",541,43,135,288,75,299,9,35,188,67,242,34,100,100,8
"2011","Rotherham 021A","E01007708","Total",588,46,161,329,52,297,10,35,210,42,291,36,126,119,10
"2011","Rotherham 021B","E01007709","Total",693,69,166,378,80,364,25,34,246,59,329,44,132,132,21
"2011","Rotherham 021C","E01007710","Total",760,93,194,384,89,398,31,53,242,72,362,62,141,142,17
"2011","Rotherham 021D","E01007711","Total",816,77,189,463,87,417,26,38,281,72,399,51,151,182,15
"2011","Rotherham 021E","E01007724","Total",668,61,141,383,83,348,19,32,229,68,320,42,109,154,15
"2011","Rotherham 021F","E01007734","Total",635,61,175,353,46,295,11,43,203,38,340,50,132,150,8
"2011","Rotherham 022A","E01007684","Total",870,66,174,531,99,451,21,27,324,79,419,45,147,207,20
"2011","Rotherham 022B","E01007687","Total",643,79,144,335,85,331,19,31,208,73,312,60,113,127,12
"2011","Rotherham 022C","E01007689","Total",818,67,146,495,110,416,17,22,290,87,402,50,124,205,23
"2011","Rotherham 022D","E01007690","Total",755,73,158,401,123,395,19,40,242,94,360,54,118,159,29
"2011","Rotherham 023A","E01007675","Total",749,75,173,431,70,419,32,62,274,51,330,43,111,157,19
"2011","Rotherham 023B","E01007678","Total",672,61,133,362,116,373,14,48,218,93,299,47,85,144,23
"2011","Rotherham 023C","E01007679","Total",735,78,161,425,71,408,35,58,260,55,327,43,103,165,16
"2011","Rotherham 023D","E01007680","Total",667,58,151,381,77,425,24,85,257,59,242,34,66,124,18
"2011","Rotherham 023E","E01007712","Total",916,78,191,545,102,499,25,56,336,82,417,53,135,209,20
"2011","Rotherham 023F","E01007713","Total",721,82,169,386,84,379,33,49,238,59,342,49,120,148,25
"2011","Rotherham 024A","E01007811","Total",635,55,129,388,63,324,23,20,227,54,311,32,109,161,9
"2011","Rotherham 024B","E01007812","Total",513,47,125,289,52,260,15,26,182,37,253,32,99,107,15
"2011","Rotherham 024C","E01007813","Total",659,46,136,391,86,360,15,34,241,70,299,31,102,150,16
"2011","Rotherham 024D","E01007814","Total",535,55,105,286,89,280,15,25,172,68,255,40,80,114,21
"2011","Rotherham 025A","E01007676","Total",726,69,168,421,68,374,18,44,254,58,352,51,124,167,10
"2011","Rotherham 025B","E01007702","Total",781,84,166,453,78,404,24,30,285,65,377,60,136,168,13
"2011","Rotherham 025C","E01007703","Total",556,51,129,324,52,279,11,28,200,40,277,40,101,124,12
"2011","Rotherham 025D","E01007704","Total",666,69,156,375,66,350,19,33,237,61,316,50,123,138,5
"2011","Rotherham 025E","E01007705","Total",737,72,157,432,76,388,10,27,284,67,349,62,130,148,9
"2011","Rotherham 025F","E01007707","Total",731,77,155,422,77,388,14,25,281,68,343,63,130,141,9
"2011","Rotherham 026A","E01007666","Total",737,58,176,408,95,393,9,45,261,78,344,49,131,147,17
"2011","Rotherham 026B","E01007809","Total",577,53,123,341,60,322,15,32,222,53,255,38,91,119,7
"2011","Rotherham 026C","E01007810","Total",822,56,170,481,115,458,20,43,300,95,364,36,127,181,20
"2011","Rotherham 026D","E01007815","Total",740,71,159,420,90,401,18,44,261,78,339,53,115,159,12
"2011","Rotherham 027A","E01007665","Total",929,73,204,534,118,494,12,42,344,96,435,61,162,190,22
"2011","Rotherham 027B","E01007699","Total",912,66,175,575,96,475,14,30,363,68,437,52,145,212,28
"2011","Rotherham 027C","E01007700","Total",962,55,193,585,129,482,8,35,333,106,480,47,158,252,23
"2011","Rotherham 027D","E01007701","Total",690,47,143,408,92,365,10,34,247,74,325,37,109,161,18
"2011","Rotherham 027E","E01007706","Total",801,65,151,490,95,423,14,31,296,82,378,51,120,194,13
"2011","Rotherham 028A","E01007787","Total",1484,104,260,880,240,793,34,52,516,191,691,70,208,364,49
"2011","Rotherham 028B","E01007788","Total",734,71,142,409,112,392,20,29,259,84,342,51,113,150,28
"2011","Rotherham 028C","E01007789","Total",657,56,129,387,85,355,18,33,236,68,302,38,96,151,17
"2011","Rotherham 028D","E01007792","Total",753,57,163,433,100,396,19,29,272,76,357,38,134,161,24
"2011","Rotherham 029A","E01007657","Total",715,67,157,418,73,373,20,35,260,58,342,47,122,158,15
"2011","Rotherham 029B","E01007659","Total",560,56,106,346,52,306,15,20,229,42,254,41,86,117,10
"2011","Rotherham 029C","E01007785","Total",652,73,135,361,83,341,19,36,218,68,311,54,99,143,15
"2011","Rotherham 029D","E01007786","Total",527,43,119,318,47,275,11,18,209,37,252,32,101,109,10
"2011","Rotherham 029E","E01007790","Total",534,45,125,295,69,303,11,38,200,54,231,34,87,95,15
"2011","Rotherham 029F","E01007791","Total",519,49,143,279,48,285,15,38,191,41,234,34,105,88,7
"2011","Rotherham 030A","E01007667","Total",609,62,132,364,51,301,14,25,221,41,308,48,107,143,10
"2011","Rotherham 030B","E01007668","Total",543,41,136,309,57,297,15,34,195,53,246,26,102,114,4
"2011","Rotherham 030C","E01007669","Total",676,55,160,402,59,368,20,41,261,46,308,35,119,141,13
"2011","Rotherham 030D","E01007670","Total",812,86,172,452,102,412,24,37,265,86,400,62,135,187,16
"2011","Rotherham 030E","E01007672","Total",784,65,175,464,80,393,15,29,284,65,391,50,146,180,15
"2011","Rotherham 030F","E01007673","Total",615,41,156,363,55,325,17,29,231,48,290,24,127,132,7
"2011","Rotherham 031A","E01007671","Total",1161,96,243,683,139,613,30,44,429,110,548,66,199,254,29
"2011","Rotherham 031B","E01007674","Total",1083,71,207,682,123,560,7,40,408,105,523,64,167,274,18
"2011","Rotherham 031C","E01007747","Total",553,50,142,308,53,296,16,45,188,47,257,34,97,120,6
"2011","Rotherham 031D","E01007750","Total",716,64,111,439,102,374,18,27,244,85,342,46,84,195,17
"2011","Rotherham 032A","E01007658","Total",737,52,149,421,115,391,11,26,265,89,346,41,123,156,26
"2011","Rotherham 032B","E01007660","Total",618,63,121,349,85,333,12,25,226,70,285,51,96,123,15
"2011","Rotherham 032C","E01007661","Total",666,79,132,353,102,353,24,31,221,77,313,55,101,132,25
"2011","Rotherham 032D","E01007662","Total",348,34,71,213,30,181,11,13,130,27,167,23,58,83,3
"2011","Rotherham 032E","E01007663","Total",706,65,158,382,101,352,16,32,233,71,354,49,126,149,30
"2011","Rotherham 032F","E01007664","Total",811,81,159,451,120,429,17,42,277,93,382,64,117,174,27
"2011","Rotherham 033A","E01007748","Total",651,59,142,344,106,323,14,36,184,89,328,45,106,160,17
"2011","Rotherham 033B","E01007749","Total",910,67,181,533,129,484,16,44,324,100,426,51,137,209,29
"2011","Rotherham 033C","E01007751","Total",994,77,201,594,122,530,26,45,357,102,464,51,156,237,20
"2011","Rotherham 033D","E01007752","Total",797,67,158,462,110,423,24,35,278,86,374,43,123,184,24
"2011","Rotherham 033E","E01007753","Total",692,71,152,340,129,363,24,34,197,108,329,47,118,143,21
"2011","Sheffield 001A","E01008144","Total",788,59,175,451,103,407,23,34,267,83,381,36,141,184,20
"2011","Sheffield 001B","E01008145","Total",588,58,111,352,67,293,17,25,200,51,295,41,86,152,16
"2011","Sheffield 001C","E01008148","Total",608,56,134,353,65,297,11,29,207,50,311,45,105,146,15
"2011","Sheffield 001D","E01008149","Total",791,80,169,455,87,397,18,30,274,75,394,62,139,181,12
"2011","Sheffield 001E","E01008150","Total",633,45,145,388,55,320,15,25,233,47,313,30,120,155,8
"2011","Sheffield 002A","E01008142","Total",678,45,155,390,88,359,14,41,231,73,319,31,114,159,15
"2011","Sheffield 002B","E01008143","Total",818,52,167,498,101,413,16,44,272,81,405,36,123,226,20
"2011","Sheffield 002C","E01008146","Total",684,59,128,413,84,353,16,34,241,62,331,43,94,172,22
"2011","Sheffield 002D","E01008147","Total",701,68,146,389,98,365,25,40,223,77,336,43,106,166,21
"2011","Sheffield 003A","E01007888","Total",820,59,170,507,84,421,15,34,300,72,399,44,136,207,12
"2011","Sheffield 003B","E01007892","Total",554,50,155,290,59,268,14,27,174,53,286,36,128,116,6
"2011","Sheffield 003C","E01007893","Total",799,77,183,465,74,411,20,47,284,60,388,57,136,181,14
"2011","Sheffield 003D","E01007898","Total",894,70,165,558,101,442,19,31,316,76,452,51,134,242,25
"2011","Sheffield 003E","E01007899","Total",716,55,184,376,101,366,20,34,233,79,350,35,150,143,22
"2011","Sheffield 003F","E01007900","Total",794,57,192,467,78,386,9,43,277,57,408,48,149,190,21
"2011","Sheffield 003G","E01007901","Total",565,57,139,315,54,285,19,35,187,44,280,38,104,128,10
"2011","Sheffield 004A","E01007887","Total",719,54,146,464,55,368,11,26,290,41,351,43,120,174,14
"2011","Sheffield 004B","E01007889","Total",1504,127,308,895,174,762,39,46,534,143,742,88,262,361,31
"2011","Sheffield 004C","E01007890","Total",774,68,185,441,80,395,14,32,292,57,379,54,153,149,23
"2011","Sheffield 004D","E01007891","Total",747,65,183,426,73,395,19,43,272,61,352,46,140,154,12
"2011","Sheffield 004E","E01007894","Total",795,46,162,512,75,408,11,30,309,58,387,35,132,203,17
"2011","Sheffield 004F","E01007895","Total",652,66,145,378,63,334,20,34,223,57,318,46,111,155,6
"2011","Sheffield 004G","E01007896","Total",707,56,165,421,65,362,20,37,253,52,345,36,128,168,13
"2011","Sheffield 005A","E01007897","Total",650,70,131,373,76,346,20,31,232,63,304,50,100,141,13
"2011","Sheffield 005B","E01008134","Total",627,58,131,367,71,339,16,35,232,56,288,42,96,135,15
"2011","Sheffield 005C","E01008135","Total",1002,77,175,632,118,537,19,44,379,95,465,58,131,253,23
"2011","Sheffield 005D","E01008137","Total",659,57,153,358,91,328,19,26,210,73,331,38,127,148,18
"2011","Sheffield 005E","E01008141","Total",816,84,174,449,109,414,21,45,263,85,402,63,129,186,24
"2011","Sheffield 006A","E01008053","Total",499,44,112,309,34,263,8,35,191,29,236,36,77,118,5
"2011","Sheffield 006B","E01008056","Total",660,54,179,378,49,334,13,45,236,40,326,41,134,142,9
"2011","Sheffield 006C","E01008058","Total",695,55,163,415,62,368,17,37,264,50,327,38,126,151,12
"2011","Sheffield 006D","E01008138","Total",498,40,110,300,48,259,7,26,191,35,239,33,84,109,13
"2011","Sheffield 006E","E01008139","Total",758,54,160,463,81,382,12,36,279,55,376,42,124,184,26
"2011","Sheffield 007A","E01007856","Total",547,40,137,332,38,289,15,30,214,30,258,25,107,118,8
"2011","Sheffield 007B","E01008054","Total",494,35,125,294,40,245,11,33,172,29,249,24,92,122,11
"2011","Sheffield 007C","E01008055","Total",551,33,153,336,29,278,11,38,205,24,273,22,115,131,5
"2011","Sheffield 007D","E01008057","Total",607,37,167,346,57,301,10,37,206,48,306,27,130,140,9
"2011","Sheffield 008A","E01008126","Total",722,83,169,387,83,374,23,32,247,72,348,60,137,140,11
"2011","Sheffield 008C","E01008128","Total",963,72,201,508,182,502,16,49,307,130,461,56,152,201,52
"2011","Sheffield 008D","E01008136","Total",623,43,148,348,84,322,15,28,214,65,301,28,120,134,19
"2011","Sheffield 008E","E01008140","Total",916,73,173,543,127,462,24,30,310,98,454,49,143,233,29
"2011","Sheffield 008F","E01033275","Total",919,52,169,582,116,488,20,51,333,84,431,32,118,249,32
"2011","Sheffield 008G","E01033280","Total",861,72,178,497,114,439,19,29,298,93,422,53,149,199,21
"2011","Sheffield 009A","E01008085","Total",532,35,118,331,48,273,13,26,192,42,259,22,92,139,6
"2011","Sheffield 009B","E01008086","Total",546,46,120,352,28,289,10,27,229,23,257,36,93,123,5
"2011","Sheffield 009C","E01008116","Total",508,45,152,274,37,258,11,35,182,30,250,34,117,92,7
"2011","Sheffield 009D","E01008117","Total",443,34,127,236,46,242,9,35,160,38,201,25,92,76,8
"2011","Sheffield 009E","E01008118","Total",550,40,131,334,45,278,13,40,188,37,272,27,91,146,8
"2011","Sheffield 009F","E01008119","Total",479,48,123,270,38,231,11,26,163,31,248,37,97,107,7
"2011","Sheffield 009G","E01008125","Total",606,32,141,372,61,313,8,31,225,49,293,24,110,147,12
"2011","Sheffield 010A","E01007849","Total",837,57,184,522,74,414,16,42,295,61,423,41,142,227,13
"2011","Sheffield 010B","E01007857","Total",577,48,146,343,40,302,9,38,222,33,275,39,108,121,7
"2011","Sheffield 010C","E01008059","Total",565,40,138,351,36,283,8,31,211,33,282,32,107,140,3
"2011","Sheffield 010D","E01008060","Total",558,36,139,349,34,250,5,24,198,23,308,31,115,151,11
"2011","Sheffield 011A","E01008061","Total",578,47,142,342,47,297,16,40,207,34,281,31,102,135,13
"2011","Sheffield 011B","E01008063","Total",664,64,153,401,46,335,21,43,234,37,329,43,110,167,9
"2011","Sheffield 011E","E01033277","Total",825,73,205,488,59,443,21,57,315,50,382,52,148,173,9
"2011","Sheffield 012A","E01008087","Total",839,62,183,531,63,436,21,35,326,54,403,41,148,205,9
"2011","Sheffield 012B","E01008088","Total",740,52,169,459,60,372,20,34,269,49,368,32,135,190,11
"2011","Sheffield 012C","E01008090","Total",618,38,145,379,56,314,11,30,229,44,304,27,115,150,12
"2011","Sheffield 012D","E01008092","Total",521,42,141,299,39,252,15,31,178,28,269,27,110,121,11
"2011","Sheffield 012E","E01008122","Total",445,24,137,252,32,233,6,42,156,29,212,18,95,96,3
"2011","Sheffield 012F","E01008124","Total",545,46,150,315,34,289,21,39,202,27,256,25,111,113,7
"2011","Sheffield 013A","E01007848","Total",611,51,165,358,37,308,17,56,205,30,303,34,109,153,7
"2011","Sheffield 013B","E01007851","Total",523,63,131,289,40,261,25,43,164,29,262,38,88,125,11
"2011","Sheffield 013C","E01007947","Total",423,27,103,257,36,234,11,33,162,28,189,16,70,95,8
"2011","Sheffield 013D","E01007948","Total",512,50,138,293,31,253,16,42,168,27,259,34,96,125,4
"2011","Sheffield 013E","E01008062","Total",466,40,143,255,28,234,11,41,163,19,232,29,102,92,9
"2011","Sheffield 014A","E01007847","Total",550,43,116,349,42,302,13,37,215,37,248,30,79,134,5
"2011","Sheffield 014B","E01007850","Total",772,62,198,447,65,408,24,60,270,54,364,38,138,177,11
"2011","Sheffield 014C","E01007852","Total",813,55,153,533,72,426,17,29,321,59,387,38,124,212,13
"2011","Sheffield 014D","E01007853","Total",802,71,150,519,62,418,23,27,320,48,384,48,123,199,14
"2011","Sheffield 014E","E01007854","Total",686,52,166,414,54,355,25,41,248,41,331,27,125,166,13
"2011","Sheffield 014F","E01007855","Total",938,66,185,600,87,504,19,65,359,61,434,47,120,241,26
"2011","Sheffield 015A","E01007941","Total",546,39,140,324,43,284,11,43,196,34,262,28,97,128,9
"2011","Sheffield 015B","E01007945","Total",663,30,173,428,32,336,11,47,251,27,327,19,126,177,5
"2011","Sheffield 015C","E01007946","Total",582,43,158,341,40,305,16,42,213,34,277,27,116,128,6
"2011","Sheffield 015D","E01007950","Total",557,51,155,317,34,264,16,31,187,30,293,35,124,130,4
"2011","Sheffield 015E","E01008123","Total",499,40,132,284,43,252,11,34,171,36,247,29,98,113,7
"2011","Sheffield 016A","E01007987","Total",819,46,182,529,62,416,10,43,320,43,403,36,139,209,19
"2011","Sheffield 016B","E01007988","Total",787,59,203,461,64,397,22,40,284,51,390,37,163,177,13
"2011","Sheffield 016C","E01007989","Total",850,66,175,537,72,424,21,39,314,50,426,45,136,223,22
"2011","Sheffield 016D","E01007991","Total",626,64,155,366,41,275,17,22,210,26,351,47,133,156,15
"2011","Sheffield 017A","E01007995","Total",897,51,171,593,82,442,18,42,324,58,455,33,129,269,24
"2011","Sheffield 017B","E01008089","Total",708,62,191,401,54,357,26,53,239,39,351,36,138,162,15
"2011","Sheffield 017C","E01008091","Total",935,62,172,633,68,483,19,52,365,47,452,43,120,268,21
"2011","Sheffield 017D","E01008093","Total",828,39,160,551,78,430,18,45,306,61,398,21,115,245,17
"2011","Sheffield 018A","E01007903","Total",553,47,144,308,54,321,18,65,194,44,232,29,79,114,10
"2011","Sheffield 018B","E01007904","Total",450,44,143,219,44,281,13,77,154,37,169,31,66,65,7
"2011","Sheffield 018C","E01007913","Total",403,38,135,207,23,278,22,77,158,21,125,16,58,49,2
"2011","Sheffield 018D","E01007914","Total",457,48,153,235,21,291,20,77,177,17,166,28,76,58,4
"2011","Sheffield 019A","E01007870","Total",682,73,152,401,56,397,28,54,271,44,285,45,98,130,12
"2011","Sheffield 019B","E01007871","Total",690,58,181,396,55,393,18,60,268,47,297,40,121,128,8
"2011","Sheffield 019C","E01007943","Total",591,43,168,337,43,281,16,24,206,35,310,27,144,131,8
"2011","Sheffield 019D","E01008094","Total",408,34,105,242,27,214,12,19,160,23,194,22,86,82,4
"2011","Sheffield 020A","E01007869","Total",582,61,182,302,37,327,22,94,183,28,255,39,88,119,9
"2011","Sheffield 020B","E01007872","Total",643,70,152,372,49,355,30,74,211,40,288,40,78,161,9
"2011","Sheffield 020C","E01007873","Total",524,65,120,312,27,301,30,53,198,20,223,35,67,114,7
"2011","Sheffield 020D","E01007942","Total",582,60,145,331,46,390,28,84,244,34,192,32,61,87,12
"2011","Sheffield 020E","E01007949","Total",535,51,125,333,26,330,25,63,224,18,205,26,62,109,8
"2011","Sheffield 021A","E01007990","Total",684,74,170,378,62,341,20,33,240,48,343,54,137,138,14
"2011","Sheffield 021B","E01007992","Total",900,72,181,592,55,453,33,34,347,39,447,39,147,245,16
"2011","Sheffield 021C","E01007993","Total",737,56,175,450,56,369,9,36,282,42,368,47,139,168,14
"2011","Sheffield 021D","E01007994","Total",854,69,161,564,60,425,19,34,328,44,429,50,127,236,16
"2011","Sheffield 021E","E01007996","Total",789,59,158,496,76,392,19,31,295,47,397,40,127,201,29
"2011","Sheffield 022A","E01007874","Total",477,62,137,244,34,251,20,58,143,30,226,42,79,101,4
"2011","Sheffield 022B","E01007875","Total",470,61,148,230,31,283,33,80,145,25,187,28,68,85,6
"2011","Sheffield 022D","E01007877","Total",421,41,105,236,39,268,15,61,165,27,153,26,44,71,12
"2011","Sheffield 022E","E01007940","Total",460,39,127,266,28,275,24,62,163,26,185,15,65,103,2
"2011","Sheffield 022F","E01007944","Total",579,59,185,320,15,373,34,101,225,13,206,25,84,95,2
"2011","Sheffield 022G","E01033269","Total",456,77,125,217,37,282,35,66,151,30,174,42,59,66,7
"2011","Sheffield 022H","E01033270","Total",766,63,98,538,67,468,38,43,334,53,298,25,55,204,14
"2011","Sheffield 023A","E01008129","Total",751,57,163,411,120,386,13,47,232,94,365,44,116,179,26
"2011","Sheffield 023B","E01008130","Total",701,68,171,390,72,353,20,33,248,52,348,48,138,142,20
"2011","Sheffield 023C","E01008131","Total",813,77,179,488,69,405,19,27,300,59,408,58,152,188,10
"2011","Sheffield 023D","E01008132","Total",785,71,197,438,79,378,17,31,265,65,407,54,166,173,14
"2011","Sheffield 023E","E01008133","Total",648,62,160,342,84,347,22,33,227,65,301,40,127,115,19
"2011","Sheffield 024A","E01008151","Total",893,88,174,532,99,472,47,66,299,60,421,41,108,233,39
"2011","Sheffield 024B","E01008153","Total",997,72,158,687,80,537,22,50,403,62,460,50,108,284,18
"2011","Sheffield 024C","E01008154","Total",912,58,164,585,105,462,23,45,331,63,450,35,119,254,42
"2011","Sheffield 024D","E01008155","Total",847,68,160,538,81,424,28,47,295,54,423,40,113,243,27
"2011","Sheffield 024E","E01008156","Total",839,59,162,556,62,424,29,41,312,42,415,30,121,244,20
"2011","Sheffield 024F","E01008160","Total",752,51,143,491,67,367,9,30,281,47,385,42,113,210,20
"2011","Sheffield 025A","E01007997","Total",660,61,152,395,52,343,20,32,249,42,317,41,120,146,10
"2011","Sheffield 025B","E01007998","Total",606,42,133,374,57,323,13,29,233,48,283,29,104,141,9
"2011","Sheffield 025C","E01008152","Total",710,57,150,446,57,390,19,39,284,48,320,38,111,162,9
"2011","Sheffield 025D","E01008158","Total",679,53,147,406,73,348,17,39,240,52,331,36,108,166,21
"2011","Sheffield 026A","E01008065","Total",500,60,125,282,33,277,28,55,166,28,223,32,70,116,5
"2011","Sheffield 026B","E01008068","Total",626,167,116,323,20,361,79,43,224,15,265,88,73,99,5
"2011","Sheffield 026C","E01008072","Total",585,66,141,327,51,302,23,53,187,39,283,43,88,140,12
"2011","Sheffield 026D","E01008157","Total",612,55,154,360,43,285,13,29,217,26,327,42,125,143,17
"2011","Sheffield 026E","E01008161","Total",950,53,171,623,103,480,20,45,342,73,470,33,126,281,30
"2011","Sheffield 027A","E01007883","Total",327,32,120,159,16,218,20,75,112,11,109,12,45,47,5
"2011","Sheffield 027B","E01007902","Total",526,60,151,270,45,316,25,60,193,38,210,35,91,77,7
"2011","Sheffield 027C","E01007905","Total",513,50,202,239,22,313,26,94,175,18,200,24,108,64,4
"2011","Sheffield 027D","E01007906","Total",598,71,185,304,38,382,31,109,212,30,216,40,76,92,8
"2011","Sheffield 028A","E01008064","Total",770,148,119,431,72,382,66,40,235,41,388,82,79,196,31
"2011","Sheffield 028B","E01008066","Total",544,205,92,207,40,262,86,36,117,23,282,119,56,90,17
"2011","Sheffield 028C","E01008069","Total",686,182,127,318,59,327,72,47,176,32,359,110,80,142,27
"2011","Sheffield 028D","E01008074","Total",750,118,152,419,61,359,43,52,225,39,391,75,100,194,22
"2011","Sheffield 029A","E01007951","Total",807,79,156,461,111,402,24,46,263,69,405,55,110,198,42
"2011","Sheffield 029B","E01007960","Total",826,96,150,489,91,421,35,41,294,51,405,61,109,195,40
"2011","Sheffield 029C","E01007962","Total",624,104,94,349,77,294,33,30,182,49,330,71,64,167,28
"2011","Sheffield 029D","E01008159","Total",891,82,137,573,99,439,31,47,302,59,452,51,90,271,40
"2011","Sheffield 030A","E01007866","Total",699,183,143,307,66,356,80,50,188,38,343,103,93,119,28
"2011","Sheffield 030B","E01007867","Total",748,293,105,282,68,358,104,42,163,49,390,189,63,119,19
"2011","Sheffield 030C","E01007868","Total",543,74,88,288,93,270,31,34,147,58,273,43,54,141,35
"2011","Sheffield 030D","E01008067","Total",569,293,93,157,26,286,128,54,85,19,283,165,39,72,7
"2011","Sheffield 030E","E01008073","Total",713,133,158,359,63,360,53,60,203,44,353,80,98,156,19
"2011","Sheffield 032A","E01007907","Total",692,67,157,438,30,407,21,60,299,27,285,46,97,139,3
"2011","Sheffield 032B","E01007908","Total",829,77,151,547,54,433,20,35,332,46,396,57,116,215,8
"2011","Sheffield 032C","E01007909","Total",1118,80,232,706,100,588,23,47,437,81,530,57,185,269,19
"2011","Sheffield 032D","E01007911","Total",709,49,159,446,55,380,13,22,296,49,329,36,137,150,6
"2011","Sheffield 032E","E01008014","Total",572,51,148,337,36,314,20,54,209,31,258,31,94,128,5
"2011","Sheffield 032F","E01008016","Total",639,70,127,394,48,349,29,22,254,44,290,41,105,140,4
"2011","Sheffield 033A","E01007952","Total",774,90,172,411,101,389,22,30,259,78,385,68,142,152,23
"2011","Sheffield 033B","E01007953","Total",623,75,131,334,83,323,17,43,199,64,300,58,88,135,19
"2011","Sheffield 033C","E01007954","Total",814,89,182,438,105,420,28,37,278,77,394,61,145,160,28
"2011","Sheffield 033D","E01007961","Total",782,93,188,409,92,396,20,45,260,71,386,73,143,149,21
"2011","Sheffield 036A","E01007859","Total",558,155,80,250,73,303,81,21,149,52,255,74,59,101,21
"2011","Sheffield 036B","E01007860","Total",666,136,134,313,83,364,61,57,188,58,302,75,77,125,25
"2011","Sheffield 036C","E01007863","Total",882,205,158,398,121,443,79,61,225,78,439,126,97,173,43
"2011","Sheffield 036D","E01007864","Total",826,361,182,243,40,392,134,89,147,22,434,227,93,96,18
"2011","Sheffield 036E","E01008104","Total",575,138,121,225,91,305,62,56,124,63,270,76,65,101,28
"2011","Sheffield 037A","E01007910","Total",712,67,164,401,80,358,22,35,241,60,354,45,129,160,20
"2011","Sheffield 037B","E01007912","Total",749,77,175,428,69,393,25,33,272,63,356,52,142,156,6
"2011","Sheffield 037C","E01007971","Total",617,49,141,384,43,319,10,40,236,33,298,39,101,148,10
"2011","Sheffield 037D","E01007973","Total",719,60,170,422,67,383,15,39,275,54,336,45,131,147,13
"2011","Sheffield 038A","E01007858","Total",790,78,153,405,154,413,24,48,230,111,377,54,105,175,43
"2011","Sheffield 038B","E01007861","Total",764,95,157,369,143,391,27,39,215,110,373,68,118,154,33
"2011","Sheffield 038C","E01007862","Total",895,433,141,237,84,425,163,65,131,66,470,270,76,106,18
"2011","Sheffield 038D","E01007865","Total",879,69,197,472,141,454,20,56,278,100,425,49,141,194,41
"2011","Sheffield 039A","E01008011","Total",503,44,128,293,38,240,6,27,176,31,263,38,101,117,7
"2011","Sheffield 039B","E01008012","Total",838,42,208,514,74,406,10,50,287,59,432,32,158,227,15
"2011","Sheffield 039C","E01008013","Total",466,41,117,274,34,227,12,23,165,27,239,29,94,109,7
"2011","Sheffield 039D","E01008015","Total",619,63,160,348,48,331,20,45,226,40,288,43,115,122,8
"2011","Sheffield 039E","E01008017","Total",539,45,132,329,33,288,16,37,205,30,251,29,95,124,3
"2011","Sheffield 039F","E01008018","Total",487,60,123,278,26,236,11,27,173,25,251,49,96,105,1
"2011","Sheffield 040A","E01008105","Total",1158,373,277,430,78,651,166,145,284,56,507,207,132,146,22
"2011","Sheffield 040C","E01008107","Total",624,131,130,317,46,357,77,53,195,32,267,54,77,122,14
"2011","Sheffield 040D","E01008111","Total",813,241,139,363,70,414,83,59,224,48,399,158,80,139,22
"2011","Sheffield 040E","E01033271","Total",480,58,118,270,34,302,38,59,177,28,178,20,59,93,6
"2011","Sheffield 040F","E01033272","Total",626,73,71,420,62,374,41,38,250,45,252,32,33,170,17
"2011","Sheffield 041A","E01007955","Total",616,77,129,327,83,314,22,26,203,63,302,55,103,124,20
"2011","Sheffield 041B","E01007956","Total",1018,119,192,527,180,538,44,40,312,142,480,75,152,215,38
"2011","Sheffield 041C","E01007957","Total",787,87,168,428,104,397,26,30,267,74,390,61,138,161,30
"2011","Sheffield 041D","E01007958","Total",641,71,128,330,112,331,17,36,192,86,310,54,92,138,26
"2011","Sheffield 041E","E01007959","Total",704,77,187,342,98,351,23,44,211,73,353,54,143,131,25
"2011","Sheffield 042A","E01008108","Total",944,185,195,515,49,542,84,104,315,39,402,101,91,200,10
"2011","Sheffield 042B","E01008109","Total",805,183,201,364,57,477,95,110,229,43,328,88,91,135,14
"2011","Sheffield 042D","E01008112","Total",691,78,213,365,35,443,38,130,251,24,248,40,83,114,11
"2011","Sheffield 042E","E01008113","Total",821,91,182,468,80,495,47,92,298,58,326,44,90,170,22
"2011","Sheffield 042F","E01033273","Total",844,302,199,305,38,471,124,112,204,31,373,178,87,101,7
"2011","Sheffield 042G","E01033274","Total",869,381,115,333,40,422,147,60,187,28,447,234,55,146,12
"2011","Sheffield 043A","E01008095","Total",681,93,109,418,61,379,39,46,245,49,302,54,63,173,12
"2011","Sheffield 043B","E01008096","Total",826,67,195,506,58,395,18,53,286,38,431,49,142,220,20
"2011","Sheffield 043C","E01008097","Total",561,50,151,329,31,267,15,29,197,26,294,35,122,132,5
"2011","Sheffield 043D","E01008101","Total",796,46,180,501,69,417,21,49,303,44,379,25,131,198,25
"2011","Sheffield 044A","E01007965","Total",695,51,176,402,66,354,15,43,244,52,341,36,133,158,14
"2011","Sheffield 044B","E01007969","Total",713,61,142,438,72,372,17,33,265,57,341,44,109,173,15
"2011","Sheffield 044C","E01007972","Total",726,52,149,458,67,372,13,22,281,56,354,39,127,177,11
"2011","Sheffield 044D","E01007974","Total",802,63,168,492,79,395,15,24,295,61,407,48,144,197,18
"2011","Sheffield 045A","E01007963","Total",701,56,148,433,64,368,15,29,273,51,333,41,119,160,13
"2011","Sheffield 045B","E01007967","Total",702,57,168,425,52,363,18,39,263,43,339,39,129,162,9
"2011","Sheffield 045C","E01007999","Total",785,55,162,501,67,431,14,36,321,60,354,41,126,180,7
"2011","Sheffield 045D","E01008008","Total",630,42,147,396,45,324,7,33,247,37,306,35,114,149,8
"2011","Sheffield 045E","E01008009","Total",498,38,134,291,35,244,15,27,173,29,254,23,107,118,6
"2011","Sheffield 046A","E01008043","Total",871,76,173,494,128,457,24,57,289,87,414,52,116,205,41
"2011","Sheffield 046B","E01008044","Total",687,69,165,381,72,358,26,50,230,52,329,43,115,151,20
"2011","Sheffield 046C","E01008047","Total",928,167,171,495,95,474,70,69,279,56,454,97,102,216,39
"2011","Sheffield 046D","E01008048","Total",848,195,142,426,85,464,81,59,266,58,384,114,83,160,27
"2011","Sheffield 046E","E01008050","Total",939,98,156,569,116,487,46,49,322,70,452,52,107,247,46
"2011","Sheffield 047A","E01007931","Total",768,90,146,429,103,378,27,34,254,63,390,63,112,175,40
"2011","Sheffield 047B","E01007934","Total",757,63,182,441,71,371,17,38,267,49,386,46,144,174,22
"2011","Sheffield 047C","E01007935","Total",847,96,154,490,107,416,40,39,272,65,431,56,115,218,42
"2011","Sheffield 047D","E01007936","Total",992,85,178,606,123,481,30,53,320,78,511,55,125,286,45
"2011","Sheffield 047E","E01007937","Total",727,65,162,401,99,367,17,41,231,78,360,48,121,170,21
"2011","Sheffield 047F","E01007938","Total",739,72,157,423,87,373,27,31,245,70,366,45,126,178,17
"2011","Sheffield 048A","E01008098","Total",550,58,163,290,39,256,10,30,186,30,294,48,133,104,9
"2011","Sheffield 048B","E01008100","Total",475,35,132,286,22,234,8,35,170,21,241,27,97,116,1
"2011","Sheffield 048C","E01008102","Total",401,43,98,238,22,209,11,24,155,19,192,32,74,83,3
"2011","Sheffield 048D","E01008103","Total",502,49,132,280,41,240,12,27,169,32,262,37,105,111,9
"2011","Sheffield 049A","E01007964","Total",760,65,141,488,66,387,19,27,285,56,373,46,114,203,10
"2011","Sheffield 049B","E01007966","Total",819,60,177,501,81,415,11,27,315,62,404,49,150,186,19
"2011","Sheffield 049C","E01007968","Total",579,43,138,349,49,286,14,29,208,35,293,29,109,141,14
"2011","Sheffield 049D","E01007970","Total",530,35,100,347,48,299,8,28,225,38,231,27,72,122,10
"2011","Sheffield 050A","E01008042","Total",765,59,182,463,61,444,24,92,285,43,321,35,90,178,18
"2011","Sheffield 050B","E01008045","Total",672,81,154,361,76,361,34,55,219,53,311,47,99,142,23
"2011","Sheffield 050C","E01008046","Total",927,57,198,593,79,497,21,68,355,53,430,36,130,238,26
"2011","Sheffield 050D","E01008049","Total",801,94,159,432,116,438,40,70,246,82,363,54,89,186,34
"2011","Sheffield 050E","E01008051","Total",895,88,187,527,93,509,38,89,318,64,386,50,98,209,29
"2011","Sheffield 050F","E01008052","Total",1113,69,217,657,170,622,29,91,399,103,491,40,126,258,67
"2011","Sheffield 051A","E01007975","Total",721,45,150,449,77,383,17,51,263,52,338,28,99,186,25
"2011","Sheffield 051B","E01007976","Total",694,62,141,429,62,350,19,37,244,50,344,43,104,185,12
"2011","Sheffield 051C","E01007977","Total",544,49,139,325,31,292,16,49,203,24,252,33,90,122,7
"2011","Sheffield 051D","E01007979","Total",473,46,137,266,24,247,16,38,174,19,226,30,99,92,5
"2011","Sheffield 051E","E01008099","Total",868,55,184,573,56,448,18,56,333,41,420,37,128,240,15
"2011","Sheffield 052A","E01008000","Total",735,57,173,452,53,377,14,39,280,44,358,43,134,172,9
"2011","Sheffield 052B","E01008001","Total",700,51,150,444,55,371,12,40,271,48,329,39,110,173,7
"2011","Sheffield 052C","E01008004","Total",677,55,146,435,41,346,17,24,268,37,331,38,122,167,4
"2011","Sheffield 052D","E01008005","Total",750,59,169,466,56,394,20,41,287,46,356,39,128,179,10
"2011","Sheffield 052E","E01008010","Total",628,49,164,379,36,303,13,38,222,30,325,36,126,157,6
"2011","Sheffield 053A","E01007978","Total",991,83,207,633,68,522,30,68,377,47,469,53,139,256,21
"2011","Sheffield 053B","E01007980","Total",909,55,208,558,88,459,25,60,322,52,450,30,148,236,36
"2011","Sheffield 053C","E01007981","Total",813,49,187,509,68,432,15,69,298,50,381,34,118,211,18
"2011","Sheffield 053D","E01007983","Total",902,53,178,601,70,469,24,59,337,49,433,29,119,264,21
"2011","Sheffield 053E","E01007985","Total",812,60,177,502,73,414,17,46,306,45,398,43,131,196,28
"2011","Sheffield 054A","E01007982","Total",795,56,179,477,83,422,19,54,278,71,373,37,125,199,12
"2011","Sheffield 054B","E01008002","Total",783,63,164,487,69,417,17,42,300,58,366,46,122,187,11
"2011","Sheffield 054C","E01008003","Total",728,61,141,463,63,368,18,29,269,52,360,43,112,194,11
"2011","Sheffield 054D","E01008006","Total",670,59,135,409,67,342,10,25,253,54,328,49,110,156,13
"2011","Sheffield 055A","E01007927","Total",719,99,165,336,119,382,35,42,215,90,337,64,123,121,29
"2011","Sheffield 055B","E01007928","Total",823,107,201,374,141,408,23,47,229,109,415,84,154,145,32
"2011","Sheffield 055C","E01007929","Total",851,86,198,442,125,443,35,50,266,92,408,51,148,176,33
"2011","Sheffield 055D","E01007930","Total",693,68,163,338,124,352,16,36,208,92,341,52,127,130,32
"2011","Sheffield 055E","E01007932","Total",682,65,147,351,119,358,23,46,210,79,324,42,101,141,40
"2011","Sheffield 055F","E01007939","Total",748,74,148,407,119,384,20,30,245,89,364,54,118,162,30
"2011","Sheffield 056A","E01008028","Total",771,80,141,480,70,402,17,26,301,58,369,63,115,179,12
"2011","Sheffield 056B","E01008029","Total",642,52,164,366,60,332,11,31,238,52,310,41,133,128,8
"2011","Sheffield 056C","E01008032","Total",645,53,140,397,55,325,13,25,241,46,320,40,115,156,9
"2011","Sheffield 056D","E01008034","Total",887,90,175,521,101,439,23,29,306,81,448,67,146,215,20
"2011","Sheffield 059A","E01007828","Total",830,72,178,520,60,396,20,45,294,37,434,52,133,226,23
"2011","Sheffield 059B","E01007829","Total",927,62,159,597,109,479,20,35,344,80,448,42,124,253,29
"2011","Sheffield 059C","E01007831","Total",859,64,174,526,95,429,15,49,297,68,430,49,125,229,27
"2011","Sheffield 059D","E01007832","Total",869,64,188,535,82,445,18,35,338,54,424,46,153,197,28
"2011","Sheffield 059E","E01007986","Total",854,46,159,578,71,441,16,45,330,50,413,30,114,248,21
"2011","Sheffield 060A","E01008007","Total",587,52,155,334,46,307,17,42,210,38,280,35,113,124,8
"2011","Sheffield 060B","E01008075","Total",506,46,125,308,27,264,18,38,187,21,242,28,87,121,6
"2011","Sheffield 060C","E01008076","Total",519,47,132,304,36,268,16,27,199,26,251,31,105,105,10
"2011","Sheffield 060D","E01008077","Total",615,55,137,372,51,313,20,37,218,38,302,35,100,154,13
"2011","Sheffield 061A","E01008031","Total",715,50,160,433,72,370,15,23,267,65,345,35,137,166,7
"2011","Sheffield 061B","E01008033","Total",691,69,160,386,76,356,25,42,225,64,335,44,118,161,12
"2011","Sheffield 061C","E01008038","Total",719,89,136,418,76,358,24,31,242,61,361,65,105,176,15
"2011","Sheffield 061D","E01008040","Total",938,75,181,571,111,481,15,38,336,92,457,60,143,235,19
"2011","Sheffield 062A","E01007835","Total",655,52,158,381,64,341,10,35,244,52,314,42,123,137,12
"2011","Sheffield 062B","E01007836","Total",711,76,145,414,76,376,19,25,266,66,335,57,120,148,10
"2011","Sheffield 062C","E01007843","Total",655,58,158,380,59,330,17,28,238,47,325,41,130,142,12
"2011","Sheffield 062D","E01007846","Total",738,83,145,439,71,365,25,23,259,58,373,58,122,180,13
"2011","Sheffield 063A","E01008030","Total",743,56,143,458,86,391,14,20,292,65,352,42,123,166,21
"2011","Sheffield 063B","E01008035","Total",683,64,121,416,82,362,21,16,258,67,321,43,105,158,15
"2011","Sheffield 063C","E01008036","Total",882,63,172,564,83,455,16,38,330,71,427,47,134,234,12
"2011","Sheffield 063D","E01008041","Total",923,76,199,561,87,485,21,27,366,71,438,55,172,195,16
"2011","Sheffield 064A","E01007827","Total",824,63,185,506,70,429,24,33,319,53,395,39,152,187,17
"2011","Sheffield 064B","E01007830","Total",697,56,172,405,64,366,17,41,259,49,331,39,131,146,15
"2011","Sheffield 064C","E01007833","Total",728,82,147,418,81,380,32,35,253,60,348,50,112,165,21
"2011","Sheffield 064D","E01007984","Total",766,70,170,467,59,394,18,33,296,47,372,52,137,171,12
"2011","Sheffield 064E","E01008078","Total",645,74,134,351,86,328,23,30,205,70,317,51,104,146,16
"2011","Sheffield 064F","E01008079","Total",605,52,130,360,63,324,15,27,232,50,281,37,103,128,13
"2011","Sheffield 065A","E01008019","Total",925,64,198,565,98,457,21,32,329,75,468,43,166,236,23
"2011","Sheffield 065B","E01008020","Total",787,73,163,492,59,413,25,27,310,51,374,48,136,182,8
"2011","Sheffield 065C","E01008022","Total",576,47,116,364,49,313,9,29,230,45,263,38,87,134,4
"2011","Sheffield 065D","E01008027","Total",684,69,149,406,60,344,22,30,243,49,340,47,119,163,11
"2011","Sheffield 065E","E01008037","Total",537,51,124,330,32,270,14,31,196,29,267,37,93,134,3
"2011","Sheffield 065F","E01008039","Total",685,66,130,435,54,357,18,38,257,44,328,48,92,178,10
"2011","Sheffield 066A","E01007824","Total",704,61,145,439,59,351,11,33,264,43,353,50,112,175,16
"2011","Sheffield 066B","E01007825","Total",670,67,147,377,79,341,15,27,233,66,329,52,120,144,13
"2011","Sheffield 066C","E01007826","Total",784,72,177,450,85,399,21,31,289,58,385,51,146,161,27
"2011","Sheffield 066D","E01007834","Total",779,73,180,440,86,383,21,38,259,65,396,52,142,181,21
"2011","Sheffield 068A","E01007920","Total",705,85,140,345,135,385,21,39,206,119,320,64,101,139,16
"2011","Sheffield 068B","E01007921","Total",664,86,158,306,114,342,25,36,191,90,322,61,122,115,24
"2011","Sheffield 068C","E01007923","Total",874,91,177,500,106,438,28,44,283,83,436,63,133,217,23
"2011","Sheffield 068D","E01007925","Total",765,96,183,382,104,386,28,37,239,82,379,68,146,143,22
"2011","Sheffield 068E","E01007926","Total",802,118,162,367,155,426,39,35,226,126,376,79,127,141,29
"2011","Sheffield 068F","E01007933","Total",799,123,156,365,155,422,24,41,229,128,377,99,115,136,27
"2011","Sheffield 069A","E01007823","Total",727,58,157,425,87,380,19,39,253,69,347,39,118,172,18
"2011","Sheffield 069B","E01007916","Total",533,43,138,318,34,279,9,47,198,25,254,34,91,120,9
"2011","Sheffield 069C","E01007919","Total",625,58,153,366,48,322,26,35,222,39,303,32,118,144,9
"2011","Sheffield 069D","E01008080","Total",699,65,149,409,76,373,33,41,241,58,326,32,108,168,18
"2011","Sheffield 070A","E01008081","Total",623,46,153,369,55,353,22,39,245,47,270,24,114,124,8
"2011","Sheffield 070B","E01008082","Total",542,47,143,324,28,278,16,47,191,24,264,31,96,133,4
"2011","Sheffield 070C","E01008083","Total",551,44,126,331,50,292,16,33,200,43,259,28,93,131,7
"2011","Sheffield 070D","E01008084","Total",559,45,162,305,47,279,12,42,183,42,280,33,120,122,5
"2011","Sheffield 071A","E01007915","Total",673,95,141,353,84,330,24,23,221,62,343,71,118,132,22
"2011","Sheffield 071B","E01007917","Total",606,69,122,339,76,317,21,24,213,59,289,48,98,126,17
"2011","Sheffield 071C","E01007918","Total",738,79,140,403,116,383,27,34,239,83,355,52,106,164,33
"2011","Sheffield 071D","E01007922","Total",739,98,147,384,110,380,31,22,246,81,359,67,125,138,29
"2011","Sheffield 071E","E01007924","Total",740,59,179,430,72,366,22,42,247,55,374,37,137,183,17
"2011","Sheffield 072A","E01008021","Total",839,64,170,485,120,436,16,33,295,92,403,48,137,190,28
"2011","Sheffield 072B","E01008023","Total",1311,84,224,846,157,674,19,37,492,126,637,65,187,354,31
"2011","Sheffield 072C","E01008024","Total",924,76,201,558,89,482,19,42,343,78,442,57,159,215,11
"2011","Sheffield 072D","E01008025","Total",1049,78,205,628,138,545,24,45,366,110,504,54,160,262,28
"2011","Sheffield 072E","E01032585","Total",702,66,157,411,68,365,28,30,254,53,337,38,127,157,15
"2011","Sheffield 073A","E01033261","Total",523,148,88,250,37,279,62,39,150,28,244,86,49,100,9
"2011","Sheffield 073B","E01033262","Total",698,156,90,406,46,425,96,48,252,29,273,60,42,154,17
"2011","Sheffield 073C","E01033263","Total",643,61,84,432,66,370,34,52,254,30,273,27,32,178,36
"2011","Sheffield 073D","E01033264","Total",794,129,103,463,99,441,52,48,276,65,353,77,55,187,34
"2011","Sheffield 073E","E01033276","Total",576,220,119,204,33,285,82,51,126,26,291,138,68,78,7
"2011","Sheffield 074A","E01008114","Total",645,233,147,234,31,311,76,73,143,19,334,157,74,91,12
"2011","Sheffield 074B","E01008115","Total",572,226,99,207,40,299,109,47,118,25,273,117,52,89,15
"2011","Sheffield 074C","E01033265","Total",558,130,83,285,60,320,62,44,178,36,238,68,39,107,24
"2011","Sheffield 074D","E01033266","Total",515,150,88,222,55,275,59,44,134,38,240,91,44,88,17
"2011","Sheffield 074E","E01033267","Total",442,148,64,177,53,209,44,30,108,27,233,104,34,69,26
"2011","Sheffield 075A","E01007878","Total",794,124,163,428,79,586,97,59,355,75,208,27,104,73,4
"2011","Sheffield 075B","E01007879","Total",714,101,138,407,68,390,46,60,231,53,324,55,78,176,15
"2011","Sheffield 075C","E01007881","Total",713,70,169,422,52,390,27,56,270,37,323,43,113,152,15
"2011","Sheffield 075D","E01007882","Total",793,104,178,449,62,471,63,79,277,52,322,41,99,172,10
"2011","Sheffield 075E","E01007885","Total",583,56,145,336,46,322,20,56,209,37,261,36,89,127,9
"2011","Sheffield 075F","E01007886","Total",589,55,177,317,40,282,18,30,205,29,307,37,147,112,11
"2011","Sheffield 075G","E01033268","Total",889,152,191,450,96,546,76,80,304,86,343,76,111,146,10
"2011","Sheffield 076A","E01007838","Total",812,67,178,506,61,407,26,28,303,50,405,41,150,203,11
"2011","Sheffield 076B","E01007839","Total",938,69,198,594,77,482,18,34,363,67,456,51,164,231,10
"2011","Sheffield 076C","E01007841","Total",862,70,181,534,77,451,29,30,327,65,411,41,151,207,12
"2011","Sheffield 076D","E01007842","Total",728,61,183,414,70,380,16,48,255,61,348,45,135,159,9
"2011","Sheffield 076E","E01033278","Total",979,95,233,579,72,489,28,46,355,60,490,67,187,224,12
"2011","Sheffield 076F","E01033279","Total",957,71,232,575,79,497,24,53,353,67,460,47,179,222,12
"2011","Bradford 001A","E01010646","Total",637,73,120,323,121,334,19,30,187,98,303,54,90,136,23
"2011","Bradford 001B","E01010647","Total",511,64,119,253,75,260,22,24,156,58,251,42,95,97,17
"2011","Bradford 001C","E01010648","Total",626,67,148,340,71,314,14,37,208,55,312,53,111,132,16
"2011","Bradford 001D","E01010692","Total",859,107,145,438,169,446,37,35,246,128,413,70,110,192,41
"2011","Bradford 002A","E01010691","Total",650,96,130,281,143,327,25,22,173,107,323,71,108,108,36
"2011","Bradford 002B","E01010693","Total",632,101,125,313,93,327,19,35,204,69,305,82,90,109,24
"2011","Bradford 002C","E01010694","Total",652,118,128,278,128,348,46,34,163,105,304,72,94,115,23
"2011","Bradford 002D","E01010695","Total",756,69,137,437,113,396,17,41,257,81,360,52,96,180,32
"2011","Bradford 002E","E01010696","Total",729,94,145,377,113,389,33,34,236,86,340,61,111,141,27
"2011","Bradford 002F","E01010697","Total",634,92,129,315,98,324,26,37,188,73,310,66,92,127,25
"2011","Bradford 002G","E01010698","Total",1001,90,194,601,116,516,29,52,350,85,485,61,142,251,31
"2011","Bradford 002H","E01010699","Total",817,99,176,457,85,405,32,42,272,59,412,67,134,185,26
"2011","Bradford 003A","E01010767","Total",657,86,130,333,108,335,23,23,206,83,322,63,107,127,25
"2011","Bradford 003B","E01010768","Total",872,96,191,443,142,452,27,43,271,111,420,69,148,172,31
"2011","Bradford 003C","E01010769","Total",848,89,159,490,110,423,28,31,286,78,425,61,128,204,32
"2011","Bradford 003D","E01010771","Total",616,62,129,339,86,313,19,20,211,63,303,43,109,128,23
"2011","Bradford 004A","E01010638","Total",773,75,153,422,123,394,17,30,245,102,379,58,123,177,21
"2011","Bradford 004B","E01010639","Total",890,69,180,507,134,473,24,41,300,108,417,45,139,207,26
"2011","Bradford 004C","E01010640","Total",971,65,169,635,102,492,16,38,358,80,479,49,131,277,22
"2011","Bradford 004D","E01010641","Total",728,60,141,443,84,364,15,23,265,61,364,45,118,178,23
"2011","Bradford 004E","E01010642","Total",904,97,184,503,120,459,31,36,307,85,445,66,148,196,35
"2011","Bradford 004F","E01010643","Total",792,61,128,494,109,403,22,33,267,81,389,39,95,227,28
"2011","Bradford 004G","E01010644","Total",817,66,155,501,95,407,20,30,275,82,410,46,125,226,13
"2011","Bradford 004H","E01010645","Total",663,63,136,388,76,324,19,21,222,62,339,44,115,166,14
"2011","Bradford 005A","E01010770","Total",841,106,163,409,163,459,27,42,266,124,382,79,121,143,39
"2011","Bradford 005B","E01010772","Total",565,73,119,289,84,293,21,25,184,63,272,52,94,105,21
"2011","Bradford 005C","E01010773","Total",721,89,148,389,95,383,25,42,243,73,338,64,106,146,22
"2011","Bradford 005D","E01010774","Total",816,92,162,440,122,414,26,41,253,94,402,66,121,187,28
"2011","Bradford 006A","E01010706","Total",856,89,163,457,147,448,26,37,277,108,408,63,126,180,39
"2011","Bradford 006B","E01010707","Total",886,79,187,511,109,480,27,45,322,86,406,52,142,189,23
"2011","Bradford 006C","E01010708","Total",760,79,162,453,66,426,29,61,282,54,334,50,101,171,12
"2011","Bradford 006D","E01010709","Total",1354,112,269,800,173,705,33,70,476,126,649,79,199,324,47
"2011","Bradford 007A","E01010719","Total",522,58,182,243,39,350,34,115,169,32,172,24,67,74,7
"2011","Bradford 007B","E01010727","Total",855,77,141,538,99,456,30,40,316,70,399,47,101,222,29
"2011","Bradford 007C","E01010728","Total",637,50,183,346,58,396,21,104,227,44,241,29,79,119,14
"2011","Bradford 007D","E01010729","Total",607,72,148,321,66,363,28,65,221,49,244,44,83,100,17
"2011","Bradford 008A","E01010700","Total",482,51,143,258,30,312,23,80,182,27,170,28,63,76,3
"2011","Bradford 008B","E01010701","Total",373,53,125,183,12,266,23,90,143,10,107,30,35,40,2
"2011","Bradford 008C","E01010702","Total",573,79,220,238,36,401,40,155,178,28,172,39,65,60,8
"2011","Bradford 008D","E01010703","Total",749,57,187,445,60,396,22,50,280,44,353,35,137,165,16
"2011","Bradford 008E","E01010704","Total",721,58,160,427,76,396,21,40,280,55,325,37,120,147,21
"2011","Bradford 008F","E01010705","Total",803,77,177,458,91,406,19,36,281,70,397,58,141,177,21
"2011","Bradford 008G","E01010710","Total",662,81,167,365,49,433,48,104,244,37,229,33,63,121,12
"2011","Bradford 009A","E01010712","Total",564,67,192,278,27,352,28,125,180,19,212,39,67,98,8
"2011","Bradford 009B","E01010720","Total",581,49,163,326,43,301,19,51,196,35,280,30,112,130,8
"2011","Bradford 009C","E01010721","Total",536,50,134,303,49,272,19,34,180,39,264,31,100,123,10
"2011","Bradford 009D","E01010723","Total",483,56,161,244,22,320,34,106,166,14,163,22,55,78,8
"2011","Bradford 009E","E01010724","Total",590,43,145,355,47,319,17,43,221,38,271,26,102,134,9
"2011","Bradford 009F","E01010725","Total",694,44,166,446,38,350,13,35,272,30,344,31,131,174,8
"2011","Bradford 010A","E01010579","Total",738,71,159,376,132,382,25,34,230,93,356,46,125,146,39
"2011","Bradford 010B","E01010580","Total",1352,126,240,784,202,687,37,39,458,153,665,89,201,326,49
"2011","Bradford 010C","E01010764","Total",829,115,158,418,138,440,36,37,261,106,389,79,121,157,32
"2011","Bradford 010D","E01010765","Total",1136,100,204,698,134,589,35,43,415,96,547,65,161,283,38
"2011","Bradford 010E","E01010766","Total",695,63,151,407,74,359,17,43,248,51,336,46,108,159,23
"2011","Bradford 011A","E01010711","Total",391,31,89,225,46,251,9,56,148,38,140,22,33,77,8
"2011","Bradford 011B","E01010713","Total",545,37,111,343,54,286,11,23,211,41,259,26,88,132,13
"2011","Bradford 011C","E01010714","Total",635,44,134,408,49,326,13,32,241,40,309,31,102,167,9
"2011","Bradford 011D","E01010716","Total",918,64,178,576,100,479,17,38,349,75,439,47,140,227,25
"2011","Bradford 012A","E01010715","Total",473,43,106,273,51,247,12,29,164,42,226,31,77,109,9
"2011","Bradford 012B","E01010717","Total",746,53,168,462,63,371,13,30,276,52,375,40,138,186,11
"2011","Bradford 012C","E01010718","Total",695,48,152,444,51,365,14,35,278,38,330,34,117,166,13
"2011","Bradford 012D","E01010726","Total",789,59,176,476,78,396,12,42,277,65,393,47,134,199,13
"2011","Bradford 012E","E01010859","Total",897,92,182,526,97,462,33,36,315,78,435,59,146,211,19
"2011","Bradford 013A","E01010573","Total",945,97,190,535,123,499,33,42,323,101,446,64,148,212,22
"2011","Bradford 013B","E01010574","Total",666,62,125,393,86,337,18,37,219,63,329,44,88,174,23
"2011","Bradford 013C","E01010575","Total",815,80,165,470,100,429,28,44,278,79,386,52,121,192,21
"2011","Bradford 013D","E01010577","Total",835,72,186,468,109,431,24,39,288,80,404,48,147,180,29
"2011","Bradford 014A","E01010722","Total",671,54,152,390,75,340,15,39,231,55,331,39,113,159,20
"2011","Bradford 014B","E01010860","Total",900,70,188,516,126,470,19,50,301,100,430,51,138,215,26
"2011","Bradford 014C","E01010862","Total",982,76,219,571,116,501,25,44,346,86,481,51,175,225,30
"2011","Bradford 014D","E01010863","Total",823,70,168,469,116,432,19,31,295,87,391,51,137,174,29
"2011","Bradford 015A","E01010578","Total",845,73,134,535,103,443,25,33,312,73,402,48,101,223,30
"2011","Bradford 015B","E01010581","Total",851,67,160,546,78,443,22,32,328,61,408,45,128,218,17
"2011","Bradford 015C","E01010582","Total",967,74,166,643,84,510,31,41,373,65,457,43,125,270,19
"2011","Bradford 015D","E01010584","Total",939,83,132,634,90,520,24,34,399,63,419,59,98,235,27
"2011","Bradford 015E","E01010585","Total",898,67,184,564,83,450,23,36,332,59,448,44,148,232,24
"2011","Bradford 016A","E01010568","Total",908,78,199,534,97,470,25,38,331,76,438,53,161,203,21
"2011","Bradford 016B","E01010569","Total",775,61,182,463,69,385,10,42,276,57,390,51,140,187,12
"2011","Bradford 016C","E01010571","Total",905,62,167,579,97,468,29,37,331,71,437,33,130,248,26
"2011","Bradford 016D","E01010572","Total",728,58,159,443,68,358,12,35,265,46,370,46,124,178,22
"2011","Bradford 016E","E01010576","Total",778,67,138,457,116,412,19,35,265,93,366,48,103,192,23
"2011","Bradford 017A","E01010683","Total",988,72,174,610,132,534,24,44,372,94,454,48,130,238,38
"2011","Bradford 017B","E01010684","Total",840,63,146,557,74,413,20,29,303,61,427,43,117,254,13
"2011","Bradford 017C","E01010685","Total",937,71,185,568,113,484,19,47,330,88,453,52,138,238,25
"2011","Bradford 017D","E01010686","Total",824,71,157,510,86,438,22,31,317,68,386,49,126,193,18
"2011","Bradford 018A","E01010570","Total",695,73,132,379,111,370,19,33,234,84,325,54,99,145,27
"2011","Bradford 018B","E01010583","Total",694,52,157,423,62,355,13,48,245,49,339,39,109,178,13
"2011","Bradford 018C","E01010784","Total",870,68,143,573,86,439,22,37,318,62,431,46,106,255,24
"2011","Bradford 018D","E01010785","Total",857,51,148,558,100,439,22,47,302,68,418,29,101,256,32
"2011","Bradford 018E","E01010786","Total",649,48,128,381,92,351,13,36,234,68,298,35,92,147,24
"2011","Bradford 018F","E01010790","Total",679,73,154,380,72,349,26,42,230,51,330,47,112,150,21
"2011","Bradford 019A","E01010680","Total",758,51,155,478,74,396,13,46,280,57,362,38,109,198,17
"2011","Bradford 019B","E01010681","Total",755,64,136,453,102,409,23,30,273,83,346,41,106,180,19
"2011","Bradford 019C","E01010682","Total",637,44,154,390,49,294,13,35,211,35,343,31,119,179,14
"2011","Bradford 019D","E01010687","Total",1115,97,203,701,114,553,28,38,402,85,562,69,165,299,29
"2011","Bradford 019E","E01010688","Total",1078,48,190,715,125,563,18,36,420,89,515,30,154,295,36
"2011","Bradford 019F","E01010689","Total",992,73,169,622,128,497,18,43,349,87,495,55,126,273,41
"2011","Bradford 019G","E01010690","Total",1005,74,199,628,104,516,29,38,375,74,489,45,161,253,30
"2011","Bradford 020B","E01010782","Total",850,55,149,569,77,434,15,47,316,56,416,40,102,253,21
"2011","Bradford 020C","E01010787","Total",768,47,176,477,68,409,16,58,288,47,359,31,118,189,21
"2011","Bradford 020D","E01010788","Total",741,72,144,449,76,395,29,55,267,44,346,43,89,182,32
"2011","Bradford 020E","E01033689","Total",738,25,81,537,95,445,9,21,342,73,293,16,60,195,22
"2011","Bradford 020F","E01033694","Total",661,46,88,464,63,357,22,31,273,31,304,24,57,191,32
"2011","Bradford 021A","E01010776","Total",790,70,174,499,47,414,23,38,313,40,376,47,136,186,7
"2011","Bradford 021B","E01010777","Total",565,45,134,338,48,285,13,36,195,41,280,32,98,143,7
"2011","Bradford 021C","E01010779","Total",636,40,139,407,50,315,11,22,241,41,321,29,117,166,9
"2011","Bradford 021D","E01010781","Total",711,54,152,447,58,367,12,39,267,49,344,42,113,180,9
"2011","Bradford 021E","E01010783","Total",747,50,175,457,65,374,18,40,269,47,373,32,135,188,18
"2011","Bradford 022A","E01010586","Total",820,83,152,458,127,424,23,30,266,105,396,60,122,192,22
"2011","Bradford 022B","E01010587","Total",1044,84,203,617,140,530,32,45,343,110,514,52,158,274,30
"2011","Bradford 022C","E01010588","Total",818,68,184,488,78,407,22,54,274,57,411,46,130,214,21
"2011","Bradford 022D","E01010589","Total",787,79,154,441,113,390,30,35,248,77,397,49,119,193,36
"2011","Bradford 022E","E01010591","Total",727,52,145,445,85,369,15,26,265,63,358,37,119,180,22
"2011","Bradford 022F","E01010593","Total",838,71,151,511,105,413,15,25,297,76,425,56,126,214,29
"2011","Bradford 022G","E01010596","Total",736,61,135,441,99,395,21,35,261,78,341,40,100,180,21
"2011","Bradford 023A","E01010854","Total",944,66,203,557,118,489,24,54,321,90,455,42,149,236,28
"2011","Bradford 023B","E01010855","Total",877,81,165,506,125,472,24,52,301,95,405,57,113,205,30
"2011","Bradford 023C","E01010856","Total",842,59,164,516,103,454,26,42,308,78,388,33,122,208,25
"2011","Bradford 023D","E01010857","Total",850,78,147,475,150,459,22,32,295,110,391,56,115,180,40
"2011","Bradford 023E","E01010858","Total",866,77,186,492,111,428,30,31,288,79,438,47,155,204,32
"2011","Bradford 023F","E01010861","Total",1001,97,212,563,129,510,30,48,334,98,491,67,164,229,31
"2011","Bradford 024A","E01010603","Total",828,68,180,505,75,430,22,40,305,63,398,46,140,200,12
"2011","Bradford 024B","E01010604","Total",878,83,203,526,66,448,23,46,318,61,430,60,157,208,5
"2011","Bradford 024C","E01010605","Total",667,64,164,390,49,335,18,41,241,35,332,46,123,149,14
"2011","Bradford 024D","E01010775","Total",980,78,198,619,85,507,27,35,369,76,473,51,163,250,9
"2011","Bradford 024E","E01010778","Total",872,60,177,561,74,469,26,39,344,60,403,34,138,217,14
"2011","Bradford 025A","E01010789","Total",785,79,201,453,52,441,32,86,281,42,344,47,115,172,10
"2011","Bradford 025B","E01010791","Total",656,70,179,349,58,368,31,84,227,26,288,39,95,122,32
"2011","Bradford 025C","E01010792","Total",664,70,182,369,43,417,35,109,243,30,247,35,73,126,13
"2011","Bradford 025D","E01010793","Total",717,76,185,381,75,439,33,102,240,64,278,43,83,141,11
"2011","Bradford 026A","E01010652","Total",778,68,167,483,60,386,20,31,287,48,392,48,136,196,12
"2011","Bradford 026B","E01010653","Total",660,54,157,392,57,324,15,41,221,47,336,39,116,171,10
"2011","Bradford 026C","E01010655","Total",541,46,128,324,43,266,12,30,193,31,275,34,98,131,12
"2011","Bradford 026D","E01010656","Total",737,59,172,430,76,380,18,38,263,61,357,41,134,167,15
"2011","Bradford 026E","E01010657","Total",817,47,177,535,58,417,22,33,314,48,400,25,144,221,10
"2011","Bradford 027A","E01010649","Total",682,47,152,423,60,359,15,45,248,51,323,32,107,175,9
"2011","Bradford 027B","E01010650","Total",540,38,155,313,34,260,19,43,176,22,280,19,112,137,12
"2011","Bradford 027C","E01010654","Total",491,30,126,303,32,239,12,26,174,27,252,18,100,129,5
"2011","Bradford 027D","E01010826","Total",451,33,110,273,35,267,16,54,172,25,184,17,56,101,10
"2011","Bradford 028A","E01010597","Total",662,48,149,407,58,343,16,37,241,49,319,32,112,166,9
"2011","Bradford 028B","E01010598","Total",834,78,186,500,70,449,24,56,314,55,385,54,130,186,15
"2011","Bradford 028C","E01010599","Total",637,49,160,374,54,332,18,51,224,39,305,31,109,150,15
"2011","Bradford 028D","E01010600","Total",622,48,159,377,38,329,12,59,226,32,293,36,100,151,6
"2011","Bradford 028E","E01010602","Total",704,51,181,420,52,374,19,61,249,45,330,32,120,171,7
"2011","Bradford 029A","E01010670","Total",660,81,146,369,64,397,45,65,244,43,263,36,81,125,21
"2011","Bradford 029B","E01010671","Total",576,61,173,291,51,361,30,92,201,38,215,31,81,90,13
"2011","Bradford 029C","E01010673","Total",582,66,165,314,37,387,42,104,214,27,195,24,61,100,10
"2011","Bradford 029D","E01010675","Total",720,91,177,389,63,407,32,83,248,44,313,59,94,141,19
"2011","Bradford 030A","E01010669","Total",660,66,206,339,49,393,26,107,223,37,267,40,99,116,12
"2011","Bradford 030B","E01010674","Total",488,50,163,240,35,291,24,84,160,23,197,26,79,80,12
"2011","Bradford 030C","E01010677","Total",608,65,164,351,28,341,32,71,218,20,267,33,93,133,8
"2011","Bradford 030D","E01010805","Total",608,59,150,336,63,361,19,76,217,49,247,40,74,119,14
"2011","Bradford 031A","E01010590","Total",994,71,194,574,155,523,22,44,344,113,471,49,150,230,42
"2011","Bradford 031B","E01010592","Total",660,66,144,373,77,323,21,27,217,58,337,45,117,156,19
"2011","Bradford 031C","E01010594","Total",861,74,164,506,117,439,18,31,297,93,422,56,133,209,24
"2011","Bradford 031D","E01010595","Total",901,63,168,563,107,470,23,38,328,81,431,40,130,235,26
"2011","Bradford 032A","E01010601","Total",867,55,163,570,79,461,19,40,342,60,406,36,123,228,19
"2011","Bradford 032B","E01010651","Total",771,59,179,486,47,406,20,43,307,36,365,39,136,179,11
"2011","Bradford 032C","E01010825","Total",682,45,149,428,60,359,13,37,263,46,323,32,112,165,14
"2011","Bradford 032D","E01010827","Total",578,41,155,337,45,296,13,54,196,33,282,28,101,141,12
"2011","Bradford 033A","E01010804","Total",747,96,249,349,53,518,40,177,260,41,229,56,72,89,12
"2011","Bradford 033B","E01010806","Total",491,40,141,277,33,294,16,71,182,25,197,24,70,95,8
"2011","Bradford 033C","E01010807","Total",637,59,193,340,45,415,36,125,218,36,222,23,68,122,9
"2011","Bradford 033D","E01010808","Total",601,61,229,295,16,418,30,154,219,15,183,31,75,76,1
"2011","Bradford 033E","E01010809","Total",658,90,205,343,20,410,36,128,231,15,248,54,77,112,5
"2011","Bradford 034A","E01010676","Total",660,88,235,303,34,439,40,158,213,28,221,48,77,90,6
"2011","Bradford 034B","E01010679","Total",503,59,156,253,35,349,33,95,189,32,154,26,61,64,3
"2011","Bradford 034C","E01010824","Total",603,50,123,384,46,389,26,72,252,39,214,24,51,132,7
"2011","Bradford 034D","E01010840","Total",395,48,137,193,17,286,26,91,153,16,109,22,46,40,1
"2011","Bradford 034E","E01010841","Total",482,61,186,211,24,341,28,136,154,23,141,33,50,57,1
"2011","Bradford 035A","E01010828","Total",664,56,149,409,50,369,28,50,248,43,295,28,99,161,7
"2011","Bradford 035B","E01010829","Total",571,55,140,325,51,361,27,67,225,42,210,28,73,100,9
"2011","Bradford 035C","E01010830","Total",647,56,199,356,36,373,18,108,223,24,274,38,91,133,12
"2011","Bradford 035D","E01010831","Total",585,55,169,324,37,390,30,101,225,34,195,25,68,99,3
"2011","Bradford 035E","E01010832","Total",512,47,160,280,25,318,22,86,189,21,194,25,74,91,4
"2011","Bradford 036A","E01010672","Total",730,56,136,449,89,379,23,30,256,70,351,33,106,193,19
"2011","Bradford 036B","E01010678","Total",644,63,143,379,59,345,30,44,222,49,299,33,99,157,10
"2011","Bradford 036C","E01010799","Total",676,61,167,397,51,358,21,57,239,41,318,40,110,158,10
"2011","Bradford 036D","E01010800","Total",550,40,157,324,29,254,12,48,172,22,296,28,109,152,7
"2011","Bradford 036E","E01010801","Total",738,66,189,432,51,432,26,82,281,43,306,40,107,151,8
"2011","Bradford 036F","E01010802","Total",606,50,138,373,45,299,15,38,215,31,307,35,100,158,14
"2011","Bradford 037A","E01010803","Total",576,51,194,304,27,400,23,125,228,24,176,28,69,76,3
"2011","Bradford 037B","E01010810","Total",590,59,182,302,47,379,25,102,212,40,211,34,80,90,7
"2011","Bradford 037C","E01010811","Total",654,71,249,308,26,431,37,167,209,18,223,34,82,99,8
"2011","Bradford 037D","E01010813","Total",496,42,181,250,23,344,19,125,182,18,152,23,56,68,5
"2011","Bradford 038A","E01010618","Total",472,53,168,225,26,313,25,103,165,20,159,28,65,60,6
"2011","Bradford 038B","E01010619","Total",734,82,275,341,36,465,36,175,226,28,269,46,100,115,8
"2011","Bradford 038C","E01010625","Total",437,57,141,205,34,262,29,69,133,31,175,28,72,72,3
"2011","Bradford 038D","E01010626","Total",564,69,175,290,30,363,33,106,202,22,201,36,69,88,8
"2011","Bradford 038E","E01010627","Total",616,67,180,345,24,341,31,68,222,20,275,36,112,123,4
"2011","Bradford 039A","E01010606","Total",531,58,187,247,39,371,33,133,176,29,160,25,54,71,10
"2011","Bradford 039B","E01010607","Total",584,74,223,256,31,404,42,160,178,24,180,32,63,78,7
"2011","Bradford 039C","E01010617","Total",361,28,126,185,22,219,10,59,131,19,142,18,67,54,3
"2011","Bradford 039E","E01010842","Total",472,60,196,201,15,322,34,128,149,11,150,26,68,52,4
"2011","Bradford 039G","E01033690","Total",613,52,103,411,47,378,30,59,248,41,235,22,44,163,6
"2011","Bradford 039H","E01033691","Total",498,50,129,290,29,339,31,90,190,28,159,19,39,100,1
"2011","Bradford 039I","E01033692","Total",492,49,85,327,31,281,26,37,197,21,211,23,48,130,10
"2011","Bradford 039J","E01033693","Total",640,54,219,322,45,456,32,165,222,37,184,22,54,100,8
"2011","Bradford 040A","E01010628","Total",696,55,183,415,43,372,21,67,247,37,324,34,116,168,6
"2011","Bradford 040B","E01010629","Total",726,65,180,430,51,404,20,76,273,35,322,45,104,157,16
"2011","Bradford 040C","E01010630","Total",605,47,145,377,36,325,20,55,221,29,280,27,90,156,7
"2011","Bradford 040D","E01010631","Total",524,45,140,311,28,266,15,44,186,21,258,30,96,125,7
"2011","Bradford 040E","E01010632","Total",497,27,107,336,27,251,9,41,180,21,246,18,66,156,6
"2011","Bradford 041A","E01010658","Total",710,63,182,417,48,420,22,89,269,40,290,41,93,148,8
"2011","Bradford 041B","E01010812","Total",613,75,164,344,30,388,47,95,221,25,225,28,69,123,5
"2011","Bradford 041C","E01010833","Total",441,62,132,215,32,299,31,82,163,23,142,31,50,52,9
"2011","Bradford 041D","E01010843","Total",488,54,196,216,22,364,28,155,161,20,124,26,41,55,2
"2011","Bradford 042A","E01010620","Total",516,61,184,245,26,335,26,114,175,20,181,35,70,70,6
"2011","Bradford 042B","E01010621","Total",596,67,239,268,22,426,30,181,199,16,170,37,58,69,6
"2011","Bradford 042C","E01010622","Total",632,84,248,276,24,467,54,187,205,21,165,30,61,71,3
"2011","Bradford 042D","E01010623","Total",454,51,147,239,17,299,31,92,164,12,155,20,55,75,5
"2011","Bradford 042E","E01010624","Total",597,73,227,265,32,437,44,168,202,23,160,29,59,63,9
"2011","Bradford 043A","E01010794","Total",751,63,155,460,73,376,15,46,260,55,375,48,109,200,18
"2011","Bradford 043B","E01010795","Total",1028,82,221,612,113,516,25,62,344,85,512,57,159,268,28
"2011","Bradford 043C","E01010796","Total",736,61,135,445,95,380,15,38,256,71,356,46,97,189,24
"2011","Bradford 043D","E01010797","Total",832,50,169,495,118,425,20,37,280,88,407,30,132,215,30
"2011","Bradford 043E","E01010798","Total",762,40,166,484,72,397,15,45,282,55,365,25,121,202,17
"2011","Bradford 044A","E01010834","Total",888,342,183,328,35,538,164,125,221,28,350,178,58,107,7
"2011","Bradford 044B","E01010835","Total",924,135,276,451,62,655,73,193,341,48,269,62,83,110,14
"2011","Bradford 044C","E01010836","Total",653,180,195,247,31,443,86,143,187,27,210,94,52,60,4
"2011","Bradford 044D","E01010837","Total",645,72,220,316,37,451,35,157,225,34,194,37,63,91,3
"2011","Bradford 044E","E01010838","Total",550,66,197,262,25,377,29,140,184,24,173,37,57,78,1
"2011","Bradford 044F","E01010839","Total",460,79,158,208,15,307,45,108,141,13,153,34,50,67,2
"2011","Bradford 045A","E01010608","Total",476,59,199,195,23,349,35,150,147,17,127,24,49,48,6
"2011","Bradford 045B","E01010613","Total",569,53,119,359,38,306,21,39,216,30,263,32,80,143,8
"2011","Bradford 045C","E01010730","Total",443,43,108,266,26,275,20,58,178,19,168,23,50,88,7
"2011","Bradford 045D","E01010734","Total",553,56,139,320,38,325,23,62,214,26,228,33,77,106,12
"2011","Bradford 046A","E01010609","Total",649,60,132,408,49,339,24,42,233,40,310,36,90,175,9
"2011","Bradford 046B","E01010610","Total",503,38,133,299,33,253,11,31,186,25,250,27,102,113,8
"2011","Bradford 046C","E01010611","Total",876,61,179,562,74,506,29,58,358,61,370,32,121,204,13
"2011","Bradford 046D","E01010614","Total",561,42,141,347,31,287,17,32,210,28,274,25,109,137,3
"2011","Bradford 047A","E01010633","Total",788,73,154,485,76,403,25,43,276,59,385,48,111,209,17
"2011","Bradford 047B","E01010634","Total",783,46,172,478,87,406,13,47,282,64,377,33,125,196,23
"2011","Bradford 047C","E01010635","Total",536,41,141,320,34,273,12,44,194,23,263,29,97,126,11
"2011","Bradford 047D","E01010636","Total",916,86,154,570,106,446,23,31,309,83,470,63,123,261,23
"2011","Bradford 047E","E01010637","Total",708,58,153,416,81,350,19,36,242,53,358,39,117,174,28
"2011","Bradford 048A","E01010731","Total",585,105,162,287,31,414,70,108,210,26,171,35,54,77,5
"2011","Bradford 048B","E01010732","Total",612,62,180,337,33,429,37,120,245,27,183,25,60,92,6
"2011","Bradford 048C","E01010733","Total",550,66,153,305,26,360,32,93,216,19,190,34,60,89,7
"2011","Bradford 048D","E01010736","Total",701,55,167,447,32,438,18,90,307,23,263,37,77,140,9
"2011","Bradford 048E","E01010737","Total",420,41,131,231,17,264,16,82,151,15,156,25,49,80,2
"2011","Bradford 049A","E01010659","Total",536,40,151,314,31,307,18,63,200,26,229,22,88,114,5
"2011","Bradford 049D","E01010662","Total",676,54,156,408,58,371,22,57,248,44,305,32,99,160,14
"2011","Bradford 049E","E01010664","Total",651,60,153,391,47,351,23,63,233,32,300,37,90,158,15
"2011","Bradford 049G","E01010761","Total",717,56,163,429,69,377,17,47,259,54,340,39,116,170,15
"2011","Bradford 049H","E01033695","Total",995,64,185,649,97,520,23,36,385,76,475,41,149,264,21
"2011","Bradford 049I","E01033696","Total",818,59,168,522,69,417,20,36,309,52,401,39,132,213,17
"2011","Bradford 049J","E01033697","Total",921,92,288,499,42,595,31,189,339,36,326,61,99,160,6
"2011","Bradford 050A","E01010663","Total",546,57,139,313,37,328,27,73,199,29,218,30,66,114,8
"2011","Bradford 050B","E01010665","Total",671,64,160,379,68,376,22,52,248,54,295,42,108,131,14
"2011","Bradford 050C","E01010666","Total",489,40,119,302,28,258,17,45,177,19,231,23,74,125,9
"2011","Bradford 050D","E01010667","Total",608,62,168,341,37,358,25,81,224,28,250,37,87,117,9
"2011","Bradford 051A","E01010735","Total",424,55,144,206,19,256,28,82,134,12,168,27,62,72,7
"2011","Bradford 051B","E01010738","Total",598,60,176,323,39,403,28,114,228,33,195,32,62,95,6
"2011","Bradford 051C","E01010739","Total",463,48,138,249,28,283,15,76,173,19,180,33,62,76,9
"2011","Bradford 051D","E01010740","Total",562,68,179,286,29,359,38,108,190,23,203,30,71,96,6
"2011","Bradford 051E","E01010744","Total",556,51,193,287,25,378,28,117,214,19,178,23,76,73,6
"2011","Bradford 052A","E01010612","Total",424,32,89,260,43,213,7,19,154,33,211,25,70,106,10
"2011","Bradford 052B","E01010819","Total",396,33,123,202,38,184,11,30,114,29,212,22,93,88,9
"2011","Bradford 052C","E01010820","Total",442,34,126,250,32,228,8,31,164,25,214,26,95,86,7
"2011","Bradford 052D","E01010821","Total",746,44,149,488,65,374,12,27,282,53,372,32,122,206,12
"2011","Bradford 052E","E01010822","Total",450,23,110,290,27,228,4,27,173,24,222,19,83,117,3
"2011","Bradford 053A","E01010615","Total",676,46,152,417,61,361,17,40,256,48,315,29,112,161,13
"2011","Bradford 053B","E01010616","Total",615,57,175,343,40,351,26,86,207,32,264,31,89,136,8
"2011","Bradford 053C","E01010742","Total",607,55,191,326,35,398,21,112,234,31,209,34,79,92,4
"2011","Bradford 053D","E01010743","Total",585,41,187,311,46,385,22,103,223,37,200,19,84,88,9
"2011","Bradford 054A","E01010847","Total",783,55,163,502,63,396,21,34,293,48,387,34,129,209,15
"2011","Bradford 054B","E01010848","Total",726,49,156,458,63,376,16,41,271,48,350,33,115,187,15
"2011","Bradford 054C","E01010852","Total",578,50,152,334,42,316,19,52,211,34,262,31,100,123,8
"2011","Bradford 054D","E01010853","Total",612,45,133,393,41,319,20,36,229,34,293,25,97,164,7
"2011","Bradford 055A","E01010668","Total",617,62,141,371,43,346,25,56,234,31,271,37,85,137,12
"2011","Bradford 055B","E01010755","Total",653,38,159,398,58,301,11,27,221,42,352,27,132,177,16
"2011","Bradford 055C","E01010762","Total",714,71,167,424,52,363,30,52,239,42,351,41,115,185,10
"2011","Bradford 055D","E01010763","Total",715,55,149,464,47,363,18,32,275,38,352,37,117,189,9
"2011","Bradford 055E","E01010846","Total",1024,62,210,649,103,515,18,50,365,82,509,44,160,284,21
"2011","Bradford 056A","E01010745","Total",609,42,173,351,43,338,15,71,218,34,271,27,102,133,9
"2011","Bradford 056B","E01010747","Total",683,68,142,412,61,368,29,49,246,44,315,39,93,166,17
"2011","Bradford 056C","E01010748","Total",606,46,147,371,42,292,15,28,212,37,314,31,119,159,5
"2011","Bradford 056D","E01010749","Total",605,39,117,391,58,318,14,30,231,43,287,25,87,160,15
"2011","Bradford 057A","E01010814","Total",768,42,192,464,70,377,10,50,257,60,391,32,142,207,10
"2011","Bradford 057B","E01010815","Total",1089,60,244,678,107,556,16,53,407,80,533,44,191,271,27
"2011","Bradford 057C","E01010816","Total",992,69,186,601,136,506,16,43,342,105,486,53,143,259,31
"2011","Bradford 057D","E01010817","Total",870,64,190,555,61,421,19,41,310,51,449,45,149,245,10
"2011","Bradford 057E","E01010818","Total",946,58,213,581,94,477,16,49,349,63,469,42,164,232,31
"2011","Bradford 058A","E01010752","Total",937,58,157,603,119,486,16,32,346,92,451,42,125,257,27
"2011","Bradford 058B","E01010753","Total",741,65,157,441,78,383,21,39,259,64,358,44,118,182,14
"2011","Bradford 058C","E01010754","Total",876,77,165,538,96,441,26,21,321,73,435,51,144,217,23
"2011","Bradford 058D","E01010756","Total",824,61,173,509,81,417,20,37,305,55,407,41,136,204,26
"2011","Bradford 058E","E01010758","Total",760,64,150,462,84,389,22,20,291,56,371,42,130,171,28
"2011","Bradford 058F","E01010759","Total",717,50,151,450,66,375,13,28,282,52,342,37,123,168,14
"2011","Bradford 058G","E01010760","Total",851,65,175,520,91,434,21,29,313,71,417,44,146,207,20
"2011","Bradford 059A","E01010741","Total",761,50,149,473,89,410,16,41,285,68,351,34,108,188,21
"2011","Bradford 059B","E01010845","Total",747,50,145,482,70,374,15,36,271,52,373,35,109,211,18
"2011","Bradford 059C","E01010849","Total",702,46,157,426,73,361,14,40,250,57,341,32,117,176,16
"2011","Bradford 059D","E01010850","Total",521,48,123,312,38,250,16,24,180,30,271,32,99,132,8
"2011","Bradford 059E","E01010851","Total",840,53,185,534,68,417,15,38,310,54,423,38,147,224,14
"2011","Bradford 059F","E01010864","Total",572,33,106,391,42,300,9,19,235,37,272,24,87,156,5
"2011","Bradford 059G","E01010867","Total",687,52,147,421,67,364,15,38,260,51,323,37,109,161,16
"2011","Bradford 059H","E01010874","Total",455,25,112,282,36,230,4,25,170,31,225,21,87,112,5
"2011","Bradford 060A","E01010746","Total",743,67,154,460,62,390,29,46,266,49,353,38,108,194,13
"2011","Bradford 060B","E01010750","Total",818,81,168,496,73,416,26,33,297,60,402,55,135,199,13
"2011","Bradford 060C","E01010751","Total",678,38,138,436,66,354,15,25,256,58,324,23,113,180,8
"2011","Bradford 060D","E01010865","Total",863,63,177,516,107,439,22,33,298,86,424,41,144,218,21
"2011","Bradford 060E","E01010866","Total",718,41,149,448,80,367,17,35,258,57,351,24,114,190,23
"2011","Bradford 061A","E01010868","Total",670,43,133,439,55,354,11,31,267,45,316,32,102,172,10
"2011","Bradford 061B","E01010869","Total",761,57,135,495,74,376,14,28,281,53,385,43,107,214,21
"2011","Bradford 061C","E01010870","Total",784,50,164,497,73,424,17,35,311,61,360,33,129,186,12
"2011","Bradford 061D","E01010871","Total",863,52,163,551,97,448,20,44,313,71,415,32,119,238,26
"2011","Bradford 061E","E01010872","Total",626,51,141,383,51,320,14,32,232,42,306,37,109,151,9
"2011","Bradford 061F","E01010873","Total",592,59,91,383,59,319,16,22,234,47,273,43,69,149,12
"2011","Calderdale 001A","E01010911","Total",952,83,189,560,120,494,25,42,334,93,458,58,147,226,27
"2011","Calderdale 001B","E01010912","Total",634,49,168,365,52,311,13,33,222,43,323,36,135,143,9
"2011","Calderdale 001C","E01010913","Total",678,53,159,405,61,359,18,43,251,47,319,35,116,154,14
"2011","Calderdale 001D","E01010915","Total",764,53,160,481,70,398,21,27,290,60,366,32,133,191,10
"2011","Calderdale 002A","E01010914","Total",838,56,202,506,74,408,14,44,289,61,430,42,158,217,13
"2011","Calderdale 002B","E01010924","Total",427,44,87,269,27,234,21,24,166,23,193,23,63,103,4
"2011","Calderdale 002C","E01010925","Total",588,53,138,348,49,301,15,36,215,35,287,38,102,133,14
"2011","Calderdale 002D","E01010926","Total",358,46,99,186,27,181,14,23,120,24,177,32,76,66,3
"2011","Calderdale 003A","E01010931","Total",732,69,149,438,76,358,19,26,253,60,374,50,123,185,16
"2011","Calderdale 003B","E01010932","Total",837,69,188,483,97,435,18,47,294,76,402,51,141,189,21
"2011","Calderdale 003C","E01010933","Total",841,76,179,469,117,422,24,32,269,97,419,52,147,200,20
"2011","Calderdale 003D","E01010935","Total",818,80,179,476,83,417,20,39,288,70,401,60,140,188,13
"2011","Calderdale 003E","E01010936","Total",1050,84,207,586,173,523,25,33,336,129,527,59,174,250,44
"2011","Calderdale 003F","E01010937","Total",810,72,165,478,95,419,28,24,288,79,391,44,141,190,16
"2011","Calderdale 004A","E01010881","Total",864,95,223,459,87,409,28,65,256,60,455,67,158,203,27
"2011","Calderdale 004B","E01010882","Total",673,73,171,359,70,330,23,53,209,45,343,50,118,150,25
"2011","Calderdale 004C","E01010883","Total",810,76,183,411,140,411,27,45,239,100,399,49,138,172,40
"2011","Calderdale 004D","E01010887","Total",884,96,199,460,129,453,34,49,282,88,431,62,150,178,41
"2011","Calderdale 004E","E01010888","Total",827,77,201,457,92,383,23,67,237,56,444,54,134,220,36
"2011","Calderdale 004F","E01010923","Total",831,77,180,467,107,408,21,43,280,64,423,56,137,187,43
"2011","Calderdale 005A","E01010916","Total",570,58,135,332,45,279,17,25,197,40,291,41,110,135,5
"2011","Calderdale 005B","E01010939","Total",950,57,201,591,101,489,12,45,352,80,461,45,156,239,21
"2011","Calderdale 005C","E01010941","Total",573,51,123,361,38,286,17,25,213,31,287,34,98,148,7
"2011","Calderdale 005D","E01010942","Total",722,54,163,456,49,372,20,44,268,40,350,34,119,188,9
"2011","Calderdale 005E","E01010944","Total",511,35,131,317,28,258,10,19,204,25,253,25,112,113,3
"2011","Calderdale 006A","E01010938","Total",542,54,139,314,35,264,14,28,194,28,278,40,111,120,7
"2011","Calderdale 006B","E01010940","Total",736,51,173,435,77,380,11,47,260,62,356,40,126,175,15
"2011","Calderdale 006C","E01010943","Total",558,44,147,341,26,293,11,39,223,20,265,33,108,118,6
"2011","Calderdale 006D","E01010961","Total",617,38,144,387,48,324,15,28,247,34,293,23,116,140,14
"2011","Calderdale 007A","E01010917","Total",924,97,180,526,121,475,28,52,311,84,449,69,128,215,37
"2011","Calderdale 007B","E01010918","Total",848,96,172,453,127,436,33,48,266,89,412,63,124,187,38
"2011","Calderdale 007C","E01010919","Total",692,56,142,415,79,343,16,30,243,54,349,40,112,172,25
"2011","Calderdale 007D","E01010920","Total",904,77,201,475,151,487,18,49,300,120,417,59,152,175,31
"2011","Calderdale 007E","E01010921","Total",767,70,164,447,86,403,19,40,275,69,364,51,124,172,17
"2011","Calderdale 008A","E01010934","Total",1064,73,223,642,126,570,30,49,392,99,494,43,174,250,27
"2011","Calderdale 008D","E01010967","Total",641,45,125,416,55,361,18,33,266,44,280,27,92,150,11
"2011","Calderdale 008E","E01010994","Total",756,44,118,504,90,470,25,47,335,63,286,19,71,169,27
"2011","Calderdale 008F","E01032923","Total",1103,74,258,682,89,584,27,62,428,67,519,47,196,254,22
"2011","Calderdale 009A","E01010927","Total",864,64,180,509,111,459,17,51,308,83,405,47,129,201,28
"2011","Calderdale 009B","E01010928","Total",550,42,139,320,49,261,5,26,190,40,289,37,113,130,9
"2011","Calderdale 009C","E01010997","Total",703,73,164,389,77,380,20,53,250,57,323,53,111,139,20
"2011","Calderdale 009D","E01010999","Total",771,63,177,460,71,408,26,45,271,66,363,37,132,189,5
"2011","Calderdale 010A","E01010929","Total",967,71,249,587,60,540,31,93,370,46,427,40,156,217,14
"2011","Calderdale 010B","E01010930","Total",654,43,151,395,65,339,14,36,233,56,315,29,115,162,9
"2011","Calderdale 010C","E01010998","Total",699,50,160,417,72,376,13,54,250,59,323,37,106,167,13
"2011","Calderdale 010D","E01011000","Total",642,51,176,369,46,434,19,100,274,41,208,32,76,95,5
"2011","Calderdale 011A","E01010904","Total",775,75,159,469,72,399,30,35,276,58,376,45,124,193,14
"2011","Calderdale 011B","E01010906","Total",686,70,135,387,94,356,29,29,230,68,330,41,106,157,26
"2011","Calderdale 011C","E01010907","Total",773,61,155,437,120,421,22,37,269,93,352,39,118,168,27
"2011","Calderdale 011D","E01010909","Total",762,62,165,450,85,383,24,43,254,62,379,38,122,196,23
"2011","Calderdale 012A","E01010960","Total",511,66,177,243,25,332,28,119,171,14,179,38,58,72,11
"2011","Calderdale 012B","E01010964","Total",389,41,125,195,28,250,18,73,134,25,139,23,52,61,3
"2011","Calderdale 012C","E01010965","Total",427,47,124,228,28,287,22,82,158,25,140,25,42,70,3
"2011","Calderdale 012D","E01010966","Total",435,62,151,193,29,296,37,99,135,25,139,25,52,58,4
"2011","Calderdale 012E","E01010995","Total",419,41,133,221,24,279,24,81,156,18,140,17,52,65,6
"2011","Calderdale 013A","E01010982","Total",641,67,150,370,54,340,24,47,234,35,301,43,103,136,19
"2011","Calderdale 013B","E01010983","Total",731,56,184,424,67,391,25,64,254,48,340,31,120,170,19
"2011","Calderdale 013C","E01010985","Total",738,52,148,444,94,380,15,42,254,69,358,37,106,190,25
"2011","Calderdale 013D","E01010986","Total",812,77,156,504,75,403,26,34,291,52,409,51,122,213,23
"2011","Calderdale 013E","E01010987","Total",817,75,158,492,92,397,21,34,276,66,420,54,124,216,26
"2011","Calderdale 013F","E01010988","Total",610,61,137,337,75,320,15,36,206,63,290,46,101,131,12
"2011","Calderdale 014A","E01010996","Total",452,49,169,214,20,293,24,104,149,16,159,25,65,65,4
"2011","Calderdale 014B","E01011001","Total",508,60,134,278,36,326,26,83,190,27,182,34,51,88,9
"2011","Calderdale 014C","E01011002","Total",686,60,182,391,53,393,28,79,239,47,293,32,103,152,6
"2011","Calderdale 014D","E01011003","Total",466,32,117,279,38,281,20,46,185,30,185,12,71,94,8
"2011","Calderdale 015A","E01010878","Total",946,66,189,580,111,532,28,59,352,93,414,38,130,228,18
"2011","Calderdale 015B","E01010879","Total",975,95,177,562,141,501,23,33,331,114,474,72,144,231,27
"2011","Calderdale 015C","E01010905","Total",957,87,162,576,132,483,21,29,335,98,474,66,133,241,34
"2011","Calderdale 015D","E01010908","Total",1123,69,215,709,130,580,18,41,418,103,543,51,174,291,27
"2011","Calderdale 015E","E01010910","Total",522,42,112,312,56,278,10,29,191,48,244,32,83,121,8
"2011","Calderdale 016A","E01010969","Total",910,86,146,573,105,461,26,33,326,76,449,60,113,247,29
"2011","Calderdale 016B","E01010970","Total",952,77,161,618,96,515,22,55,360,78,437,55,106,258,18
"2011","Calderdale 016C","E01010974","Total",627,66,153,359,49,361,29,66,224,42,266,37,87,135,7
"2011","Calderdale 016D","E01010977","Total",825,79,155,523,68,412,23,35,301,53,413,56,120,222,15
"2011","Calderdale 017A","E01010975","Total",606,53,117,382,54,318,15,22,236,45,288,38,95,146,9
"2011","Calderdale 017B","E01010976","Total",938,76,179,596,87,496,25,46,357,68,442,51,133,239,19
"2011","Calderdale 017C","E01010978","Total",698,50,156,428,64,375,16,34,272,53,323,34,122,156,11
"2011","Calderdale 017D","E01010979","Total",764,57,148,486,73,415,25,52,289,49,349,32,96,197,24
"2011","Calderdale 017E","E01010980","Total",787,63,156,501,67,418,24,31,306,57,369,39,125,195,10
"2011","Calderdale 017F","E01010981","Total",794,65,141,511,77,414,18,39,297,60,380,47,102,214,17
"2011","Calderdale 018A","E01010989","Total",773,67,112,502,92,415,20,22,305,68,358,47,90,197,24
"2011","Calderdale 018B","E01010990","Total",832,53,161,522,96,423,11,30,304,78,409,42,131,218,18
"2011","Calderdale 018C","E01010991","Total",791,51,182,477,81,423,15,42,302,64,368,36,140,175,17
"2011","Calderdale 018D","E01010992","Total",896,62,174,587,73,474,18,31,373,52,422,44,143,214,21
"2011","Calderdale 018E","E01010993","Total",771,61,184,456,70,384,14,41,279,50,387,47,143,177,20
"2011","Calderdale 019A","E01010875","Total",831,60,185,493,93,414,19,36,289,70,417,41,149,204,23
"2011","Calderdale 019B","E01010876","Total",847,71,180,492,104,434,25,38,289,82,413,46,142,203,22
"2011","Calderdale 019C","E01010877","Total",749,53,142,474,80,413,17,32,304,60,336,36,110,170,20
"2011","Calderdale 019D","E01010880","Total",567,48,116,351,52,276,13,15,209,39,291,35,101,142,13
"2011","Calderdale 019E","E01010949","Total",788,66,143,484,95,417,24,31,295,67,371,42,112,189,28
"2011","Calderdale 020A","E01010922","Total",1025,83,213,608,121,516,18,53,353,92,509,65,160,255,29
"2011","Calderdale 020B","E01010956","Total",879,86,156,485,152,443,23,29,285,106,436,63,127,200,46
"2011","Calderdale 020C","E01010958","Total",536,46,126,313,51,262,15,25,180,42,274,31,101,133,9
"2011","Calderdale 020D","E01010959","Total",792,63,160,490,79,411,23,31,293,64,381,40,129,197,15
"2011","Calderdale 021A","E01010968","Total",923,73,176,536,138,487,25,47,319,96,436,48,129,217,42
"2011","Calderdale 021B","E01010971","Total",934,70,187,550,127,469,20,47,322,80,465,50,140,228,47
"2011","Calderdale 021C","E01010972","Total",752,64,145,437,106,397,16,28,275,78,355,48,117,162,28
"2011","Calderdale 021D","E01010973","Total",788,65,165,468,90,391,15,28,277,71,397,50,137,191,19
"2011","Calderdale 022A","E01010884","Total",705,58,148,414,85,346,17,36,233,60,359,41,112,181,25
"2011","Calderdale 022B","E01010885","Total",756,62,143,459,92,394,13,36,270,75,362,49,107,189,17
"2011","Calderdale 022C","E01010886","Total",520,46,95,303,76,284,13,23,186,62,236,33,72,117,14
"2011","Calderdale 022D","E01010984","Total",628,53,148,371,56,320,24,42,211,43,308,29,106,160,13
"2011","Calderdale 023A","E01010946","Total",625,76,116,344,89,335,30,36,205,64,290,46,80,139,25
"2011","Calderdale 023B","E01010947","Total",784,82,157,447,98,420,30,35,278,77,364,52,122,169,21
"2011","Calderdale 023C","E01010950","Total",709,49,139,436,85,379,18,30,265,66,330,31,109,171,19
"2011","Calderdale 023D","E01010951","Total",746,45,145,462,94,401,16,29,291,65,345,29,116,171,29
"2011","Calderdale 024A","E01010891","Total",739,44,166,439,90,377,12,33,265,67,362,32,133,174,23
"2011","Calderdale 024B","E01010892","Total",1041,80,217,634,110,506,12,31,377,86,535,68,186,257,24
"2011","Calderdale 024C","E01010895","Total",590,44,139,357,50,301,15,24,225,37,289,29,115,132,13
"2011","Calderdale 024D","E01010945","Total",781,71,169,449,92,406,23,41,268,74,375,48,128,181,18
"2011","Calderdale 024E","E01010948","Total",630,53,141,351,85,318,20,19,209,70,312,33,122,142,15
"2011","Calderdale 025A","E01010889","Total",708,53,121,438,96,392,17,31,267,77,316,36,90,171,19
"2011","Calderdale 025B","E01010890","Total",958,66,175,593,124,484,16,28,344,96,474,50,147,249,28
"2011","Calderdale 025C","E01010893","Total",659,61,127,389,82,336,18,22,232,64,323,43,105,157,18
"2011","Calderdale 025D","E01010894","Total",725,58,154,451,62,377,21,38,269,49,348,37,116,182,13
"2011","Calderdale 025E","E01010901","Total",821,91,149,477,104,437,23,33,299,82,384,68,116,178,22
"2011","Calderdale 025F","E01010903","Total",791,78,146,448,119,408,24,27,264,93,383,54,119,184,26
"2011","Calderdale 026A","E01010896","Total",892,74,163,505,150,472,29,33,294,116,420,45,130,211,34
"2011","Calderdale 026B","E01010897","Total",944,83,170,520,171,483,25,41,293,124,461,58,129,227,47
"2011","Calderdale 026C","E01010898","Total",910,66,160,568,116,491,22,35,339,95,419,44,125,229,21
"2011","Calderdale 026D","E01010899","Total",701,57,149,419,76,351,24,26,244,57,350,33,123,175,19
"2011","Calderdale 026E","E01010900","Total",859,72,170,514,103,447,22,39,307,79,412,50,131,207,24
"2011","Calderdale 026F","E01010902","Total",727,63,142,423,99,364,20,29,237,78,363,43,113,186,21
"2011","Calderdale 027A","E01010952","Total",833,58,159,480,136,412,21,28,274,89,421,37,131,206,47
"2011","Calderdale 027B","E01010953","Total",777,75,156,406,140,401,26,31,236,108,376,49,125,170,32
"2011","Calderdale 027C","E01010954","Total",1364,104,225,770,265,707,35,31,440,201,657,69,194,330,64
"2011","Calderdale 027D","E01010955","Total",789,70,146,416,157,440,30,36,246,128,349,40,110,170,29
"2011","Calderdale 027E","E01010957","Total",853,69,145,509,130,433,22,31,289,91,420,47,114,220,39
"2011","Kirklees 001A","E01011051","Total",849,47,169,524,109,429,9,38,299,83,420,38,131,225,26
"2011","Kirklees 001B","E01011055","Total",645,45,129,389,82,352,12,27,243,70,293,33,102,146,12
"2011","Kirklees 001C","E01011056","Total",834,61,165,484,124,435,19,26,293,97,399,42,139,191,27
"2011","Kirklees 001D","E01011057","Total",700,44,136,418,102,356,14,33,240,69,344,30,103,178,33
"2011","Kirklees 001E","E01011058","Total",579,40,132,339,68,294,15,30,196,53,285,25,102,143,15
"2011","Kirklees 002A","E01011048","Total",788,60,156,482,90,415,17,41,291,66,373,43,115,191,24
"2011","Kirklees 002B","E01011049","Total",807,74,144,501,88,415,19,33,294,69,392,55,111,207,19
"2011","Kirklees 002C","E01011050","Total",783,56,163,479,85,407,16,25,300,66,376,40,138,179,19
"2011","Kirklees 002D","E01011052","Total",838,66,172,499,101,412,17,33,290,72,426,49,139,209,29
"2011","Kirklees 002E","E01011053","Total",794,42,155,514,83,417,14,30,309,64,377,28,125,205,19
"2011","Kirklees 002F","E01011059","Total",558,55,128,338,37,279,9,27,213,30,279,46,101,125,7
"2011","Kirklees 003A","E01011062","Total",907,63,176,548,120,482,19,33,344,86,425,44,143,204,34
"2011","Kirklees 003B","E01011064","Total",624,61,134,339,90,349,24,35,216,74,275,37,99,123,16
"2011","Kirklees 003C","E01011068","Total",897,75,177,532,113,454,23,30,303,98,443,52,147,229,15
"2011","Kirklees 003D","E01011069","Total",687,61,134,408,84,359,19,30,238,72,328,42,104,170,12
"2011","Kirklees 004A","E01011241","Total",894,82,174,494,144,471,18,40,296,117,423,64,134,198,27
"2011","Kirklees 004B","E01011242","Total",724,60,155,427,82,366,19,32,253,62,358,41,123,174,20
"2011","Kirklees 004C","E01011243","Total",896,91,170,515,120,454,30,35,298,91,442,61,135,217,29
"2011","Kirklees 004D","E01011244","Total",1132,85,220,686,141,584,28,46,403,107,548,57,174,283,34
"2011","Kirklees 005A","E01011060","Total",765,64,136,490,75,423,23,37,305,58,342,41,99,185,17
"2011","Kirklees 005B","E01011061","Total",796,54,152,505,85,430,16,51,289,74,366,38,101,216,11
"2011","Kirklees 005C","E01011063","Total",1058,68,197,685,108,533,15,31,402,85,525,53,166,283,23
"2011","Kirklees 005D","E01011065","Total",916,73,176,564,103,467,18,41,328,80,449,55,135,236,23
"2011","Kirklees 005E","E01011066","Total",754,68,154,437,95,396,15,32,271,78,358,53,122,166,17
"2011","Kirklees 006A","E01011027","Total",583,50,109,362,62,307,19,26,213,49,276,31,83,149,13
"2011","Kirklees 006B","E01011028","Total",704,40,132,469,63,372,10,35,272,55,332,30,97,197,8
"2011","Kirklees 006C","E01011030","Total",622,56,159,360,47,325,16,39,235,35,297,40,120,125,12
"2011","Kirklees 006D","E01011031","Total",786,74,162,484,66,432,26,41,309,56,354,48,121,175,10
"2011","Kirklees 006E","E01011054","Total",685,58,144,386,97,373,22,38,237,76,312,36,106,149,21
"2011","Kirklees 007A","E01011013","Total",638,62,148,347,81,345,24,42,209,70,293,38,106,138,11
"2011","Kirklees 007B","E01011014","Total",676,60,162,396,58,401,32,75,250,44,275,28,87,146,14
"2011","Kirklees 007C","E01011023","Total",730,78,172,398,82,436,25,87,256,68,294,53,85,142,14
"2011","Kirklees 007D","E01011024","Total",713,59,184,406,64,430,19,83,275,53,283,40,101,131,11
"2011","Kirklees 008A","E01011067","Total",824,78,157,450,139,440,24,41,268,107,384,54,116,182,32
"2011","Kirklees 008B","E01011247","Total",895,51,178,565,101,465,17,32,341,75,430,34,146,224,26
"2011","Kirklees 008C","E01011249","Total",651,50,131,389,81,344,17,22,248,57,307,33,109,141,24
"2011","Kirklees 008D","E01011251","Total",650,39,154,393,64,338,12,40,231,55,312,27,114,162,9
"2011","Kirklees 009A","E01011245","Total",705,68,153,399,85,370,16,42,244,68,335,52,111,155,17
"2011","Kirklees 009B","E01011246","Total",644,45,149,398,52,331,9,40,243,39,313,36,109,155,13
"2011","Kirklees 009C","E01011248","Total",708,73,135,411,89,365,26,23,247,69,343,47,112,164,20
"2011","Kirklees 009D","E01011250","Total",830,51,119,572,88,447,19,27,327,74,383,32,92,245,14
"2011","Kirklees 010A","E01011015","Total",460,55,154,230,21,306,24,97,171,14,154,31,57,59,7
"2011","Kirklees 010B","E01011029","Total",502,48,125,293,36,306,17,57,203,29,196,31,68,90,7
"2011","Kirklees 010C","E01011032","Total",547,67,164,279,37,307,18,66,198,25,240,49,98,81,12
"2011","Kirklees 010D","E01011034","Total",515,58,177,249,31,341,25,100,189,27,174,33,77,60,4
"2011","Kirklees 011A","E01011157","Total",691,59,192,378,62,404,20,86,246,52,287,39,106,132,10
"2011","Kirklees 011B","E01011161","Total",690,51,141,435,63,349,13,28,259,49,341,38,113,176,14
"2011","Kirklees 011C","E01011163","Total",541,52,131,319,39,285,18,36,202,29,256,34,95,117,10
"2011","Kirklees 011D","E01011164","Total",810,47,175,501,87,419,7,26,315,71,391,40,149,186,16
"2011","Kirklees 011E","E01011165","Total",742,64,175,449,54,450,25,90,289,46,292,39,85,160,8
"2011","Kirklees 011F","E01011166","Total",696,65,152,417,62,418,25,62,278,53,278,40,90,139,9
"2011","Kirklees 011G","E01011167","Total",724,56,189,414,65,448,27,86,284,51,276,29,103,130,14
"2011","Kirklees 012A","E01011033","Total",815,68,166,518,63,451,20,54,327,50,364,48,112,191,13
"2011","Kirklees 012B","E01011035","Total",547,68,183,265,31,373,23,108,217,25,174,45,75,48,6
"2011","Kirklees 012C","E01011036","Total",548,68,170,270,40,329,22,84,191,32,219,46,86,79,8
"2011","Kirklees 012D","E01011037","Total",960,79,223,561,97,531,30,93,331,77,429,49,130,230,20
"2011","Kirklees 013A","E01011016","Total",639,71,169,348,51,413,30,95,249,39,226,41,74,99,12
"2011","Kirklees 013B","E01011017","Total",505,78,205,201,21,331,33,128,154,16,174,45,77,47,5
"2011","Kirklees 013C","E01011018","Total",475,69,146,238,22,329,26,101,182,20,146,43,45,56,2
"2011","Kirklees 013D","E01011019","Total",727,77,217,391,42,463,39,126,263,35,264,38,91,128,7
"2011","Kirklees 013E","E01011020","Total",404,50,137,201,16,291,29,94,153,15,113,21,43,48,1
"2011","Kirklees 014A","E01011021","Total",892,83,174,549,86,474,25,42,336,71,418,58,132,213,15
"2011","Kirklees 014B","E01011022","Total",758,80,152,450,76,421,24,45,287,65,337,56,107,163,11
"2011","Kirklees 014C","E01011126","Total",658,53,138,382,85,368,17,24,254,73,290,36,114,128,12
"2011","Kirklees 014D","E01011127","Total",712,67,142,441,62,384,28,29,276,51,328,39,113,165,11
"2011","Kirklees 015A","E01011156","Total",735,51,166,436,82,392,12,36,273,71,343,39,130,163,11
"2011","Kirklees 015B","E01011158","Total",903,59,188,564,92,484,22,44,341,77,419,37,144,223,15
"2011","Kirklees 015C","E01011159","Total",903,71,178,515,139,471,24,26,310,111,432,47,152,205,28
"2011","Kirklees 015D","E01011160","Total",785,72,163,457,93,400,23,28,272,77,385,49,135,185,16
"2011","Kirklees 015E","E01011162","Total",733,66,146,416,105,383,19,24,256,84,350,47,122,160,21
"2011","Kirklees 016A","E01011025","Total",663,54,172,373,64,372,24,52,242,54,291,30,120,131,10
"2011","Kirklees 016B","E01011026","Total",627,59,165,351,52,387,25,76,244,42,240,34,89,107,10
"2011","Kirklees 016C","E01011136","Total",546,48,134,326,38,306,22,43,209,32,240,26,91,117,6
"2011","Kirklees 016D","E01011137","Total",756,64,157,455,80,397,20,44,273,60,359,44,113,182,20
"2011","Kirklees 017A","E01011128","Total",835,63,197,501,74,517,24,107,324,62,318,39,90,177,12
"2011","Kirklees 017B","E01011130","Total",776,62,171,461,82,474,30,80,297,67,302,32,91,164,15
"2011","Kirklees 017E","E01033542","Total",1217,104,263,719,131,753,45,112,495,101,464,59,151,224,30
"2011","Kirklees 018A","E01011121","Total",715,53,130,468,64,378,12,36,278,52,337,41,94,190,12
"2011","Kirklees 018B","E01011122","Total",475,47,144,247,37,241,23,34,149,35,234,24,110,98,2
"2011","Kirklees 018C","E01011123","Total",687,65,154,397,71,382,15,50,259,58,305,50,104,138,13
"2011","Kirklees 018D","E01011124","Total",1038,75,179,652,132,549,25,32,385,107,489,50,147,267,25
"2011","Kirklees 018E","E01011125","Total",712,59,158,430,65,361,18,28,264,51,351,41,130,166,14
"2011","Kirklees 018F","E01011129","Total",658,42,142,407,67,341,10,28,248,55,317,32,114,159,12
"2011","Kirklees 019A","E01011138","Total",555,63,173,284,35,356,33,89,200,34,199,30,84,84,1
"2011","Kirklees 019B","E01011139","Total",585,51,159,319,56,349,21,72,208,48,236,30,87,111,8
"2011","Kirklees 019C","E01011140","Total",424,40,135,222,27,269,22,71,152,24,155,18,64,70,3
"2011","Kirklees 019D","E01011141","Total",668,60,183,373,52,407,20,94,248,45,261,40,89,125,7
"2011","Kirklees 020A","E01011132","Total",691,82,136,370,103,358,21,31,222,84,333,61,105,148,19
"2011","Kirklees 020B","E01011142","Total",838,72,174,499,93,447,25,36,311,75,391,47,138,188,18
"2011","Kirklees 020C","E01011217","Total",754,69,164,447,74,388,21,44,265,58,366,48,120,182,16
"2011","Kirklees 020D","E01011218","Total",753,70,159,433,91,391,19,32,263,77,362,51,127,170,14
"2011","Kirklees 021A","E01011216","Total",698,54,140,409,95,363,20,27,246,70,335,34,113,163,25
"2011","Kirklees 021B","E01011219","Total",826,67,142,494,123,428,22,25,296,85,398,45,117,198,38
"2011","Kirklees 021C","E01011220","Total",730,60,174,430,66,375,16,52,254,53,355,44,122,176,13
"2011","Kirklees 021D","E01011221","Total",845,89,170,491,95,428,27,28,297,76,417,62,142,194,19
"2011","Kirklees 022A","E01011046","Total",672,65,150,361,96,345,24,29,227,65,327,41,121,134,31
"2011","Kirklees 022B","E01011100","Total",633,57,143,381,52,327,21,30,229,47,306,36,113,152,5
"2011","Kirklees 022C","E01011102","Total",758,73,142,427,116,381,17,29,244,91,377,56,113,183,25
"2011","Kirklees 022D","E01011108","Total",761,64,150,473,74,395,19,43,282,51,366,45,107,191,23
"2011","Kirklees 023A","E01011133","Total",427,32,111,247,37,298,16,73,178,31,129,16,38,69,6
"2011","Kirklees 023B","E01011134","Total",545,55,159,284,47,361,20,88,214,39,184,35,71,70,8
"2011","Kirklees 023C","E01011143","Total",488,36,157,248,47,340,19,108,172,41,148,17,49,76,6
"2011","Kirklees 023D","E01011144","Total",433,39,126,220,48,293,17,76,157,43,140,22,50,63,5
"2011","Kirklees 023E","E01011260","Total",571,40,157,322,52,331,13,60,215,43,240,27,97,107,9
"2011","Kirklees 024A","E01011257","Total",694,83,274,282,55,487,38,185,219,45,207,45,89,63,10
"2011","Kirklees 024B","E01011258","Total",623,79,222,279,43,427,37,143,213,34,196,42,79,66,9
"2011","Kirklees 024C","E01011259","Total",575,47,171,304,53,361,17,84,219,41,214,30,87,85,12
"2011","Kirklees 024D","E01011261","Total",451,51,163,214,23,293,18,104,155,16,158,33,59,59,7
"2011","Kirklees 024E","E01011262","Total",481,38,188,220,35,311,12,109,160,30,170,26,79,60,5
"2011","Kirklees 024F","E01011263","Total",749,58,182,439,70,425,23,64,281,57,324,35,118,158,13
"2011","Kirklees 025A","E01011101","Total",583,51,159,325,48,292,13,41,200,38,291,38,118,125,10
"2011","Kirklees 025B","E01011103","Total",560,40,157,327,36,266,12,29,196,29,294,28,128,131,7
"2011","Kirklees 025C","E01011104","Total",652,58,161,382,51,299,16,33,213,37,353,42,128,169,14
"2011","Kirklees 025D","E01011105","Total",825,59,176,499,91,429,23,43,294,69,396,36,133,205,22
"2011","Kirklees 026A","E01011212","Total",673,68,141,392,72,329,22,24,230,53,344,46,117,162,19
"2011","Kirklees 026B","E01011213","Total",702,61,152,416,73,369,20,22,270,57,333,41,130,146,16
"2011","Kirklees 026C","E01011214","Total",809,60,149,492,108,431,23,37,289,82,378,37,112,203,26
"2011","Kirklees 026D","E01011215","Total",1076,99,181,650,146,587,29,54,396,108,489,70,127,254,38
"2011","Kirklees 027A","E01011039","Total",712,81,166,404,61,410,28,75,266,41,302,53,91,138,20
"2011","Kirklees 027B","E01011042","Total",819,84,159,475,101,447,33,59,283,72,372,51,100,192,29
"2011","Kirklees 027C","E01011047","Total",705,72,133,396,104,376,27,37,234,78,329,45,96,162,26
"2011","Kirklees 027D","E01011210","Total",1017,92,169,608,148,553,34,41,364,114,464,58,128,244,34
"2011","Kirklees 028A","E01011252","Total",613,63,119,317,114,322,22,20,196,84,291,41,99,121,30
"2011","Kirklees 028B","E01011253","Total",494,43,122,279,50,256,14,31,170,41,238,29,91,109,9
"2011","Kirklees 028C","E01011254","Total",724,63,140,415,106,398,18,36,260,84,326,45,104,155,22
"2011","Kirklees 028D","E01011255","Total",584,54,132,335,63,302,11,31,208,52,282,43,101,127,11
"2011","Kirklees 028E","E01011256","Total",597,49,152,331,65,305,15,37,202,51,292,34,115,129,14
"2011","Kirklees 029A","E01011038","Total",481,54,137,262,28,260,22,51,166,21,221,32,86,96,7
"2011","Kirklees 029B","E01011041","Total",629,63,165,356,45,345,36,62,218,29,284,27,103,138,16
"2011","Kirklees 029C","E01011106","Total",561,45,130,332,54,285,16,34,195,40,276,29,96,137,14
"2011","Kirklees 029D","E01011107","Total",639,122,143,310,64,400,62,79,208,51,239,60,64,102,13
"2011","Kirklees 030A","E01011201","Total",815,58,150,502,105,404,20,27,286,71,411,38,123,216,34
"2011","Kirklees 030B","E01011203","Total",897,63,179,534,121,469,17,39,316,97,428,46,140,218,24
"2011","Kirklees 030C","E01011209","Total",774,70,171,459,74,392,21,35,283,53,382,49,136,176,21
"2011","Kirklees 030D","E01011211","Total",741,75,164,420,82,390,22,50,259,59,351,53,114,161,23
"2011","Kirklees 031A","E01011040","Total",786,90,172,485,39,468,41,80,316,31,318,49,92,169,8
"2011","Kirklees 031B","E01011043","Total",921,122,209,512,78,560,69,108,322,61,361,53,101,190,17
"2011","Kirklees 031C","E01011044","Total",643,59,141,389,54,369,25,56,244,44,274,34,85,145,10
"2011","Kirklees 031D","E01011045","Total",641,70,188,333,50,438,39,139,222,38,203,31,49,111,12
"2011","Kirklees 032A","E01011089","Total",608,46,136,368,58,305,14,27,219,45,303,32,109,149,13
"2011","Kirklees 032B","E01011091","Total",783,71,166,451,95,395,17,39,267,72,388,54,127,184,23
"2011","Kirklees 032C","E01011092","Total",666,54,130,385,97,356,18,30,237,71,310,36,100,148,26
"2011","Kirklees 032D","E01011200","Total",1371,117,252,836,166,728,45,50,504,129,643,72,202,332,37
"2011","Kirklees 033A","E01011204","Total",664,80,122,349,113,380,27,40,225,88,284,53,82,124,25
"2011","Kirklees 033B","E01011206","Total",860,59,174,530,97,433,16,35,307,75,427,43,139,223,22
"2011","Kirklees 033C","E01011208","Total",817,69,159,500,89,409,22,38,279,70,408,47,121,221,19
"2011","Kirklees 033D","E01011240","Total",801,62,197,466,76,402,18,57,273,54,399,44,140,193,22
"2011","Kirklees 034A","E01011231","Total",754,72,141,459,82,393,31,42,267,53,361,41,99,192,29
"2011","Kirklees 034B","E01011236","Total",776,159,179,384,54,463,89,91,250,33,313,70,88,134,21
"2011","Kirklees 034C","E01011238","Total",796,106,140,449,101,448,44,67,261,76,348,62,73,188,25
"2011","Kirklees 034D","E01011239","Total",785,90,177,422,96,407,38,57,245,67,378,52,120,177,29
"2011","Kirklees 035A","E01011093","Total",565,45,147,337,36,301,11,43,215,32,264,34,104,122,4
"2011","Kirklees 035B","E01011094","Total",492,54,118,291,29,249,17,37,174,21,243,37,81,117,8
"2011","Kirklees 035C","E01011096","Total",734,61,163,439,71,385,21,45,259,60,349,40,118,180,11
"2011","Kirklees 035D","E01011098","Total",757,83,148,443,83,420,38,39,283,60,337,45,109,160,23
"2011","Kirklees 036A","E01011146","Total",922,74,193,549,106,485,24,40,339,82,437,50,153,210,24
"2011","Kirklees 036B","E01011151","Total",922,109,174,498,141,479,26,34,313,106,443,83,140,185,35
"2011","Kirklees 036C","E01011202","Total",712,67,183,390,72,356,15,41,246,54,356,52,142,144,18
"2011","Kirklees 036D","E01011205","Total",923,92,182,518,131,475,28,43,306,98,448,64,139,212,33
"2011","Kirklees 037A","E01011090","Total",741,63,150,455,73,387,16,31,277,63,354,47,119,178,10
"2011","Kirklees 037B","E01011095","Total",671,49,124,437,61,345,10,25,264,46,326,39,99,173,15
"2011","Kirklees 037C","E01011097","Total",721,53,143,465,60,377,18,33,279,47,344,35,110,186,13
"2011","Kirklees 037D","E01011099","Total",720,57,167,433,63,374,18,32,271,53,346,39,135,162,10
"2011","Kirklees 038A","E01011150","Total",885,68,176,561,80,470,27,45,335,63,415,41,131,226,17
"2011","Kirklees 038B","E01011155","Total",1085,56,175,711,143,570,18,34,414,104,515,38,141,297,39
"2011","Kirklees 038C","E01011207","Total",703,73,148,411,71,361,20,37,252,52,342,53,111,159,19
"2011","Kirklees 038D","E01011234","Total",696,62,192,386,56,363,24,56,239,44,333,38,136,147,12
"2011","Kirklees 039A","E01011232","Total",586,87,137,296,66,340,39,61,191,49,246,48,76,105,17
"2011","Kirklees 039B","E01011233","Total",798,68,168,470,92,431,30,47,288,66,367,38,121,182,26
"2011","Kirklees 039C","E01011235","Total",696,132,150,350,64,425,57,71,246,51,271,75,79,104,13
"2011","Kirklees 039D","E01011237","Total",621,69,157,334,61,353,27,55,218,53,268,42,102,116,8
"2011","Kirklees 040A","E01011004","Total",498,50,110,296,42,242,11,26,172,33,256,39,84,124,9
"2011","Kirklees 040B","E01011006","Total",712,69,160,431,52,361,25,40,253,43,351,44,120,178,9
"2011","Kirklees 040C","E01011008","Total",814,110,146,500,58,419,37,45,295,42,395,73,101,205,16
"2011","Kirklees 040D","E01011012","Total",795,59,179,503,54,399,21,39,293,46,396,38,140,210,8
"2011","Kirklees 041A","E01011145","Total",764,73,173,444,74,401,27,41,281,52,363,46,132,163,22
"2011","Kirklees 041B","E01011147","Total",817,54,172,513,78,429,18,35,312,64,388,36,137,201,14
"2011","Kirklees 041C","E01011148","Total",609,49,131,378,51,305,20,28,212,45,304,29,103,166,6
"2011","Kirklees 041D","E01011152","Total",1007,75,182,610,140,528,22,41,362,103,479,53,141,248,37
"2011","Kirklees 042A","E01011007","Total",750,109,127,449,65,393,47,38,262,46,357,62,89,187,19
"2011","Kirklees 042B","E01011223","Total",710,95,149,394,72,351,36,34,226,55,359,59,115,168,17
"2011","Kirklees 042C","E01011225","Total",746,123,174,385,64,360,45,39,227,49,386,78,135,158,15
"2011","Kirklees 042D","E01011229","Total",1057,388,155,433,81,586,162,73,292,59,471,226,82,141,22
"2011","Kirklees 043A","E01011080","Total",727,73,169,444,41,440,29,89,289,33,287,44,80,155,8
"2011","Kirklees 043B","E01011081","Total",659,73,143,386,57,410,34,78,249,49,249,39,65,137,8
"2011","Kirklees 043C","E01011082","Total",465,63,163,216,23,347,32,121,174,20,118,31,42,42,3
"2011","Kirklees 043D","E01011230","Total",511,77,154,260,20,361,50,100,195,16,150,27,54,65,4
"2011","Kirklees 044A","E01011005","Total",704,69,147,414,74,366,27,38,250,51,338,42,109,164,23
"2011","Kirklees 044B","E01011009","Total",578,67,124,316,71,292,19,17,197,59,286,48,107,119,12
"2011","Kirklees 044C","E01011010","Total",619,51,146,386,36,307,17,29,232,29,312,34,117,154,7
"2011","Kirklees 044D","E01011011","Total",771,87,145,428,111,403,33,32,254,84,368,54,113,174,27
"2011","Kirklees 045A","E01011077","Total",865,72,161,532,100,458,27,32,320,79,407,45,129,212,21
"2011","Kirklees 045B","E01011149","Total",972,67,163,651,91,507,15,46,379,67,465,52,117,272,24
"2011","Kirklees 045C","E01011153","Total",875,54,185,550,86,476,20,57,328,71,399,34,128,222,15
"2011","Kirklees 045D","E01011154","Total",718,53,150,450,65,369,8,37,271,53,349,45,113,179,12
"2011","Kirklees 046A","E01011191","Total",798,85,185,443,85,401,28,40,261,72,397,57,145,182,13
"2011","Kirklees 046B","E01011192","Total",711,69,116,413,113,367,14,21,242,90,344,55,95,171,23
"2011","Kirklees 046C","E01011193","Total",1018,85,182,579,172,537,32,44,321,140,481,53,138,258,32
"2011","Kirklees 046D","E01011194","Total",655,71,139,366,79,353,22,37,229,65,302,49,102,137,14
"2011","Kirklees 047A","E01011079","Total",842,62,176,542,62,483,27,70,338,48,359,35,106,204,14
"2011","Kirklees 047B","E01011083","Total",811,63,196,471,81,441,21,62,297,61,370,42,134,174,20
"2011","Kirklees 047C","E01011084","Total",542,56,141,309,36,282,24,51,178,29,260,32,90,131,7
"2011","Kirklees 047D","E01011085","Total",578,59,123,347,49,303,21,29,215,38,275,38,94,132,11
"2011","Kirklees 048A","E01011224","Total",713,85,158,433,37,369,32,48,264,25,344,53,110,169,12
"2011","Kirklees 048B","E01011226","Total",758,74,155,449,80,412,18,35,294,65,346,56,120,155,15
"2011","Kirklees 048C","E01011227","Total",615,58,149,366,42,306,17,40,212,37,309,41,109,154,5
"2011","Kirklees 048D","E01011228","Total",755,110,148,405,92,392,38,38,241,75,363,72,110,164,17
"2011","Kirklees 049A","E01011071","Total",882,84,163,533,102,479,31,42,324,82,403,53,121,209,20
"2011","Kirklees 049B","E01011072","Total",882,69,174,537,102,471,32,36,325,78,411,37,138,212,24
"2011","Kirklees 049C","E01011073","Total",723,64,150,427,82,385,25,32,266,62,338,39,118,161,20
"2011","Kirklees 049D","E01011078","Total",921,75,150,593,103,492,21,30,358,83,429,54,120,235,20
"2011","Kirklees 050A","E01011086","Total",734,68,124,445,97,394,22,28,269,75,340,46,96,176,22
"2011","Kirklees 050B","E01011087","Total",734,64,150,435,85,389,24,32,261,72,345,40,118,174,13
"2011","Kirklees 050C","E01011088","Total",704,71,159,399,75,358,31,32,240,55,346,40,127,159,20
"2011","Kirklees 050D","E01011222","Total",893,80,174,533,106,494,41,48,325,80,399,39,126,208,26
"2011","Kirklees 051A","E01011190","Total",866,80,171,482,133,462,32,47,286,97,404,48,124,196,36
"2011","Kirklees 051B","E01011195","Total",838,329,153,265,91,427,127,61,168,71,411,202,92,97,20
"2011","Kirklees 051C","E01011196","Total",950,97,177,547,129,492,30,26,335,101,458,67,151,212,28
"2011","Kirklees 051D","E01011197","Total",787,56,157,465,109,413,15,36,277,85,374,41,121,188,24
"2011","Kirklees 052A","E01011070","Total",830,78,188,428,136,452,28,47,272,105,378,50,141,156,31
"2011","Kirklees 052B","E01011074","Total",1000,71,195,615,119,519,26,40,366,87,481,45,155,249,32
"2011","Kirklees 052C","E01011075","Total",722,56,144,414,108,376,11,42,246,77,346,45,102,168,31
"2011","Kirklees 052D","E01011076","Total",711,81,143,421,66,383,22,35,278,48,328,59,108,143,18
"2011","Kirklees 053A","E01011169","Total",715,63,130,392,130,391,16,33,243,99,324,47,97,149,31
"2011","Kirklees 053B","E01011170","Total",972,110,205,514,143,523,36,48,327,112,449,74,157,187,31
"2011","Kirklees 053C","E01011171","Total",755,50,129,446,130,407,11,33,261,102,348,39,96,185,28
"2011","Kirklees 053D","E01011172","Total",391,47,79,226,39,202,12,20,138,32,189,35,59,88,7
"2011","Kirklees 053E","E01011173","Total",609,50,139,347,73,315,12,22,220,61,294,38,117,127,12
"2011","Kirklees 053F","E01011176","Total",705,62,140,395,108,366,16,25,239,86,339,46,115,156,22
"2011","Kirklees 054A","E01011109","Total",967,84,194,545,144,511,25,42,336,108,456,59,152,209,36
"2011","Kirklees 054B","E01011113","Total",866,74,171,518,103,444,17,37,311,79,422,57,134,207,24
"2011","Kirklees 054C","E01011114","Total",629,55,125,378,71,324,14,18,234,58,305,41,107,144,13
"2011","Kirklees 054D","E01011119","Total",697,80,147,384,86,362,26,28,243,65,335,54,119,141,21
"2011","Kirklees 055A","E01011168","Total",813,75,177,465,96,411,17,42,278,74,402,58,135,187,22
"2011","Kirklees 055B","E01011174","Total",940,106,197,506,131,481,30,45,314,92,459,76,152,192,39
"2011","Kirklees 055C","E01011175","Total",632,54,146,364,68,341,14,39,231,57,291,40,107,133,11
"2011","Kirklees 055D","E01011177","Total",903,84,173,518,128,457,22,37,305,93,446,62,136,213,35
"2011","Kirklees 055E","E01011178","Total",914,95,185,521,113,492,27,37,342,86,422,68,148,179,27
"2011","Kirklees 056A","E01011118","Total",844,68,165,472,139,438,23,32,280,103,406,45,133,192,36
"2011","Kirklees 056B","E01011120","Total",856,76,166,462,152,447,15,27,285,120,409,61,139,177,32
"2011","Kirklees 056C","E01011198","Total",795,82,165,396,152,417,23,28,248,118,378,59,137,148,34
"2011","Kirklees 056D","E01011199","Total",715,75,122,401,117,373,16,22,247,88,342,59,100,154,29
"2011","Kirklees 057A","E01011110","Total",724,93,114,396,121,404,35,18,254,97,320,58,96,142,24
"2011","Kirklees 057B","E01011111","Total",824,64,153,491,116,434,18,33,295,88,390,46,120,196,28
"2011","Kirklees 057C","E01011112","Total",825,56,155,464,150,438,17,29,284,108,387,39,126,180,42
"2011","Kirklees 057D","E01011115","Total",974,87,177,540,170,525,31,44,323,127,449,56,133,217,43
"2011","Kirklees 057E","E01011116","Total",815,85,152,475,103,413,23,26,281,83,402,62,126,194,20
"2011","Kirklees 057F","E01011117","Total",927,90,187,487,163,489,26,37,306,120,438,64,150,181,43
"2011","Kirklees 058A","E01011180","Total",1012,106,194,546,166,531,29,55,325,122,481,77,139,221,44
"2011","Kirklees 058B","E01011182","Total",901,91,165,491,154,488,31,46,289,122,413,60,119,202,32
"2011","Kirklees 058C","E01011186","Total",774,76,153,432,113,413,27,37,260,89,361,49,116,172,24
"2011","Kirklees 058D","E01011188","Total",812,76,176,424,136,416,19,37,254,106,396,57,139,170,30
"2011","Kirklees 059A","E01011179","Total",970,99,195,503,173,509,31,44,298,136,461,68,151,205,37
"2011","Kirklees 059B","E01011181","Total",1023,100,192,557,174,542,34,47,338,123,481,66,145,219,51
"2011","Kirklees 059C","E01011183","Total",1141,120,242,564,215,580,37,44,346,153,561,83,198,218,62
"2011","Kirklees 059D","E01011184","Total",655,75,145,356,79,341,22,34,223,62,314,53,111,133,17
"2011","Kirklees 059E","E01011185","Total",784,69,143,450,122,414,24,20,276,94,370,45,123,174,28
"2011","Kirklees 059F","E01011187","Total",851,87,175,436,153,434,21,41,251,121,417,66,134,185,32
"2011","Kirklees 059G","E01011189","Total",828,106,167,418,137,430,41,46,240,103,398,65,121,178,34
"2011","Leeds 001A","E01011698","Total",749,79,151,432,87,372,23,24,257,68,377,56,127,175,19
"2011","Leeds 001B","E01011699","Total",695,64,142,387,102,360,19,36,221,84,335,45,106,166,18
"2011","Leeds 001C","E01011701","Total",643,63,144,341,95,336,23,29,205,79,307,40,115,136,16
"2011","Leeds 001D","E01011702","Total",561,70,100,259,132,291,21,15,153,102,270,49,85,106,30
"2011","Leeds 001E","E01011703","Total",547,89,122,242,94,283,27,32,150,74,264,62,90,92,20
"2011","Leeds 002A","E01011697","Total",731,79,177,366,109,429,39,79,224,87,302,40,98,142,22
"2011","Leeds 002B","E01011700","Total",557,62,107,313,75,282,17,28,177,60,275,45,79,136,15
"2011","Leeds 002C","E01011704","Total",853,45,145,510,153,469,11,38,298,122,384,34,107,212,31
"2011","Leeds 002D","E01011705","Total",613,61,136,352,64,298,21,19,209,49,315,40,117,143,15
"2011","Leeds 003A","E01011581","Total",682,66,162,378,76,342,19,36,225,62,340,47,126,153,14
"2011","Leeds 003B","E01011582","Total",710,73,156,404,77,359,19,28,252,60,351,54,128,152,17
"2011","Leeds 003C","E01011583","Total",732,81,160,422,69,361,25,23,260,53,371,56,137,162,16
"2011","Leeds 003D","E01011584","Total",599,62,151,323,63,297,20,35,192,50,302,42,116,131,13
"2011","Leeds 004A","E01011569","Total",940,88,173,548,131,494,35,42,320,97,446,53,131,228,34
"2011","Leeds 004B","E01011571","Total",836,81,171,479,105,406,24,33,271,78,430,57,138,208,27
"2011","Leeds 004C","E01011572","Total",1014,88,227,567,132,513,26,59,333,95,501,62,168,234,37
"2011","Leeds 004D","E01011573","Total",730,91,155,409,75,357,16,35,250,56,373,75,120,159,19
"2011","Leeds 004E","E01011574","Total",669,71,125,381,92,357,26,32,231,68,312,45,93,150,24
"2011","Leeds 005A","E01011707","Total",629,61,147,327,94,304,19,25,183,77,325,42,122,144,17
"2011","Leeds 005B","E01011709","Total",683,73,137,346,127,339,18,25,198,98,344,55,112,148,29
"2011","Leeds 005C","E01011710","Total",783,58,148,454,123,402,10,38,261,93,381,48,110,193,30
"2011","Leeds 005D","E01011711","Total",666,59,136,356,115,343,17,36,208,82,323,42,100,148,33
"2011","Leeds 005E","E01011712","Total",734,70,116,400,148,372,23,25,215,109,362,47,91,185,39
"2011","Leeds 006A","E01011561","Total",657,65,112,343,137,348,24,26,196,102,309,41,86,147,35
"2011","Leeds 006B","E01011696","Total",645,79,131,295,140,348,24,30,179,115,297,55,101,116,25
"2011","Leeds 006C","E01011706","Total",737,94,140,342,161,403,26,35,217,125,334,68,105,125,36
"2011","Leeds 006D","E01011708","Total",722,96,144,354,128,364,25,27,215,97,358,71,117,139,31
"2011","Leeds 006E","E01011713","Total",900,92,160,470,178,490,27,31,293,139,410,65,129,177,39
"2011","Leeds 007A","E01011570","Total",1161,126,210,603,222,605,40,51,353,161,556,86,159,250,61
"2011","Leeds 007C","E01011576","Total",668,77,138,318,135,348,26,32,189,101,320,51,106,129,34
"2011","Leeds 007E","E01032503","Total",732,81,152,346,153,400,30,40,210,120,332,51,112,136,33
"2011","Leeds 007F","E01032504","Total",687,72,132,361,122,364,26,32,215,91,323,46,100,146,31
"2011","Leeds 008A","E01011266","Total",1234,107,198,726,203,636,35,41,414,146,598,72,157,312,57
"2011","Leeds 008B","E01011270","Total",725,86,135,349,155,387,24,30,214,119,338,62,105,135,36
"2011","Leeds 008C","E01011279","Total",677,52,145,391,89,349,15,31,244,59,328,37,114,147,30
"2011","Leeds 008D","E01011280","Total",980,91,205,532,152,503,24,58,314,107,477,67,147,218,45
"2011","Leeds 009A","E01011265","Total",841,61,151,526,103,442,24,29,319,70,399,37,122,207,33
"2011","Leeds 009B","E01011267","Total",690,58,145,422,65,355,14,27,265,49,335,44,118,157,16
"2011","Leeds 009C","E01011271","Total",1147,99,233,653,162,592,29,47,391,125,555,70,186,262,37
"2011","Leeds 009D","E01011272","Total",809,70,168,485,86,406,25,29,276,76,403,45,139,209,10
"2011","Leeds 010A","E01011268","Total",635,47,153,380,55,330,16,28,243,43,305,31,125,137,12
"2011","Leeds 010B","E01011273","Total",795,53,136,519,87,403,19,24,290,70,392,34,112,229,17
"2011","Leeds 010C","E01011274","Total",604,52,135,360,57,304,20,29,213,42,300,32,106,147,15
"2011","Leeds 010D","E01011275","Total",674,62,152,389,71,331,16,40,226,49,343,46,112,163,22
"2011","Leeds 011A","E01011264","Total",635,56,138,378,63,314,12,24,227,51,321,44,114,151,12
"2011","Leeds 011B","E01011269","Total",781,53,158,504,66,392,22,35,288,47,389,31,123,216,19
"2011","Leeds 011C","E01011276","Total",750,59,137,449,105,391,19,26,273,73,359,40,111,176,32
"2011","Leeds 011D","E01011578","Total",699,57,145,423,74,342,20,28,238,56,357,37,117,185,18
"2011","Leeds 012A","E01011554","Total",713,66,124,391,132,374,21,33,219,101,339,45,91,172,31
"2011","Leeds 012B","E01011562","Total",753,104,119,369,161,409,31,25,222,131,344,73,94,147,30
"2011","Leeds 012C","E01011563","Total",676,91,112,357,116,361,36,30,209,86,315,55,82,148,30
"2011","Leeds 012D","E01011564","Total",756,68,144,432,112,392,25,23,263,81,364,43,121,169,31
"2011","Leeds 012E","E01011567","Total",728,53,154,446,75,370,22,36,256,56,358,31,118,190,19
"2011","Leeds 013A","E01011376","Total",736,70,166,410,90,386,20,32,260,74,350,50,134,150,16
"2011","Leeds 013B","E01011377","Total",628,72,131,348,77,325,26,22,216,61,303,46,109,132,16
"2011","Leeds 013C","E01011378","Total",613,51,140,360,62,302,12,42,203,45,311,39,98,157,17
"2011","Leeds 013D","E01011382","Total",719,61,146,445,67,368,23,32,260,53,351,38,114,185,14
"2011","Leeds 014A","E01011277","Total",891,72,152,562,105,441,27,18,319,77,450,45,134,243,28
"2011","Leeds 014B","E01011278","Total",905,70,172,521,142,462,29,33,291,109,443,41,139,230,33
"2011","Leeds 014C","E01011579","Total",677,56,144,395,82,351,17,34,235,65,326,39,110,160,17
"2011","Leeds 014D","E01011580","Total",676,60,138,376,102,344,20,28,226,70,332,40,110,150,32
"2011","Leeds 015A","E01011556","Total",827,59,135,542,91,417,20,33,307,57,410,39,102,235,34
"2011","Leeds 015B","E01011557","Total",772,87,164,415,106,398,26,37,252,83,374,61,127,163,23
"2011","Leeds 015C","E01011565","Total",710,63,157,395,95,371,24,41,232,74,339,39,116,163,21
"2011","Leeds 015D","E01011566","Total",645,61,112,394,78,329,21,25,218,65,316,40,87,176,13
"2011","Leeds 015E","E01011568","Total",956,85,164,571,136,473,23,49,307,94,483,62,115,264,42
"2011","Leeds 016A","E01011380","Total",712,73,127,381,131,366,21,32,212,101,346,52,95,169,30
"2011","Leeds 016B","E01011381","Total",637,73,125,339,100,324,25,35,192,72,313,48,90,147,28
"2011","Leeds 016C","E01011385","Total",570,60,104,314,92,302,16,31,183,72,268,44,73,131,20
"2011","Leeds 016D","E01011386","Total",715,79,112,412,112,383,20,33,246,84,332,59,79,166,28
"2011","Leeds 017A","E01011379","Total",667,62,146,394,65,342,19,40,235,48,325,43,106,159,17
"2011","Leeds 017B","E01011384","Total",749,74,165,437,73,375,22,37,262,54,374,52,128,175,19
"2011","Leeds 017E","E01032501","Total",578,55,133,322,68,298,19,30,202,47,280,36,103,120,21
"2011","Leeds 017F","E01032502","Total",795,66,186,457,86,399,28,49,263,59,396,38,137,194,27
"2011","Leeds 018A","E01011555","Total",687,63,146,414,64,363,20,36,255,52,324,43,110,159,12
"2011","Leeds 018B","E01011558","Total",657,53,154,392,58,313,13,45,218,37,344,40,109,174,21
"2011","Leeds 018C","E01011559","Total",481,54,130,255,42,250,26,41,147,36,231,28,89,108,6
"2011","Leeds 018D","E01011560","Total",737,65,177,440,55,379,27,56,249,47,358,38,121,191,8
"2011","Leeds 019A","E01011383","Total",711,76,117,410,108,380,31,34,245,70,331,45,83,165,38
"2011","Leeds 019B","E01011388","Total",662,61,129,401,71,330,19,30,233,48,332,42,99,168,23
"2011","Leeds 019C","E01011684","Total",751,76,146,459,70,383,30,43,264,46,368,46,103,195,24
"2011","Leeds 019D","E01011695","Total",597,34,142,369,52,277,8,35,193,41,320,26,107,176,11
"2011","Leeds 020A","E01011650","Total",731,69,125,393,144,371,15,32,215,109,360,54,93,178,35
"2011","Leeds 020B","E01011651","Total",766,54,153,458,101,382,16,39,253,74,384,38,114,205,27
"2011","Leeds 020C","E01011653","Total",764,56,108,493,107,388,21,30,261,76,376,35,78,232,31
"2011","Leeds 020D","E01011655","Total",692,59,118,371,144,380,24,38,219,99,312,35,80,152,45
"2011","Leeds 021A","E01011455","Total",641,121,148,286,86,339,49,41,179,70,302,72,107,107,16
"2011","Leeds 021B","E01011456","Total",808,102,155,449,102,413,34,41,261,77,395,68,114,188,25
"2011","Leeds 021C","E01011459","Total",802,67,113,488,134,429,20,24,295,90,373,47,89,193,44
"2011","Leeds 021D","E01011461","Total",720,98,149,381,92,367,27,36,232,72,353,71,113,149,20
"2011","Leeds 022A","E01011311","Total",612,74,115,272,151,320,15,22,161,122,292,59,93,111,29
"2011","Leeds 022B","E01011649","Total",706,68,134,366,138,372,25,23,228,96,334,43,111,138,42
"2011","Leeds 022C","E01011715","Total",659,62,126,372,99,330,23,29,205,73,329,39,97,167,26
"2011","Leeds 022D","E01011719","Total",650,60,145,368,77,332,20,33,219,60,318,40,112,149,17
"2011","Leeds 023A","E01011509","Total",666,61,132,389,84,334,31,27,222,54,332,30,105,167,30
"2011","Leeds 023B","E01011511","Total",633,54,107,406,66,337,16,31,243,47,296,38,76,163,19
"2011","Leeds 023C","E01011512","Total",805,65,140,486,114,429,24,54,266,85,376,41,86,220,29
"2011","Leeds 023D","E01011515","Total",813,61,129,487,136,440,29,33,279,99,373,32,96,208,37
"2011","Leeds 023E","E01011516","Total",960,86,194,557,123,485,35,51,307,92,475,51,143,250,31
"2011","Leeds 024A","E01011508","Total",740,54,161,435,90,403,20,39,277,67,337,34,122,158,23
"2011","Leeds 024B","E01011517","Total",853,51,150,534,118,421,16,31,295,79,432,35,119,239,39
"2011","Leeds 024C","E01011652","Total",742,51,146,448,97,369,18,39,244,68,373,33,107,204,29
"2011","Leeds 024D","E01011654","Total",725,60,161,391,113,372,16,29,242,85,353,44,132,149,28
"2011","Leeds 025A","E01011505","Total",737,52,152,439,94,383,13,53,250,67,354,39,99,189,27
"2011","Leeds 025B","E01011506","Total",682,51,149,413,69,366,17,50,258,41,316,34,99,155,28
"2011","Leeds 025C","E01011507","Total",833,67,143,529,94,424,25,36,300,63,409,42,107,229,31
"2011","Leeds 025D","E01011510","Total",586,56,121,360,49,314,23,38,215,38,272,33,83,145,11
"2011","Leeds 025E","E01011514","Total",873,56,164,535,118,470,22,40,314,94,403,34,124,221,24
"2011","Leeds 027A","E01011452","Total",821,80,157,452,132,409,21,27,275,86,412,59,130,177,46
"2011","Leeds 027B","E01011454","Total",903,85,135,552,131,448,31,25,305,87,455,54,110,247,44
"2011","Leeds 027C","E01011457","Total",769,74,145,407,143,396,15,36,240,105,373,59,109,167,38
"2011","Leeds 027D","E01011458","Total",684,66,145,363,110,357,14,31,228,84,327,52,114,135,26
"2011","Leeds 027E","E01011465","Total",800,34,127,528,111,394,11,26,291,66,406,23,101,237,45
"2011","Leeds 028A","E01011453","Total",798,58,154,476,110,398,22,37,272,67,400,36,117,204,43
"2011","Leeds 028B","E01011460","Total",798,76,115,512,95,392,25,23,284,60,406,51,92,228,35
"2011","Leeds 028C","E01011462","Total",807,57,151,517,82,420,24,46,293,57,387,33,105,224,25
"2011","Leeds 028D","E01011463","Total",772,53,150,486,83,370,15,35,267,53,402,38,115,219,30
"2011","Leeds 028E","E01011464","Total",1094,70,123,752,149,532,21,21,400,90,562,49,102,352,59
"2011","Leeds 029A","E01011714","Total",741,48,154,469,70,377,17,36,275,49,364,31,118,194,21
"2011","Leeds 029B","E01011716","Total",724,78,131,423,92,372,25,31,246,70,352,53,100,177,22
"2011","Leeds 029C","E01011717","Total",715,64,165,426,60,359,18,33,260,48,356,46,132,166,12
"2011","Leeds 029D","E01011718","Total",663,47,140,427,49,330,14,22,253,41,333,33,118,174,8
"2011","Leeds 029E","E01011720","Total",644,51,126,415,52,348,10,23,268,47,296,41,103,147,5
"2011","Leeds 030A","E01011296","Total",760,78,160,427,95,381,27,31,246,77,379,51,129,181,18
"2011","Leeds 030B","E01011297","Total",829,71,154,450,154,434,13,32,271,118,395,58,122,179,36
"2011","Leeds 030C","E01011309","Total",739,75,127,391,146,378,26,26,224,102,361,49,101,167,44
"2011","Leeds 030D","E01011310","Total",792,62,145,411,174,411,15,40,224,132,381,47,105,187,42
"2011","Leeds 031A","E01011513","Total",1283,71,234,791,187,620,20,41,422,137,663,51,193,369,50
"2011","Leeds 031B","E01011688","Total",806,58,141,501,106,410,20,29,283,78,396,38,112,218,28
"2011","Leeds 031C","E01011689","Total",770,58,153,471,88,385,19,46,267,53,385,39,107,204,35
"2011","Leeds 031D","E01011691","Total",660,59,156,380,65,298,27,46,188,37,362,32,110,192,28
"2011","Leeds 032A","E01011504","Total",599,59,127,355,58,274,12,43,179,40,325,47,84,176,18
"2011","Leeds 032B","E01011641","Total",796,73,135,444,144,400,19,30,252,99,396,54,105,192,45
"2011","Leeds 032C","E01011642","Total",643,58,115,397,73,335,27,38,223,47,308,31,77,174,26
"2011","Leeds 032D","E01011645","Total",749,70,138,422,119,380,25,34,245,76,369,45,104,177,43
"2011","Leeds 033A","E01011484","Total",591,53,153,332,53,290,21,43,191,35,301,32,110,141,18
"2011","Leeds 033B","E01011485","Total",689,54,142,419,74,364,27,42,245,50,325,27,100,174,24
"2011","Leeds 033E","E01011686","Total",635,51,151,381,52,338,14,40,240,44,297,37,111,141,8
"2011","Leeds 033F","E01032493","Total",763,45,133,521,64,387,16,33,298,40,376,29,100,223,24
"2011","Leeds 033G","E01032494","Total",777,57,196,452,72,384,16,59,262,47,393,41,137,190,25
"2011","Leeds 034A","E01011350","Total",909,51,160,563,135,450,13,47,303,87,459,38,113,260,48
"2011","Leeds 034B","E01011351","Total",1117,63,134,722,198,554,22,41,380,111,563,41,93,342,87
"2011","Leeds 034C","E01011352","Total",1183,56,122,828,177,579,17,41,420,101,604,39,81,408,76
"2011","Leeds 034D","E01011353","Total",1161,62,177,766,156,564,27,48,396,93,597,35,129,370,63
"2011","Leeds 035A","E01011656","Total",643,59,148,392,44,307,24,27,219,37,336,35,121,173,7
"2011","Leeds 035B","E01011657","Total",552,41,118,366,27,272,8,22,218,24,280,33,96,148,3
"2011","Leeds 035C","E01011659","Total",533,45,130,317,41,273,14,26,197,36,260,31,104,120,5
"2011","Leeds 035D","E01011661","Total",563,33,129,350,51,283,9,26,204,44,280,24,103,146,7
"2011","Leeds 037A","E01011643","Total",624,55,109,363,97,315,17,36,196,66,309,38,73,167,31
"2011","Leeds 037B","E01011644","Total",556,55,123,306,72,288,19,33,187,49,268,36,90,119,23
"2011","Leeds 037C","E01011646","Total",824,70,173,494,87,429,28,49,292,60,395,42,124,202,27
"2011","Leeds 037D","E01011647","Total",670,76,168,391,35,400,33,89,250,28,270,43,79,141,7
"2011","Leeds 037E","E01011648","Total",716,73,183,395,65,408,30,78,249,51,308,43,105,146,14
"2011","Leeds 038A","E01011354","Total",554,44,161,314,35,278,21,42,187,28,276,23,119,127,7
"2011","Leeds 038B","E01011355","Total",596,35,147,370,44,271,9,36,192,34,325,26,111,178,10
"2011","Leeds 038C","E01011357","Total",694,83,193,378,40,346,36,76,208,26,348,47,117,170,14
"2011","Leeds 038D","E01011450","Total",584,39,130,363,52,297,15,38,207,37,287,24,92,156,15
"2011","Leeds 039A","E01011588","Total",923,67,148,595,113,474,18,23,348,85,449,49,125,247,28
"2011","Leeds 039B","E01011589","Total",870,62,134,535,139,434,21,30,287,96,436,41,104,248,43
"2011","Leeds 039C","E01011590","Total",783,75,160,451,97,400,23,39,265,73,383,52,121,186,24
"2011","Leeds 039D","E01011592","Total",812,51,137,539,85,408,17,25,309,57,404,34,112,230,28
"2011","Leeds 039E","E01011593","Total",1023,57,208,614,144,524,20,47,346,111,499,37,161,268,33
"2011","Leeds 040A","E01011421","Total",623,47,162,364,50,327,20,48,221,38,296,27,114,143,12
"2011","Leeds 040B","E01011425","Total",830,80,167,498,85,422,30,43,287,62,408,50,124,211,23
"2011","Leeds 040C","E01011658","Total",430,41,109,255,25,198,18,24,139,17,232,23,85,116,8
"2011","Leeds 040D","E01011660","Total",517,48,127,300,42,256,21,28,176,31,261,27,99,124,11
"2011","Leeds 040E","E01011662","Total",402,28,111,228,35,206,13,27,140,26,196,15,84,88,9
"2011","Leeds 041A","E01011721","Total",607,51,146,381,29,272,14,21,212,25,335,37,125,169,4
"2011","Leeds 041B","E01011722","Total",886,65,181,564,76,448,17,38,330,63,438,48,143,234,13
"2011","Leeds 041C","E01011723","Total",526,39,156,302,29,251,12,31,185,23,275,27,125,117,6
"2011","Leeds 041D","E01011724","Total",814,59,171,536,48,423,17,33,330,43,391,42,138,206,5
"2011","Leeds 042A","E01011356","Total",1090,67,169,734,120,567,27,62,407,71,523,40,107,327,49
"2011","Leeds 042B","E01011358","Total",593,48,139,348,58,294,18,45,188,43,299,30,94,160,15
"2011","Leeds 042C","E01011359","Total",848,79,182,485,102,435,35,67,270,63,413,44,115,215,39
"2011","Leeds 042D","E01011360","Total",663,81,211,341,30,353,37,93,199,24,310,44,118,142,6
"2011","Leeds 042E","E01011361","Total",806,114,231,431,30,388,49,100,222,17,418,65,131,209,13
"2011","Leeds 044A","E01011435","Total",870,378,173,273,46,426,143,82,164,37,444,235,91,109,9
"2011","Leeds 044D","E01011440","Total",803,255,156,325,67,357,62,61,194,40,446,193,95,131,27
"2011","Leeds 044E","E01011441","Total",872,273,187,363,49,462,107,87,232,36,410,166,100,131,13
"2011","Leeds 044F","E01032945","Total",1496,633,341,439,83,753,238,168,289,58,743,395,173,150,25
"2011","Leeds 045A","E01011477","Total",889,114,165,549,61,467,54,67,301,45,422,60,98,248,16
"2011","Leeds 045B","E01011480","Total",803,88,169,467,79,415,33,51,275,56,388,55,118,192,23
"2011","Leeds 045C","E01011488","Total",899,64,159,584,92,464,25,42,336,61,435,39,117,248,31
"2011","Leeds 045D","E01011489","Total",879,73,158,552,96,451,32,49,306,64,428,41,109,246,32
"2011","Leeds 046A","E01011324","Total",720,290,172,228,30,355,128,64,138,25,365,162,108,90,5
"2011","Leeds 046B","E01011325","Total",748,48,134,478,88,387,19,30,274,64,361,29,104,204,24
"2011","Leeds 046C","E01011326","Total",588,33,129,372,54,298,13,29,213,43,290,20,100,159,11
"2011","Leeds 046D","E01011332","Total",543,42,127,335,39,269,13,31,193,32,274,29,96,142,7
"2011","Leeds 047A","E01011423","Total",617,52,160,357,48,308,15,43,213,37,309,37,117,144,11
"2011","Leeds 047B","E01011424","Total",564,79,147,282,56,299,33,55,166,45,265,46,92,116,11
"2011","Leeds 047C","E01011427","Total",514,49,169,263,33,284,18,78,160,28,230,31,91,103,5
"2011","Leeds 047D","E01011431","Total",628,59,188,340,41,324,31,54,210,29,304,28,134,130,12
"2011","Leeds 048A","E01011422","Total",538,59,159,289,31,333,36,93,183,21,205,23,66,106,10
"2011","Leeds 048B","E01011426","Total",475,53,178,214,30,294,23,117,135,19,181,30,61,79,11
"2011","Leeds 048C","E01011428","Total",647,61,208,342,36,418,31,124,233,30,229,30,84,109,6
"2011","Leeds 048D","E01011429","Total",570,75,174,290,31,353,48,98,182,25,217,27,76,108,6
"2011","Leeds 050A","E01011663","Total",419,33,114,234,38,195,6,28,133,28,224,27,86,101,10
"2011","Leeds 050B","E01011664","Total",435,35,101,273,26,211,12,16,161,22,224,23,85,112,4
"2011","Leeds 050C","E01011665","Total",619,57,130,381,51,319,21,30,230,38,300,36,100,151,13
"2011","Leeds 050D","E01011667","Total",375,31,124,196,24,175,5,25,126,19,200,26,99,70,5
"2011","Leeds 051A","E01011323","Total",595,39,120,381,55,291,11,22,218,40,304,28,98,163,15
"2011","Leeds 051B","E01011329","Total",872,62,147,572,91,423,18,28,304,73,449,44,119,268,18
"2011","Leeds 051C","E01011330","Total",630,42,134,379,75,324,15,27,223,59,306,27,107,156,16
"2011","Leeds 051D","E01011333","Total",643,50,135,401,57,331,18,20,250,43,312,32,115,151,14
"2011","Leeds 052A","E01011327","Total",693,48,130,431,84,351,18,23,249,61,342,30,107,182,23
"2011","Leeds 052B","E01011328","Total",693,43,157,428,65,354,18,38,245,53,339,25,119,183,12
"2011","Leeds 052C","E01011335","Total",932,44,166,631,91,472,17,46,345,64,460,27,120,286,27
"2011","Leeds 052D","E01011591","Total",1053,47,140,726,140,524,21,27,393,83,529,26,113,333,57
"2011","Leeds 053A","E01011430","Total",453,44,147,232,30,298,31,86,160,21,155,13,61,72,9
"2011","Leeds 053B","E01011432","Total",518,55,140,287,36,295,27,66,173,29,223,28,74,114,7
"2011","Leeds 053C","E01011433","Total",559,54,134,312,59,312,22,58,186,46,247,32,76,126,13
"2011","Leeds 053D","E01011434","Total",510,33,147,312,18,302,21,72,195,14,208,12,75,117,4
"2011","Leeds 054A","E01011445","Total",554,248,139,152,15,249,79,74,88,8,305,169,65,64,7
"2011","Leeds 054B","E01011446","Total",575,217,113,227,18,327,80,72,162,13,248,137,41,65,5
"2011","Leeds 054C","E01011447","Total",519,205,137,162,15,255,87,54,99,15,264,118,83,63,0
"2011","Leeds 054D","E01011448","Total",474,170,121,160,23,232,56,58,102,16,242,114,63,58,7
"2011","Leeds 054E","E01011449","Total",592,146,132,277,37,330,70,76,156,28,262,76,56,121,9
"2011","Leeds 055A","E01011670","Total",853,259,198,347,49,420,112,77,196,35,433,147,121,151,14
"2011","Leeds 055B","E01011671","Total",545,91,153,279,22,254,39,43,159,13,291,52,110,120,9
"2011","Leeds 055F","E01033002","Total",540,47,77,362,54,326,25,32,229,40,214,22,45,133,14
"2011","Leeds 055G","E01033003","Total",901,105,144,589,63,583,57,73,406,47,318,48,71,183,16
"2011","Leeds 055H","E01033005","Total",917,331,224,322,40,460,124,104,204,28,457,207,120,118,12
"2011","Leeds 056A","E01011478","Total",902,123,150,557,72,505,58,74,318,55,397,65,76,239,17
"2011","Leeds 056B","E01011479","Total",769,191,151,365,62,417,84,71,218,44,352,107,80,147,18
"2011","Leeds 056C","E01011481","Total",680,131,166,341,42,405,60,97,216,32,275,71,69,125,10
"2011","Leeds 056D","E01011482","Total",1085,97,163,724,101,610,40,76,425,69,475,57,87,299,32
"2011","Leeds 056E","E01011483","Total",612,116,159,304,33,343,55,79,189,20,269,61,80,115,13
"2011","Leeds 057A","E01011406","Total",722,62,140,436,84,363,15,22,266,60,359,47,118,170,24
"2011","Leeds 057B","E01011407","Total",719,50,144,462,63,369,15,31,276,47,350,35,113,186,16
"2011","Leeds 057C","E01011408","Total",619,58,122,374,65,314,24,19,217,54,305,34,103,157,11
"2011","Leeds 057D","E01011409","Total",758,74,130,466,88,401,25,30,280,66,357,49,100,186,22
"2011","Leeds 057E","E01011410","Total",660,46,125,413,76,332,15,25,235,57,328,31,100,178,19
"2011","Leeds 057F","E01011412","Total",645,63,120,394,68,340,25,23,237,55,305,38,97,157,13
"2011","Leeds 058A","E01011331","Total",673,46,109,449,69,347,16,25,261,45,326,30,84,188,24
"2011","Leeds 058B","E01011334","Total",712,48,111,481,72,363,19,17,278,49,349,29,94,203,23
"2011","Leeds 058C","E01011336","Total",610,40,125,388,57,295,9,29,219,38,315,31,96,169,19
"2011","Leeds 058D","E01011337","Total",457,38,127,251,41,222,8,35,144,35,235,30,92,107,6
"2011","Leeds 059A","E01011281","Total",934,40,165,612,117,497,13,46,360,78,437,27,119,252,39
"2011","Leeds 059B","E01011282","Total",654,41,124,443,46,325,13,32,245,35,329,28,92,198,11
"2011","Leeds 059C","E01011283","Total",505,53,115,297,40,261,15,31,182,33,244,38,84,115,7
"2011","Leeds 059D","E01011286","Total",692,44,118,469,61,342,14,23,261,44,350,30,95,208,17
"2011","Leeds 059E","E01011295","Total",759,60,168,472,59,355,17,28,270,40,404,43,140,202,19
"2011","Leeds 060A","E01011339","Total",677,56,158,412,51,343,14,43,254,32,334,42,115,158,19
"2011","Leeds 060B","E01011340","Total",603,51,143,371,38,306,21,37,219,29,297,30,106,152,9
"2011","Leeds 060C","E01011342","Total",473,44,131,266,32,230,17,32,155,26,243,27,99,111,6
"2011","Leeds 060D","E01011346","Total",618,48,167,353,50,321,13,46,218,44,297,35,121,135,6
"2011","Leeds 061A","E01011341","Total",705,45,168,450,42,350,10,31,271,38,355,35,137,179,4
"2011","Leeds 061B","E01011343","Total",880,58,150,597,75,451,18,40,335,58,429,40,110,262,17
"2011","Leeds 061C","E01011345","Total",580,39,142,359,40,266,15,30,187,34,314,24,112,172,6
"2011","Leeds 061D","E01011666","Total",758,55,155,469,79,380,14,26,280,60,378,41,129,189,19
"2011","Leeds 062A","E01011585","Total",722,52,132,473,65,366,20,25,269,52,356,32,107,204,13
"2011","Leeds 062B","E01011587","Total",1010,60,158,675,117,525,20,38,383,84,485,40,120,292,33
"2011","Leeds 062C","E01011594","Total",680,59,163,402,56,324,13,26,238,47,356,46,137,164,9
"2011","Leeds 062D","E01011596","Total",1002,66,177,632,127,504,28,30,350,96,498,38,147,282,31
"2011","Leeds 062E","E01011598","Total",935,51,134,665,85,464,15,25,369,55,471,36,109,296,30
"2011","Leeds 063B","E01011678","Total",1223,571,265,327,60,563,201,113,203,46,660,370,152,124,14
"2011","Leeds 063D","E01011681","Total",668,172,148,306,42,365,73,73,186,33,303,99,75,120,9
"2011","Leeds 063E","E01033006","Total",959,302,171,428,58,528,153,90,243,42,431,149,81,185,16
"2011","Leeds 064A","E01011338","Total",546,70,144,304,28,314,30,56,204,24,232,40,88,100,4
"2011","Leeds 064B","E01011673","Total",636,65,154,357,60,367,33,69,224,41,269,32,85,133,19
"2011","Leeds 064D","E01011677","Total",594,66,139,354,35,322,37,50,213,22,272,29,89,141,13
"2011","Leeds 064E","E01033031","Total",722,71,115,487,49,442,37,67,301,37,280,34,48,186,12
"2011","Leeds 064F","E01033035","Total",541,67,124,308,42,388,44,72,240,32,153,23,52,68,10
"2011","Leeds 065A","E01011344","Total",699,54,178,425,42,368,22,60,250,36,331,32,118,175,6
"2011","Leeds 065B","E01011347","Total",618,36,148,405,29,326,13,45,244,24,292,23,103,161,5
"2011","Leeds 065C","E01011348","Total",539,44,164,297,34,265,15,53,174,23,274,29,111,123,11
"2011","Leeds 065D","E01011349","Total",699,67,186,403,43,394,33,60,270,31,305,34,126,133,12
"2011","Leeds 066A","E01011586","Total",687,61,143,430,53,360,23,47,248,42,327,38,96,182,11
"2011","Leeds 066B","E01011595","Total",845,77,155,516,97,457,29,48,303,77,388,48,107,213,20
"2011","Leeds 066C","E01011597","Total",675,60,145,415,55,367,19,52,256,40,308,41,93,159,15
"2011","Leeds 066D","E01011599","Total",787,54,164,497,72,416,15,40,311,50,371,39,124,186,22
"2011","Leeds 067B","E01011287","Total",714,39,143,469,63,369,9,39,266,55,345,30,104,203,8
"2011","Leeds 067G","E01032499","Total",948,75,193,585,95,493,22,53,341,77,455,53,140,244,18
"2011","Leeds 067H","E01032500","Total",595,30,101,394,70,346,13,43,239,51,249,17,58,155,19
"2011","Leeds 067I","E01032606","Total",1021,53,195,691,82,531,11,40,415,65,490,42,155,276,17
"2011","Leeds 067J","E01032607","Total",575,28,88,392,67,325,10,31,233,51,250,18,57,159,16
"2011","Leeds 067K","E01032608","Total",650,54,136,392,68,349,25,48,225,51,301,29,88,167,17
"2011","Leeds 068A","E01011608","Total",661,50,133,431,47,340,17,25,260,38,321,33,108,171,9
"2011","Leeds 068B","E01011609","Total",699,52,155,420,72,366,18,21,263,64,333,34,134,157,8
"2011","Leeds 068C","E01011610","Total",757,57,131,478,91,378,19,32,262,65,379,38,99,216,26
"2011","Leeds 068D","E01011611","Total",564,37,127,347,53,269,13,21,197,38,295,24,106,150,15
"2011","Leeds 068E","E01011614","Total",1035,76,181,668,110,528,24,38,388,78,507,52,143,280,32
"2011","Leeds 069A","E01011413","Total",828,66,160,520,82,417,19,29,305,64,411,47,131,215,18
"2011","Leeds 069B","E01011415","Total",861,58,158,561,84,442,17,41,328,56,419,41,117,233,28
"2011","Leeds 069C","E01011416","Total",765,71,153,455,86,387,24,30,264,69,378,47,123,191,17
"2011","Leeds 069D","E01011417","Total",662,58,123,428,53,352,19,24,265,44,310,39,99,163,9
"2011","Leeds 069E","E01011420","Total",531,58,103,312,58,279,18,21,195,45,252,40,82,117,13
"2011","Leeds 070A","E01011615","Total",770,68,158,486,58,380,17,26,292,45,390,51,132,194,13
"2011","Leeds 070B","E01011617","Total",655,58,156,406,35,316,22,26,237,31,339,36,130,169,4
"2011","Leeds 070C","E01011618","Total",735,54,146,491,44,359,14,25,289,31,376,40,121,202,13
"2011","Leeds 070D","E01011621","Total",565,47,147,324,47,269,13,35,190,31,296,34,112,134,16
"2011","Leeds 071A","E01011284","Total",999,61,158,690,90,546,23,49,408,66,453,38,109,282,24
"2011","Leeds 071B","E01011292","Total",653,43,146,420,44,357,17,35,270,35,296,26,111,150,9
"2011","Leeds 071C","E01011293","Total",734,65,159,470,40,427,30,64,306,27,307,35,95,164,13
"2011","Leeds 071D","E01011294","Total",458,56,117,258,27,291,35,60,174,22,167,21,57,84,5
"2011","Leeds 071E","E01011363","Total",591,35,141,374,41,321,11,42,230,38,270,24,99,144,3
"2011","Leeds 072A","E01011616","Total",537,40,155,296,46,270,9,39,181,41,267,31,116,115,5
"2011","Leeds 072B","E01011620","Total",452,41,139,243,29,206,8,31,146,21,246,33,108,97,8
"2011","Leeds 072C","E01011622","Total",559,47,153,326,33,278,12,45,192,29,281,35,108,134,4
"2011","Leeds 072D","E01011624","Total",584,45,153,347,39,288,11,34,211,32,296,34,119,136,7
"2011","Leeds 073A","E01011411","Total",857,63,172,530,92,431,23,32,307,69,426,40,140,223,23
"2011","Leeds 073B","E01011414","Total",791,67,156,497,71,404,23,28,298,55,387,44,128,199,16
"2011","Leeds 073C","E01011418","Total",855,69,136,561,89,438,25,25,326,62,417,44,111,235,27
"2011","Leeds 073D","E01011419","Total",652,41,132,407,72,347,16,19,253,59,305,25,113,154,13
"2011","Leeds 074A","E01011396","Total",940,81,175,582,102,467,27,40,316,84,473,54,135,266,18
"2011","Leeds 074B","E01011399","Total",720,58,154,438,70,378,17,37,273,51,342,41,117,165,19
"2011","Leeds 074C","E01011400","Total",684,64,150,415,55,334,18,29,250,37,350,46,121,165,18
"2011","Leeds 074D","E01011403","Total",541,57,104,305,75,276,19,15,183,59,265,38,89,122,16
"2011","Leeds 075B","E01011623","Total",599,51,166,335,47,309,15,52,202,40,290,36,114,133,7
"2011","Leeds 075C","E01011625","Total",642,45,129,417,51,357,16,40,256,45,285,29,89,161,6
"2011","Leeds 075D","E01011626","Total",814,49,121,572,72,471,22,37,361,51,343,27,84,211,21
"2011","Leeds 075E","E01033021","Total",550,49,96,349,56,289,17,22,206,44,261,32,74,143,12
"2011","Leeds 075F","E01033033","Total",897,122,72,594,109,499,51,28,347,73,398,71,44,247,36
"2011","Leeds 075G","E01033034","Total",856,31,57,606,162,496,19,19,358,100,360,12,38,248,62
"2011","Leeds 076A","E01011602","Total",750,53,130,462,105,390,14,29,274,73,360,39,101,188,32
"2011","Leeds 076B","E01011603","Total",795,56,138,486,115,390,20,24,268,78,405,36,114,218,37
"2011","Leeds 076C","E01011605","Total",759,61,172,443,83,398,26,33,277,62,361,35,139,166,21
"2011","Leeds 076D","E01011606","Total",760,76,158,448,78,393,28,49,250,66,367,48,109,198,12
"2011","Leeds 076E","E01011613","Total",627,38,131,389,69,317,14,27,227,49,310,24,104,162,20
"2011","Leeds 077A","E01011397","Total",820,72,177,488,83,409,19,25,301,64,411,53,152,187,19
"2011","Leeds 077B","E01011398","Total",731,53,135,462,81,367,9,32,266,60,364,44,103,196,21
"2011","Leeds 077C","E01011401","Total",774,79,162,469,64,409,27,27,297,58,365,52,135,172,6
"2011","Leeds 077D","E01011404","Total",699,62,147,422,68,365,19,31,259,56,334,43,116,163,12
"2011","Leeds 077E","E01011405","Total",607,75,124,343,65,314,21,27,218,48,293,54,97,125,17
"2011","Leeds 078A","E01011725","Total",587,50,134,377,26,300,17,28,234,21,287,33,106,143,5
"2011","Leeds 078B","E01011729","Total",731,41,136,485,69,384,14,46,273,51,347,27,90,212,18
"2011","Leeds 078C","E01011730","Total",714,44,146,464,60,344,7,38,257,42,370,37,108,207,18
"2011","Leeds 078D","E01011735","Total",657,57,148,399,53,320,15,39,226,40,337,42,109,173,13
"2011","Leeds 079A","E01011600","Total",845,64,151,545,85,448,25,37,319,67,397,39,114,226,18
"2011","Leeds 079B","E01011601","Total",735,62,142,436,95,369,24,31,247,67,366,38,111,189,28
"2011","Leeds 079C","E01011604","Total",736,46,128,477,85,365,14,18,275,58,371,32,110,202,27
"2011","Leeds 079D","E01011607","Total",846,62,161,537,86,418,22,25,310,61,428,40,136,227,25
"2011","Leeds 079E","E01011612","Total",526,35,81,364,46,267,11,18,206,32,259,24,63,158,14
"2011","Leeds 080A","E01011726","Total",649,50,151,392,56,334,17,33,242,42,315,33,118,150,14
"2011","Leeds 080B","E01011727","Total",856,68,145,576,67,439,21,32,327,59,417,47,113,249,8
"2011","Leeds 080C","E01011728","Total",678,66,147,397,68,347,21,35,236,55,331,45,112,161,13
"2011","Leeds 080D","E01011739","Total",649,47,174,362,66,327,14,37,227,49,322,33,137,135,17
"2011","Leeds 081A","E01011362","Total",948,59,146,666,77,526,27,48,393,58,422,32,98,273,19
"2011","Leeds 081B","E01011731","Total",746,46,187,444,69,381,11,49,271,50,365,35,138,173,19
"2011","Leeds 081C","E01011732","Total",984,55,175,656,98,527,21,29,388,89,457,34,146,268,9
"2011","Leeds 081D","E01011733","Total",788,55,141,500,92,395,17,31,275,72,393,38,110,225,20
"2011","Leeds 082A","E01011366","Total",630,51,144,378,57,364,18,59,245,42,266,33,85,133,15
"2011","Leeds 082C","E01011368","Total",483,38,113,291,41,295,15,62,186,32,188,23,51,105,9
"2011","Leeds 082D","E01011370","Total",767,56,157,507,47,486,32,67,345,42,281,24,90,162,5
"2011","Leeds 082E","E01033013","Total",641,43,92,423,83,389,18,40,272,59,252,25,52,151,24
"2011","Leeds 082F","E01033032","Total",919,41,57,689,132,554,13,19,433,89,365,28,38,256,43
"2011","Leeds 083A","E01011734","Total",1343,79,193,921,150,679,21,41,503,114,664,58,152,418,36
"2011","Leeds 083B","E01011736","Total",803,55,152,526,70,413,13,37,314,49,390,42,115,212,21
"2011","Leeds 083C","E01011737","Total",736,52,129,481,74,382,11,32,281,58,354,41,97,200,16
"2011","Leeds 083D","E01011738","Total",759,56,157,459,87,372,12,31,260,69,387,44,126,199,18
"2011","Leeds 085A","E01011364","Total",658,50,127,428,53,378,18,50,270,40,280,32,77,158,13
"2011","Leeds 085B","E01011371","Total",441,44,110,255,32,260,18,48,169,25,181,26,62,86,7
"2011","Leeds 085C","E01011373","Total",490,53,128,278,31,268,21,51,176,20,222,32,77,102,11
"2011","Leeds 085D","E01011374","Total",613,45,106,404,58,319,15,28,230,46,294,30,78,174,12
"2011","Leeds 086A","E01011312","Total",545,42,171,294,38,322,16,97,176,33,223,26,74,118,5
"2011","Leeds 086B","E01011316","Total",658,75,149,378,56,403,43,70,253,37,255,32,79,125,19
"2011","Leeds 086C","E01011372","Total",420,40,123,236,21,295,22,84,169,20,125,18,39,67,1
"2011","Leeds 086D","E01011375","Total",590,61,160,322,47,393,25,101,226,41,197,36,59,96,6
"2011","Leeds 087A","E01011390","Total",678,67,126,415,70,354,22,26,249,57,324,45,100,166,13
"2011","Leeds 087B","E01011391","Total",695,62,142,412,79,370,12,32,261,65,325,50,110,151,14
"2011","Leeds 087C","E01011392","Total",682,55,161,388,78,344,14,28,238,64,338,41,133,150,14
"2011","Leeds 087D","E01011402","Total",817,79,173,466,99,422,29,40,277,76,395,50,133,189,23
"2011","Leeds 088A","E01011298","Total",753,53,140,493,67,381,16,24,289,52,372,37,116,204,15
"2011","Leeds 088B","E01011299","Total",1210,79,220,726,185,605,17,32,417,139,605,62,188,309,46
"2011","Leeds 088C","E01011302","Total",689,50,149,400,90,372,20,35,245,72,317,30,114,155,18
"2011","Leeds 088D","E01011303","Total",558,46,119,329,64,265,7,16,193,49,293,39,103,136,15
"2011","Leeds 089A","E01011300","Total",678,56,149,398,75,338,13,25,240,60,340,43,124,158,15
"2011","Leeds 089B","E01011301","Total",738,54,144,460,80,382,20,26,271,65,356,34,118,189,15
"2011","Leeds 089C","E01011304","Total",757,57,168,451,81,379,18,35,259,67,378,39,133,192,14
"2011","Leeds 089D","E01011305","Total",842,60,161,531,90,422,16,33,313,60,420,44,128,218,30
"2011","Leeds 089E","E01011306","Total",719,46,142,452,79,366,14,21,270,61,353,32,121,182,18
"2011","Leeds 090A","E01011315","Total",756,57,137,491,71,407,15,39,298,55,349,42,98,193,16
"2011","Leeds 090B","E01011317","Total",684,57,160,418,49,352,27,44,243,38,332,30,116,175,11
"2011","Leeds 090C","E01011318","Total",561,47,128,354,32,280,15,25,213,27,281,32,103,141,5
"2011","Leeds 090D","E01011321","Total",601,55,153,348,45,302,17,45,204,36,299,38,108,144,9
"2011","Leeds 090E","E01011369","Total",729,42,177,455,55,364,10,43,260,51,365,32,134,195,4
"2011","Leeds 091A","E01011313","Total",771,55,154,497,65,411,22,39,295,55,360,33,115,202,10
"2011","Leeds 091B","E01011314","Total",791,51,129,540,71,422,17,48,300,57,369,34,81,240,14
"2011","Leeds 091C","E01011319","Total",711,57,166,433,55,393,16,60,278,39,318,41,106,155,16
"2011","Leeds 091D","E01011320","Total",798,65,186,496,51,417,15,52,309,41,381,50,134,187,10
"2011","Leeds 091E","E01011322","Total",708,54,156,440,58,354,19,36,253,46,354,35,120,187,12
"2011","Leeds 092A","E01011471","Total",570,32,150,347,41,272,8,23,203,38,298,24,127,144,3
"2011","Leeds 092B","E01011472","Total",560,57,123,333,47,279,17,31,193,38,281,40,92,140,9
"2011","Leeds 092C","E01011473","Total",487,48,113,292,34,237,12,24,171,30,250,36,89,121,4
"2011","Leeds 092D","E01011474","Total",554,59,120,329,46,279,16,39,187,37,275,43,81,142,9
"2011","Leeds 093A","E01011518","Total",1267,72,202,832,161,643,19,41,463,120,624,53,161,369,41
"2011","Leeds 093B","E01011524","Total",687,49,136,431,71,348,14,25,258,51,339,35,111,173,20
"2011","Leeds 093C","E01011526","Total",780,73,141,475,91,391,18,25,281,67,389,55,116,194,24
"2011","Leeds 093D","E01011531","Total",669,47,153,404,65,347,15,41,239,52,322,32,112,165,13
"2011","Leeds 094A","E01011466","Total",634,46,125,412,51,337,11,29,253,44,297,35,96,159,7
"2011","Leeds 094B","E01011469","Total",748,43,132,508,65,398,10,31,302,55,350,33,101,206,10
"2011","Leeds 094C","E01011475","Total",667,64,139,409,55,338,19,27,248,44,329,45,112,161,11
"2011","Leeds 094D","E01011476","Total",484,43,123,283,35,234,12,25,166,31,250,31,98,117,4
"2011","Leeds 095A","E01011519","Total",704,68,123,450,63,363,25,19,269,50,341,43,104,181,13
"2011","Leeds 095B","E01011522","Total",760,71,139,454,96,401,28,33,266,74,359,43,106,188,22
"2011","Leeds 095C","E01011525","Total",877,60,118,606,93,443,22,18,339,64,434,38,100,267,29
"2011","Leeds 095D","E01011528","Total",939,62,174,562,141,498,20,24,349,105,441,42,150,213,36
"2011","Leeds 095E","E01011532","Total",731,51,158,461,61,368,15,35,268,50,363,36,123,193,11
"2011","Leeds 096A","E01011520","Total",758,69,152,454,83,393,21,26,284,62,365,48,126,170,21
"2011","Leeds 096B","E01011521","Total",1081,86,197,652,146,569,25,48,390,106,512,61,149,262,40
"2011","Leeds 096C","E01011523","Total",852,43,161,540,108,437,16,40,299,82,415,27,121,241,26
"2011","Leeds 096D","E01011527","Total",899,77,152,547,123,474,26,36,323,89,425,51,116,224,34
"2011","Leeds 096E","E01011529","Total",668,55,139,388,86,331,15,26,223,67,337,40,113,165,19
"2011","Leeds 097B","E01011635","Total",802,61,135,481,125,418,19,29,275,95,384,42,106,206,30
"2011","Leeds 097C","E01011637","Total",980,60,197,611,112,514,16,38,375,85,466,44,159,236,27
"2011","Leeds 097D","E01011638","Total",752,59,154,451,88,386,20,25,271,70,366,39,129,180,18
"2011","Leeds 097F","E01032487","Total",388,38,79,225,46,196,10,16,138,32,192,28,63,87,14
"2011","Leeds 097G","E01032488","Total",943,67,186,552,138,501,25,35,334,107,442,42,151,218,31
"2011","Leeds 098A","E01011627","Total",629,55,139,367,68,313,19,30,214,50,316,36,109,153,18
"2011","Leeds 098B","E01011628","Total",638,45,129,400,64,327,14,22,242,49,311,31,107,158,15
"2011","Leeds 098C","E01011629","Total",655,63,138,379,75,326,22,23,227,54,329,41,115,152,21
"2011","Leeds 098D","E01011632","Total",537,23,101,361,52,263,5,16,201,41,274,18,85,160,11
"2011","Leeds 098E","E01011633","Total",759,51,154,457,97,393,12,35,273,73,366,39,119,184,24
"2011","Leeds 099A","E01011490","Total",1541,86,227,1050,178,779,28,45,573,133,762,58,182,477,45
"2011","Leeds 099C","E01011502","Total",607,43,115,398,51,306,10,20,237,39,301,33,95,161,12
"2011","Leeds 099E","E01032497","Total",595,44,138,365,48,308,16,37,218,37,287,28,101,147,11
"2011","Leeds 099F","E01032498","Total",704,41,157,436,70,377,10,40,268,59,327,31,117,168,11
"2011","Leeds 100A","E01011496","Total",930,53,159,611,107,468,20,16,353,79,462,33,143,258,28
"2011","Leeds 100B","E01011630","Total",1214,70,197,793,154,615,23,34,437,121,599,47,163,356,33
"2011","Leeds 100C","E01011634","Total",666,44,131,410,81,349,10,27,253,59,317,34,104,157,22
"2011","Leeds 100D","E01011636","Total",761,72,158,441,90,382,19,37,259,67,379,53,121,182,23
"2011","Leeds 100E","E01011639","Total",650,59,149,376,66,323,11,36,225,51,327,48,113,151,15
"2011","Leeds 101A","E01011491","Total",550,32,140,334,44,264,7,26,196,35,286,25,114,138,9
"2011","Leeds 101B","E01011492","Total",424,40,111,240,33,197,12,30,128,27,227,28,81,112,6
"2011","Leeds 101C","E01011493","Total",571,48,140,335,48,287,16,32,200,39,284,32,108,135,9
"2011","Leeds 101D","E01011494","Total",552,35,122,337,58,272,11,27,187,47,280,24,95,150,11
"2011","Leeds 101E","E01011497","Total",589,52,138,345,54,289,10,33,203,43,300,42,105,142,11
"2011","Leeds 102B","E01011540","Total",596,31,149,367,49,307,8,33,226,40,289,23,116,141,9
"2011","Leeds 102F","E01032489","Total",1171,52,186,797,136,602,16,49,435,102,569,36,137,362,34
"2011","Leeds 102G","E01032490","Total",822,41,130,555,96,414,11,11,324,68,408,30,119,231,28
"2011","Leeds 102H","E01032491","Total",746,51,145,477,73,366,10,22,275,59,380,41,123,202,14
"2011","Leeds 102I","E01032492","Total",971,57,192,609,113,507,19,43,355,90,464,38,149,254,23
"2011","Leeds 103A","E01011307","Total",683,60,141,413,69,339,12,29,247,51,344,48,112,166,18
"2011","Leeds 103B","E01011308","Total",690,47,148,410,85,352,11,22,251,68,338,36,126,159,17
"2011","Leeds 103C","E01011393","Total",832,56,169,492,115,431,15,24,302,90,401,41,145,190,25
"2011","Leeds 103D","E01011394","Total",583,54,116,352,61,307,15,20,226,46,276,39,96,126,15
"2011","Leeds 103E","E01011395","Total",654,31,140,404,79,331,9,24,239,59,323,22,116,165,20
"2011","Leeds 104A","E01011533","Total",709,34,128,474,73,378,12,35,277,54,331,22,93,197,19
"2011","Leeds 104B","E01011541","Total",863,44,131,604,84,465,10,28,365,62,398,34,103,239,22
"2011","Leeds 104C","E01011545","Total",776,50,151,505,70,402,17,24,307,54,374,33,127,198,16
"2011","Leeds 104D","E01011547","Total",919,66,177,593,83,465,25,42,335,63,454,41,135,258,20
"2011","Leeds 105C","E01011499","Total",1453,91,227,951,184,754,24,48,548,134,699,67,179,403,50
"2011","Leeds 105D","E01011500","Total",794,62,164,479,89,410,16,36,282,76,384,46,128,197,13
"2011","Leeds 105E","E01032495","Total",1305,65,218,860,162,661,23,48,466,124,644,42,170,394,38
"2011","Leeds 105F","E01032496","Total",1183,77,188,784,134,588,19,24,449,96,595,58,164,335,38
"2011","Leeds 106A","E01011530","Total",805,66,141,505,93,428,19,35,299,75,377,47,106,206,18
"2011","Leeds 106B","E01011534","Total",771,53,145,483,90,404,15,29,295,65,367,38,116,188,25
"2011","Leeds 106C","E01011546","Total",880,65,162,563,90,450,13,33,331,73,430,52,129,232,17
"2011","Leeds 106D","E01011548","Total",715,61,138,421,95,370,15,24,260,71,345,46,114,161,24
"2011","Leeds 106E","E01011550","Total",773,63,121,490,99,403,14,26,284,79,370,49,95,206,20
"2011","Leeds 107A","E01011537","Total",974,70,176,606,122,508,23,33,351,101,466,47,143,255,21
"2011","Leeds 107B","E01011538","Total",693,64,144,398,87,361,15,33,245,68,332,49,111,153,19
"2011","Leeds 107C","E01011551","Total",914,64,169,568,113,457,17,27,330,83,457,47,142,238,30
"2011","Leeds 107D","E01011552","Total",609,46,140,353,70,306,16,28,210,52,303,30,112,143,18
"2011","Leeds 108A","E01011535","Total",864,94,179,469,122,444,33,30,279,102,420,61,149,190,20
"2011","Leeds 108B","E01011536","Total",802,65,166,462,109,404,15,31,270,88,398,50,135,192,21
"2011","Leeds 108C","E01011549","Total",958,96,176,569,117,490,29,35,329,97,468,67,141,240,20
"2011","Leeds 108D","E01011553","Total",800,63,184,461,92,388,15,42,262,69,412,48,142,199,23
"2011","Leeds 109A","E01011685","Total",1171,170,180,659,162,628,64,63,389,112,543,106,117,270,50
"2011","Leeds 109B","E01011687","Total",777,87,138,445,107,421,31,48,261,81,356,56,90,184,26
"2011","Leeds 109C","E01011690","Total",723,99,120,388,116,374,38,46,218,72,349,61,74,170,44
"2011","Leeds 109D","E01011692","Total",832,81,124,507,120,450,39,44,299,68,382,42,80,208,52
"2011","Leeds 109E","E01011693","Total",998,83,139,658,118,520,33,54,365,68,478,50,85,293,50
"2011","Leeds 109F","E01011694","Total",948,183,160,481,124,502,69,58,288,87,446,114,102,193,37
"2011","Leeds 109G","E01032876","Total",837,215,158,335,129,406,74,42,188,102,431,141,116,147,27
"2011","Leeds 110A","E01011442","Total",703,207,126,321,49,356,97,53,174,32,347,110,73,147,17
"2011","Leeds 110B","E01011443","Total",492,135,97,224,36,244,45,41,132,26,248,90,56,92,10
"2011","Leeds 110C","E01011444","Total",578,259,116,186,17,285,104,57,114,10,293,155,59,72,7
"2011","Leeds 110D","E01011451","Total",710,198,110,334,68,340,68,54,172,46,370,130,56,162,22
"2011","Leeds 110E","E01011668","Total",613,199,129,246,39,318,75,59,155,29,295,124,70,91,10
"2011","Leeds 110F","E01011669","Total",672,179,140,306,47,356,89,59,173,35,316,90,81,133,12
"2011","Leeds 110G","E01032946","Total",924,258,156,418,92,474,109,72,231,62,450,149,84,187,30
"2011","Leeds 111A","E01033008","Total",809,35,43,584,147,466,16,19,332,99,343,19,24,252,48
"2011","Leeds 111B","E01033010","Total",958,263,100,470,125,509,112,44,263,90,449,151,56,207,35
"2011","Leeds 111C","E01033011","Total",983,74,82,680,147,574,41,44,396,93,409,33,38,284,54
"2011","Leeds 111D","E01033015","Total",960,44,62,683,171,572,16,28,414,114,388,28,34,269,57
"2011","Leeds 111E","E01033016","Total",858,36,59,587,176,510,18,27,350,115,348,18,32,237,61
"2011","Leeds 112A","E01011467","Total",657,37,99,467,54,354,8,20,279,47,303,29,79,188,7
"2011","Leeds 112B","E01011468","Total",542,57,116,319,50,272,10,20,199,43,270,47,96,120,7
"2011","Leeds 112C","E01011470","Total",624,43,129,387,65,333,15,23,244,51,291,28,106,143,14
"2011","Leeds 112D","E01033018","Total",932,30,56,724,122,556,15,26,441,74,376,15,30,283,48
"2011","Leeds 112E","E01033019","Total",1082,94,73,718,197,618,43,39,411,125,464,51,34,307,72
"2011","Wakefield 001A","E01011740","Total",570,43,144,343,40,290,14,27,213,36,280,29,117,130,4
"2011","Wakefield 001B","E01011741","Total",689,72,153,408,56,361,25,28,263,45,328,47,125,145,11
"2011","Wakefield 001C","E01011742","Total",632,55,140,396,41,342,15,25,266,36,290,40,115,130,5
"2011","Wakefield 001D","E01011745","Total",566,43,136,343,44,301,10,32,222,37,265,33,104,121,7
"2011","Wakefield 001E","E01011746","Total",462,26,99,292,45,244,6,24,175,39,218,20,75,117,6
"2011","Wakefield 002A","E01011752","Total",811,59,172,502,78,431,11,32,321,67,380,48,140,181,11
"2011","Wakefield 002B","E01011753","Total",683,58,154,399,72,356,14,37,248,57,327,44,117,151,15
"2011","Wakefield 002C","E01011756","Total",546,58,125,313,50,288,19,30,198,41,258,39,95,115,9
"2011","Wakefield 002D","E01011760","Total",905,49,184,586,86,494,16,45,364,69,411,33,139,222,17
"2011","Wakefield 002E","E01011762","Total",833,51,169,544,69,433,14,32,342,45,400,37,137,202,24
"2011","Wakefield 003A","E01011743","Total",769,60,160,459,90,398,14,21,285,78,371,46,139,174,12
"2011","Wakefield 003B","E01011744","Total",836,59,171,515,91,434,12,30,317,75,402,47,141,198,16
"2011","Wakefield 003C","E01011747","Total",633,56,131,388,58,312,12,25,231,44,321,44,106,157,14
"2011","Wakefield 003D","E01011750","Total",468,31,115,267,55,237,7,25,160,45,231,24,90,107,10
"2011","Wakefield 003E","E01011754","Total",586,42,123,366,55,298,15,25,216,42,288,27,98,150,13
"2011","Wakefield 004A","E01011757","Total",894,60,200,542,92,446,17,28,321,80,448,43,172,221,12
"2011","Wakefield 004B","E01011759","Total",846,66,178,512,90,423,17,30,303,73,423,49,148,209,17
"2011","Wakefield 004C","E01011761","Total",916,75,172,574,95,497,24,36,368,69,419,51,136,206,26
"2011","Wakefield 004D","E01011763","Total",623,40,136,396,51,324,12,28,238,46,299,28,108,158,5
"2011","Wakefield 004E","E01011764","Total",646,49,131,399,67,354,15,27,259,53,292,34,104,140,14
"2011","Wakefield 005A","E01011748","Total",806,59,173,491,83,427,19,40,297,71,379,40,133,194,12
"2011","Wakefield 005B","E01011749","Total",1211,86,216,781,128,649,31,46,472,100,562,55,170,309,28
"2011","Wakefield 005C","E01011751","Total",747,70,164,435,78,392,16,26,282,68,355,54,138,153,10
"2011","Wakefield 005D","E01011755","Total",936,89,169,574,104,480,23,32,345,80,456,66,137,229,24
"2011","Wakefield 006A","E01011873","Total",963,67,167,628,101,491,24,24,362,81,472,43,143,266,20
"2011","Wakefield 006B","E01011877","Total",766,73,139,457,97,397,27,24,267,79,369,46,115,190,18
"2011","Wakefield 006C","E01011894","Total",779,56,167,464,92,388,14,22,272,80,391,42,145,192,12
"2011","Wakefield 006D","E01011895","Total",812,56,197,471,88,416,14,40,290,72,396,42,157,181,16
"2011","Wakefield 007A","E01011875","Total",677,44,146,396,91,330,13,26,214,77,347,31,120,182,14
"2011","Wakefield 007B","E01011876","Total",652,43,124,405,80,336,14,18,242,62,316,29,106,163,18
"2011","Wakefield 007C","E01011878","Total",876,73,145,559,99,447,20,25,324,78,429,53,120,235,21
"2011","Wakefield 007D","E01011880","Total",852,57,139,545,111,443,14,27,313,89,409,43,112,232,22
"2011","Wakefield 008A","E01011881","Total",725,57,141,440,87,371,12,22,271,66,354,45,119,169,21
"2011","Wakefield 008B","E01011887","Total",630,56,108,389,77,317,15,25,220,57,313,41,83,169,20
"2011","Wakefield 008C","E01011893","Total",751,61,138,444,108,390,16,30,257,87,361,45,108,187,21
"2011","Wakefield 008D","E01011896","Total",640,46,152,383,59,320,14,26,231,49,320,32,126,152,10
"2011","Wakefield 008E","E01011897","Total",589,45,145,353,46,302,14,36,216,36,287,31,109,137,10
"2011","Wakefield 009A","E01011874","Total",831,65,150,526,90,446,25,30,322,69,385,40,120,204,21
"2011","Wakefield 009B","E01011879","Total",800,59,152,485,104,430,8,24,311,87,370,51,128,174,17
"2011","Wakefield 009C","E01011882","Total",701,62,142,416,81,362,16,28,253,65,339,46,114,163,16
"2011","Wakefield 009D","E01011883","Total",684,62,143,396,83,361,28,35,232,66,323,34,108,164,17
"2011","Wakefield 010A","E01011805","Total",631,44,113,400,74,344,11,25,248,60,287,33,88,152,14
"2011","Wakefield 010B","E01011807","Total",685,52,139,411,83,359,10,27,254,68,326,42,112,157,15
"2011","Wakefield 010C","E01011808","Total",800,49,157,509,85,438,14,22,328,74,362,35,135,181,11
"2011","Wakefield 010D","E01011810","Total",762,54,160,450,98,411,10,21,298,82,351,44,139,152,16
"2011","Wakefield 011A","E01011803","Total",576,43,124,349,60,299,15,19,213,52,277,28,105,136,8
"2011","Wakefield 011B","E01011804","Total",736,53,164,447,72,376,9,28,271,68,360,44,136,176,4
"2011","Wakefield 011C","E01011806","Total",769,68,150,460,91,408,15,25,287,81,361,53,125,173,10
"2011","Wakefield 011D","E01011809","Total",623,47,113,398,65,331,15,20,241,55,292,32,93,157,10
"2011","Wakefield 011E","E01011811","Total",581,37,118,365,61,306,13,17,224,52,275,24,101,141,9
"2011","Wakefield 012A","E01011835","Total",765,48,167,466,84,409,18,37,279,75,356,30,130,187,9
"2011","Wakefield 012B","E01011836","Total",796,56,152,495,93,415,18,30,292,75,381,38,122,203,18
"2011","Wakefield 012C","E01011839","Total",712,44,149,447,72,382,12,20,288,62,330,32,129,159,10
"2011","Wakefield 012D","E01011843","Total",726,51,162,435,78,383,14,35,269,65,343,37,127,166,13
"2011","Wakefield 012E","E01011844","Total",1094,73,189,695,137,563,21,24,414,104,531,52,165,281,33
"2011","Wakefield 013A","E01011758","Total",659,51,116,433,59,348,16,20,270,42,311,35,96,163,17
"2011","Wakefield 013B","E01011812","Total",1471,95,251,968,157,768,25,45,575,123,703,70,206,393,34
"2011","Wakefield 013C","E01011820","Total",805,58,143,532,72,414,15,26,313,60,391,43,117,219,12
"2011","Wakefield 013D","E01011821","Total",600,47,115,374,64,305,5,20,229,51,295,42,95,145,13
"2011","Wakefield 014A","E01011885","Total",699,68,142,396,93,341,23,29,221,68,358,45,113,175,25
"2011","Wakefield 014B","E01011886","Total",763,71,151,449,92,400,18,40,270,72,363,53,111,179,20
"2011","Wakefield 014C","E01011888","Total",751,68,145,449,89,400,25,34,263,78,351,43,111,186,11
"2011","Wakefield 014D","E01011890","Total",662,52,140,376,94,331,13,23,220,75,331,39,117,156,19
"2011","Wakefield 014E","E01011891","Total",690,63,147,413,67,339,21,31,237,50,351,42,116,176,17
"2011","Wakefield 015A","E01011834","Total",747,53,152,459,83,378,16,20,272,70,369,37,132,187,13
"2011","Wakefield 015B","E01011837","Total",648,53,111,410,74,343,14,34,244,51,305,39,77,166,23
"2011","Wakefield 015C","E01011838","Total",952,66,137,642,107,527,23,41,388,75,425,43,96,254,32
"2011","Wakefield 015D","E01011841","Total",719,48,154,424,93,379,14,27,265,73,340,34,127,159,20
"2011","Wakefield 015E","E01011842","Total",491,47,125,268,51,252,14,32,164,42,239,33,93,104,9
"2011","Wakefield 016A","E01011813","Total",647,46,151,392,58,319,10,25,240,44,328,36,126,152,14
"2011","Wakefield 016B","E01011814","Total",796,60,156,495,85,434,10,40,316,68,362,50,116,179,17
"2011","Wakefield 016C","E01011815","Total",669,60,124,416,69,348,19,36,238,55,321,41,88,178,14
"2011","Wakefield 016D","E01011816","Total",537,47,116,338,36,277,12,20,216,29,260,35,96,122,7
"2011","Wakefield 016E","E01011819","Total",910,74,154,618,64,483,25,25,377,56,427,49,129,241,8
"2011","Wakefield 016F","E01011822","Total",684,55,129,440,60,343,19,15,262,47,341,36,114,178,13
"2011","Wakefield 017A","E01011884","Total",1317,80,210,868,159,711,29,52,508,122,606,51,158,360,37
"2011","Wakefield 017B","E01011912","Total",667,45,124,442,56,396,15,75,270,36,271,30,49,172,20
"2011","Wakefield 017C","E01011913","Total",652,60,140,395,57,387,22,68,255,42,265,38,72,140,15
"2011","Wakefield 017D","E01011916","Total",1026,57,168,708,93,640,32,107,421,80,386,25,61,287,13
"2011","Wakefield 018A","E01011840","Total",678,55,161,405,57,356,19,30,258,49,322,36,131,147,8
"2011","Wakefield 018B","E01011850","Total",579,46,131,354,48,286,7,28,210,41,293,39,103,144,7
"2011","Wakefield 018C","E01011852","Total",606,51,152,336,67,312,14,28,214,56,294,37,124,122,11
"2011","Wakefield 018D","E01011853","Total",608,64,148,358,38,302,20,30,220,32,306,44,118,138,6
"2011","Wakefield 019A","E01011920","Total",1055,106,275,569,105,692,80,182,344,86,363,26,93,225,19
"2011","Wakefield 019B","E01011923","Total",896,62,167,554,113,498,19,51,342,86,398,43,116,212,27
"2011","Wakefield 019C","E01011924","Total",780,48,167,505,60,417,18,46,300,53,363,30,121,205,7
"2011","Wakefield 019D","E01011925","Total",651,49,156,403,43,340,19,38,249,34,311,30,118,154,9
"2011","Wakefield 020A","E01011909","Total",611,58,126,377,50,330,22,42,229,37,281,36,84,148,13
"2011","Wakefield 020B","E01011910","Total",523,43,119,306,55,286,18,33,187,48,237,25,86,119,7
"2011","Wakefield 020C","E01011911","Total",564,45,120,358,41,288,11,28,213,36,276,34,92,145,5
"2011","Wakefield 020D","E01011914","Total",629,64,146,369,50,330,14,47,231,38,299,50,99,138,12
"2011","Wakefield 020E","E01011915","Total",748,59,155,475,59,402,20,67,270,45,346,39,88,205,14
"2011","Wakefield 021A","E01011823","Total",743,53,128,453,109,385,17,27,255,86,358,36,101,198,23
"2011","Wakefield 021B","E01011824","Total",668,61,147,395,65,345,15,24,257,49,323,46,123,138,16
"2011","Wakefield 021C","E01011825","Total",1011,68,195,615,133,522,15,29,367,111,489,53,166,248,22
"2011","Wakefield 021D","E01011826","Total",720,69,135,439,77,368,18,21,269,60,352,51,114,170,17
"2011","Wakefield 021E","E01011827","Total",557,38,130,332,57,311,10,22,228,51,246,28,108,104,6
"2011","Wakefield 021F","E01011828","Total",773,54,144,497,78,399,21,22,289,67,374,33,122,208,11
"2011","Wakefield 022A","E01011889","Total",723,51,156,422,94,377,17,30,253,77,346,34,126,169,17
"2011","Wakefield 022B","E01011892","Total",874,69,173,553,79,434,17,30,324,63,440,52,143,229,16
"2011","Wakefield 022C","E01011919","Total",933,85,175,581,92,490,19,50,346,75,443,66,125,235,17
"2011","Wakefield 022D","E01011921","Total",714,65,168,426,55,364,17,49,252,46,350,48,119,174,9
"2011","Wakefield 022E","E01011926","Total",665,39,151,420,55,394,12,61,278,43,271,27,90,142,12
"2011","Wakefield 022F","E01011927","Total",603,55,137,362,49,313,8,25,236,44,290,47,112,126,5
"2011","Wakefield 023A","E01011845","Total",612,69,143,321,79,323,23,34,204,62,289,46,109,117,17
"2011","Wakefield 023B","E01011846","Total",673,61,141,390,81,362,21,25,248,68,311,40,116,142,13
"2011","Wakefield 023C","E01011847","Total",737,70,147,441,79,377,12,24,273,68,360,58,123,168,11
"2011","Wakefield 023D","E01011848","Total",618,63,128,352,75,308,24,22,206,56,310,39,106,146,19
"2011","Wakefield 023E","E01011851","Total",660,49,135,401,75,357,15,31,253,58,303,34,104,148,17
"2011","Wakefield 024A","E01011775","Total",1605,111,294,989,211,827,34,60,569,164,778,77,234,420,47
"2011","Wakefield 024B","E01011776","Total",655,68,136,383,68,350,20,25,252,53,305,48,111,131,15
"2011","Wakefield 024C","E01011777","Total",612,44,122,384,62,332,15,31,237,49,280,29,91,147,13
"2011","Wakefield 024D","E01011778","Total",725,36,164,446,79,375,16,33,268,58,350,20,131,178,21
"2011","Wakefield 024E","E01011817","Total",612,66,122,365,59,310,17,25,219,49,302,49,97,146,10
"2011","Wakefield 024F","E01011818","Total",650,56,125,390,79,334,16,25,233,60,316,40,100,157,19
"2011","Wakefield 025A","E01011829","Total",796,63,152,493,88,409,19,24,296,70,387,44,128,197,18
"2011","Wakefield 025B","E01011830","Total",540,52,90,323,75,280,15,19,193,53,260,37,71,130,22
"2011","Wakefield 025C","E01011831","Total",881,60,176,543,102,472,13,41,339,79,409,47,135,204,23
"2011","Wakefield 025D","E01011832","Total",652,46,126,394,86,349,12,24,244,69,303,34,102,150,17
"2011","Wakefield 025E","E01011833","Total",790,70,158,466,96,412,19,38,277,78,378,51,120,189,18
"2011","Wakefield 026A","E01011899","Total",547,45,151,300,51,270,9,28,190,43,277,36,123,110,8
"2011","Wakefield 026B","E01011900","Total",620,52,134,379,55,326,15,30,239,42,294,37,104,140,13
"2011","Wakefield 026C","E01011901","Total",525,60,144,274,47,268,15,39,172,42,257,45,105,102,5
"2011","Wakefield 026D","E01011904","Total",445,47,123,232,43,232,11,29,155,37,213,36,94,77,6
"2011","Wakefield 026E","E01011918","Total",580,44,141,344,51,292,11,36,203,42,288,33,105,141,9
"2011","Wakefield 026F","E01011922","Total",553,47,108,345,53,286,19,20,203,44,267,28,88,142,9
"2011","Wakefield 027A","E01011779","Total",650,67,157,372,54,355,16,32,261,46,295,51,125,111,8
"2011","Wakefield 027B","E01011780","Total",567,51,133,347,36,289,9,30,216,34,278,42,103,131,2
"2011","Wakefield 027C","E01011781","Total",759,53,162,473,71,387,15,26,290,56,372,38,136,183,15
"2011","Wakefield 027D","E01011782","Total",713,66,167,396,84,352,18,26,240,68,361,48,141,156,16
"2011","Wakefield 027E","E01011783","Total",639,42,132,405,60,347,10,29,260,48,292,32,103,145,12
"2011","Wakefield 028A","E01011902","Total",672,54,135,421,62,361,16,36,259,50,311,38,99,162,12
"2011","Wakefield 028B","E01011903","Total",546,39,114,322,71,301,14,34,200,53,245,25,80,122,18
"2011","Wakefield 028C","E01011905","Total",778,73,141,468,96,398,23,20,280,75,380,50,121,188,21
"2011","Wakefield 028D","E01011907","Total",878,65,162,553,98,486,24,44,343,75,392,41,118,210,23
"2011","Wakefield 029A","E01011793","Total",774,66,170,451,87,407,17,41,282,67,367,49,129,169,20
"2011","Wakefield 029B","E01011794","Total",680,63,123,422,72,360,20,22,259,59,320,43,101,163,13
"2011","Wakefield 029C","E01011795","Total",610,52,134,357,67,309,13,24,219,53,301,39,110,138,14
"2011","Wakefield 029D","E01011796","Total",785,91,146,472,76,402,29,34,279,60,383,62,112,193,16
"2011","Wakefield 029E","E01011799","Total",666,64,151,377,74,330,16,37,223,54,336,48,114,154,20
"2011","Wakefield 029F","E01011800","Total",871,73,168,524,106,468,20,38,324,86,403,53,130,200,20
"2011","Wakefield 030A","E01011898","Total",816,41,136,549,90,446,15,50,322,59,370,26,86,227,31
"2011","Wakefield 030B","E01011906","Total",528,49,120,319,40,289,17,38,204,30,239,32,82,115,10
"2011","Wakefield 030C","E01011908","Total",1065,81,210,682,92,601,31,81,419,70,464,50,129,263,22
"2011","Wakefield 030D","E01011917","Total",668,46,140,436,46,392,20,57,281,34,276,26,83,155,12
"2011","Wakefield 030E","E01011944","Total",722,50,147,444,81,407,22,45,274,66,315,28,102,170,15
"2011","Wakefield 031A","E01011797","Total",890,71,180,520,119,463,27,34,311,91,427,44,146,209,28
"2011","Wakefield 031B","E01011798","Total",718,53,126,448,91,362,16,27,261,58,356,37,99,187,33
"2011","Wakefield 031C","E01011801","Total",785,66,178,460,81,388,19,39,268,62,397,47,139,192,19
"2011","Wakefield 031D","E01011802","Total",739,68,149,444,78,375,20,32,266,57,364,48,117,178,21
"2011","Wakefield 032A","E01011765","Total",785,67,167,482,69,409,13,34,310,52,376,54,133,172,17
"2011","Wakefield 032B","E01011766","Total",759,65,172,427,95,401,21,41,265,74,358,44,131,162,21
"2011","Wakefield 032C","E01011773","Total",753,77,160,443,73,393,17,40,279,57,360,60,120,164,16
"2011","Wakefield 032D","E01011774","Total",681,64,147,391,79,367,15,33,255,64,314,49,114,136,15
"2011","Wakefield 033A","E01011939","Total",696,54,148,400,94,361,17,34,237,73,335,37,114,163,21
"2011","Wakefield 033B","E01011945","Total",675,60,119,389,107,349,20,21,227,81,326,40,98,162,26
"2011","Wakefield 033C","E01011947","Total",686,75,132,367,112,368,23,39,218,88,318,52,93,149,24
"2011","Wakefield 033D","E01011948","Total",783,100,143,389,151,414,26,40,230,118,369,74,103,159,33
"2011","Wakefield 034A","E01011767","Total",853,100,143,444,166,466,29,27,277,133,387,71,116,167,33
"2011","Wakefield 034B","E01011768","Total",677,70,149,375,83,328,20,31,218,59,349,50,118,157,24
"2011","Wakefield 034C","E01011769","Total",1234,71,225,773,165,646,18,38,468,122,588,53,187,305,43
"2011","Wakefield 034D","E01011770","Total",892,72,179,527,114,457,19,28,327,83,435,53,151,200,31
"2011","Wakefield 034E","E01011849","Total",692,56,154,371,111,369,16,38,231,84,323,40,116,140,27
"2011","Wakefield 034F","E01011857","Total",777,63,144,417,153,415,17,36,243,119,362,46,108,174,34
"2011","Wakefield 035A","E01011928","Total",628,68,119,386,55,319,18,32,231,38,309,50,87,155,17
"2011","Wakefield 035B","E01011931","Total",752,53,153,436,110,414,17,32,282,83,338,36,121,154,27
"2011","Wakefield 035C","E01011932","Total",773,70,150,418,135,417,25,27,264,101,356,45,123,154,34
"2011","Wakefield 035D","E01011938","Total",761,73,152,420,116,391,23,36,244,88,370,50,116,176,28
"2011","Wakefield 036A","E01011929","Total",841,60,171,503,107,445,12,40,305,88,396,48,131,198,19
"2011","Wakefield 036B","E01011930","Total",929,75,184,552,118,464,16,36,323,89,465,59,148,229,29
"2011","Wakefield 036C","E01011933","Total",804,60,170,483,91,424,19,30,297,78,380,41,140,186,13
"2011","Wakefield 036D","E01011937","Total",760,82,152,427,99,380,21,20,259,80,380,61,132,168,19
"2011","Wakefield 037A","E01011934","Total",785,68,149,440,128,410,20,38,261,91,375,48,111,179,37
"2011","Wakefield 037B","E01011936","Total",636,62,151,357,66,318,16,39,215,48,318,46,112,142,18
"2011","Wakefield 037C","E01011940","Total",667,60,165,365,77,347,17,43,226,61,320,43,122,139,16
"2011","Wakefield 037D","E01011943","Total",750,78,174,418,80,382,23,35,254,70,368,55,139,164,10
"2011","Wakefield 038A","E01011935","Total",1019,82,125,624,188,538,17,32,354,135,481,65,93,270,53
"2011","Wakefield 038B","E01011941","Total",652,68,128,348,108,340,17,27,210,86,312,51,101,138,22
"2011","Wakefield 038C","E01011942","Total",559,54,109,313,83,288,14,31,184,59,271,40,78,129,24
"2011","Wakefield 038D","E01011946","Total",741,82,155,412,92,389,22,31,263,73,352,60,124,149,19
"2011","Wakefield 039A","E01011785","Total",651,59,171,345,76,346,14,46,221,65,305,45,125,124,11
"2011","Wakefield 039B","E01011789","Total",453,32,120,264,37,221,9,27,156,29,232,23,93,108,8
"2011","Wakefield 039C","E01011791","Total",554,45,135,326,48,298,13,33,215,37,256,32,102,111,11
"2011","Wakefield 039D","E01011792","Total",429,40,114,237,38,229,12,32,153,32,200,28,82,84,6
"2011","Wakefield 040A","E01011771","Total",457,32,101,276,48,243,14,25,167,37,214,18,76,109,11
"2011","Wakefield 040B","E01011772","Total",805,54,169,485,97,432,15,36,304,77,373,39,133,181,20
"2011","Wakefield 040C","E01011784","Total",773,60,171,464,78,395,16,45,279,55,378,44,126,185,23
"2011","Wakefield 040D","E01011786","Total",720,51,153,419,97,375,18,36,240,81,345,33,117,179,16
"2011","Wakefield 041A","E01011854","Total",535,34,123,304,74,292,4,36,186,66,243,30,87,118,8
"2011","Wakefield 041B","E01011855","Total",757,39,197,451,70,397,10,47,285,55,360,29,150,166,15
"2011","Wakefield 041C","E01011856","Total",626,47,135,380,64,347,12,31,252,52,279,35,104,128,12
"2011","Wakefield 041D","E01011858","Total",755,66,163,427,99,388,18,38,252,80,367,48,125,175,19
"2011","Wakefield 042A","E01011787","Total",813,63,181,494,75,417,17,29,313,58,396,46,152,181,17
"2011","Wakefield 042B","E01011788","Total",821,64,192,483,82,438,12,47,311,68,383,52,145,172,14
"2011","Wakefield 042C","E01011790","Total",707,62,160,420,65,365,17,24,269,55,342,45,136,151,10
"2011","Wakefield 042D","E01011865","Total",614,52,164,351,47,311,9,39,223,40,303,43,125,128,7
"2011","Wakefield 042E","E01011867","Total",714,58,173,424,59,372,15,38,269,50,342,43,135,155,9
"2011","Wakefield 043A","E01011859","Total",510,44,112,304,50,273,19,31,182,41,237,25,81,122,9
"2011","Wakefield 043B","E01011869","Total",657,37,138,428,54,351,7,32,267,45,306,30,106,161,9
"2011","Wakefield 043C","E01011870","Total",626,49,138,388,51,336,11,25,259,41,290,38,113,129,10
"2011","Wakefield 043D","E01011871","Total",760,54,154,467,85,411,15,30,291,75,349,39,124,176,10
"2011","Wakefield 044A","E01011860","Total",708,38,179,427,64,371,8,49,263,51,337,30,130,164,13
"2011","Wakefield 044B","E01011861","Total",1012,74,228,607,103,524,24,46,382,72,488,50,182,225,31
"2011","Wakefield 044C","E01011862","Total",621,31,137,400,53,328,6,30,249,43,293,25,107,151,10
"2011","Wakefield 044D","E01011863","Total",466,30,111,291,34,244,8,21,190,25,222,22,90,101,9
"2011","Wakefield 045A","E01011864","Total",578,36,156,335,51,300,7,31,217,45,278,29,125,118,6
"2011","Wakefield 045B","E01011866","Total",602,35,151,357,59,320,15,34,226,45,282,20,117,131,14
"2011","Wakefield 045C","E01011868","Total",771,54,152,477,88,406,11,30,296,69,365,43,122,181,19
"2011","Wakefield 045D","E01011872","Total",654,42,154,401,57,338,4,24,259,51,316,38,130,142,6
"2011","Derby 001A","E01013461","Total",790,70,183,421,116,413,21,40,265,87,377,49,143,156,29
"2011","Derby 001B","E01013462","Total",744,70,157,431,86,391,18,34,271,68,353,52,123,160,18
"2011","Derby 001C","E01013463","Total",766,81,141,426,118,409,25,28,262,94,357,56,113,164,24
"2011","Derby 001D","E01013464","Total",636,58,151,353,74,320,19,42,207,52,316,39,109,146,22
"2011","Derby 002A","E01013465","Total",728,83,152,418,75,375,20,33,261,61,353,63,119,157,14
"2011","Derby 002B","E01013466","Total",733,94,144,402,93,366,19,26,252,69,367,75,118,150,24
"2011","Derby 002C","E01013467","Total",599,66,144,326,63,302,14,32,204,52,297,52,112,122,11
"2011","Derby 002D","E01013468","Total",715,91,132,408,84,387,34,23,262,68,328,57,109,146,16
"2011","Derby 002E","E01013469","Total",473,50,64,304,55,259,14,15,183,47,214,36,49,121,8
"2011","Derby 003A","E01013574","Total",767,83,150,441,93,389,24,29,266,70,378,59,121,175,23
"2011","Derby 003B","E01013575","Total",824,72,146,533,73,429,21,28,321,59,395,51,118,212,14
"2011","Derby 003C","E01013576","Total",884,80,174,530,100,452,25,27,324,76,432,55,147,206,24
"2011","Derby 003D","E01013577","Total",953,101,186,537,129,489,25,31,327,106,464,76,155,210,23
"2011","Derby 003E","E01013578","Total",863,56,151,549,107,444,18,25,324,77,419,38,126,225,30
"2011","Derby 003F","E01013579","Total",816,59,144,550,63,428,14,24,344,46,388,45,120,206,17
"2011","Derby 003G","E01013580","Total",912,52,152,621,87,469,17,31,365,56,443,35,121,256,31
"2011","Derby 004A","E01013530","Total",772,57,148,486,81,385,14,26,284,61,387,43,122,202,20
"2011","Derby 004B","E01013531","Total",621,49,132,383,57,334,15,32,235,52,287,34,100,148,5
"2011","Derby 004C","E01013532","Total",616,45,163,351,57,323,11,35,227,50,293,34,128,124,7
"2011","Derby 004D","E01013581","Total",644,42,164,373,65,308,13,32,212,51,336,29,132,161,14
"2011","Derby 005A","E01013526","Total",798,91,125,446,136,420,27,24,264,105,378,64,101,182,31
"2011","Derby 005B","E01013527","Total",732,88,133,403,108,389,22,38,249,80,343,66,95,154,28
"2011","Derby 005C","E01013528","Total",806,96,132,463,115,422,34,36,265,87,384,62,96,198,28
"2011","Derby 005D","E01013529","Total",1199,124,207,699,169,605,47,52,393,113,594,77,155,306,56
"2011","Derby 006A","E01013505","Total",801,73,175,489,64,424,25,36,309,54,377,48,139,180,10
"2011","Derby 006B","E01013506","Total",654,79,142,366,67,342,23,29,231,59,312,56,113,135,8
"2011","Derby 006C","E01013513","Total",532,42,134,305,51,273,9,34,183,47,259,33,100,122,4
"2011","Derby 006D","E01013534","Total",799,84,169,470,76,416,24,28,300,64,383,60,141,170,12
"2011","Derby 006E","E01013582","Total",758,55,169,467,67,383,11,35,278,59,375,44,134,189,8
"2011","Derby 007A","E01013533","Total",541,54,133,308,46,276,11,28,199,38,265,43,105,109,8
"2011","Derby 007B","E01013535","Total",525,48,155,281,41,235,8,29,160,38,290,40,126,121,3
"2011","Derby 007C","E01013536","Total",602,55,124,364,59,303,10,33,207,53,299,45,91,157,6
"2011","Derby 007D","E01013537","Total",737,77,133,440,87,399,16,30,278,75,338,61,103,162,12
"2011","Derby 007E","E01013538","Total",695,55,145,442,53,347,12,42,249,44,348,43,103,193,9
"2011","Derby 008A","E01013522","Total",766,83,141,455,87,414,31,38,275,70,352,52,103,180,17
"2011","Derby 008B","E01013523","Total",794,84,134,499,77,438,29,48,300,61,356,55,86,199,16
"2011","Derby 008C","E01013524","Total",1028,347,180,429,72,534,140,65,270,59,494,207,115,159,13
"2011","Derby 008D","E01013525","Total",1234,66,168,840,160,692,24,46,500,122,542,42,122,340,38
"2011","Derby 009A","E01013548","Total",667,59,156,385,67,347,14,33,246,54,320,45,123,139,13
"2011","Derby 009B","E01013549","Total",618,44,164,352,58,308,11,33,217,47,310,33,131,135,11
"2011","Derby 009C","E01013552","Total",631,67,154,347,63,319,16,32,222,49,312,51,122,125,14
"2011","Derby 009D","E01013553","Total",630,63,149,363,55,325,13,24,240,48,305,50,125,123,7
"2011","Derby 009E","E01013555","Total",727,63,173,429,62,372,21,30,265,56,355,42,143,164,6
"2011","Derby 010A","E01013592","Total",722,66,128,445,83,382,16,24,277,65,340,50,104,168,18
"2011","Derby 010B","E01013594","Total",591,63,123,351,54,323,17,23,236,47,268,46,100,115,7
"2011","Derby 010C","E01013596","Total",738,68,140,447,83,375,23,31,252,69,363,45,109,195,14
"2011","Derby 010D","E01013599","Total",677,61,131,430,55,368,24,33,262,49,309,37,98,168,6
"2011","Derby 011A","E01013547","Total",899,118,149,550,82,501,58,62,320,61,398,60,87,230,21
"2011","Derby 011B","E01013550","Total",539,58,141,295,45,284,22,51,171,40,255,36,90,124,5
"2011","Derby 011C","E01013551","Total",944,210,161,494,79,520,101,64,290,65,424,109,97,204,14
"2011","Derby 011D","E01013554","Total",824,102,140,510,72,457,40,55,317,45,367,62,85,193,27
"2011","Derby 012A","E01013507","Total",775,64,180,463,68,400,21,33,289,57,375,43,147,174,11
"2011","Derby 012B","E01013508","Total",519,56,133,285,45,269,17,34,180,38,250,39,99,105,7
"2011","Derby 012C","E01013509","Total",843,62,161,547,73,443,18,19,344,62,400,44,142,203,11
"2011","Derby 012D","E01013510","Total",643,53,149,371,70,342,17,32,235,58,301,36,117,136,12
"2011","Derby 012E","E01013511","Total",765,79,143,455,88,410,22,24,291,73,355,57,119,164,15
"2011","Derby 012F","E01013512","Total",643,56,145,382,60,341,12,27,249,53,302,44,118,133,7
"2011","Derby 013A","E01013453","Total",1244,155,221,758,110,647,68,71,431,77,597,87,150,327,33
"2011","Derby 013B","E01013454","Total",639,103,127,354,55,325,38,37,208,42,314,65,90,146,13
"2011","Derby 013C","E01013456","Total",914,83,167,596,68,518,41,68,355,54,396,42,99,241,14
"2011","Derby 013D","E01013457","Total",966,82,198,602,84,479,29,48,342,60,487,53,150,260,24
"2011","Derby 013E","E01013460","Total",1093,136,189,680,88,600,50,76,419,55,493,86,113,261,33
"2011","Derby 013F","E01013479","Total",1026,128,196,597,105,599,52,105,361,81,427,76,91,236,24
"2011","Derby 014A","E01013593","Total",688,73,168,373,74,356,21,36,237,62,332,52,132,136,12
"2011","Derby 014B","E01013595","Total",1115,69,221,700,125,583,15,43,430,95,532,54,178,270,30
"2011","Derby 014C","E01013597","Total",622,68,131,383,40,324,27,30,232,35,298,41,101,151,5
"2011","Derby 014D","E01013598","Total",683,57,142,411,73,349,10,28,252,59,334,47,114,159,14
"2011","Derby 015A","E01013556","Total",757,71,177,444,65,382,21,31,278,52,375,50,146,166,13
"2011","Derby 015B","E01013557","Total",591,63,119,335,74,312,18,24,210,60,279,45,95,125,14
"2011","Derby 015C","E01013558","Total",951,91,176,587,97,487,32,36,340,79,464,59,140,247,18
"2011","Derby 015D","E01013559","Total",701,67,134,436,64,365,13,25,279,48,336,54,109,157,16
"2011","Derby 015E","E01013564","Total",1049,88,213,618,130,549,24,41,377,107,500,64,172,241,23
"2011","Derby 016A","E01013480","Total",846,75,167,542,62,478,43,77,315,43,368,32,90,227,19
"2011","Derby 016B","E01013483","Total",807,86,191,458,72,482,44,99,288,51,325,42,92,170,21
"2011","Derby 016C","E01013485","Total",718,86,181,401,50,443,46,96,261,40,275,40,85,140,10
"2011","Derby 016D","E01013565","Total",587,70,147,331,39,357,33,76,218,30,230,37,71,113,9
"2011","Derby 016E","E01013566","Total",635,63,162,365,45,423,28,112,245,38,212,35,50,120,7
"2011","Derby 017A","E01013455","Total",926,80,183,556,107,480,26,47,327,80,446,54,136,229,27
"2011","Derby 017B","E01013458","Total",700,74,133,400,93,390,19,56,245,70,310,55,77,155,23
"2011","Derby 017C","E01013542","Total",792,63,152,479,98,420,19,38,285,78,372,44,114,194,20
"2011","Derby 017D","E01013546","Total",791,58,176,461,96,424,17,49,292,66,367,41,127,169,30
"2011","Derby 018A","E01013481","Total",597,69,148,346,34,361,36,72,228,25,236,33,76,118,9
"2011","Derby 018C","E01013484","Total",566,58,180,292,36,372,29,116,201,26,194,29,64,91,10
"2011","Derby 018D","E01013486","Total",610,72,170,342,26,387,36,100,232,19,223,36,70,110,7
"2011","Derby 018E","E01013487","Total",749,68,178,456,47,460,30,94,306,30,289,38,84,150,17
"2011","Derby 018F","E01033166","Total",451,35,87,282,47,286,14,41,190,41,165,21,46,92,6
"2011","Derby 018G","E01033167","Total",436,49,77,273,37,269,25,37,180,27,167,24,40,93,10
"2011","Derby 019A","E01013540","Total",784,75,142,472,95,402,25,30,276,71,382,50,112,196,24
"2011","Derby 019B","E01013560","Total",799,94,157,473,75,425,36,34,294,61,374,58,123,179,14
"2011","Derby 019C","E01013561","Total",743,78,160,428,77,395,26,35,277,57,348,52,125,151,20
"2011","Derby 019D","E01013562","Total",570,53,105,319,93,278,15,24,181,58,292,38,81,138,35
"2011","Derby 019E","E01013563","Total",781,59,150,511,61,407,17,25,318,47,374,42,125,193,14
"2011","Derby 020A","E01013459","Total",728,91,191,403,43,392,31,84,245,32,336,60,107,158,11
"2011","Derby 020B","E01013567","Total",703,83,186,395,39,415,39,92,253,31,288,44,94,142,8
"2011","Derby 020C","E01013568","Total",729,78,194,417,40,440,32,92,283,33,289,46,102,134,7
"2011","Derby 020D","E01013569","Total",549,42,141,330,36,313,20,58,208,27,236,22,83,122,9
"2011","Derby 021A","E01013539","Total",1298,135,214,738,211,684,32,38,452,162,614,103,176,286,49
"2011","Derby 021B","E01013541","Total",816,65,162,499,90,382,18,29,274,61,434,47,133,225,29
"2011","Derby 021C","E01013543","Total",891,97,196,477,121,467,25,49,307,86,424,72,147,170,35
"2011","Derby 021D","E01013544","Total",962,111,171,525,155,505,38,41,310,116,457,73,130,215,39
"2011","Derby 021E","E01013545","Total",727,76,153,398,100,376,27,38,229,82,351,49,115,169,18
"2011","Derby 022A","E01013488","Total",751,58,160,456,77,399,18,41,279,61,352,40,119,177,16
"2011","Derby 022B","E01013489","Total",691,62,158,407,64,348,23,29,249,47,343,39,129,158,17
"2011","Derby 022C","E01013490","Total",742,80,145,453,64,366,26,30,265,45,376,54,115,188,19
"2011","Derby 022D","E01013491","Total",716,61,181,413,61,388,21,55,265,47,328,40,126,148,14
"2011","Derby 023A","E01013570","Total",658,70,164,383,41,366,32,71,233,30,292,38,93,150,11
"2011","Derby 023B","E01013571","Total",676,71,180,368,57,349,25,53,232,39,327,46,127,136,18
"2011","Derby 023C","E01013572","Total",725,78,147,445,55,369,23,40,260,46,356,55,107,185,9
"2011","Derby 023D","E01013573","Total",767,78,215,421,53,371,26,71,229,45,396,52,144,192,8
"2011","Derby 024A","E01013470","Total",678,51,124,444,59,367,11,39,267,50,311,40,85,177,9
"2011","Derby 024B","E01013474","Total",718,63,143,445,67,394,15,35,285,59,324,48,108,160,8
"2011","Derby 024C","E01013476","Total",872,53,135,609,75,462,13,25,364,60,410,40,110,245,15
"2011","Derby 024E","E01033171","Total",774,55,103,553,63,413,26,28,317,42,361,29,75,236,21
"2011","Derby 024F","E01033172","Total",850,54,118,594,84,472,16,36,356,64,378,38,82,238,20
"2011","Derby 025A","E01013471","Total",921,63,186,589,83,488,22,39,358,69,433,41,147,231,14
"2011","Derby 025B","E01013473","Total",670,47,155,397,71,347,14,41,236,56,323,33,114,161,15
"2011","Derby 025C","E01013475","Total",608,58,151,355,44,314,14,40,219,41,294,44,111,136,3
"2011","Derby 025D","E01013477","Total",851,71,165,553,62,458,24,42,342,50,393,47,123,211,12
"2011","Derby 025E","E01013502","Total",619,52,158,352,57,318,20,33,226,39,301,32,125,126,18
"2011","Derby 025F","E01013503","Total",757,63,162,456,76,396,25,34,275,62,361,38,128,181,14
"2011","Derby 026A","E01013472","Total",772,70,166,469,67,414,26,58,280,50,358,44,108,189,17
"2011","Derby 026B","E01013497","Total",631,63,138,382,48,306,18,29,223,36,325,45,109,159,12
"2011","Derby 026C","E01013504","Total",793,61,193,471,68,416,21,44,295,56,377,40,149,176,12
"2011","Derby 026D","E01013583","Total",558,54,158,304,42,301,20,45,199,37,257,34,113,105,5
"2011","Derby 026E","E01013590","Total",595,56,141,337,61,311,14,51,200,46,284,42,90,137,15
"2011","Derby 026F","E01013591","Total",776,75,175,472,54,420,23,63,292,42,356,52,112,180,12
"2011","Derby 027A","E01013492","Total",717,69,144,425,79,373,14,39,261,59,344,55,105,164,20
"2011","Derby 027B","E01013493","Total",670,54,116,435,65,350,18,24,258,50,320,36,92,177,15
"2011","Derby 027C","E01013494","Total",791,62,182,487,60,384,13,52,273,46,407,49,130,214,14
"2011","Derby 027D","E01013495","Total",846,67,195,509,75,423,23,42,300,58,423,44,153,209,17
"2011","Derby 028A","E01013496","Total",572,42,141,338,51,285,14,35,194,42,287,28,106,144,9
"2011","Derby 028B","E01013498","Total",690,78,131,421,60,348,17,31,253,47,342,61,100,168,13
"2011","Derby 028C","E01013499","Total",562,47,133,324,58,301,15,39,195,52,261,32,94,129,6
"2011","Derby 028D","E01013500","Total",747,63,170,447,67,395,18,40,286,51,352,45,130,161,16
"2011","Derby 028E","E01013501","Total",670,67,142,403,58,357,21,31,258,47,313,46,111,145,11
"2011","Derby 029A","E01013584","Total",608,54,192,301,61,317,16,55,202,44,291,38,137,99,17
"2011","Derby 029B","E01013585","Total",705,60,169,416,60,351,18,50,233,50,354,42,119,183,10
"2011","Derby 029C","E01013586","Total",619,54,164,346,55,290,11,35,196,48,329,43,129,150,7
"2011","Derby 029D","E01013587","Total",731,68,153,444,66,370,18,41,261,50,361,50,112,183,16
"2011","Derby 029E","E01013588","Total",644,55,142,386,61,329,15,29,229,56,315,40,113,157,5
"2011","Derby 029F","E01013589","Total",728,71,156,441,60,380,26,48,258,48,348,45,108,183,12
"2011","Derby 030B","E01013517","Total",566,42,130,341,53,311,10,38,216,47,255,32,92,125,6
"2011","Derby 030C","E01013518","Total",674,55,121,433,65,353,14,26,264,49,321,41,95,169,16
"2011","Derby 030D","E01013521","Total",517,56,102,315,44,279,21,18,208,32,238,35,84,107,12
"2011","Derby 030E","E01033168","Total",676,58,118,426,74,354,8,24,267,55,322,50,94,159,19
"2011","Derby 030F","E01033169","Total",953,71,169,563,150,487,15,23,330,119,466,56,146,233,31
"2011","Derby 030G","E01033170","Total",635,51,102,388,94,331,16,18,223,74,304,35,84,165,20
"2011","Derby 031A","E01013514","Total",867,73,168,556,70,451,21,27,345,58,416,52,141,211,12
"2011","Derby 031B","E01013515","Total",841,83,188,484,86,415,27,37,283,68,426,56,151,201,18
"2011","Derby 031C","E01013519","Total",826,59,184,485,98,417,18,24,301,74,409,41,160,184,24
"2011","Derby 031D","E01013520","Total",816,84,177,451,104,423,28,29,288,78,393,56,148,163,26
"2011","Leicester 001A","E01013615","Total",888,70,169,543,106,462,19,37,321,85,426,51,132,222,21
"2011","Leicester 001B","E01013616","Total",827,58,169,529,71,405,16,36,295,58,422,42,133,234,13
"2011","Leicester 001C","E01013618","Total",789,50,156,513,70,446,18,44,322,62,343,32,112,191,8
"2011","Leicester 001D","E01013619","Total",619,48,158,363,50,341,16,60,227,38,278,32,98,136,12
"2011","Leicester 002A","E01013733","Total",838,49,181,531,77,458,15,45,338,60,380,34,136,193,17
"2011","Leicester 002B","E01013734","Total",698,57,138,436,67,380,21,44,260,55,318,36,94,176,12
"2011","Leicester 002C","E01013735","Total",634,55,130,402,47,354,24,48,246,36,280,31,82,156,11
"2011","Leicester 002D","E01013736","Total",860,73,174,541,72,451,17,36,340,58,409,56,138,201,14
"2011","Leicester 002E","E01013737","Total",722,63,151,463,45,399,26,52,284,37,323,37,99,179,8
"2011","Leicester 003A","E01013600","Total",656,59,158,384,55,351,20,49,237,45,305,39,109,147,10
"2011","Leicester 003B","E01013601","Total",647,62,150,383,52,351,23,29,256,43,296,39,121,127,9
"2011","Leicester 003C","E01013602","Total",736,56,158,474,48,399,18,48,296,37,337,38,110,178,11
"2011","Leicester 003D","E01013603","Total",596,36,148,365,47,310,16,30,223,41,286,20,118,142,6
"2011","Leicester 003E","E01013604","Total",614,65,134,378,37,336,26,28,256,26,278,39,106,122,11
"2011","Leicester 003F","E01013605","Total",775,63,152,494,66,412,28,40,293,51,363,35,112,201,15
"2011","Leicester 004A","E01013617","Total",1343,79,222,886,156,718,22,67,509,120,625,57,155,377,36
"2011","Leicester 004B","E01013620","Total",596,58,162,334,42,304,18,49,199,38,292,40,113,135,4
"2011","Leicester 004C","E01013621","Total",627,49,150,393,35,337,13,50,244,30,290,36,100,149,5
"2011","Leicester 004D","E01013622","Total",642,61,150,389,42,364,32,51,248,33,278,29,99,141,9
"2011","Leicester 004E","E01013623","Total",1136,78,234,708,116,613,21,69,427,96,523,57,165,281,20
"2011","Leicester 005A","E01013732","Total",925,74,234,547,70,510,27,91,338,54,415,47,143,209,16
"2011","Leicester 005B","E01013739","Total",575,47,140,352,36,298,17,54,200,27,277,30,86,152,9
"2011","Leicester 005C","E01013740","Total",657,48,135,427,47,356,14,44,262,36,301,34,91,165,11
"2011","Leicester 005D","E01013741","Total",808,75,207,467,59,443,30,82,289,42,365,45,125,178,17
"2011","Leicester 006A","E01013625","Total",745,84,202,416,43,425,43,90,262,30,320,41,112,154,13
"2011","Leicester 006B","E01013628","Total",570,70,149,322,29,297,29,59,190,19,273,41,90,132,10
"2011","Leicester 006C","E01013715","Total",560,56,127,347,30,306,18,52,214,22,254,38,75,133,8
"2011","Leicester 006D","E01013716","Total",733,85,182,425,41,420,36,83,268,33,313,49,99,157,8
"2011","Leicester 006E","E01013738","Total",715,79,151,447,38,390,31,62,264,33,325,48,89,183,5
"2011","Leicester 007A","E01013624","Total",580,65,150,334,31,311,16,55,215,25,269,49,95,119,6
"2011","Leicester 007B","E01013626","Total",724,70,161,455,38,421,31,67,295,28,303,39,94,160,10
"2011","Leicester 007C","E01013627","Total",637,53,110,438,36,357,17,45,265,30,280,36,65,173,6
"2011","Leicester 007D","E01013629","Total",726,106,148,435,37,419,51,57,282,29,307,55,91,153,8
"2011","Leicester 007E","E01013630","Total",755,76,189,464,26,434,30,84,298,22,321,46,105,166,4
"2011","Leicester 008A","E01013606","Total",785,63,174,491,57,426,20,55,299,52,359,43,119,192,5
"2011","Leicester 008B","E01013607","Total",1321,94,209,872,146,735,39,59,531,106,586,55,150,341,40
"2011","Leicester 008C","E01013680","Total",1142,98,198,741,105,611,31,49,452,79,531,67,149,289,26
"2011","Leicester 008D","E01013685","Total",789,52,169,501,67,415,14,41,307,53,374,38,128,194,14
"2011","Leicester 008E","E01013686","Total",941,77,183,595,86,493,31,45,349,68,448,46,138,246,18
"2011","Leicester 009A","E01013696","Total",1073,90,222,653,108,559,25,51,394,89,514,65,171,259,19
"2011","Leicester 009B","E01013697","Total",1193,92,224,751,126,636,31,72,441,92,557,61,152,310,34
"2011","Leicester 009C","E01013699","Total",843,83,169,496,95,447,29,48,290,80,396,54,121,206,15
"2011","Leicester 009E","E01032862","Total",941,57,164,623,97,481,16,48,345,72,460,41,116,278,25
"2011","Leicester 009F","E01032863","Total",896,67,137,607,85,478,19,49,344,66,418,48,88,263,19
"2011","Leicester 009G","E01032865","Total",1109,91,203,703,112,581,29,47,419,86,528,62,156,284,26
"2011","Leicester 010A","E01013713","Total",667,85,156,394,32,402,43,69,265,25,265,42,87,129,7
"2011","Leicester 010B","E01013714","Total",746,74,173,464,35,406,25,64,291,26,340,49,109,173,9
"2011","Leicester 010C","E01013717","Total",660,64,148,414,34,357,28,52,249,28,303,36,96,165,6
"2011","Leicester 010D","E01013718","Total",647,67,181,377,22,352,21,77,238,16,295,46,104,139,6
"2011","Leicester 010E","E01013719","Total",627,74,161,374,18,356,28,67,247,14,271,46,94,127,4
"2011","Leicester 010F","E01013720","Total",403,55,109,225,14,211,20,48,132,11,192,35,61,93,3
"2011","Leicester 011A","E01013651","Total",589,51,150,355,33,348,16,66,238,28,241,35,84,117,5
"2011","Leicester 011B","E01013652","Total",583,42,174,341,26,333,17,64,228,24,250,25,110,113,2
"2011","Leicester 011C","E01013653","Total",669,73,199,363,34,358,25,77,234,22,311,48,122,129,12
"2011","Leicester 011D","E01013655","Total",766,79,213,438,36,466,39,102,296,29,300,40,111,142,7
"2011","Leicester 012A","E01013721","Total",631,62,150,364,55,319,24,43,208,44,312,38,107,156,11
"2011","Leicester 012B","E01013723","Total",481,38,128,291,24,245,11,34,180,20,236,27,94,111,4
"2011","Leicester 012C","E01013725","Total",433,44,118,237,34,234,11,38,155,30,199,33,80,82,4
"2011","Leicester 012D","E01013726","Total",476,40,142,253,41,254,18,38,162,36,222,22,104,91,5
"2011","Leicester 012E","E01013728","Total",561,58,165,288,50,287,18,48,178,43,274,40,117,110,7
"2011","Leicester 013A","E01013694","Total",657,58,171,374,54,329,14,44,222,49,328,44,127,152,5
"2011","Leicester 013B","E01013700","Total",676,57,156,406,57,340,16,46,234,44,336,41,110,172,13
"2011","Leicester 013C","E01013770","Total",582,60,142,340,40,299,18,43,201,37,283,42,99,139,3
"2011","Leicester 013D","E01013771","Total",763,73,183,456,51,413,28,57,287,41,350,45,126,169,10
"2011","Leicester 013E","E01013773","Total",640,48,161,378,53,345,21,35,239,50,295,27,126,139,3
"2011","Leicester 016A","E01013681","Total",963,71,146,678,68,533,36,32,413,52,430,35,114,265,16
"2011","Leicester 016B","E01013682","Total",922,41,159,661,61,484,13,37,389,45,438,28,122,272,16
"2011","Leicester 016C","E01013683","Total",1117,94,182,758,83,590,40,47,438,65,527,54,135,320,18
"2011","Leicester 016D","E01013684","Total",985,93,184,634,74,550,45,63,389,53,435,48,121,245,21
"2011","Leicester 017A","E01013654","Total",683,62,186,399,36,399,22,88,259,30,284,40,98,140,6
"2011","Leicester 017B","E01013656","Total",739,69,247,400,23,450,23,144,266,17,289,46,103,134,6
"2011","Leicester 017C","E01013657","Total",564,65,177,292,30,363,28,98,213,24,201,37,79,79,6
"2011","Leicester 017D","E01013658","Total",732,91,252,359,30,449,51,148,225,25,283,40,104,134,5
"2011","Leicester 017E","E01013659","Total",678,78,238,328,34,467,37,148,252,30,211,41,90,76,4
"2011","Leicester 017F","E01013743","Total",579,82,200,286,11,366,30,118,209,9,213,52,82,77,2
"2011","Leicester 017G","E01013745","Total",558,67,205,253,33,375,27,136,183,29,183,40,69,70,4
"2011","Leicester 018A","E01013742","Total",608,78,209,302,19,396,30,133,218,15,212,48,76,84,4
"2011","Leicester 018B","E01013744","Total",672,80,218,344,30,441,28,138,250,25,231,52,80,94,5
"2011","Leicester 018C","E01013746","Total",574,68,194,298,14,403,31,130,229,13,171,37,64,69,1
"2011","Leicester 018D","E01013748","Total",578,96,187,268,27,379,51,107,200,21,199,45,80,68,6
"2011","Leicester 018E","E01013754","Total",470,57,177,211,25,301,20,113,145,23,169,37,64,66,2
"2011","Leicester 018F","E01013755","Total",510,59,205,235,11,314,18,120,167,9,196,41,85,68,2
"2011","Leicester 019A","E01013660","Total",752,79,189,438,46,432,28,85,284,35,320,51,104,154,11
"2011","Leicester 019B","E01013661","Total",603,76,179,319,29,330,32,78,201,19,273,44,101,118,10
"2011","Leicester 019C","E01013664","Total",711,77,219,382,33,370,34,82,225,29,341,43,137,157,4
"2011","Leicester 019D","E01013665","Total",759,80,219,410,50,454,33,105,277,39,305,47,114,133,11
"2011","Leicester 019E","E01013667","Total",609,69,162,346,32,331,27,59,219,26,278,42,103,127,6
"2011","Leicester 019F","E01013668","Total",676,53,151,422,50,346,25,61,224,36,330,28,90,198,14
"2011","Leicester 020A","E01013729","Total",634,57,129,381,67,340,19,29,235,57,294,38,100,146,10
"2011","Leicester 020B","E01013780","Total",809,78,143,503,85,424,31,30,293,70,385,47,113,210,15
"2011","Leicester 020C","E01013783","Total",819,71,153,508,87,426,26,29,311,60,393,45,124,197,27
"2011","Leicester 020D","E01013785","Total",773,69,144,466,94,413,29,31,285,68,360,40,113,181,26
"2011","Leicester 020E","E01013786","Total",837,62,153,553,69,436,20,39,325,52,401,42,114,228,17
"2011","Leicester 021A","E01013662","Total",751,73,247,383,48,463,28,146,250,39,288,45,101,133,9
"2011","Leicester 021B","E01013663","Total",703,63,203,399,38,392,17,88,256,31,311,46,115,143,7
"2011","Leicester 021C","E01013747","Total",704,83,211,371,39,418,32,110,241,35,286,51,101,130,4
"2011","Leicester 021D","E01013749","Total",620,59,179,338,44,378,30,89,226,33,242,29,90,112,11
"2011","Leicester 021E","E01013750","Total",554,50,185,287,32,353,19,108,200,26,201,31,77,87,6
"2011","Leicester 021F","E01013758","Total",578,75,181,296,26,357,30,100,208,19,221,45,81,88,7
"2011","Leicester 022A","E01013751","Total",607,76,219,292,20,396,33,137,211,15,211,43,82,81,5
"2011","Leicester 022B","E01013752","Total",516,48,188,262,18,321,23,108,173,17,195,25,80,89,1
"2011","Leicester 022C","E01013753","Total",538,85,185,246,22,341,39,113,174,15,197,46,72,72,7
"2011","Leicester 022D","E01013760","Total",636,145,157,306,28,384,73,91,199,21,252,72,66,107,7
"2011","Leicester 022E","E01013761","Total",575,91,203,254,27,353,37,125,171,20,222,54,78,83,7
"2011","Leicester 022F","E01013762","Total",600,82,181,306,31,373,35,111,205,22,227,47,70,101,9
"2011","Leicester 023A","E01013774","Total",907,168,156,517,66,497,79,63,312,43,410,89,93,205,23
"2011","Leicester 023B","E01013776","Total",856,147,166,470,73,510,70,80,305,55,346,77,86,165,18
"2011","Leicester 023C","E01013778","Total",1019,224,160,568,67,548,90,72,331,55,471,134,88,237,12
"2011","Leicester 023D","E01013779","Total",1065,152,191,652,70,578,67,78,383,50,487,85,113,269,20
"2011","Leicester 023E","E01013781","Total",832,88,120,551,73,453,31,46,329,47,379,57,74,222,26
"2011","Leicester 023F","E01013782","Total",817,57,131,531,98,429,16,49,299,65,388,41,82,232,33
"2011","Leicester 023G","E01013784","Total",750,92,120,478,60,429,52,54,290,33,321,40,66,188,27
"2011","Leicester 025A","E01013666","Total",715,64,137,445,69,385,19,42,269,55,330,45,95,176,14
"2011","Leicester 025B","E01013669","Total",699,67,159,413,60,368,21,51,250,46,331,46,108,163,14
"2011","Leicester 025C","E01013670","Total",811,74,155,481,101,452,26,52,300,74,359,48,103,181,27
"2011","Leicester 025D","E01013671","Total",767,88,188,417,74,411,29,66,264,52,356,59,122,153,22
"2011","Leicester 025E","E01013672","Total",540,52,120,320,48,307,25,47,200,35,233,27,73,120,13
"2011","Leicester 026A","E01013631","Total",609,46,157,357,49,298,11,37,211,39,311,35,120,146,10
"2011","Leicester 026B","E01013632","Total",518,57,142,277,42,251,15,42,158,36,267,42,100,119,6
"2011","Leicester 026C","E01013638","Total",551,56,165,301,29,270,13,42,195,20,281,43,123,106,9
"2011","Leicester 026D","E01013640","Total",612,51,189,351,21,307,16,52,221,18,305,35,137,130,3
"2011","Leicester 027A","E01013756","Total",763,95,189,401,78,428,42,87,240,59,335,53,102,161,19
"2011","Leicester 027B","E01013757","Total",684,80,166,381,57,418,34,78,261,45,266,46,88,120,12
"2011","Leicester 027C","E01013759","Total",806,100,219,435,52,448,31,92,287,38,358,69,127,148,14
"2011","Leicester 027D","E01013763","Total",731,150,180,355,46,402,72,85,217,28,329,78,95,138,18
"2011","Leicester 027E","E01013764","Total",663,55,219,345,44,372,26,103,210,33,291,29,116,135,11
"2011","Leicester 027F","E01013765","Total",613,114,185,291,23,365,54,103,192,16,248,60,82,99,7
"2011","Leicester 027G","E01013766","Total",687,82,169,375,61,404,32,77,246,49,283,50,92,129,12
"2011","Leicester 028A","E01013633","Total",595,56,134,362,43,320,20,40,224,36,275,36,94,138,7
"2011","Leicester 028B","E01013634","Total",599,60,158,338,43,301,15,38,209,39,298,45,120,129,4
"2011","Leicester 028C","E01013637","Total",668,59,155,406,48,352,15,33,265,39,316,44,122,141,9
"2011","Leicester 028D","E01013639","Total",632,46,148,388,50,310,13,29,231,37,322,33,119,157,13
"2011","Leicester 028E","E01013641","Total",846,114,151,515,66,462,64,46,306,46,384,50,105,209,20
"2011","Leicester 029A","E01013635","Total",797,86,143,494,74,427,32,45,298,52,370,54,98,196,22
"2011","Leicester 029B","E01013636","Total",711,56,143,441,71,380,17,50,255,58,331,39,93,186,13
"2011","Leicester 029C","E01013775","Total",1173,93,166,759,155,643,45,64,435,99,530,48,102,324,56
"2011","Leicester 029D","E01013777","Total",918,90,141,606,81,520,42,54,363,61,398,48,87,243,20
"2011","Leicester 030A","E01013642","Total",920,143,126,537,114,463,47,47,287,82,457,96,79,250,32
"2011","Leicester 030B","E01013643","Total",862,122,121,504,115,440,51,28,290,71,422,71,93,214,44
"2011","Leicester 030C","E01013649","Total",688,113,79,378,118,360,48,24,210,78,328,65,55,168,40
"2011","Leicester 030D","E01013650","Total",925,172,121,508,124,459,66,45,278,70,466,106,76,230,54
"2011","Leicester 030E","E01013702","Total",754,93,128,421,112,398,31,43,244,80,356,62,85,177,32
"2011","Leicester 030F","E01013710","Total",766,78,101,453,134,431,44,32,260,95,335,34,69,193,39
"2011","Leicester 030G","E01013711","Total",711,69,112,409,121,380,26,46,230,78,331,43,66,179,43
"2011","Leicester 031A","E01013613","Total",886,53,136,610,87,456,23,36,333,64,430,30,100,277,23
"2011","Leicester 031B","E01013614","Total",842,61,169,543,69,423,19,39,313,52,419,42,130,230,17
"2011","Leicester 031C","E01013687","Total",877,65,138,591,83,463,26,42,329,66,414,39,96,262,17
"2011","Leicester 031D","E01013688","Total",719,53,132,469,65,373,23,42,260,48,346,30,90,209,17
"2011","Leicester 032A","E01013703","Total",657,57,120,398,82,343,13,38,239,53,314,44,82,159,29
"2011","Leicester 032B","E01013704","Total",780,65,124,451,140,382,23,37,230,92,398,42,87,221,48
"2011","Leicester 032C","E01013706","Total",874,94,161,466,153,446,21,47,266,112,428,73,114,200,41
"2011","Leicester 032D","E01013707","Total",794,68,184,452,90,399,23,41,267,68,395,45,143,185,22
"2011","Leicester 032E","E01013712","Total",608,73,112,315,108,323,28,33,183,79,285,45,79,132,29
"2011","Leicester 034A","E01013608","Total",770,71,157,463,79,402,19,37,277,69,368,52,120,186,10
"2011","Leicester 034B","E01013609","Total",830,66,168,508,88,439,22,39,312,66,391,44,129,196,22
"2011","Leicester 034C","E01013610","Total",747,60,134,474,79,408,21,29,293,65,339,39,105,181,14
"2011","Leicester 034D","E01013611","Total",703,56,145,422,80,369,22,42,237,68,334,34,103,185,12
"2011","Leicester 034E","E01013612","Total",765,55,151,466,93,400,17,32,278,73,365,38,119,188,20
"2011","Leicester 035A","E01013678","Total",705,57,177,400,71,359,10,49,239,61,346,47,128,161,10
"2011","Leicester 035B","E01013679","Total",511,48,142,289,32,258,15,29,185,29,253,33,113,104,3
"2011","Leicester 035C","E01013691","Total",482,43,138,274,27,236,16,42,156,22,246,27,96,118,5
"2011","Leicester 035D","E01013692","Total",413,41,116,230,26,213,8,46,137,22,200,33,70,93,4
"2011","Leicester 035E","E01013693","Total",422,49,112,231,30,220,19,31,147,23,202,30,81,84,7
"2011","Leicester 036A","E01013673","Total",589,54,140,349,46,307,17,29,226,35,282,37,111,123,11
"2011","Leicester 036B","E01013674","Total",544,45,138,321,40,278,10,33,201,34,266,35,105,120,6
"2011","Leicester 036C","E01013675","Total",703,64,162,413,64,355,25,29,252,49,348,39,133,161,15
"2011","Leicester 036D","E01013676","Total",840,72,180,523,65,409,21,32,302,54,431,51,148,221,11
"2011","Leicester 036E","E01013677","Total",645,46,158,380,61,325,14,27,228,56,320,32,131,152,5
"2011","Leicester 037A","E01013695","Total",559,57,151,308,43,270,15,49,175,31,289,42,102,133,12
"2011","Leicester 037B","E01013698","Total",635,64,143,374,54,340,24,34,243,39,295,40,109,131,15
"2011","Leicester 037C","E01013767","Total",658,71,146,390,51,340,28,39,237,36,318,43,107,153,15
"2011","Leicester 037D","E01013768","Total",548,59,138,319,32,275,21,35,194,25,273,38,103,125,7
"2011","Leicester 037E","E01013772","Total",622,63,151,350,58,328,21,32,226,49,294,42,119,124,9
"2011","Leicester 037F","E01032597","Total",498,47,132,290,29,232,15,22,176,19,266,32,110,114,10
"2011","Leicester 038A","E01013689","Total",607,131,97,327,52,308,37,41,195,35,299,94,56,132,17
"2011","Leicester 038B","E01013690","Total",742,77,131,471,63,379,26,41,266,46,363,51,90,205,17
"2011","Leicester 038C","E01013705","Total",728,61,156,415,96,389,24,40,257,68,339,37,116,158,28
"2011","Leicester 038D","E01013709","Total",778,70,157,492,59,417,24,56,291,46,361,46,101,201,13
"2011","Leicester 038E","E01032599","Total",756,79,159,449,69,376,21,42,265,48,380,58,117,184,21
"2011","Leicester 039A","E01013722","Total",564,46,137,328,53,293,24,39,187,43,271,22,98,141,10
"2011","Leicester 039B","E01013727","Total",619,40,150,372,57,306,11,33,218,44,313,29,117,154,13
"2011","Leicester 039C","E01013730","Total",530,38,135,319,38,272,19,39,185,29,258,19,96,134,9
"2011","Leicester 039D","E01013731","Total",708,41,152,446,69,360,14,41,253,52,348,27,111,193,17
"2011","Leicester 039E","E01032602","Total",591,41,152,343,55,310,13,40,211,46,281,28,112,132,9
"2011","Leicester 040A","E01013646","Total",996,183,176,524,113,584,77,98,331,78,412,106,78,193,35
"2011","Leicester 040B","E01013647","Total",727,189,152,347,39,394,75,82,211,26,333,114,70,136,13
"2011","Leicester 040C","E01013648","Total",814,295,168,322,29,406,100,76,206,24,408,195,92,116,5
"2011","Leicester 040D","E01032875","Total",437,259,69,95,14,201,100,38,52,11,236,159,31,43,3
"2011","Leicester 041A","E01032867","Total",715,122,117,392,84,414,60,61,231,62,301,62,56,161,22
"2011","Leicester 041B","E01032868","Total",576,226,87,202,61,260,75,34,113,38,316,151,53,89,23
"2011","Leicester 041C","E01032872","Total",705,48,85,490,82,412,22,48,280,62,293,26,37,210,20
"2011","Leicester 041D","E01032873","Total",556,91,76,319,70,342,40,50,206,46,214,51,26,113,24
"2011","Nottingham 001A","E01013887","Total",734,52,156,439,87,406,24,42,267,73,328,28,114,172,14
"2011","Nottingham 001B","E01013892","Total",620,63,127,364,66,317,16,29,218,54,303,47,98,146,12
"2011","Nottingham 001C","E01013893","Total",586,32,158,365,31,286,13,31,220,22,300,19,127,145,9
"2011","Nottingham 001D","E01013894","Total",688,57,158,408,65,338,12,43,237,46,350,45,115,171,19
"2011","Nottingham 002A","E01013879","Total",452,33,115,272,32,219,8,31,158,22,233,25,84,114,10
"2011","Nottingham 002B","E01013880","Total",513,51,134,303,25,235,8,31,175,21,278,43,103,128,4
"2011","Nottingham 002C","E01013881","Total",548,28,138,343,39,276,3,38,203,32,272,25,100,140,7
"2011","Nottingham 002D","E01013882","Total",536,42,147,311,36,264,13,35,183,33,272,29,112,128,3
"2011","Nottingham 002E","E01013885","Total",647,47,147,397,56,347,18,46,232,51,300,29,101,165,5
"2011","Nottingham 004A","E01013886","Total",718,59,138,445,76,357,20,26,249,62,361,39,112,196,14
"2011","Nottingham 004B","E01013888","Total",666,30,155,431,50,341,12,49,240,40,325,18,106,191,10
"2011","Nottingham 004C","E01013889","Total",748,57,146,477,68,400,16,42,289,53,348,41,104,188,15
"2011","Nottingham 004D","E01013890","Total",821,51,165,530,75,420,18,36,307,59,401,33,129,223,16
"2011","Nottingham 004E","E01013891","Total",721,51,186,419,65,349,15,41,240,53,372,36,145,179,12
"2011","Nottingham 005A","E01013875","Total",768,55,169,478,66,420,17,42,305,56,348,38,127,173,10
"2011","Nottingham 005B","E01013876","Total",705,47,158,434,66,358,16,35,258,49,347,31,123,176,17
"2011","Nottingham 005C","E01013877","Total",396,42,124,207,23,195,19,34,120,22,201,23,90,87,1
"2011","Nottingham 005D","E01013878","Total",479,51,132,263,33,229,20,30,151,28,250,31,102,112,5
"2011","Nottingham 005E","E01013883","Total",680,64,151,415,50,329,12,35,239,43,351,52,116,176,7
"2011","Nottingham 005F","E01013884","Total",576,44,134,361,37,289,12,26,219,32,287,32,108,142,5
"2011","Nottingham 006A","E01013853","Total",597,37,138,363,59,311,10,30,221,50,286,27,108,142,9
"2011","Nottingham 006B","E01013854","Total",605,46,153,368,38,297,13,36,218,30,308,33,117,150,8
"2011","Nottingham 006C","E01013855","Total",532,40,153,291,48,267,13,40,174,40,265,27,113,117,8
"2011","Nottingham 006D","E01013856","Total",698,55,184,395,64,330,14,37,228,51,368,41,147,167,13
"2011","Nottingham 006F","E01033397","Total",825,40,162,543,80,418,14,45,298,61,407,26,117,245,19
"2011","Nottingham 006G","E01033398","Total",635,47,92,430,66,336,13,26,244,53,299,34,66,186,13
"2011","Nottingham 007A","E01013963","Total",650,56,148,379,67,311,14,36,210,51,339,42,112,169,16
"2011","Nottingham 007B","E01013964","Total",741,57,151,426,107,378,24,39,231,84,363,33,112,195,23
"2011","Nottingham 007C","E01013965","Total",635,38,157,395,45,301,15,45,207,34,334,23,112,188,11
"2011","Nottingham 007D","E01013966","Total",601,48,140,375,38,282,15,40,196,31,319,33,100,179,7
"2011","Nottingham 007E","E01013967","Total",751,82,169,385,115,435,37,84,229,85,316,45,85,156,30
"2011","Nottingham 008A","E01013827","Total",607,28,137,396,46,298,9,39,218,32,309,19,98,178,14
"2011","Nottingham 008B","E01013828","Total",861,41,148,589,83,452,13,46,335,58,409,28,102,254,25
"2011","Nottingham 008C","E01013834","Total",600,53,154,348,45,294,21,43,191,39,306,32,111,157,6
"2011","Nottingham 008D","E01013835","Total",690,48,159,430,53,347,13,42,252,40,343,35,117,178,13
"2011","Nottingham 008E","E01013836","Total",852,54,172,554,72,441,24,55,309,53,411,30,117,245,19
"2011","Nottingham 009A","E01013829","Total",805,47,130,557,71,407,19,38,303,47,398,28,92,254,24
"2011","Nottingham 009B","E01013830","Total",738,72,154,455,57,392,21,48,276,47,346,51,106,179,10
"2011","Nottingham 009C","E01013831","Total",831,66,156,527,82,435,16,33,315,71,396,50,123,212,11
"2011","Nottingham 009D","E01013832","Total",738,92,163,404,79,391,45,49,235,62,347,47,114,169,17
"2011","Nottingham 009E","E01013833","Total",538,41,148,315,34,270,19,50,171,30,268,22,98,144,4
"2011","Nottingham 010A","E01013935","Total",754,46,156,478,74,389,17,45,276,51,365,29,111,202,23
"2011","Nottingham 010B","E01013968","Total",548,53,93,329,73,263,15,24,171,53,285,38,69,158,20
"2011","Nottingham 010C","E01013969","Total",996,59,138,698,101,514,22,46,374,72,482,37,92,324,29
"2011","Nottingham 010D","E01013970","Total",921,67,172,588,94,474,24,56,333,61,447,43,116,255,33
"2011","Nottingham 010E","E01013971","Total",915,56,170,588,101,500,25,58,349,68,415,31,112,239,33
"2011","Nottingham 011A","E01013817","Total",473,30,140,267,36,238,11,23,175,29,235,19,117,92,7
"2011","Nottingham 011B","E01013818","Total",424,49,115,232,28,199,12,23,141,23,225,37,92,91,5
"2011","Nottingham 011C","E01013822","Total",524,42,149,301,32,246,10,32,178,26,278,32,117,123,6
"2011","Nottingham 011D","E01013825","Total",748,64,195,431,58,356,20,50,240,46,392,44,145,191,12
"2011","Nottingham 011E","E01013826","Total",583,56,173,307,47,270,12,33,183,42,313,44,140,124,5
"2011","Nottingham 012A","E01013837","Total",970,68,160,628,114,507,25,52,357,73,463,43,108,271,41
"2011","Nottingham 012B","E01013838","Total",874,101,172,533,68,459,39,52,316,52,415,62,120,217,16
"2011","Nottingham 012C","E01013839","Total",793,61,180,485,67,411,26,58,277,50,382,35,122,208,17
"2011","Nottingham 012D","E01013840","Total",1295,88,219,863,125,680,38,69,498,75,615,50,150,365,50
"2011","Nottingham 012E","E01013841","Total",732,49,177,439,67,380,18,62,250,50,352,31,115,189,17
"2011","Nottingham 013A","E01013819","Total",622,55,157,361,49,302,15,34,212,41,320,40,123,149,8
"2011","Nottingham 013B","E01013820","Total",604,58,176,337,33,300,23,45,209,23,304,35,131,128,10
"2011","Nottingham 013C","E01013821","Total",555,46,157,320,32,267,14,41,189,23,288,32,116,131,9
"2011","Nottingham 013D","E01013823","Total",697,84,174,395,44,348,29,39,244,36,349,55,135,151,8
"2011","Nottingham 013E","E01013824","Total",540,36,132,330,42,267,13,31,187,36,273,23,101,143,6
"2011","Nottingham 014A","E01013864","Total",562,49,176,295,42,253,15,39,161,38,309,34,137,134,4
"2011","Nottingham 014B","E01013865","Total",536,35,123,342,36,272,10,37,198,27,264,25,86,144,9
"2011","Nottingham 014C","E01013866","Total",558,58,146,318,36,284,25,34,198,27,274,33,112,120,9
"2011","Nottingham 014D","E01013867","Total",587,56,149,342,40,284,17,44,194,29,303,39,105,148,11
"2011","Nottingham 015A","E01013937","Total",890,66,157,552,115,488,24,46,335,83,402,42,111,217,32
"2011","Nottingham 015B","E01013938","Total",843,59,134,482,168,469,20,48,284,117,374,39,86,198,51
"2011","Nottingham 015C","E01013941","Total",877,65,123,544,145,503,30,49,318,106,374,35,74,226,39
"2011","Nottingham 015D","E01013943","Total",876,108,145,535,88,487,55,47,322,63,389,53,98,213,25
"2011","Nottingham 015E","E01013972","Total",798,57,169,486,86,413,25,60,271,57,385,32,109,215,29
"2011","Nottingham 016A","E01013936","Total",1227,73,214,810,130,624,25,68,438,93,603,48,146,372,37
"2011","Nottingham 016B","E01013939","Total",792,54,152,522,64,413,15,36,310,52,379,39,116,212,12
"2011","Nottingham 016C","E01013940","Total",680,52,131,434,63,343,20,40,236,47,337,32,91,198,16
"2011","Nottingham 016D","E01013942","Total",814,76,200,465,73,409,21,46,285,57,405,55,154,180,16
"2011","Nottingham 017A","E01013843","Total",759,62,123,510,64,452,25,50,329,48,307,37,73,181,16
"2011","Nottingham 017B","E01013844","Total",691,62,169,416,44,425,33,73,283,36,266,29,96,133,8
"2011","Nottingham 017C","E01013845","Total",667,56,195,371,45,412,33,101,248,30,255,23,94,123,15
"2011","Nottingham 017D","E01013847","Total",565,68,157,296,44,358,29,89,206,34,207,39,68,90,10
"2011","Nottingham 018A","E01013810","Total",576,65,158,325,28,339,37,76,206,20,237,28,82,119,8
"2011","Nottingham 018B","E01013811","Total",496,99,122,249,26,307,44,68,172,23,189,55,54,77,3
"2011","Nottingham 018C","E01013812","Total",566,84,162,292,28,341,43,84,192,22,225,41,78,100,6
"2011","Nottingham 018D","E01013842","Total",657,67,176,365,49,397,30,87,244,36,260,37,89,121,13
"2011","Nottingham 018E","E01013846","Total",637,103,156,329,49,391,46,89,219,37,246,57,67,110,12
"2011","Nottingham 019A","E01013930","Total",792,63,211,452,66,454,31,84,288,51,338,32,127,164,15
"2011","Nottingham 019B","E01013931","Total",618,79,148,337,54,359,36,67,212,44,259,43,81,125,10
"2011","Nottingham 019C","E01013932","Total",654,55,184,368,47,383,19,75,253,36,271,36,109,115,11
"2011","Nottingham 019D","E01013933","Total",650,64,178,360,48,341,22,54,228,37,309,42,124,132,11
"2011","Nottingham 019E","E01013934","Total",677,71,140,408,58,374,23,59,248,44,303,48,81,160,14
"2011","Nottingham 020A","E01013859","Total",532,37,112,329,54,272,8,26,190,48,260,29,86,139,6
"2011","Nottingham 020B","E01013861","Total",410,49,107,213,41,213,16,29,137,31,197,33,78,76,10
"2011","Nottingham 020C","E01013868","Total",456,41,110,268,37,234,12,31,163,28,222,29,79,105,9
"2011","Nottingham 020D","E01013929","Total",801,69,180,446,106,436,27,61,263,85,365,42,119,183,21
"2011","Nottingham 021A","E01013954","Total",527,53,132,298,44,267,18,31,185,33,260,35,101,113,11
"2011","Nottingham 021B","E01013959","Total",640,58,195,346,41,331,18,83,202,28,309,40,112,144,13
"2011","Nottingham 021C","E01013960","Total",551,43,175,299,34,290,15,62,187,26,261,28,113,112,8
"2011","Nottingham 021D","E01013962","Total",774,65,156,486,67,397,20,46,276,55,377,45,110,210,12
"2011","Nottingham 022A","E01013813","Total",696,216,164,281,35,387,104,74,176,33,309,112,90,105,2
"2011","Nottingham 022B","E01013814","Total",747,238,130,321,58,393,90,65,199,39,354,148,65,122,19
"2011","Nottingham 022C","E01013815","Total",621,227,113,237,44,310,85,51,138,36,311,142,62,99,8
"2011","Nottingham 022D","E01013816","Total",783,247,146,337,53,414,107,65,206,36,369,140,81,131,17
"2011","Nottingham 023C","E01013958","Total",621,87,163,320,51,326,35,63,196,32,295,52,100,124,19
"2011","Nottingham 023D","E01013961","Total",782,238,193,307,44,379,81,87,180,31,403,157,106,127,13
"2011","Nottingham 023E","E01033399","Total",581,214,132,212,23,285,79,60,130,16,296,135,72,82,7
"2011","Nottingham 023F","E01033401","Total",402,53,71,218,60,229,26,27,131,45,173,27,44,87,15
"2011","Nottingham 023G","E01033405","Total",499,111,70,265,53,305,50,35,181,39,194,61,35,84,14
"2011","Nottingham 023H","E01033409","Total",536,128,102,279,27,318,46,61,189,22,218,82,41,90,5
"2011","Nottingham 023I","E01033411","Total",345,44,101,185,15,193,15,44,125,9,152,29,57,60,6
"2011","Nottingham 024A","E01013913","Total",813,78,193,468,74,438,31,60,298,49,375,47,133,170,25
"2011","Nottingham 024B","E01013914","Total",736,71,183,413,69,406,23,57,271,55,330,48,126,142,14
"2011","Nottingham 024C","E01013915","Total",647,52,149,387,59,348,19,43,236,50,299,33,106,151,9
"2011","Nottingham 024D","E01013916","Total",580,49,143,353,35,309,17,46,215,31,271,32,97,138,4
"2011","Nottingham 024E","E01013917","Total",816,69,193,477,77,415,22,53,280,60,401,47,140,197,17
"2011","Nottingham 025A","E01013858","Total",557,55,143,319,40,273,15,36,186,36,284,40,107,133,4
"2011","Nottingham 025B","E01013860","Total",523,42,113,317,51,279,14,34,193,38,244,28,79,124,13
"2011","Nottingham 025C","E01013862","Total",522,48,134,303,37,254,11,35,177,31,268,37,99,126,6
"2011","Nottingham 025D","E01013863","Total",647,58,107,412,70,354,16,36,250,52,293,42,71,162,18
"2011","Nottingham 026A","E01013944","Total",705,59,165,428,53,421,24,79,275,43,284,35,86,153,10
"2011","Nottingham 026B","E01013945","Total",587,124,157,258,48,334,43,70,179,42,253,81,87,79,6
"2011","Nottingham 026D","E01013947","Total",675,135,161,337,42,377,60,80,202,35,298,75,81,135,7
"2011","Nottingham 026E","E01013948","Total",467,81,107,237,42,298,50,62,147,39,169,31,45,90,3
"2011","Nottingham 026F","E01013953","Total",713,354,128,205,26,336,130,59,130,17,377,224,69,75,9
"2011","Nottingham 026G","E01033395","Total",436,159,72,175,30,227,74,37,98,18,209,85,35,77,12
"2011","Nottingham 026H","E01033396","Total",364,57,88,196,23,199,26,29,128,16,165,31,59,68,7
"2011","Nottingham 027A","E01013977","Total",896,82,159,511,144,504,26,60,310,108,392,56,99,201,36
"2011","Nottingham 027B","E01013978","Total",754,68,157,425,104,394,21,47,248,78,360,47,110,177,26
"2011","Nottingham 027C","E01013979","Total",768,57,157,454,100,415,11,48,281,75,353,46,109,173,25
"2011","Nottingham 027D","E01013981","Total",857,86,141,502,128,437,20,39,279,99,420,66,102,223,29
"2011","Nottingham 028E","E01032520","Total",1211,128,132,672,279,718,59,63,419,177,493,69,69,253,102
"2011","Nottingham 028F","E01032522","Total",1248,122,141,722,263,746,54,62,455,175,502,68,79,267,88
"2011","Nottingham 028G","E01033404","Total",1099,414,186,434,65,612,179,101,282,50,487,235,85,152,15
"2011","Nottingham 029A","E01013918","Total",851,82,180,526,63,499,41,90,324,44,352,41,90,202,19
"2011","Nottingham 029B","E01013919","Total",930,77,193,574,86,582,37,103,371,71,348,40,90,203,15
"2011","Nottingham 029C","E01013920","Total",974,95,189,599,91,593,46,96,379,72,381,49,93,220,19
"2011","Nottingham 029D","E01013921","Total",756,75,152,472,57,436,34,65,293,44,320,41,87,179,13
"2011","Nottingham 029E","E01013957","Total",655,57,165,393,40,344,23,59,231,31,311,34,106,162,9
"2011","Nottingham 030A","E01013980","Total",762,75,132,470,85,406,28,29,290,59,356,47,103,180,26
"2011","Nottingham 030B","E01013982","Total",726,89,139,361,137,388,21,32,227,108,338,68,107,134,29
"2011","Nottingham 030C","E01013983","Total",609,78,98,375,58,322,26,24,226,46,287,52,74,149,12
"2011","Nottingham 030D","E01013984","Total",557,70,129,285,73,287,25,31,178,53,270,45,98,107,20
"2011","Nottingham 030E","E01013985","Total",758,93,168,419,78,409,27,46,275,61,349,66,122,144,17
"2011","Nottingham 031C","E01013924","Total",442,148,91,180,23,255,68,39,127,21,187,80,52,53,2
"2011","Nottingham 031E","E01013926","Total",611,137,101,300,73,335,65,34,178,58,276,72,67,122,15
"2011","Nottingham 031G","E01013928","Total",407,106,73,178,50,241,56,26,119,40,166,50,47,59,10
"2011","Nottingham 031H","E01033408","Total",984,353,181,385,65,515,142,82,251,40,469,211,99,134,25
"2011","Nottingham 031I","E01033410","Total",672,236,115,269,52,358,95,65,159,39,314,141,50,110,13
"2011","Nottingham 032A","E01013973","Total",588,287,103,167,31,282,129,39,90,24,306,158,64,77,7
"2011","Nottingham 032B","E01013974","Total",501,103,93,265,40,277,49,44,157,27,224,54,49,108,13
"2011","Nottingham 032C","E01013975","Total",515,153,92,204,66,263,59,30,121,53,252,94,62,83,13
"2011","Nottingham 032D","E01013976","Total",640,66,152,363,59,324,21,40,218,45,316,45,112,145,14
"2011","Nottingham 034A","E01013895","Total",696,80,150,402,64,361,30,37,241,53,335,50,113,161,11
"2011","Nottingham 034B","E01013896","Total",538,34,121,340,43,292,13,36,209,34,246,21,85,131,9
"2011","Nottingham 034C","E01013901","Total",804,69,140,499,96,432,25,37,305,65,372,44,103,194,31
"2011","Nottingham 034D","E01013902","Total",784,51,139,494,100,399,15,26,288,70,385,36,113,206,30
"2011","Nottingham 035A","E01013897","Total",552,49,136,320,47,288,15,41,193,39,264,34,95,127,8
"2011","Nottingham 035B","E01013898","Total",523,130,127,228,38,265,45,39,151,30,258,85,88,77,8
"2011","Nottingham 035C","E01013899","Total",590,47,114,373,56,304,17,23,219,45,286,30,91,154,11
"2011","Nottingham 035D","E01013900","Total",681,53,142,415,71,367,19,36,252,60,314,34,106,163,11
"2011","Nottingham 035E","E01013903","Total",570,40,128,367,35,298,18,32,226,22,272,22,96,141,13
"2011","Nottingham 035F","E01013907","Total",589,39,145,358,47,317,14,39,224,40,272,25,106,134,7
"2011","Nottingham 036A","E01013905","Total",623,44,161,365,53,339,12,45,236,46,284,32,116,129,7
"2011","Nottingham 036B","E01013908","Total",565,50,139,327,49,281,11,37,196,37,284,39,102,131,12
"2011","Nottingham 036C","E01013909","Total",624,49,155,349,71,311,11,35,201,64,313,38,120,148,7
"2011","Nottingham 036D","E01013912","Total",804,73,173,489,69,414,19,39,294,62,390,54,134,195,7
"2011","Nottingham 037A","E01013904","Total",673,46,159,404,64,362,16,41,248,57,311,30,118,156,7
"2011","Nottingham 037B","E01013906","Total",737,52,159,461,65,396,9,34,294,59,341,43,125,167,6
"2011","Nottingham 037C","E01013910","Total",637,64,150,380,43,337,17,50,232,38,300,47,100,148,5
"2011","Nottingham 037D","E01013911","Total",641,43,139,424,35,327,10,28,263,26,314,33,111,161,9
"2011","Nottingham 038A","E01013849","Total",606,47,191,333,35,288,13,43,201,31,318,34,148,132,4
"2011","Nottingham 038B","E01013850","Total",567,44,142,337,44,311,18,50,206,37,256,26,92,131,7
"2011","Nottingham 038C","E01013851","Total",577,56,157,326,38,268,24,33,178,33,309,32,124,148,5
"2011","Nottingham 038D","E01013852","Total",663,43,138,417,65,351,12,40,244,55,312,31,98,173,10
"2011","Nottingham 038E","E01032621","Total",664,58,132,423,51,344,20,25,257,42,320,38,107,166,9
"2011","Nottingham 039A","E01013874","Total",880,63,115,619,83,489,26,48,354,61,391,37,67,265,22
"2011","Nottingham 039B","E01033400","Total",528,67,91,317,53,304,35,33,198,38,224,32,58,119,15
"2011","Nottingham 039C","E01033402","Total",641,47,69,461,64,375,24,29,276,46,266,23,40,185,18
"2011","Nottingham 039D","E01033403","Total",576,64,70,362,80,365,30,35,244,56,211,34,35,118,24
"2011","Nottingham 039E","E01033406","Total",505,68,49,320,68,315,24,26,219,46,190,44,23,101,22
"2011","Nottingham 039F","E01033407","Total",598,70,76,397,55,373,32,38,270,33,225,38,38,127,22
"2011","Nottingham 040A","E01013870","Total",959,69,174,607,109,545,34,63,369,79,414,35,111,238,30
"2011","Nottingham 040B","E01013871","Total",596,56,153,340,47,337,23,64,212,38,259,33,89,128,9
"2011","Nottingham 040C","E01013872","Total",795,79,190,462,64,460,36,90,284,50,335,43,100,178,14
"2011","Nottingham 040D","E01013873","Total",824,113,160,478,73,478,44,91,283,60,346,69,69,195,13
"2011","Rutland 001A","E01013788","Total",1394,108,233,868,185,816,32,55,577,152,578,76,178,291,33
"2011","Rutland 001B","E01013789","Total",708,94,125,333,156,396,31,36,212,117,312,63,89,121,39
"2011","Rutland 001C","E01013790","Total",1011,149,329,409,124,691,94,233,265,99,320,55,96,144,25
"2011","Rutland 001D","E01013796","Total",1007,73,118,572,244,659,27,19,408,205,348,46,99,164,39
"2011","Rutland 002A","E01013793","Total",645,64,132,340,109,357,25,35,208,89,288,39,97,132,20
"2011","Rutland 002B","E01013800","Total",797,104,132,459,102,410,30,24,276,80,387,74,108,183,22
"2011","Rutland 002C","E01013801","Total",827,66,163,517,81,421,18,27,315,61,406,48,136,202,20
"2011","Rutland 002D","E01013809","Total",619,81,118,293,127,320,30,18,180,92,299,51,100,113,35
"2011","Rutland 003A","E01013798","Total",798,90,158,435,115,412,23,32,267,90,386,67,126,168,25
"2011","Rutland 003B","E01013799","Total",682,56,108,361,157,352,16,27,202,107,330,40,81,159,50
"2011","Rutland 003C","E01013802","Total",1102,96,184,614,208,596,37,47,365,147,506,59,137,249,61
"2011","Rutland 003D","E01013803","Total",1094,134,231,575,154,567,36,55,354,122,527,98,176,221,32
"2011","Rutland 004A","E01013791","Total",486,61,103,230,92,265,20,25,144,76,221,41,78,86,16
"2011","Rutland 004B","E01013792","Total",761,79,159,371,152,408,21,31,236,120,353,58,128,135,32
"2011","Rutland 004C","E01013797","Total",856,71,169,457,159,448,22,29,274,123,408,49,140,183,36
"2011","Rutland 004D","E01013804","Total",831,79,185,427,140,429,22,30,263,114,402,57,155,164,26
"2011","Rutland 004E","E01013805","Total",670,69,125,344,132,361,23,27,206,105,309,46,98,138,27
"2011","Rutland 005A","E01013787","Total",611,94,104,278,135,327,32,20,178,97,284,62,84,100,38
"2011","Rutland 005B","E01013794","Total",646,99,114,291,142,340,33,27,173,107,306,66,87,118,35
"2011","Rutland 005C","E01013795","Total",558,71,109,251,127,290,24,28,154,84,268,47,81,97,43
"2011","Rutland 005D","E01013806","Total",643,80,114,303,146,333,25,27,175,106,310,55,87,128,40
"2011","Rutland 005E","E01013807","Total",660,71,139,324,126,359,28,35,201,95,301,43,104,123,31
"2011","Rutland 005F","E01013808","Total",631,55,125,353,98,328,17,24,214,73,303,38,101,139,25
"2011","Amber Valley 001A","E01019400","Total",720,57,125,457,81,380,11,19,282,68,340,46,106,175,13
"2011","Amber Valley 001B","E01019401","Total",722,66,125,447,84,384,15,24,278,67,338,51,101,169,17
"2011","Amber Valley 001C","E01019402","Total",805,65,131,515,94,434,11,22,319,82,371,54,109,196,12
"2011","Amber Valley 001D","E01019404","Total",744,50,157,453,84,398,14,36,283,65,346,36,121,170,19
"2011","Amber Valley 002A","E01019406","Total",477,51,122,232,72,237,19,33,130,55,240,32,89,102,17
"2011","Amber Valley 002B","E01019423","Total",585,65,126,297,97,307,17,42,172,76,278,48,84,125,21
"2011","Amber Valley 002C","E01019424","Total",557,54,107,310,86,317,14,26,213,64,240,40,81,97,22
"2011","Amber Valley 002D","E01019477","Total",1053,105,196,537,215,568,24,49,319,176,485,81,147,218,39
"2011","Amber Valley 003A","E01019403","Total",552,50,117,336,49,280,8,22,210,40,272,42,95,126,9
"2011","Amber Valley 003B","E01019444","Total",435,41,82,252,60,243,8,21,165,49,192,33,61,87,11
"2011","Amber Valley 003C","E01019468","Total",724,65,125,421,113,397,20,26,260,91,327,45,99,161,22
"2011","Amber Valley 003D","E01019469","Total",651,28,146,397,80,356,5,36,251,64,295,23,110,146,16
"2011","Amber Valley 003E","E01019471","Total",591,33,114,363,81,310,9,20,216,65,281,24,94,147,16
"2011","Amber Valley 004A","E01019443","Total",696,72,125,430,69,367,25,24,264,54,329,47,101,166,15
"2011","Amber Valley 004B","E01019470","Total",873,61,162,559,91,466,15,29,350,72,407,46,133,209,19
"2011","Amber Valley 004C","E01019473","Total",773,56,162,484,71,397,11,28,299,59,376,45,134,185,12
"2011","Amber Valley 004D","E01019474","Total",714,67,146,423,78,373,20,30,258,65,341,47,116,165,13
"2011","Amber Valley 004E","E01019475","Total",587,48,111,348,80,302,13,19,212,58,285,35,92,136,22
"2011","Amber Valley 004F","E01019476","Total",632,58,129,357,88,346,14,31,228,73,286,44,98,129,15
"2011","Amber Valley 005A","E01019420","Total",646,48,133,374,91,348,8,34,232,74,298,40,99,142,17
"2011","Amber Valley 005B","E01019442","Total",808,53,137,515,103,432,11,28,304,89,376,42,109,211,14
"2011","Amber Valley 005C","E01019445","Total",781,66,129,492,94,421,19,32,298,72,360,47,97,194,22
"2011","Amber Valley 005D","E01019455","Total",724,75,133,449,67,402,24,30,291,57,322,51,103,158,10
"2011","Amber Valley 005E","E01019456","Total",949,74,157,600,118,486,17,25,356,88,463,57,132,244,30
"2011","Amber Valley 005F","E01019457","Total",658,79,132,381,66,354,14,37,244,59,304,65,95,137,7
"2011","Amber Valley 006A","E01019429","Total",841,82,150,474,135,444,26,29,280,109,397,56,121,194,26
"2011","Amber Valley 006B","E01019454","Total",676,59,168,374,75,355,15,41,237,62,321,44,127,137,13
"2011","Amber Valley 006C","E01019460","Total",907,76,190,526,115,471,21,33,327,90,436,55,157,199,25
"2011","Amber Valley 006D","E01019461","Total",682,69,144,396,73,357,19,35,242,61,325,50,109,154,12
"2011","Amber Valley 006E","E01019462","Total",600,57,130,348,65,332,15,31,229,57,268,42,99,119,8
"2011","Amber Valley 007A","E01019405","Total",719,101,135,312,171,402,25,44,191,142,317,76,91,121,29
"2011","Amber Valley 007B","E01019414","Total",778,89,136,418,135,405,31,22,255,97,373,58,114,163,38
"2011","Amber Valley 007C","E01019428","Total",707,65,131,401,110,369,13,26,241,89,338,52,105,160,21
"2011","Amber Valley 007D","E01019430","Total",998,99,182,564,153,543,34,42,343,124,455,65,140,221,29
"2011","Amber Valley 008A","E01019421","Total",997,89,206,602,100,530,20,37,381,92,467,69,169,221,8
"2011","Amber Valley 008B","E01019422","Total",726,62,151,415,98,397,14,25,278,80,329,48,126,137,18
"2011","Amber Valley 008C","E01019432","Total",896,91,170,528,107,492,29,38,333,92,404,62,132,195,15
"2011","Amber Valley 008D","E01019458","Total",805,61,136,515,93,441,13,34,316,78,364,48,102,199,15
"2011","Amber Valley 008E","E01019459","Total",580,42,111,375,52,292,8,20,222,42,288,34,91,153,10
"2011","Amber Valley 008F","E01019463","Total",556,65,111,326,54,296,22,26,205,43,260,43,85,121,11
"2011","Amber Valley 009A","E01019408","Total",784,87,165,450,82,426,26,45,291,64,358,61,120,159,18
"2011","Amber Valley 009B","E01019409","Total",811,75,193,462,81,433,21,35,306,71,378,54,158,156,10
"2011","Amber Valley 009C","E01019412","Total",915,91,160,550,114,478,19,20,352,87,437,72,140,198,27
"2011","Amber Valley 009D","E01019413","Total",791,75,150,455,111,399,16,19,275,89,392,59,131,180,22
"2011","Amber Valley 009E","E01019416","Total",704,87,155,385,77,370,26,35,245,64,334,61,120,140,13
"2011","Amber Valley 010A","E01019407","Total",1084,88,193,648,155,567,19,50,396,102,517,69,143,252,53
"2011","Amber Valley 010B","E01019415","Total",881,69,173,524,115,464,29,44,311,80,417,40,129,213,35
"2011","Amber Valley 010C","E01019417","Total",915,89,161,562,103,471,20,27,347,77,444,69,134,215,26
"2011","Amber Valley 010D","E01019419","Total",1082,74,205,676,127,578,22,42,418,96,504,52,163,258,31
"2011","Amber Valley 011A","E01019410","Total",846,75,158,522,91,448,16,31,326,75,398,59,127,196,16
"2011","Amber Valley 011B","E01019411","Total",755,76,150,431,98,399,21,28,271,79,356,55,122,160,19
"2011","Amber Valley 011C","E01019418","Total",917,83,166,549,119,475,19,28,331,97,442,64,138,218,22
"2011","Amber Valley 011D","E01019447","Total",716,68,153,378,117,381,19,33,234,95,335,49,120,144,22
"2011","Amber Valley 011E","E01019449","Total",1014,81,181,615,137,520,16,40,361,103,494,65,141,254,34
"2011","Amber Valley 012A","E01019431","Total",739,58,145,462,74,405,15,33,296,61,334,43,112,166,13
"2011","Amber Valley 012B","E01019433","Total",863,94,179,499,91,442,21,33,315,73,421,73,146,184,18
"2011","Amber Valley 012C","E01019438","Total",842,68,182,495,97,463,19,36,329,79,379,49,146,166,18
"2011","Amber Valley 012D","E01019451","Total",1015,81,202,602,130,536,21,55,359,101,479,60,147,243,29
"2011","Amber Valley 012E","E01019464","Total",1029,98,199,587,145,545,26,41,358,120,484,72,158,229,25
"2011","Amber Valley 013A","E01019434","Total",584,35,104,379,66,313,5,15,245,48,271,30,89,134,18
"2011","Amber Valley 013B","E01019435","Total",883,87,137,545,114,458,12,22,327,97,425,75,115,218,17
"2011","Amber Valley 013C","E01019436","Total",642,64,118,399,61,339,16,29,245,49,303,48,89,154,12
"2011","Amber Valley 013D","E01019439","Total",724,57,155,422,90,394,15,31,276,72,330,42,124,146,18
"2011","Amber Valley 013E","E01019440","Total",751,52,138,459,102,404,12,29,277,86,347,40,109,182,16
"2011","Amber Valley 015A","E01019446","Total",692,57,147,409,79,346,11,22,250,63,346,46,125,159,16
"2011","Amber Valley 015B","E01019448","Total",886,95,167,501,123,461,24,36,304,97,425,71,131,197,26
"2011","Amber Valley 015C","E01019450","Total",703,57,134,433,79,356,8,33,248,67,347,49,101,185,12
"2011","Amber Valley 015D","E01019465","Total",471,43,89,272,67,259,11,24,172,52,212,32,65,100,15
"2011","Amber Valley 015E","E01019467","Total",738,76,143,387,132,395,21,33,240,101,343,55,110,147,31
"2011","Amber Valley 016A","E01019425","Total",687,94,153,319,121,362,25,38,195,104,325,69,115,124,17
"2011","Amber Valley 016B","E01019426","Total",615,73,113,336,93,332,16,22,224,70,283,57,91,112,23
"2011","Amber Valley 016C","E01019427","Total",820,108,156,392,164,438,21,35,250,132,382,87,121,142,32
"2011","Amber Valley 016D","E01019472","Total",1308,176,267,596,269,709,57,76,370,206,599,119,191,226,63
"2011","Amber Valley 017A","E01019437","Total",604,52,137,343,72,306,6,27,215,58,298,46,110,128,14
"2011","Amber Valley 017B","E01019441","Total",637,65,125,389,58,340,10,23,257,50,297,55,102,132,8
"2011","Amber Valley 017C","E01019452","Total",586,62,110,352,62,315,14,25,221,55,271,48,85,131,7
"2011","Amber Valley 017D","E01019453","Total",873,86,161,527,99,474,27,32,335,80,399,59,129,192,19
"2011","Amber Valley 017E","E01032613","Total",549,63,126,271,89,292,13,45,165,69,257,50,81,106,20
"2011","Bolsover 001A","E01019478","Total",825,57,151,465,152,435,14,29,271,121,390,43,122,194,31
"2011","Bolsover 001B","E01019479","Total",836,97,158,435,146,450,38,40,263,109,386,59,118,172,37
"2011","Bolsover 001C","E01019491","Total",1132,79,227,679,147,600,20,47,412,121,532,59,180,267,26
"2011","Bolsover 001D","E01019493","Total",829,73,202,460,94,426,20,52,278,76,403,53,150,182,18
"2011","Bolsover 001E","E01019494","Total",907,79,171,531,126,490,30,36,315,109,417,49,135,216,17
"2011","Bolsover 002A","E01019492","Total",752,73,169,430,80,402,27,50,263,62,350,46,119,167,18
"2011","Bolsover 002B","E01019495","Total",697,53,140,405,99,372,9,37,246,80,325,44,103,159,19
"2011","Bolsover 002C","E01019524","Total",686,64,131,411,80,350,15,24,248,63,336,49,107,163,17
"2011","Bolsover 002D","E01019525","Total",696,70,148,400,78,371,17,29,263,62,325,53,119,137,16
"2011","Bolsover 003A","E01019496","Total",607,40,113,380,74,320,9,31,218,62,287,31,82,162,12
"2011","Bolsover 003B","E01019497","Total",512,42,95,309,66,271,10,24,184,53,241,32,71,125,13
"2011","Bolsover 003C","E01019498","Total",746,50,170,457,69,394,12,57,268,57,352,38,113,189,12
"2011","Bolsover 003D","E01019523","Total",416,37,85,253,41,208,10,25,141,32,208,27,60,112,9
"2011","Bolsover 004A","E01019483","Total",874,59,213,526,76,451,13,62,315,61,423,46,151,211,15
"2011","Bolsover 004B","E01019484","Total",936,97,195,507,137,513,20,59,323,111,423,77,136,184,26
"2011","Bolsover 004C","E01019485","Total",479,54,116,262,47,253,17,28,171,37,226,37,88,91,10
"2011","Bolsover 004D","E01019488","Total",553,50,123,316,64,303,12,33,203,55,250,38,90,113,9
"2011","Bolsover 005A","E01019486","Total",560,60,95,347,58,273,19,13,195,46,287,41,82,152,12
"2011","Bolsover 005B","E01019487","Total",604,62,146,333,63,309,17,32,211,49,295,45,114,122,14
"2011","Bolsover 005C","E01019489","Total",524,35,123,315,51,275,10,22,198,45,249,25,101,117,6
"2011","Bolsover 005D","E01019490","Total",580,59,125,327,69,301,18,23,200,60,279,41,102,127,9
"2011","Bolsover 005E","E01019502","Total",674,57,148,381,88,353,10,35,244,64,321,47,113,137,24
"2011","Bolsover 005F","E01019504","Total",587,49,119,355,64,307,10,27,220,50,280,39,92,135,14
"2011","Bolsover 006A","E01019508","Total",748,73,165,438,72,402,16,40,289,57,346,57,125,149,15
"2011","Bolsover 006B","E01019509","Total",418,31,101,239,47,212,7,19,148,38,206,24,82,91,9
"2011","Bolsover 006C","E01019510","Total",449,57,101,260,31,237,17,25,170,25,212,40,76,90,6
"2011","Bolsover 006D","E01019512","Total",1249,94,240,794,121,662,20,56,490,96,587,74,184,304,25
"2011","Bolsover 007A","E01019503","Total",1042,82,209,603,148,543,23,47,354,119,499,59,162,249,29
"2011","Bolsover 007B","E01019505","Total",627,49,132,355,91,345,18,41,218,68,282,31,91,137,23
"2011","Bolsover 007C","E01019506","Total",599,53,111,351,84,331,17,29,212,73,268,36,82,139,11
"2011","Bolsover 007D","E01019507","Total",671,65,133,409,64,342,19,30,241,52,329,46,103,168,12
"2011","Bolsover 007E","E01019511","Total",941,91,174,581,95,479,27,48,327,77,462,64,126,254,18
"2011","Bolsover 008A","E01019480","Total",695,67,131,401,96,369,22,24,242,81,326,45,107,159,15
"2011","Bolsover 008B","E01019482","Total",715,80,132,409,94,395,26,31,262,76,320,54,101,147,18
"2011","Bolsover 008C","E01019520","Total",826,74,156,455,141,428,12,33,272,111,398,62,123,183,30
"2011","Bolsover 008D","E01019521","Total",766,58,137,471,100,403,16,29,280,78,363,42,108,191,22
"2011","Bolsover 008E","E01019522","Total",736,50,139,448,99,384,13,24,267,80,352,37,115,181,19
"2011","Bolsover 009A","E01019481","Total",586,48,124,355,59,323,11,23,244,45,263,37,101,111,14
"2011","Bolsover 009B","E01019514","Total",811,58,145,508,100,458,12,27,331,88,353,46,118,177,12
"2011","Bolsover 009C","E01019515","Total",697,53,134,444,66,385,23,23,287,52,312,30,111,157,14
"2011","Bolsover 009D","E01019516","Total",689,68,120,424,77,372,12,21,277,62,317,56,99,147,15
"2011","Bolsover 009E","E01019519","Total",837,66,148,511,112,447,10,29,315,93,390,56,119,196,19
"2011","Bolsover 010A","E01019499","Total",640,61,99,386,94,358,22,24,237,75,282,39,75,149,19
"2011","Bolsover 010B","E01019500","Total",624,47,120,375,82,337,12,26,230,69,287,35,94,145,13
"2011","Bolsover 010C","E01019501","Total",675,42,139,403,91,370,7,33,261,69,305,35,106,142,22
"2011","Bolsover 010D","E01019513","Total",663,47,115,396,105,363,12,23,241,87,300,35,92,155,18
"2011","Bolsover 010E","E01019517","Total",862,64,151,528,119,451,13,17,330,91,411,51,134,198,28
"2011","Bolsover 010F","E01019518","Total",933,77,154,570,132,505,26,28,341,110,428,51,126,229,22
"2011","Chesterfield 001A","E01019526","Total",691,41,155,429,66,355,13,31,262,49,336,28,124,167,17
"2011","Chesterfield 001B","E01019528","Total",767,52,172,454,89,396,14,33,277,72,371,38,139,177,17
"2011","Chesterfield 001C","E01019572","Total",505,41,127,298,39,264,9,31,189,35,241,32,96,109,4
"2011","Chesterfield 001D","E01019573","Total",762,70,154,454,84,400,22,38,279,61,362,48,116,175,23
"2011","Chesterfield 001E","E01019574","Total",611,50,144,345,72,325,14,35,214,62,286,36,109,131,10
"2011","Chesterfield 002A","E01019563","Total",679,65,150,396,68,368,24,40,244,60,311,41,110,152,8
"2011","Chesterfield 002B","E01019564","Total",692,71,155,390,76,369,21,41,236,71,323,50,114,154,5
"2011","Chesterfield 002C","E01019565","Total",588,57,150,309,72,317,16,42,194,65,271,41,108,115,7
"2011","Chesterfield 002D","E01019566","Total",660,57,158,366,79,357,20,30,236,71,303,37,128,130,8
"2011","Chesterfield 002E","E01019568","Total",550,50,158,291,51,296,16,33,200,47,254,34,125,91,4
"2011","Chesterfield 003A","E01019527","Total",567,56,102,329,80,300,16,30,189,65,267,40,72,140,15
"2011","Chesterfield 003B","E01019529","Total",750,62,159,437,92,401,10,46,276,69,349,52,113,161,23
"2011","Chesterfield 003C","E01019530","Total",722,54,135,455,78,378,16,28,265,69,344,38,107,190,9
"2011","Chesterfield 003D","E01019531","Total",721,53,165,442,61,361,20,39,251,51,360,33,126,191,10
"2011","Chesterfield 003E","E01019553","Total",964,78,194,592,100,502,19,37,359,87,462,59,157,233,13
"2011","Chesterfield 004A","E01019541","Total",643,73,158,346,66,332,17,46,218,51,311,56,112,128,15
"2011","Chesterfield 004B","E01019542","Total",746,59,190,411,86,394,16,51,255,72,352,43,139,156,14
"2011","Chesterfield 004C","E01019543","Total",632,68,171,337,56,336,23,50,218,45,296,45,121,119,11
"2011","Chesterfield 004D","E01019544","Total",648,70,154,363,61,346,18,46,229,53,302,52,108,134,8
"2011","Chesterfield 004E","E01019571","Total",532,49,154,282,47,265,15,40,172,38,267,34,114,110,9
"2011","Chesterfield 005A","E01019532","Total",623,63,128,373,59,336,17,24,244,51,287,46,104,129,8
"2011","Chesterfield 005B","E01019533","Total",791,59,169,466,97,412,19,41,279,73,379,40,128,187,24
"2011","Chesterfield 005C","E01019534","Total",577,51,128,343,55,311,17,30,215,49,266,34,98,128,6
"2011","Chesterfield 005D","E01019535","Total",716,65,151,412,88,367,19,28,252,68,349,46,123,160,20
"2011","Chesterfield 005E","E01019536","Total",775,68,173,459,75,379,15,35,268,61,396,53,138,191,14
"2011","Chesterfield 006A","E01019549","Total",518,39,146,277,56,280,12,42,178,48,238,27,104,99,8
"2011","Chesterfield 006B","E01019550","Total",669,76,159,366,68,350,24,44,226,56,319,52,115,140,12
"2011","Chesterfield 006C","E01019551","Total",722,66,170,403,83,372,20,30,258,64,350,46,140,145,19
"2011","Chesterfield 006D","E01019552","Total",611,46,148,359,58,313,15,29,223,46,298,31,119,136,12
"2011","Chesterfield 006E","E01019567","Total",696,57,172,390,77,353,18,34,238,63,343,39,138,152,14
"2011","Chesterfield 007A","E01019537","Total",677,80,167,346,84,375,28,43,240,64,302,52,124,106,20
"2011","Chesterfield 007B","E01019569","Total",859,65,175,512,107,492,30,46,328,88,367,35,129,184,19
"2011","Chesterfield 007C","E01019570","Total",504,49,123,282,50,262,12,31,179,40,242,37,92,103,10
"2011","Chesterfield 007D","E01019580","Total",609,57,157,323,72,321,10,42,212,57,288,47,115,111,15
"2011","Chesterfield 007E","E01019581","Total",622,60,131,372,59,344,23,44,230,47,278,37,87,142,12
"2011","Chesterfield 008A","E01019557","Total",745,71,159,425,90,379,20,35,246,78,366,51,124,179,12
"2011","Chesterfield 008B","E01019558","Total",794,64,159,487,84,420,17,33,304,66,374,47,126,183,18
"2011","Chesterfield 008C","E01019559","Total",635,63,139,348,85,330,21,25,218,66,305,42,114,130,19
"2011","Chesterfield 008D","E01019560","Total",582,54,151,323,54,302,13,39,209,41,280,41,112,114,13
"2011","Chesterfield 008E","E01019561","Total",484,37,142,254,51,257,9,48,153,47,227,28,94,101,4
"2011","Chesterfield 008F","E01019562","Total",502,50,118,282,52,263,15,30,181,37,239,35,88,101,15
"2011","Chesterfield 009A","E01019539","Total",754,69,155,438,92,402,26,45,262,69,352,43,110,176,23
"2011","Chesterfield 009B","E01019540","Total",737,77,144,427,89,370,26,25,252,67,367,51,119,175,22
"2011","Chesterfield 009C","E01019555","Total",658,65,143,386,64,354,20,36,247,51,304,45,107,139,13
"2011","Chesterfield 009D","E01019590","Total",827,83,174,461,109,435,29,47,281,78,392,54,127,180,31
"2011","Chesterfield 009E","E01019591","Total",770,92,160,428,90,385,25,27,259,74,385,67,133,169,16
"2011","Chesterfield 010A","E01019538","Total",896,60,146,592,98,482,18,45,345,74,414,42,101,247,24
"2011","Chesterfield 010B","E01019554","Total",763,56,145,481,81,402,15,33,299,55,361,41,112,182,26
"2011","Chesterfield 010C","E01019556","Total",672,58,156,380,78,363,17,49,238,59,309,41,107,142,19
"2011","Chesterfield 010D","E01019579","Total",848,66,157,507,118,478,22,46,328,82,370,44,111,179,36
"2011","Chesterfield 010F","E01033387","Total",751,47,105,484,115,423,20,24,291,88,328,27,81,193,27
"2011","Chesterfield 010G","E01033388","Total",688,54,154,421,59,351,10,36,257,48,337,44,118,164,11
"2011","Chesterfield 011A","E01019586","Total",686,61,150,401,74,368,20,43,249,56,318,41,107,152,18
"2011","Chesterfield 011B","E01019587","Total",771,84,167,421,99,401,33,38,256,74,370,51,129,165,25
"2011","Chesterfield 011C","E01019588","Total",652,98,136,330,88,340,28,28,214,70,312,70,108,116,18
"2011","Chesterfield 011D","E01019589","Total",659,72,139,371,77,332,20,32,216,64,327,52,107,155,13
"2011","Chesterfield 011E","E01019592","Total",736,88,160,349,139,354,23,26,199,106,382,65,134,150,33
"2011","Chesterfield 011F","E01019593","Total",480,57,100,250,73,251,15,23,154,59,229,42,77,96,14
"2011","Chesterfield 012A","E01019545","Total",659,65,149,374,71,351,20,38,233,60,308,45,111,141,11
"2011","Chesterfield 012B","E01019546","Total",732,68,155,433,76,371,15,33,259,64,361,53,122,174,12
"2011","Chesterfield 012C","E01019547","Total",628,51,141,391,45,307,20,35,219,33,321,31,106,172,12
"2011","Chesterfield 012D","E01019548","Total",1162,111,278,646,127,577,34,73,365,105,585,77,205,281,22
"2011","Chesterfield 012E","E01019582","Total",712,44,184,419,65,373,12,37,266,58,339,32,147,153,7
"2011","Chesterfield 012F","E01019583","Total",760,54,188,429,89,371,8,32,258,73,389,46,156,171,16
"2011","Chesterfield 012G","E01019585","Total",1263,99,252,733,179,680,32,69,436,143,583,67,183,297,36
"2011","Chesterfield 013A","E01019575","Total",620,69,164,333,54,331,21,48,218,44,289,48,116,115,10
"2011","Chesterfield 013B","E01019576","Total",665,76,161,347,81,355,27,48,219,61,310,49,113,128,20
"2011","Chesterfield 013C","E01019577","Total",692,70,171,377,74,371,23,52,228,68,321,47,119,149,6
"2011","Chesterfield 013D","E01019578","Total",519,55,151,278,35,259,16,42,171,30,260,39,109,107,5
"2011","Derbyshire Dales 001A","E01019602","Total",930,117,187,460,166,492,28,43,285,136,438,89,144,175,30
"2011","Derbyshire Dales 001B","E01019614","Total",866,97,187,425,157,466,31,50,259,126,400,66,137,166,31
"2011","Derbyshire Dales 001C","E01019615","Total",1044,148,212,499,185,537,45,50,295,147,507,103,162,204,38
"2011","Derbyshire Dales 001D","E01019631","Total",967,108,217,477,165,509,27,55,292,135,458,81,162,185,30
"2011","Derbyshire Dales 002A","E01019600","Total",782,90,155,366,171,412,32,47,209,124,370,58,108,157,47
"2011","Derbyshire Dales 002B","E01019604","Total",876,137,168,399,172,460,54,43,238,125,416,83,125,161,47
"2011","Derbyshire Dales 002C","E01019606","Total",778,107,142,368,161,416,25,39,228,124,362,82,103,140,37
"2011","Derbyshire Dales 002D","E01019618","Total",802,121,166,360,155,422,34,47,224,117,380,87,119,136,38
"2011","Derbyshire Dales 003A","E01019599","Total",655,80,149,286,140,330,22,31,169,108,325,58,118,117,32
"2011","Derbyshire Dales 003B","E01019601","Total",636,72,146,337,81,325,20,37,206,62,311,52,109,131,19
"2011","Derbyshire Dales 003C","E01019613","Total",898,116,191,372,219,468,39,27,224,178,430,77,164,148,41
"2011","Derbyshire Dales 003D","E01019617","Total",802,91,163,390,158,430,21,45,236,128,372,70,118,154,30
"2011","Derbyshire Dales 004A","E01019608","Total",762,88,171,399,104,403,20,34,257,92,359,68,137,142,12
"2011","Derbyshire Dales 004B","E01019610","Total",805,85,185,431,104,415,22,48,262,83,390,63,137,169,21
"2011","Derbyshire Dales 004C","E01019630","Total",965,114,208,495,148,513,28,47,321,117,452,86,161,174,31
"2011","Derbyshire Dales 005A","E01019609","Total",1073,124,232,558,159,556,28,50,347,131,517,96,182,211,28
"2011","Derbyshire Dales 005B","E01019621","Total",686,70,165,355,96,350,19,34,223,74,336,51,131,132,22
"2011","Derbyshire Dales 005C","E01019622","Total",828,102,164,464,98,443,34,36,292,81,385,68,128,172,17
"2011","Derbyshire Dales 005D","E01019624","Total",624,67,130,347,80,316,24,25,204,63,308,43,105,143,17
"2011","Derbyshire Dales 005E","E01019627","Total",646,77,124,325,120,361,22,36,205,98,285,55,88,120,22
"2011","Derbyshire Dales 005F","E01019628","Total",511,60,109,272,70,273,19,26,172,56,238,41,83,100,14
"2011","Derbyshire Dales 006A","E01019619","Total",663,85,156,311,111,348,20,50,194,84,315,65,106,117,27
"2011","Derbyshire Dales 006B","E01019620","Total",870,92,165,421,192,461,20,46,248,147,409,72,119,173,45
"2011","Derbyshire Dales 006C","E01019623","Total",665,64,112,391,98,341,21,33,219,68,324,43,79,172,30
"2011","Derbyshire Dales 006D","E01019625","Total",568,84,141,279,64,286,22,32,179,53,282,62,109,100,11
"2011","Derbyshire Dales 006E","E01019626","Total",776,98,160,404,114,427,35,41,258,93,349,63,119,146,21
"2011","Derbyshire Dales 006F","E01019632","Total",834,114,194,391,135,432,29,48,245,110,402,85,146,146,25
"2011","Derbyshire Dales 007A","E01019633","Total",709,78,140,379,112,393,23,29,247,94,316,55,111,132,18
"2011","Derbyshire Dales 007B","E01019634","Total",741,84,153,383,121,387,17,39,241,90,354,67,114,142,31
"2011","Derbyshire Dales 007C","E01019635","Total",589,60,116,327,86,314,11,32,202,69,275,49,84,125,17
"2011","Derbyshire Dales 007D","E01019636","Total",778,69,169,442,98,419,22,46,272,79,359,47,123,170,19
"2011","Derbyshire Dales 008A","E01019595","Total",1057,115,205,517,220,562,21,46,323,172,495,94,159,194,48
"2011","Derbyshire Dales 008B","E01019605","Total",1015,132,193,438,252,550,39,34,275,202,465,93,159,163,50
"2011","Derbyshire Dales 008C","E01019611","Total",936,103,177,407,249,505,27,35,247,196,431,76,142,160,53
"2011","Derbyshire Dales 008D","E01019616","Total",861,90,179,387,205,477,24,48,232,173,384,66,131,155,32
"2011","Derbyshire Dales 009A","E01019594","Total",788,96,187,385,120,401,18,30,244,109,387,78,157,141,11
"2011","Derbyshire Dales 009B","E01019596","Total",708,87,122,355,144,388,21,19,227,121,320,66,103,128,23
"2011","Derbyshire Dales 009C","E01019597","Total",820,107,153,412,148,428,21,28,245,134,392,86,125,167,14
"2011","Derbyshire Dales 009D","E01019598","Total",883,85,174,483,141,460,19,26,299,116,423,66,148,184,25
"2011","Derbyshire Dales 010A","E01019603","Total",826,106,146,378,196,434,29,23,225,157,392,77,123,153,39
"2011","Derbyshire Dales 010B","E01019607","Total",933,105,198,404,226,506,26,48,253,179,427,79,150,151,47
"2011","Derbyshire Dales 010C","E01019612","Total",1174,136,235,547,256,717,52,84,371,210,457,84,151,176,46
"2011","Derbyshire Dales 010D","E01019629","Total",875,104,166,385,220,478,24,38,240,176,397,80,128,145,44
"2011","Erewash 001A","E01019644","Total",686,49,147,414,76,356,11,28,254,63,330,38,119,160,13
"2011","Erewash 001B","E01019646","Total",662,59,163,376,64,340,23,34,229,54,322,36,129,147,10
"2011","Erewash 001C","E01019663","Total",433,38,98,256,41,231,11,19,164,37,202,27,79,92,4
"2011","Erewash 001D","E01019664","Total",469,48,121,249,51,245,13,22,173,37,224,35,99,76,14
"2011","Erewash 001E","E01019665","Total",612,76,118,348,70,311,24,21,210,56,301,52,97,138,14
"2011","Erewash 003A","E01019657","Total",813,61,171,490,91,425,17,43,294,71,388,44,128,196,20
"2011","Erewash 003B","E01019660","Total",1000,86,187,621,106,542,23,39,391,89,458,63,148,230,17
"2011","Erewash 003C","E01019661","Total",660,53,138,413,56,351,17,29,261,44,309,36,109,152,12
"2011","Erewash 003D","E01019662","Total",696,53,126,443,74,379,12,33,271,63,317,41,93,172,11
"2011","Erewash 003E","E01019672","Total",780,88,148,468,76,404,22,40,284,58,376,66,108,184,18
"2011","Erewash 003F","E01019690","Total",633,37,126,403,67,337,11,25,243,58,296,26,101,160,9
"2011","Erewash 004A","E01019670","Total",901,107,197,455,142,461,31,48,273,109,440,76,149,182,33
"2011","Erewash 004B","E01019671","Total",886,86,174,492,134,461,22,39,294,106,425,64,135,198,28
"2011","Erewash 004C","E01019701","Total",991,95,191,593,112,515,17,37,378,83,476,78,154,215,29
"2011","Erewash 005A","E01019673","Total",606,64,143,336,63,321,15,39,218,49,285,49,104,118,14
"2011","Erewash 005B","E01019702","Total",990,100,204,544,142,514,32,33,340,109,476,68,171,204,33
"2011","Erewash 005C","E01019703","Total",850,100,161,492,97,433,21,42,297,73,417,79,119,195,24
"2011","Erewash 005D","E01019704","Total",757,93,165,398,101,410,26,49,251,84,347,67,116,147,17
"2011","Erewash 006A","E01019658","Total",976,57,188,630,101,521,16,44,378,83,455,41,144,252,18
"2011","Erewash 006B","E01019659","Total",961,92,170,575,124,475,19,29,327,100,486,73,141,248,24
"2011","Erewash 006C","E01019674","Total",593,60,126,351,56,320,19,28,229,44,273,41,98,122,12
"2011","Erewash 006D","E01019688","Total",679,64,120,425,70,361,16,30,263,52,318,48,90,162,18
"2011","Erewash 006E","E01019689","Total",723,71,134,464,54,367,16,24,282,45,356,55,110,182,9
"2011","Erewash 007A","E01019666","Total",630,59,128,393,50,328,12,25,250,41,302,47,103,143,9
"2011","Erewash 007B","E01019667","Total",680,52,145,425,58,356,13,23,270,50,324,39,122,155,8
"2011","Erewash 007C","E01019668","Total",482,42,99,304,37,255,8,17,197,33,227,34,82,107,4
"2011","Erewash 007D","E01019669","Total",737,87,149,422,79,394,20,27,281,66,343,67,122,141,13
"2011","Erewash 008A","E01019656","Total",585,64,98,322,101,315,16,17,204,78,270,48,81,118,23
"2011","Erewash 008B","E01019691","Total",784,64,158,476,86,404,13,27,296,68,380,51,131,180,18
"2011","Erewash 008C","E01019692","Total",606,65,136,349,56,318,16,33,218,51,288,49,103,131,5
"2011","Erewash 008D","E01019693","Total",910,63,154,585,108,468,18,34,332,84,442,45,120,253,24
"2011","Erewash 008E","E01019694","Total",630,69,103,365,93,327,23,17,210,77,303,46,86,155,16
"2011","Erewash 008F","E01019696","Total",668,66,137,399,66,356,21,33,248,54,312,45,104,151,12
"2011","Erewash 009A","E01019683","Total",652,70,117,364,101,341,18,27,219,77,311,52,90,145,24
"2011","Erewash 009B","E01019684","Total",914,70,149,568,127,486,14,33,335,104,428,56,116,233,23
"2011","Erewash 009C","E01019685","Total",741,66,150,441,84,392,17,47,277,51,349,49,103,164,33
"2011","Erewash 009D","E01019686","Total",654,72,131,354,97,328,14,25,216,73,326,58,106,138,24
"2011","Erewash 009E","E01019687","Total",589,49,138,343,59,310,7,28,227,48,279,42,110,116,11
"2011","Erewash 010A","E01019648","Total",765,58,157,480,70,393,15,38,281,59,372,43,119,199,11
"2011","Erewash 010B","E01019649","Total",968,65,197,601,105,504,22,49,358,75,464,43,148,243,30
"2011","Erewash 010C","E01019650","Total",610,54,147,357,52,309,15,27,224,43,301,39,120,133,9
"2011","Erewash 010D","E01019651","Total",705,62,146,440,57,369,15,30,284,40,336,47,116,156,17
"2011","Erewash 010E","E01019695","Total",768,62,130,492,84,386,16,35,277,58,382,46,95,215,26
"2011","Erewash 011A","E01019641","Total",710,91,148,389,82,371,35,35,235,66,339,56,113,154,16
"2011","Erewash 011B","E01019652","Total",806,81,162,456,107,396,18,30,265,83,410,63,132,191,24
"2011","Erewash 011C","E01019653","Total",739,72,127,457,83,389,29,21,273,66,350,43,106,184,17
"2011","Erewash 011D","E01019707","Total",881,57,155,580,89,465,17,38,340,70,416,40,117,240,19
"2011","Erewash 011E","E01019708","Total",895,93,171,524,107,455,19,33,315,88,440,74,138,209,19
"2011","Erewash 012A","E01019647","Total",944,75,155,617,97,481,19,41,350,71,463,56,114,267,26
"2011","Erewash 012B","E01019675","Total",775,63,146,501,65,410,19,32,305,54,365,44,114,196,11
"2011","Erewash 012C","E01019679","Total",909,67,164,606,72,481,9,42,370,60,428,58,122,236,12
"2011","Erewash 012D","E01019682","Total",733,60,116,478,79,390,20,24,286,60,343,40,92,192,19
"2011","Erewash 013A","E01019642","Total",643,62,144,354,83,324,19,23,213,69,319,43,121,141,14
"2011","Erewash 013B","E01019643","Total",733,67,149,420,97,385,16,31,264,74,348,51,118,156,23
"2011","Erewash 013C","E01019654","Total",770,75,124,456,115,412,18,37,279,78,358,57,87,177,37
"2011","Erewash 013D","E01019655","Total",827,49,152,533,93,431,19,35,310,67,396,30,117,223,26
"2011","Erewash 014A","E01019676","Total",745,65,140,473,67,393,22,26,289,56,352,43,114,184,11
"2011","Erewash 014B","E01019677","Total",718,65,126,468,59,378,13,30,287,48,340,52,96,181,11
"2011","Erewash 014C","E01019678","Total",934,69,163,606,96,490,21,29,359,81,444,48,134,247,15
"2011","Erewash 014D","E01019680","Total",793,68,164,479,82,416,16,29,309,62,377,52,135,170,20
"2011","Erewash 014E","E01019681","Total",761,72,150,456,83,397,25,28,282,62,364,47,122,174,21
"2011","Erewash 014F","E01019698","Total",782,56,153,474,99,417,26,32,281,78,365,30,121,193,21
"2011","Erewash 015A","E01019697","Total",697,55,149,416,77,366,22,25,258,61,331,33,124,158,16
"2011","Erewash 015B","E01019699","Total",517,36,116,321,44,261,8,26,195,32,256,28,90,126,12
"2011","Erewash 015C","E01019700","Total",1119,100,212,690,117,589,24,52,425,88,530,76,160,265,29
"2011","Erewash 015D","E01019705","Total",983,89,165,651,78,515,33,36,378,68,468,56,129,273,10
"2011","Erewash 015E","E01019706","Total",625,78,109,383,55,327,17,20,241,49,298,61,89,142,6
"2011","Erewash 015F","E01019709","Total",631,60,128,381,62,329,20,25,230,54,302,40,103,151,8
"2011","Erewash 016A","E01019638","Total",687,75,119,415,78,373,15,23,271,64,314,60,96,144,14
"2011","Erewash 016B","E01019639","Total",544,58,108,315,63,280,21,20,189,50,264,37,88,126,13
"2011","Erewash 016C","E01019640","Total",899,48,154,601,96,475,17,25,350,83,424,31,129,251,13
"2011","Erewash 016D","E01019645","Total",795,60,167,500,68,410,20,32,307,51,385,40,135,193,17
"2011","Erewash 016E","E01032614","Total",821,79,141,504,97,431,17,19,314,81,390,62,122,190,16
"2011","High Peak 001A","E01019733","Total",713,63,133,442,75,368,23,29,260,56,345,40,104,182,19
"2011","High Peak 001B","E01019752","Total",698,34,108,467,89,345,3,20,267,55,353,31,88,200,34
"2011","High Peak 001C","E01019753","Total",849,77,174,499,99,439,24,40,301,74,410,53,134,198,25
"2011","High Peak 001D","E01019763","Total",1085,78,208,643,156,571,19,51,380,121,514,59,157,263,35
"2011","High Peak 002A","E01019728","Total",397,33,96,225,43,192,7,12,136,37,205,26,84,89,6
"2011","High Peak 002B","E01019729","Total",479,37,106,293,43,254,12,24,186,32,225,25,82,107,11
"2011","High Peak 002C","E01019730","Total",889,63,195,524,107,455,18,48,310,79,434,45,147,214,28
"2011","High Peak 002D","E01019731","Total",713,61,141,443,68,361,18,33,263,47,352,43,108,180,21
"2011","High Peak 002E","E01019732","Total",741,61,146,455,79,392,11,34,278,69,349,50,112,177,10
"2011","High Peak 003A","E01019738","Total",753,67,151,444,91,378,14,36,258,70,375,53,115,186,21
"2011","High Peak 003B","E01019739","Total",814,66,136,499,113,412,19,30,288,75,402,47,106,211,38
"2011","High Peak 003C","E01019740","Total",641,41,124,405,71,338,12,33,235,58,303,29,91,170,13
"2011","High Peak 003D","E01019750","Total",614,63,130,343,78,293,14,35,188,56,321,49,95,155,22
"2011","High Peak 003E","E01019751","Total",1159,93,193,704,169,620,25,44,416,135,539,68,149,288,34
"2011","High Peak 003F","E01019768","Total",993,83,202,597,111,514,26,47,359,82,479,57,155,238,29
"2011","High Peak 004A","E01019727","Total",771,79,143,418,131,418,21,43,257,97,353,58,100,161,34
"2011","High Peak 004B","E01019749","Total",667,57,117,408,85,345,18,18,242,67,322,39,99,166,18
"2011","High Peak 004C","E01019754","Total",925,93,169,532,131,469,29,45,300,95,456,64,124,232,36
"2011","High Peak 004D","E01019756","Total",1021,83,196,621,121,529,23,39,373,94,492,60,157,248,27
"2011","High Peak 004E","E01019757","Total",712,68,153,415,76,358,16,37,250,55,354,52,116,165,21
"2011","High Peak 004F","E01019758","Total",806,81,139,464,122,428,25,23,281,99,378,56,116,183,23
"2011","High Peak 005A","E01019746","Total",843,76,146,492,129,453,20,30,305,98,390,56,116,187,31
"2011","High Peak 005B","E01019747","Total",615,69,125,340,81,318,16,28,213,61,297,53,97,127,20
"2011","High Peak 005C","E01019748","Total",869,73,144,541,111,461,21,32,316,92,408,52,112,225,19
"2011","High Peak 005D","E01019755","Total",1131,122,232,627,150,580,37,64,371,108,551,85,168,256,42
"2011","High Peak 005E","E01019766","Total",777,84,155,453,85,419,21,41,295,62,358,63,114,158,23
"2011","High Peak 006A","E01019711","Total",726,71,152,408,95,390,24,39,249,78,336,47,113,159,17
"2011","High Peak 006B","E01019734","Total",1052,107,224,551,170,554,31,60,329,134,498,76,164,222,36
"2011","High Peak 006C","E01019743","Total",620,47,135,375,63,328,11,33,232,52,292,36,102,143,11
"2011","High Peak 006D","E01019744","Total",736,84,159,422,71,364,27,30,253,54,372,57,129,169,17
"2011","High Peak 006E","E01019745","Total",511,40,92,329,50,264,12,11,202,39,247,28,81,127,11
"2011","High Peak 008A","E01019712","Total",789,75,131,429,154,419,18,35,252,114,370,57,96,177,40
"2011","High Peak 008B","E01019713","Total",529,64,100,253,112,279,20,23,146,90,250,44,77,107,22
"2011","High Peak 008C","E01019764","Total",774,99,145,424,106,407,27,29,264,87,367,72,116,160,19
"2011","High Peak 008D","E01019765","Total",1003,112,206,536,149,531,34,58,328,111,472,78,148,208,38
"2011","High Peak 008E","E01019767","Total",807,83,164,445,115,420,22,37,270,91,387,61,127,175,24
"2011","High Peak 010A","E01019710","Total",948,100,202,536,110,500,27,54,331,88,448,73,148,205,22
"2011","High Peak 010B","E01019715","Total",767,70,155,435,107,413,29,48,249,87,354,41,107,186,20
"2011","High Peak 010C","E01019717","Total",584,105,113,294,72,329,44,48,181,56,255,61,65,113,16
"2011","High Peak 010D","E01019722","Total",979,141,180,532,126,514,51,31,331,101,465,90,149,201,25
"2011","High Peak 010E","E01019723","Total",739,96,137,402,104,389,30,42,234,83,350,66,95,168,21
"2011","High Peak 011A","E01019716","Total",639,72,142,370,55,351,19,34,253,45,288,53,108,117,10
"2011","High Peak 011B","E01019724","Total",571,55,120,336,60,297,15,17,220,45,274,40,103,116,15
"2011","High Peak 011C","E01019759","Total",695,59,163,395,78,374,18,37,247,72,321,41,126,148,6
"2011","High Peak 011D","E01019760","Total",748,77,174,432,65,393,20,32,285,56,355,57,142,147,9
"2011","High Peak 011E","E01019761","Total",614,68,159,319,68,324,12,40,219,53,290,56,119,100,15
"2011","High Peak 012A","E01019714","Total",1346,119,320,700,207,712,33,74,429,176,634,86,246,271,31
"2011","High Peak 012B","E01019725","Total",783,69,169,449,96,409,14,29,289,77,374,55,140,160,19
"2011","High Peak 012C","E01019726","Total",707,62,154,382,109,371,17,25,240,89,336,45,129,142,20
"2011","High Peak 012D","E01019762","Total",828,105,157,440,126,430,36,30,266,98,398,69,127,174,28
"2011","High Peak 013E","E01019718","Total",1158,100,247,640,171,613,34,60,388,131,545,66,187,252,40
"2011","High Peak 013F","E01019719","Total",763,79,178,409,97,396,33,40,247,76,367,46,138,162,21
"2011","High Peak 013G","E01019720","Total",749,69,177,401,102,396,19,37,255,85,353,50,140,146,17
"2011","High Peak 013H","E01019721","Total",606,65,135,351,55,310,12,31,223,44,296,53,104,128,11
"2011","High Peak 013A","E01019735","Total",774,99,164,374,137,408,25,47,231,105,366,74,117,143,32
"2011","High Peak 013B","E01019736","Total",682,90,127,304,161,360,34,35,180,111,322,56,92,124,50
"2011","High Peak 013C","E01019737","Total",540,73,119,249,99,273,21,32,149,71,267,52,87,100,28
"2011","High Peak 013I","E01019741","Total",575,66,115,301,93,330,19,28,204,79,245,47,87,97,14
"2011","High Peak 013D","E01019742","Total",601,80,110,290,121,331,20,24,184,103,270,60,86,106,18
"2011","North East Derbyshire 001A","E01019801","Total",633,50,139,367,77,331,13,39,216,63,302,37,100,151,14
"2011","North East Derbyshire 001B","E01019802","Total",712,55,149,421,87,375,10,30,262,73,337,45,119,159,14
"2011","North East Derbyshire 001C","E01019803","Total",565,65,123,324,53,290,13,26,209,42,275,52,97,115,11
"2011","North East Derbyshire 001D","E01019804","Total",825,77,154,509,85,434,17,23,322,72,391,60,131,187,13
"2011","North East Derbyshire 001E","E01019805","Total",793,55,174,464,100,404,13,34,276,81,389,42,140,188,19
"2011","North East Derbyshire 001F","E01019806","Total",856,54,175,516,111,435,9,38,303,85,421,45,137,213,26
"2011","North East Derbyshire 001G","E01019807","Total",649,46,177,358,68,329,12,45,217,55,320,34,132,141,13
"2011","North East Derbyshire 002A","E01019778","Total",705,77,170,377,81,366,14,43,245,64,339,63,127,132,17
"2011","North East Derbyshire 002B","E01019779","Total",674,77,160,367,70,351,18,35,237,61,323,59,125,130,9
"2011","North East Derbyshire 002C","E01019790","Total",1150,102,231,710,107,608,27,46,446,89,542,75,185,264,18
"2011","North East Derbyshire 002D","E01019816","Total",893,115,180,456,142,464,28,44,290,102,429,87,136,166,40
"2011","North East Derbyshire 004A","E01019780","Total",646,62,155,375,54,306,14,23,229,40,340,48,132,146,14
"2011","North East Derbyshire 004B","E01019781","Total",681,74,147,392,68,346,16,30,246,54,335,58,117,146,14
"2011","North East Derbyshire 004C","E01019782","Total",602,62,114,372,54,312,21,19,223,49,290,41,95,149,5
"2011","North East Derbyshire 004D","E01019786","Total",739,80,151,423,85,372,18,33,258,63,367,62,118,165,22
"2011","North East Derbyshire 004E","E01019827","Total",866,89,186,471,120,466,26,35,304,101,400,63,151,167,19
"2011","North East Derbyshire 005A","E01019770","Total",924,116,216,396,196,499,39,46,255,159,425,77,170,141,37
"2011","North East Derbyshire 005B","E01019787","Total",866,81,195,482,108,450,20,44,301,85,416,61,151,181,23
"2011","North East Derbyshire 005C","E01019788","Total",803,93,182,413,115,432,30,40,268,94,371,63,142,145,21
"2011","North East Derbyshire 005D","E01019794","Total",617,70,153,314,80,325,19,35,204,67,292,51,118,110,13
"2011","North East Derbyshire 006A","E01019783","Total",665,68,136,395,66,350,24,23,252,51,315,44,113,143,15
"2011","North East Derbyshire 006B","E01019784","Total",652,79,154,346,73,325,21,32,211,61,327,58,122,135,12
"2011","North East Derbyshire 006C","E01019785","Total",642,85,149,321,87,338,25,31,211,71,304,60,118,110,16
"2011","North East Derbyshire 006D","E01019793","Total",717,70,151,400,96,370,20,30,241,79,347,50,121,159,17
"2011","North East Derbyshire 006E","E01019795","Total",1104,106,228,637,133,574,31,44,392,107,530,75,184,245,26
"2011","North East Derbyshire 007A","E01019798","Total",703,71,142,379,111,365,23,26,232,84,338,48,116,147,27
"2011","North East Derbyshire 007B","E01019821","Total",640,69,129,372,70,334,24,36,216,58,306,45,93,156,12
"2011","North East Derbyshire 007C","E01019822","Total",759,86,133,416,124,408,21,31,258,98,351,65,102,158,26
"2011","North East Derbyshire 007D","E01019823","Total",471,46,102,282,41,245,11,22,181,31,226,35,80,101,10
"2011","North East Derbyshire 008A","E01019771","Total",927,99,206,408,214,505,41,57,246,161,422,58,149,162,53
"2011","North East Derbyshire 008B","E01019772","Total",766,80,159,398,129,415,33,30,249,103,351,47,129,149,26
"2011","North East Derbyshire 008C","E01019828","Total",580,68,124,296,92,305,25,37,173,70,275,43,87,123,22
"2011","North East Derbyshire 008D","E01019829","Total",706,69,158,391,88,374,20,44,241,69,332,49,114,150,19
"2011","North East Derbyshire 009A","E01019796","Total",388,44,105,210,29,196,10,33,128,25,192,34,72,82,4
"2011","North East Derbyshire 009B","E01019797","Total",636,48,149,373,66,328,9,27,238,54,308,39,122,135,12
"2011","North East Derbyshire 009C","E01019799","Total",721,71,172,387,91,383,17,50,243,73,338,54,122,144,18
"2011","North East Derbyshire 009D","E01019800","Total",847,87,165,509,86,461,29,45,318,69,386,58,120,191,17
"2011","North East Derbyshire 009E","E01019808","Total",598,37,136,363,62,310,12,28,218,52,288,25,108,145,10
"2011","North East Derbyshire 009F","E01019826","Total",609,68,168,316,57,331,16,43,221,51,278,52,125,95,6
"2011","North East Derbyshire 010A","E01019769","Total",927,104,179,447,197,500,29,42,272,157,427,75,137,175,40
"2011","North East Derbyshire 010B","E01019774","Total",638,74,138,312,114,338,26,36,186,90,300,48,102,126,24
"2011","North East Derbyshire 010C","E01019824","Total",529,52,110,296,71,286,11,23,193,59,243,41,87,103,12
"2011","North East Derbyshire 010D","E01019830","Total",608,66,141,314,87,318,18,26,206,68,290,48,115,108,19
"2011","North East Derbyshire 010E","E01019831","Total",747,70,159,421,97,386,19,36,255,76,361,51,123,166,21
"2011","North East Derbyshire 011A","E01019809","Total",517,39,113,310,55,275,16,30,187,42,242,23,83,123,13
"2011","North East Derbyshire 011B","E01019810","Total",721,46,133,457,85,395,10,42,273,70,326,36,91,184,15
"2011","North East Derbyshire 011C","E01019811","Total",826,62,177,484,103,432,13,38,300,81,394,49,139,184,22
"2011","North East Derbyshire 011D","E01019812","Total",965,70,189,602,104,529,20,43,378,88,436,50,146,224,16
"2011","North East Derbyshire 011E","E01019813","Total",765,55,179,440,91,396,15,35,270,76,369,40,144,170,15
"2011","North East Derbyshire 011F","E01019825","Total",715,79,147,395,94,365,26,33,233,73,350,53,114,162,21
"2011","North East Derbyshire 012A","E01019773","Total",1133,99,232,695,107,601,29,52,434,86,532,70,180,261,21
"2011","North East Derbyshire 012B","E01019775","Total",739,69,138,465,67,419,15,38,313,53,320,54,100,152,14
"2011","North East Derbyshire 012C","E01019776","Total",599,45,141,347,66,324,12,35,218,59,275,33,106,129,7
"2011","North East Derbyshire 012D","E01019777","Total",969,87,238,535,109,519,22,47,352,98,450,65,191,183,11
"2011","North East Derbyshire 013A","E01019814","Total",846,85,165,482,114,444,25,32,297,90,402,60,133,185,24
"2011","North East Derbyshire 013B","E01019817","Total",469,51,94,268,56,249,11,19,173,46,220,40,75,95,10
"2011","North East Derbyshire 013C","E01019818","Total",633,62,147,357,67,329,13,36,223,57,304,49,111,134,10
"2011","North East Derbyshire 013D","E01019819","Total",732,78,154,382,118,396,26,44,233,93,336,52,110,149,25
"2011","North East Derbyshire 013E","E01019820","Total",679,65,135,389,90,376,19,33,253,71,303,46,102,136,19
"2011","North East Derbyshire 014A","E01019791","Total",791,81,164,452,94,411,22,29,284,76,380,59,135,168,18
"2011","North East Derbyshire 014B","E01019792","Total",887,97,180,520,90,453,18,44,316,75,434,79,136,204,15
"2011","North East Derbyshire 014C","E01019815","Total",1385,101,283,802,199,720,25,47,498,150,665,76,236,304,49
"2011","North East Derbyshire 014D","E01032586","Total",708,65,155,410,78,373,18,23,273,59,335,47,132,137,19
"2011","South Derbyshire 001A","E01019839","Total",1032,101,187,541,203,555,38,38,323,156,477,63,149,218,47
"2011","South Derbyshire 001B","E01019845","Total",725,56,130,441,98,379,11,26,270,72,346,45,104,171,26
"2011","South Derbyshire 001C","E01019846","Total",632,53,124,374,81,328,17,26,218,67,304,36,98,156,14
"2011","South Derbyshire 001D","E01019866","Total",1225,140,268,565,252,650,27,74,343,206,575,113,194,222,46
"2011","South Derbyshire 002A","E01019840","Total",705,85,157,361,102,365,25,31,231,78,340,60,126,130,24
"2011","South Derbyshire 002B","E01019841","Total",679,75,124,368,112,370,32,27,221,90,309,43,97,147,22
"2011","South Derbyshire 002C","E01019847","Total",654,70,118,360,106,345,18,29,209,89,309,52,89,151,17
"2011","South Derbyshire 002D","E01019848","Total",1273,94,201,785,193,649,18,32,445,154,624,76,169,340,39
"2011","South Derbyshire 002F","E01033532","Total",848,70,152,507,119,422,21,24,286,91,426,49,128,221,28
"2011","South Derbyshire 002G","E01033533","Total",926,79,163,559,125,466,16,17,332,101,460,63,146,227,24
"2011","South Derbyshire 002H","E01033534","Total",722,36,77,493,116,378,10,16,262,90,344,26,61,231,26
"2011","South Derbyshire 003A","E01019873","Total",826,61,157,500,108,424,15,32,295,82,402,46,125,205,26
"2011","South Derbyshire 003B","E01019874","Total",784,56,158,509,61,397,21,31,298,47,387,35,127,211,14
"2011","South Derbyshire 003C","E01019875","Total",812,57,159,510,86,422,15,44,296,67,390,42,115,214,19
"2011","South Derbyshire 003D","E01019881","Total",699,84,135,395,85,361,23,21,254,63,338,61,114,141,22
"2011","South Derbyshire 003E","E01019882","Total",760,94,148,418,100,409,29,29,272,79,351,65,119,146,21
"2011","South Derbyshire 004A","E01019832","Total",928,76,177,525,150,514,25,45,332,112,414,51,132,193,38
"2011","South Derbyshire 004B","E01019833","Total",885,92,174,479,140,480,22,35,316,107,405,70,139,163,33
"2011","South Derbyshire 004C","E01019834","Total",748,101,138,378,131,391,23,29,227,112,357,78,109,151,19
"2011","South Derbyshire 004D","E01019835","Total",956,63,173,595,125,508,17,36,359,96,448,46,137,236,29
"2011","South Derbyshire 005A","E01019867","Total",744,77,135,347,185,404,22,32,203,147,340,55,103,144,38
"2011","South Derbyshire 005B","E01019868","Total",842,74,148,459,161,436,15,33,272,116,406,59,115,187,45
"2011","South Derbyshire 005C","E01019869","Total",663,70,108,297,188,352,15,27,174,136,311,55,81,123,52
"2011","South Derbyshire 005D","E01019880","Total",838,68,171,461,138,451,19,33,291,108,387,49,138,170,30
"2011","South Derbyshire 006A","E01019843","Total",758,72,138,380,168,404,20,33,225,126,354,52,105,155,42
"2011","South Derbyshire 006B","E01019853","Total",798,92,166,433,107,431,21,30,293,87,367,71,136,140,20
"2011","South Derbyshire 006C","E01019854","Total",851,72,155,486,138,447,14,40,286,107,404,58,115,200,31
"2011","South Derbyshire 006D","E01019855","Total",804,93,151,438,122,416,23,16,288,89,388,70,135,150,33
"2011","South Derbyshire 007A","E01019844","Total",611,67,140,332,72,320,19,37,203,61,291,48,103,129,11
"2011","South Derbyshire 007B","E01019856","Total",616,57,162,337,60,327,21,33,222,51,289,36,129,115,9
"2011","South Derbyshire 007C","E01019857","Total",733,55,130,447,101,388,17,19,260,92,345,38,111,187,9
"2011","South Derbyshire 007D","E01019858","Total",660,74,146,375,65,335,11,34,233,57,325,63,112,142,8
"2011","South Derbyshire 007E","E01019859","Total",846,90,171,483,102,456,24,37,310,85,390,66,134,173,17
"2011","South Derbyshire 008A","E01019860","Total",710,63,147,395,105,399,15,22,264,98,311,48,125,131,7
"2011","South Derbyshire 008B","E01019861","Total",894,57,163,551,123,490,10,21,360,99,404,47,142,191,24
"2011","South Derbyshire 008C","E01019862","Total",700,90,131,379,100,369,20,28,232,89,331,70,103,147,11
"2011","South Derbyshire 008D","E01019863","Total",613,50,126,376,61,314,20,23,223,48,299,30,103,153,13
"2011","South Derbyshire 008E","E01019864","Total",753,62,155,437,99,415,22,29,272,92,338,40,126,165,7
"2011","South Derbyshire 008F","E01019865","Total",649,42,136,401,70,332,6,15,248,63,317,36,121,153,7
"2011","South Derbyshire 009A","E01019876","Total",910,81,182,516,131,502,21,39,321,121,408,60,143,195,10
"2011","South Derbyshire 009B","E01019877","Total",738,67,135,443,93,422,20,30,293,79,316,47,105,150,14
"2011","South Derbyshire 009C","E01019878","Total",804,60,171,476,97,438,14,30,307,87,366,46,141,169,10
"2011","South Derbyshire 009D","E01019879","Total",1078,103,176,662,137,614,31,33,427,123,464,72,143,235,14
"2011","South Derbyshire 011A","E01019850","Total",811,77,132,447,155,447,20,25,285,117,364,57,107,162,38
"2011","South Derbyshire 011B","E01019851","Total",774,66,143,469,96,413,17,29,288,79,361,49,114,181,17
"2011","South Derbyshire 011C","E01019852","Total",899,77,156,514,152,490,24,31,316,119,409,53,125,198,33
"2011","South Derbyshire 011D","E01019870","Total",705,85,134,359,127,386,25,35,224,102,319,60,99,135,25
"2011","South Derbyshire 011E","E01019871","Total",816,81,174,416,145,437,24,35,257,121,379,57,139,159,24
"2011","South Derbyshire 011F","E01019872","Total",955,83,165,545,162,533,24,38,345,126,422,59,127,200,36
"2011","South Derbyshire 012A","E01019837","Total",997,74,175,596,152,531,15,30,365,121,466,59,145,231,31
"2011","South Derbyshire 012B","E01019838","Total",763,60,174,423,106,428,18,44,272,94,335,42,130,151,12
"2011","South Derbyshire 012C","E01033531","Total",1023,60,145,650,168,555,14,29,375,137,468,46,116,275,31
"2011","South Derbyshire 012D","E01033536","Total",899,72,165,535,127,474,14,27,328,105,425,58,138,207,22
"2011","South Derbyshire 012E","E01033537","Total",831,62,153,501,115,457,14,29,313,101,374,48,124,188,14
"2011","South Derbyshire 013A","E01019842","Total",641,68,149,326,98,346,13,30,219,84,295,55,119,107,14
"2011","South Derbyshire 013B","E01019883","Total",1493,107,282,901,203,802,27,68,531,176,691,80,214,370,27
"2011","South Derbyshire 013C","E01019885","Total",956,67,170,592,127,509,17,29,355,108,447,50,141,237,19
"2011","South Derbyshire 013D","E01033535","Total",891,68,177,530,116,480,18,37,326,99,411,50,140,204,17
"2011","Blaby 002A","E01025631","Total",614,66,129,353,66,314,18,22,225,49,300,48,107,128,17
"2011","Blaby 002B","E01025632","Total",838,79,158,505,96,434,30,33,294,77,404,49,125,211,19
"2011","Blaby 002C","E01025633","Total",928,70,160,591,107,498,21,38,353,86,430,49,122,238,21
"2011","Blaby 002D","E01025635","Total",622,49,137,352,84,312,13,31,209,59,310,36,106,143,25
"2011","Blaby 003A","E01025634","Total",726,64,157,402,103,380,15,32,244,89,346,49,125,158,14
"2011","Blaby 003B","E01025638","Total",622,85,128,296,113,331,21,36,190,84,291,64,92,106,29
"2011","Blaby 003C","E01025639","Total",565,64,127,283,91,284,15,33,161,75,281,49,94,122,16
"2011","Blaby 003D","E01025640","Total",767,101,145,421,100,402,32,37,255,78,365,69,108,166,22
"2011","Blaby 003E","E01025645","Total",624,79,109,336,100,338,28,17,213,80,286,51,92,123,20
"2011","Blaby 004A","E01025666","Total",675,54,147,419,55,342,14,35,245,48,333,40,112,174,7
"2011","Blaby 004B","E01025667","Total",601,54,127,374,46,304,16,32,223,33,297,38,95,151,13
"2011","Blaby 004C","E01025668","Total",1422,69,192,984,177,744,15,43,557,129,678,54,149,427,48
"2011","Blaby 004D","E01025669","Total",1325,77,184,873,191,720,19,33,513,155,605,58,151,360,36
"2011","Blaby 005A","E01025636","Total",618,60,118,373,67,328,14,30,227,57,290,46,88,146,10
"2011","Blaby 005B","E01025637","Total",669,57,131,421,60,350,19,34,248,49,319,38,97,173,11
"2011","Blaby 005C","E01025652","Total",718,69,138,446,65,364,14,38,258,54,354,55,100,188,11
"2011","Blaby 005D","E01025653","Total",804,69,155,503,77,420,19,28,309,64,384,50,127,194,13
"2011","Blaby 005E","E01025654","Total",568,46,111,360,51,291,7,26,213,45,277,39,85,147,6
"2011","Blaby 005F","E01025655","Total",777,42,162,494,79,420,13,47,296,64,357,29,115,198,15
"2011","Blaby 005G","E01025656","Total",698,61,152,416,69,371,19,34,260,58,327,42,118,156,11
"2011","Blaby 006A","E01025625","Total",577,48,134,346,49,290,18,28,201,43,287,30,106,145,6
"2011","Blaby 006B","E01025626","Total",720,52,132,429,107,370,17,33,236,84,350,35,99,193,23
"2011","Blaby 006C","E01025627","Total",1132,104,207,681,140,582,26,38,405,113,550,78,169,276,27
"2011","Blaby 006D","E01025651","Total",890,94,182,512,102,462,23,31,326,82,428,71,151,186,20
"2011","Blaby 006E","E01025657","Total",1007,97,179,586,145,536,22,46,354,114,471,75,133,232,31
"2011","Blaby 006F","E01025660","Total",817,72,182,460,103,434,23,39,293,79,383,49,143,167,24
"2011","Blaby 007A","E01025641","Total",976,103,201,554,118,507,23,39,351,94,469,80,162,203,24
"2011","Blaby 007B","E01025642","Total",1026,80,190,625,131,543,22,35,382,104,483,58,155,243,27
"2011","Blaby 007C","E01025643","Total",870,67,185,515,103,448,18,29,318,83,422,49,156,197,20
"2011","Blaby 007D","E01025649","Total",849,69,171,501,108,440,25,31,306,78,409,44,140,195,30
"2011","Blaby 007E","E01025650","Total",921,106,191,533,91,464,29,41,326,68,457,77,150,207,23
"2011","Blaby 008A","E01025610","Total",727,60,169,413,85,379,18,35,251,75,348,42,134,162,10
"2011","Blaby 008B","E01025611","Total",722,85,140,422,75,375,16,26,275,58,347,69,114,147,17
"2011","Blaby 008C","E01025612","Total",780,70,156,461,93,411,16,39,283,73,369,54,117,178,20
"2011","Blaby 008D","E01025658","Total",1064,101,186,645,132,579,29,59,383,108,485,72,127,262,24
"2011","Blaby 008E","E01025659","Total",921,94,173,530,124,480,26,40,320,94,441,68,133,210,30
"2011","Blaby 009A","E01025615","Total",920,77,197,516,130,471,14,21,330,106,449,63,176,186,24
"2011","Blaby 009B","E01025646","Total",812,59,159,513,81,416,12,27,312,65,396,47,132,201,16
"2011","Blaby 009C","E01025647","Total",811,79,172,467,93,403,21,25,284,73,408,58,147,183,20
"2011","Blaby 009D","E01025648","Total",1177,97,251,714,115,606,17,33,464,92,571,80,218,250,23
"2011","Blaby 010A","E01025613","Total",678,79,134,377,88,351,22,29,227,73,327,57,105,150,15
"2011","Blaby 010B","E01025614","Total",953,108,184,552,109,475,28,31,324,92,478,80,153,228,17
"2011","Blaby 010C","E01025620","Total",522,48,100,323,51,276,13,26,194,43,246,35,74,129,8
"2011","Blaby 010D","E01025621","Total",564,65,104,312,83,309,25,25,191,68,255,40,79,121,15
"2011","Blaby 010E","E01025644","Total",746,71,166,437,72,384,27,31,267,59,362,44,135,170,13
"2011","Blaby 011A","E01025616","Total",869,87,189,476,117,459,27,31,305,96,410,60,158,171,21
"2011","Blaby 011B","E01025617","Total",872,93,196,494,89,453,26,38,325,64,419,67,158,169,25
"2011","Blaby 011C","E01025618","Total",804,66,156,477,105,423,18,23,296,86,381,48,133,181,19
"2011","Blaby 011D","E01025619","Total",845,92,173,483,97,445,29,39,298,79,400,63,134,185,18
"2011","Blaby 012A","E01025661","Total",988,63,200,581,144,513,19,35,344,115,475,44,165,237,29
"2011","Blaby 012B","E01025662","Total",731,59,163,417,92,394,21,33,267,73,337,38,130,150,19
"2011","Blaby 012C","E01025663","Total",743,72,146,425,100,381,18,32,252,79,362,54,114,173,21
"2011","Blaby 012D","E01025664","Total",609,50,102,345,112,339,14,28,211,86,270,36,74,134,26
"2011","Blaby 012E","E01025665","Total",745,75,142,429,99,390,21,35,259,75,355,54,107,170,24
"2011","Blaby 013A","E01025622","Total",812,55,172,486,99,424,15,25,313,71,388,40,147,173,28
"2011","Blaby 013B","E01025623","Total",785,80,155,449,101,422,26,36,276,84,363,54,119,173,17
"2011","Blaby 013C","E01025624","Total",980,96,184,592,108,499,27,46,336,90,481,69,138,256,18
"2011","Blaby 013D","E01025629","Total",687,61,138,407,81,350,21,30,234,65,337,40,108,173,16
"2011","Blaby 013E","E01025630","Total",800,76,173,417,134,421,23,37,259,102,379,53,136,158,32
"2011","Blaby 013F","E01032603","Total",643,69,149,360,65,334,18,33,236,47,309,51,116,124,18
"2011","Charnwood 001B","E01025692","Total",1125,88,198,711,128,596,25,34,441,96,529,63,164,270,32
"2011","Charnwood 001C","E01025693","Total",988,69,196,563,160,518,28,46,329,115,470,41,150,234,45
"2011","Charnwood 001E","E01033386","Total",1204,114,208,765,117,641,35,41,473,92,563,79,167,292,25
"2011","Charnwood 002A","E01025699","Total",515,67,105,287,56,309,36,45,182,46,206,31,60,105,10
"2011","Charnwood 002B","E01025700","Total",788,62,177,479,70,456,30,77,291,58,332,32,100,188,12
"2011","Charnwood 002C","E01025701","Total",651,57,137,389,68,367,17,55,246,49,284,40,82,143,19
"2011","Charnwood 002D","E01025703","Total",999,99,168,625,107,590,39,64,409,78,409,60,104,216,29
"2011","Charnwood 002E","E01025704","Total",716,86,118,426,86,395,29,38,264,64,321,57,80,162,22
"2011","Charnwood 002F","E01025705","Total",659,38,136,402,83,376,16,55,246,59,283,22,81,156,24
"2011","Charnwood 002G","E01025706","Total",808,64,162,508,74,453,17,65,310,61,355,47,97,198,13
"2011","Charnwood 003A","E01025720","Total",678,199,125,289,65,395,113,55,179,48,283,86,70,110,17
"2011","Charnwood 003B","E01025721","Total",515,141,93,221,60,269,68,32,126,43,246,73,61,95,17
"2011","Charnwood 003C","E01025722","Total",514,63,116,285,50,266,18,28,184,36,248,45,88,101,14
"2011","Charnwood 003D","E01025723","Total",721,188,127,349,57,398,84,42,224,48,323,104,85,125,9
"2011","Charnwood 003E","E01025724","Total",593,159,104,278,52,313,74,45,157,37,280,85,59,121,15
"2011","Charnwood 003F","E01025725","Total",489,52,106,290,41,259,22,27,178,32,230,30,79,112,9
"2011","Charnwood 004A","E01025695","Total",777,75,150,469,83,424,29,33,298,64,353,46,117,171,19
"2011","Charnwood 004B","E01025696","Total",752,76,128,463,85,392,15,22,289,66,360,61,106,174,19
"2011","Charnwood 004C","E01025697","Total",552,73,85,339,55,306,26,24,210,46,246,47,61,129,9
"2011","Charnwood 004D","E01025698","Total",848,97,147,538,66,452,40,32,327,53,396,57,115,211,13
"2011","Charnwood 005A","E01025744","Total",1051,77,215,606,153,562,24,44,367,127,489,53,171,239,26
"2011","Charnwood 005B","E01025745","Total",711,81,146,416,68,372,27,33,255,57,339,54,113,161,11
"2011","Charnwood 005C","E01025746","Total",888,75,163,511,139,443,24,28,284,107,445,51,135,227,32
"2011","Charnwood 005D","E01025747","Total",903,61,155,589,98,457,18,20,338,81,446,43,135,251,17
"2011","Charnwood 006A","E01025740","Total",807,74,134,490,109,447,22,31,309,85,360,52,103,181,24
"2011","Charnwood 006B","E01025741","Total",903,100,161,552,90,464,29,29,339,67,439,71,132,213,23
"2011","Charnwood 006C","E01025742","Total",723,63,163,426,71,370,12,32,266,60,353,51,131,160,11
"2011","Charnwood 006D","E01025743","Total",1019,84,184,624,127,540,19,31,384,106,479,65,153,240,21
"2011","Charnwood 007A","E01025689","Total",841,195,180,394,72,470,95,62,252,61,371,100,118,142,11
"2011","Charnwood 007B","E01025690","Total",856,308,180,311,57,485,168,65,207,45,371,140,115,104,12
"2011","Charnwood 007C","E01025707","Total",604,89,122,339,54,330,44,37,203,46,274,45,85,136,8
"2011","Charnwood 007D","E01025709","Total",721,220,132,289,80,398,115,35,185,63,323,105,97,104,17
"2011","Charnwood 008A","E01025760","Total",707,86,127,344,150,374,26,25,211,112,333,60,102,133,38
"2011","Charnwood 008B","E01025761","Total",971,95,185,476,215,508,29,37,276,166,463,66,148,200,49
"2011","Charnwood 008C","E01025768","Total",709,81,143,350,135,370,24,30,219,97,339,57,113,131,38
"2011","Charnwood 008D","E01025769","Total",773,92,143,386,152,400,28,30,227,115,373,64,113,159,37
"2011","Charnwood 009A","E01025702","Total",673,54,143,400,76,352,19,43,227,63,321,35,100,173,13
"2011","Charnwood 009B","E01025715","Total",684,94,139,391,60,363,34,35,242,52,321,60,104,149,8
"2011","Charnwood 009C","E01025716","Total",712,68,143,416,85,385,22,28,265,70,327,46,115,151,15
"2011","Charnwood 009D","E01025717","Total",996,98,218,554,126,498,28,46,325,99,498,70,172,229,27
"2011","Charnwood 009E","E01025718","Total",523,75,96,272,80,279,28,34,153,64,244,47,62,119,16
"2011","Charnwood 009F","E01025719","Total",669,95,148,340,86,343,30,47,207,59,326,65,101,133,27
"2011","Charnwood 010A","E01025708","Total",549,63,110,306,70,301,20,28,195,58,248,43,82,111,12
"2011","Charnwood 010B","E01025710","Total",571,57,112,309,93,306,13,18,197,78,265,44,94,112,15
"2011","Charnwood 010C","E01025711","Total",684,81,131,368,104,368,18,28,240,82,316,63,103,128,22
"2011","Charnwood 010D","E01025712","Total",572,53,123,322,74,306,16,22,209,59,266,37,101,113,15
"2011","Charnwood 010E","E01025713","Total",625,89,111,351,74,333,30,25,224,54,292,59,86,127,20
"2011","Charnwood 010F","E01025714","Total",1233,87,220,744,182,647,27,37,440,143,586,60,183,304,39
"2011","Charnwood 011A","E01025674","Total",794,69,151,480,94,408,19,36,288,65,386,50,115,192,29
"2011","Charnwood 011B","E01025675","Total",787,75,142,467,103,410,18,30,282,80,377,57,112,185,23
"2011","Charnwood 011C","E01025676","Total",1123,102,203,645,173,580,25,42,381,132,543,77,161,264,41
"2011","Charnwood 011D","E01025677","Total",644,66,110,379,89,330,14,14,239,63,314,52,96,140,26
"2011","Charnwood 012A","E01025732","Total",868,71,172,485,140,450,18,26,292,114,418,53,146,193,26
"2011","Charnwood 012B","E01025733","Total",779,65,145,432,137,406,24,28,244,110,373,41,117,188,27
"2011","Charnwood 012C","E01025734","Total",698,81,120,359,138,387,26,30,224,107,311,55,90,135,31
"2011","Charnwood 012D","E01025735","Total",980,90,159,560,171,513,25,36,336,116,467,65,123,224,55
"2011","Charnwood 013A","E01025748","Total",1206,100,224,753,129,621,28,46,453,94,585,72,178,300,35
"2011","Charnwood 013B","E01025749","Total",738,60,139,450,89,383,19,25,268,71,355,41,114,182,18
"2011","Charnwood 013C","E01025750","Total",794,66,168,476,84,422,24,40,294,64,372,42,128,182,20
"2011","Charnwood 013D","E01025751","Total",1171,82,199,760,130,600,24,40,437,99,571,58,159,323,31
"2011","Charnwood 014A","E01025726","Total",1129,78,188,702,161,568,20,27,404,117,561,58,161,298,44
"2011","Charnwood 014B","E01025727","Total",721,62,141,433,85,374,15,34,256,69,347,47,107,177,16
"2011","Charnwood 014C","E01025728","Total",932,92,191,537,112,485,34,30,333,88,447,58,161,204,24
"2011","Charnwood 014D","E01025729","Total",921,75,174,550,122,486,25,24,335,102,435,50,150,215,20
"2011","Charnwood 014E","E01025737","Total",1019,91,206,564,158,516,21,46,320,129,503,70,160,244,29
"2011","Charnwood 014F","E01025739","Total",673,77,121,357,118,358,23,28,210,97,315,54,93,147,21
"2011","Charnwood 015A","E01025685","Total",690,62,155,388,85,361,20,33,234,74,329,42,122,154,11
"2011","Charnwood 015B","E01025686","Total",810,79,169,470,92,428,28,29,293,78,382,51,140,177,14
"2011","Charnwood 015C","E01025730","Total",804,90,153,426,135,404,23,34,248,99,400,67,119,178,36
"2011","Charnwood 015D","E01025731","Total",770,102,141,409,118,415,30,26,264,95,355,72,115,145,23
"2011","Charnwood 016A","E01025687","Total",771,86,141,397,147,415,22,53,233,107,356,64,88,164,40
"2011","Charnwood 016B","E01025688","Total",790,103,126,407,154,425,48,22,233,122,365,55,104,174,32
"2011","Charnwood 016C","E01025736","Total",720,96,140,389,95,382,32,33,244,73,338,64,107,145,22
"2011","Charnwood 016D","E01025738","Total",731,106,145,323,157,400,36,32,197,135,331,70,113,126,22
"2011","Charnwood 017A","E01025756","Total",1020,78,190,628,124,527,26,37,364,100,493,52,153,264,24
"2011","Charnwood 017B","E01025757","Total",840,57,158,552,73,421,14,23,325,59,419,43,135,227,14
"2011","Charnwood 017C","E01025758","Total",957,84,186,553,134,485,17,28,335,105,472,67,158,218,29
"2011","Charnwood 017D","E01025759","Total",634,48,120,379,87,352,15,28,237,72,282,33,92,142,15
"2011","Charnwood 018A","E01025752","Total",1083,111,214,650,108,570,25,44,410,91,513,86,170,240,17
"2011","Charnwood 018B","E01025753","Total",714,65,152,424,73,362,19,19,260,64,352,46,133,164,9
"2011","Charnwood 018C","E01025754","Total",682,51,165,396,70,358,14,29,252,63,324,37,136,144,7
"2011","Charnwood 018D","E01025755","Total",784,80,161,450,93,403,19,25,286,73,381,61,136,164,20
"2011","Charnwood 019A","E01025679","Total",1213,114,252,704,143,606,30,57,407,112,607,84,195,297,31
"2011","Charnwood 019B","E01025680","Total",805,92,160,473,80,433,35,35,297,66,372,57,125,176,14
"2011","Charnwood 019C","E01025681","Total",810,83,156,480,91,419,28,40,278,73,391,55,116,202,18
"2011","Charnwood 019D","E01025682","Total",662,55,156,394,57,341,15,36,240,50,321,40,120,154,7
"2011","Charnwood 020A","E01025678","Total",935,88,198,520,129,481,27,35,313,106,454,61,163,207,23
"2011","Charnwood 020B","E01025683","Total",846,79,167,515,85,442,23,41,310,68,404,56,126,205,17
"2011","Charnwood 020C","E01025684","Total",971,89,210,578,94,500,20,41,368,71,471,69,169,210,23
"2011","Charnwood 021A","E01025762","Total",727,45,143,452,87,391,12,39,269,71,336,33,104,183,16
"2011","Charnwood 021B","E01025763","Total",774,60,150,498,66,418,21,41,298,58,356,39,109,200,8
"2011","Charnwood 021C","E01025764","Total",690,73,118,426,73,366,21,22,259,64,324,52,96,167,9
"2011","Charnwood 021D","E01025765","Total",718,69,134,463,52,375,26,34,276,39,343,43,100,187,13
"2011","Charnwood 021E","E01025766","Total",1034,85,208,620,121,534,23,39,371,101,500,62,169,249,20
"2011","Charnwood 021F","E01025767","Total",768,64,161,470,73,418,17,40,298,63,350,47,121,172,10
"2011","Charnwood 022A","E01025670","Total",627,57,144,377,49,329,13,29,248,39,298,44,115,129,10
"2011","Charnwood 022B","E01025671","Total",948,94,204,538,112,491,30,39,332,90,457,64,165,206,22
"2011","Charnwood 022C","E01025672","Total",918,73,166,565,114,464,18,28,328,90,454,55,138,237,24
"2011","Charnwood 022D","E01025673","Total",779,55,156,473,95,410,20,42,273,75,369,35,114,200,20
"2011","Harborough 002A","E01025770","Total",945,102,158,457,228,516,20,43,265,188,429,82,115,192,40
"2011","Harborough 002B","E01025809","Total",1124,133,209,517,265,599,23,52,319,205,525,110,157,198,60
"2011","Harborough 002C","E01025815","Total",1054,120,211,462,261,574,29,58,292,195,480,91,153,170,66
"2011","Harborough 003A","E01025781","Total",807,86,155,429,137,430,20,46,258,106,377,66,109,171,31
"2011","Harborough 003B","E01025782","Total",618,77,128,343,70,315,23,31,203,58,303,54,97,140,12
"2011","Harborough 003C","E01025783","Total",716,84,129,373,130,389,27,31,230,101,327,57,98,143,29
"2011","Harborough 003D","E01025785","Total",1102,115,204,582,201,572,35,42,340,155,530,80,162,242,46
"2011","Harborough 003E","E01025786","Total",786,95,170,408,113,402,28,38,247,89,384,67,132,161,24
"2011","Harborough 003F","E01025787","Total",828,97,184,403,144,441,24,44,258,115,387,73,140,145,29
"2011","Harborough 004A","E01025772","Total",1325,136,246,759,184,676,38,34,456,148,649,98,212,303,36
"2011","Harborough 004B","E01025773","Total",868,82,152,476,158,443,15,18,281,129,425,67,134,195,29
"2011","Harborough 004C","E01025774","Total",758,74,134,413,137,397,9,23,250,115,361,65,111,163,22
"2011","Harborough 004D","E01025775","Total",943,84,181,557,121,495,25,32,334,104,448,59,149,223,17
"2011","Harborough 004E","E01025776","Total",1110,110,200,627,173,584,33,28,379,144,526,77,172,248,29
"2011","Harborough 005A","E01025771","Total",1358,124,235,702,297,726,35,65,405,221,632,89,170,297,76
"2011","Harborough 005B","E01025778","Total",1101,110,206,659,126,565,35,34,387,109,536,75,172,272,17
"2011","Harborough 005C","E01025779","Total",909,81,178,525,125,469,17,41,307,104,440,64,137,218,21
"2011","Harborough 005D","E01025780","Total",726,84,144,408,90,376,23,29,249,75,350,61,115,159,15
"2011","Harborough 005E","E01025784","Total",712,77,132,346,157,380,18,29,215,118,332,59,103,131,39
"2011","Harborough 005F","E01025788","Total",634,86,117,302,129,329,25,28,177,99,305,61,89,125,30
"2011","Harborough 006A","E01025777","Total",1207,113,191,668,235,666,32,44,401,189,541,81,147,267,46
"2011","Harborough 006B","E01025808","Total",1405,152,256,708,289,753,35,68,424,226,652,117,188,284,63
"2011","Harborough 006C","E01025810","Total",1288,134,248,650,256,674,36,48,381,209,614,98,200,269,47
"2011","Harborough 006D","E01025816","Total",1171,105,216,614,236,630,24,42,377,187,541,81,174,237,49
"2011","Harborough 007A","E01025789","Total",816,96,240,362,118,539,58,140,245,96,277,38,100,117,22
"2011","Harborough 007B","E01025794","Total",987,106,175,496,210,503,25,31,284,163,484,81,144,212,47
"2011","Harborough 007C","E01025797","Total",849,111,155,441,142,429,22,35,262,110,420,89,120,179,32
"2011","Harborough 007D","E01025802","Total",637,74,112,351,100,350,21,22,224,83,287,53,90,127,17
"2011","Harborough 007E","E01025803","Total",838,113,153,469,103,438,35,29,296,78,400,78,124,173,25
"2011","Harborough 007F","E01025805","Total",750,86,149,434,81,398,23,34,269,72,352,63,115,165,9
"2011","Harborough 008A","E01025795","Total",830,77,154,485,114,438,22,29,297,90,392,55,125,188,24
"2011","Harborough 008B","E01025796","Total",1015,112,211,571,121,519,34,46,346,93,496,78,165,225,28
"2011","Harborough 008C","E01025801","Total",617,51,94,380,92,321,18,24,214,65,296,33,70,166,27
"2011","Harborough 008D","E01025806","Total",674,82,146,378,68,344,26,35,228,55,330,56,111,150,13
"2011","Harborough 009A","E01025798","Total",911,97,151,526,137,476,35,28,306,107,435,62,123,220,30
"2011","Harborough 009B","E01025799","Total",1162,120,196,672,174,608,36,29,403,140,554,84,167,269,34
"2011","Harborough 009C","E01025800","Total",665,50,132,403,80,340,13,33,227,67,325,37,99,176,13
"2011","Harborough 009D","E01025804","Total",891,86,157,501,147,492,27,33,310,122,399,59,124,191,25
"2011","Harborough 009E","E01025807","Total",789,66,124,488,111,388,19,24,268,77,401,47,100,220,34
"2011","Harborough 010A","E01025790","Total",1222,123,210,701,188,672,35,39,442,156,550,88,171,259,32
"2011","Harborough 010B","E01025791","Total",1042,127,187,582,146,552,41,40,351,120,490,86,147,231,26
"2011","Harborough 010C","E01025792","Total",1163,104,214,666,179,615,26,46,405,138,548,78,168,261,41
"2011","Harborough 010D","E01025793","Total",1336,137,266,732,201,702,36,57,450,159,634,101,209,282,42
"2011","Harborough 011A","E01025812","Total",830,94,175,443,118,422,34,24,269,95,408,60,151,174,23
"2011","Harborough 011B","E01025813","Total",771,91,154,408,118,414,33,31,244,106,357,58,123,164,12
"2011","Harborough 011C","E01025814","Total",723,84,174,350,115,391,25,52,224,90,332,59,122,126,25
"2011","Harborough 011D","E01032598","Total",1066,95,204,626,141,572,26,53,369,124,494,69,151,257,17
"2011","Hinckley and Bosworth 001A","E01025868","Total",731,67,148,427,89,387,22,32,264,69,344,45,116,163,20
"2011","Hinckley and Bosworth 001B","E01025869","Total",748,62,147,438,101,389,17,24,272,76,359,45,123,166,25
"2011","Hinckley and Bosworth 001C","E01025870","Total",699,77,158,353,111,360,22,34,221,83,339,55,124,132,28
"2011","Hinckley and Bosworth 001D","E01025871","Total",650,60,128,359,103,355,13,30,226,86,295,47,98,133,17
"2011","Hinckley and Bosworth 001E","E01025878","Total",1371,112,241,806,212,703,25,46,479,153,668,87,195,327,59
"2011","Hinckley and Bosworth 002A","E01025846","Total",1076,98,197,633,148,557,31,38,376,112,519,67,159,257,36
"2011","Hinckley and Bosworth 002B","E01025847","Total",981,65,197,611,108,494,19,39,352,84,487,46,158,259,24
"2011","Hinckley and Bosworth 002C","E01025848","Total",749,79,129,468,73,379,28,22,276,53,370,51,107,192,20
"2011","Hinckley and Bosworth 003A","E01025845","Total",790,95,158,438,99,416,28,36,279,73,374,67,122,159,26
"2011","Hinckley and Bosworth 003B","E01025877","Total",864,73,191,518,82,443,23,28,326,66,421,50,163,192,16
"2011","Hinckley and Bosworth 003C","E01025879","Total",594,51,127,345,71,302,10,27,209,56,292,41,100,136,15
"2011","Hinckley and Bosworth 003D","E01025880","Total",874,78,171,499,126,445,20,30,295,100,429,58,141,204,26
"2011","Hinckley and Bosworth 004A","E01025819","Total",821,74,160,441,146,419,16,41,254,108,402,58,119,187,38
"2011","Hinckley and Bosworth 004B","E01025820","Total",924,93,161,555,115,490,25,31,344,90,434,68,130,211,25
"2011","Hinckley and Bosworth 004C","E01025837","Total",1058,116,212,503,227,563,40,46,305,172,495,76,166,198,55
"2011","Hinckley and Bosworth 004D","E01025838","Total",635,74,115,326,120,347,28,33,190,96,288,46,82,136,24
"2011","Hinckley and Bosworth 004E","E01025882","Total",839,92,146,420,181,430,24,22,245,139,409,68,124,175,42
"2011","Hinckley and Bosworth 005A","E01025872","Total",769,85,153,427,104,412,35,31,259,87,357,50,122,168,17
"2011","Hinckley and Bosworth 005B","E01025873","Total",871,92,154,441,184,470,20,39,268,143,401,72,115,173,41
"2011","Hinckley and Bosworth 005C","E01025874","Total",755,82,145,449,79,398,19,32,283,64,357,63,113,166,15
"2011","Hinckley and Bosworth 005D","E01025875","Total",688,75,134,389,90,354,22,21,239,72,334,53,113,150,18
"2011","Hinckley and Bosworth 005E","E01025876","Total",946,93,167,522,164,495,20,35,314,126,451,73,132,208,38
"2011","Hinckley and Bosworth 006A","E01025839","Total",877,62,146,563,106,473,15,28,344,86,404,47,118,219,20
"2011","Hinckley and Bosworth 006B","E01025840","Total",789,64,145,482,98,428,24,29,292,83,361,40,116,190,15
"2011","Hinckley and Bosworth 006C","E01025841","Total",834,63,162,516,93,460,22,33,323,82,374,41,129,193,11
"2011","Hinckley and Bosworth 006D","E01025842","Total",867,72,145,523,127,454,17,34,300,103,413,55,111,223,24
"2011","Hinckley and Bosworth 006E","E01025843","Total",791,60,157,497,77,423,11,34,316,62,368,49,123,181,15
"2011","Hinckley and Bosworth 006F","E01025844","Total",730,53,122,468,87,416,14,21,309,72,314,39,101,159,15
"2011","Hinckley and Bosworth 007A","E01025821","Total",956,59,173,575,149,495,21,33,330,111,461,38,140,245,38
"2011","Hinckley and Bosworth 007B","E01025822","Total",664,64,151,394,55,350,10,39,251,50,314,54,112,143,5
"2011","Hinckley and Bosworth 007C","E01025823","Total",783,73,157,470,83,418,23,33,292,70,365,50,124,178,13
"2011","Hinckley and Bosworth 007D","E01025824","Total",745,65,139,443,98,393,17,26,265,85,352,48,113,178,13
"2011","Hinckley and Bosworth 007E","E01025825","Total",761,70,160,444,87,392,15,27,272,78,369,55,133,172,9
"2011","Hinckley and Bosworth 007F","E01025826","Total",794,68,144,473,109,415,17,16,286,96,379,51,128,187,13
"2011","Hinckley and Bosworth 008A","E01025817","Total",984,98,204,504,178,535,33,46,308,148,449,65,158,196,30
"2011","Hinckley and Bosworth 008B","E01025818","Total",729,75,136,354,164,401,26,37,216,122,328,49,99,138,42
"2011","Hinckley and Bosworth 008C","E01025864","Total",871,58,168,539,106,473,17,27,343,86,398,41,141,196,20
"2011","Hinckley and Bosworth 008D","E01025881","Total",671,64,132,336,139,365,21,31,204,109,306,43,101,132,30
"2011","Hinckley and Bosworth 009A","E01025859","Total",734,80,136,428,90,394,25,28,269,72,340,55,108,159,18
"2011","Hinckley and Bosworth 009B","E01025860","Total",840,80,163,470,127,443,21,32,289,101,397,59,131,181,26
"2011","Hinckley and Bosworth 009C","E01025861","Total",902,79,145,562,116,490,20,21,358,91,412,59,124,204,25
"2011","Hinckley and Bosworth 009D","E01025862","Total",662,51,147,377,87,364,19,44,235,66,298,32,103,142,21
"2011","Hinckley and Bosworth 010A","E01025850","Total",752,56,155,448,93,399,18,33,274,74,353,38,122,174,19
"2011","Hinckley and Bosworth 010B","E01025852","Total",913,61,138,592,122,541,19,40,387,95,372,42,98,205,27
"2011","Hinckley and Bosworth 010C","E01025858","Total",1066,81,159,669,157,591,23,36,414,118,475,58,123,255,39
"2011","Hinckley and Bosworth 010D","E01025863","Total",789,70,176,445,98,398,16,32,271,79,391,54,144,174,19
"2011","Hinckley and Bosworth 010E","E01025865","Total",893,63,180,544,106,481,22,38,343,78,412,41,142,201,28
"2011","Hinckley and Bosworth 011A","E01025853","Total",1598,106,270,1006,216,819,23,49,578,169,779,83,221,428,47
"2011","Hinckley and Bosworth 011B","E01025854","Total",1015,58,172,670,115,532,19,14,408,91,483,39,158,262,24
"2011","Hinckley and Bosworth 011C","E01025855","Total",792,47,171,483,91,414,12,27,298,77,378,35,144,185,14
"2011","Hinckley and Bosworth 011D","E01025866","Total",705,59,137,433,76,365,18,39,252,56,340,41,98,181,20
"2011","Hinckley and Bosworth 011E","E01025867","Total",831,60,159,514,98,428,14,29,305,80,403,46,130,209,18
"2011","Hinckley and Bosworth 012A","E01025849","Total",898,74,131,603,90,477,23,30,356,68,421,51,101,247,22
"2011","Hinckley and Bosworth 012B","E01025851","Total",629,59,134,372,64,343,20,25,246,52,286,39,109,126,12
"2011","Hinckley and Bosworth 012C","E01025856","Total",511,43,99,318,51,269,7,17,207,38,242,36,82,111,13
"2011","Hinckley and Bosworth 012D","E01025857","Total",842,72,166,508,96,457,22,36,319,80,385,50,130,189,16
"2011","Hinckley and Bosworth 013A","E01025827","Total",554,56,133,299,66,287,12,36,183,56,267,44,97,116,10
"2011","Hinckley and Bosworth 013B","E01025828","Total",663,64,120,373,106,359,18,26,235,80,304,46,94,138,26
"2011","Hinckley and Bosworth 013C","E01025829","Total",615,54,134,355,72,325,14,21,232,58,290,40,113,123,14
"2011","Hinckley and Bosworth 013D","E01025830","Total",669,58,139,379,93,351,16,30,229,76,318,42,109,150,17
"2011","Hinckley and Bosworth 014A","E01025831","Total",676,50,136,415,75,355,12,24,264,55,321,38,112,151,20
"2011","Hinckley and Bosworth 014B","E01025832","Total",876,83,148,472,173,465,20,19,290,136,411,63,129,182,37
"2011","Hinckley and Bosworth 014C","E01025833","Total",820,85,139,478,118,422,23,21,283,95,398,62,118,195,23
"2011","Hinckley and Bosworth 014D","E01025834","Total",822,73,150,488,111,420,26,21,287,86,402,47,129,201,25
"2011","Hinckley and Bosworth 014E","E01025835","Total",732,82,127,407,116,376,22,26,237,91,356,60,101,170,25
"2011","Hinckley and Bosworth 014F","E01025836","Total",696,76,150,389,81,362,17,28,250,67,334,59,122,139,14
"2011","Melton 001A","E01025885","Total",929,112,174,477,166,481,38,31,284,128,448,74,143,193,38
"2011","Melton 001B","E01025886","Total",820,85,167,430,138,444,22,32,280,110,376,63,135,150,28
"2011","Melton 001C","E01025887","Total",956,103,164,471,218,508,23,40,281,164,448,80,124,190,54
"2011","Melton 001D","E01025890","Total",653,73,133,304,143,361,19,28,204,110,292,54,105,100,33
"2011","Melton 001E","E01025891","Total",678,61,119,353,145,373,12,30,213,118,305,49,89,140,27
"2011","Melton 001F","E01025892","Total",872,106,157,438,171,459,27,31,263,138,413,79,126,175,33
"2011","Melton 002A","E01025901","Total",794,96,154,467,77,424,27,34,298,65,370,69,120,169,12
"2011","Melton 002B","E01025902","Total",819,109,148,459,103,432,33,36,277,86,387,76,112,182,17
"2011","Melton 002C","E01025903","Total",1064,90,180,678,116,558,22,40,405,91,506,68,140,273,25
"2011","Melton 002D","E01025904","Total",1037,112,208,585,132,530,23,37,361,109,507,89,171,224,23
"2011","Melton 002E","E01025906","Total",1026,114,203,591,118,541,31,32,378,100,485,83,171,213,18
"2011","Melton 003A","E01025883","Total",881,75,159,528,119,443,20,26,303,94,438,55,133,225,25
"2011","Melton 003B","E01025884","Total",901,80,161,531,129,470,24,26,316,104,431,56,135,215,25
"2011","Melton 003C","E01025888","Total",983,122,181,459,221,534,40,46,273,175,449,82,135,186,46
"2011","Melton 003D","E01025909","Total",1041,93,202,543,203,546,27,50,313,156,495,66,152,230,47
"2011","Melton 004A","E01025896","Total",826,77,184,470,95,459,21,39,322,77,367,56,145,148,18
"2011","Melton 004B","E01025897","Total",1083,95,182,680,126,570,35,34,405,96,513,60,148,275,30
"2011","Melton 004C","E01025898","Total",696,68,125,387,116,376,21,25,241,89,320,47,100,146,27
"2011","Melton 004D","E01025899","Total",652,64,131,385,72,358,23,33,240,62,294,41,98,145,10
"2011","Melton 004E","E01025900","Total",694,79,140,390,85,344,19,24,234,67,350,60,116,156,18
"2011","Melton 004F","E01025905","Total",754,74,164,439,77,388,19,33,270,66,366,55,131,169,11
"2011","Melton 005A","E01025893","Total",1145,103,226,687,129,592,29,41,418,104,553,74,185,269,25
"2011","Melton 005B","E01025894","Total",683,54,99,433,97,387,21,14,275,77,296,33,85,158,20
"2011","Melton 005C","E01025895","Total",978,87,154,595,142,535,14,23,376,122,443,73,131,219,20
"2011","Melton 005D","E01025907","Total",815,82,163,479,91,440,29,37,300,74,375,53,126,179,17
"2011","Melton 005E","E01025908","Total",903,106,166,510,121,481,36,40,319,86,422,70,126,191,35
"2011","Melton 006A","E01025889","Total",906,119,158,431,198,493,35,39,265,154,413,84,119,166,44
"2011","Melton 006B","E01025910","Total",932,89,177,465,201,499,24,42,280,153,433,65,135,185,48
"2011","Melton 006C","E01025911","Total",819,86,143,398,192,435,20,32,231,152,384,66,111,167,40
"2011","Melton 006D","E01025912","Total",844,86,157,408,193,468,24,39,258,147,376,62,118,150,46
"2011","North West Leicestershire 001A","E01025924","Total",568,50,103,288,127,299,15,22,165,97,269,35,81,123,30
"2011","North West Leicestershire 001B","E01025925","Total",1407,103,243,841,220,759,43,60,492,164,648,60,183,349,56
"2011","North West Leicestershire 001C","E01025926","Total",795,100,154,412,129,425,39,28,252,106,370,61,126,160,23
"2011","North West Leicestershire 001D","E01025927","Total",758,81,126,464,87,406,27,29,280,70,352,54,97,184,17
"2011","North West Leicestershire 001E","E01025928","Total",845,79,158,490,118,447,19,32,307,89,398,60,126,183,29
"2011","North West Leicestershire 002A","E01025923","Total",694,71,135,343,145,373,23,37,200,113,321,48,98,143,32
"2011","North West Leicestershire 002B","E01025944","Total",789,80,124,452,133,422,25,25,266,106,367,55,99,186,27
"2011","North West Leicestershire 002C","E01025945","Total",748,74,132,446,96,401,20,31,277,73,347,54,101,169,23
"2011","North West Leicestershire 002D","E01025946","Total",757,74,133,451,99,401,14,37,271,79,356,60,96,180,20
"2011","North West Leicestershire 003A","E01025915","Total",631,54,117,345,115,336,17,21,205,93,295,37,96,140,22
"2011","North West Leicestershire 003B","E01025916","Total",824,82,153,465,124,454,34,34,284,102,370,48,119,181,22
"2011","North West Leicestershire 003C","E01025917","Total",1103,91,213,623,176,581,30,34,381,136,522,61,179,242,40
"2011","North West Leicestershire 003D","E01025918","Total",716,64,134,411,107,383,18,26,252,87,333,46,108,159,20
"2011","North West Leicestershire 004A","E01025960","Total",722,75,149,406,92,398,20,39,268,71,324,55,110,138,21
"2011","North West Leicestershire 004B","E01025961","Total",744,77,131,449,87,399,19,20,287,73,345,58,111,162,14
"2011","North West Leicestershire 004C","E01025962","Total",603,53,112,365,73,322,11,24,233,54,281,42,88,132,19
"2011","North West Leicestershire 004D","E01025965","Total",660,57,113,381,109,367,15,26,235,91,293,42,87,146,18
"2011","North West Leicestershire 005A","E01025955","Total",654,55,132,336,131,356,16,27,213,100,298,39,105,123,31
"2011","North West Leicestershire 005B","E01025956","Total",549,49,104,320,76,296,8,22,200,66,253,41,82,120,10
"2011","North West Leicestershire 005C","E01025963","Total",782,70,145,437,130,427,21,34,270,102,355,49,111,167,28
"2011","North West Leicestershire 005D","E01025964","Total",838,101,143,411,183,440,30,31,247,132,398,71,112,164,51
"2011","North West Leicestershire 006A","E01025914","Total",695,84,137,352,122,361,18,22,226,95,334,66,115,126,27
"2011","North West Leicestershire 006B","E01025919","Total",684,64,137,377,106,372,16,33,235,88,312,48,104,142,18
"2011","North West Leicestershire 006C","E01025920","Total",691,81,136,369,105,377,26,26,243,82,314,55,110,126,23
"2011","North West Leicestershire 006D","E01025921","Total",757,72,148,413,124,390,25,25,250,90,367,47,123,163,34
"2011","North West Leicestershire 007A","E01025966","Total",706,64,129,411,102,392,21,28,260,83,314,43,101,151,19
"2011","North West Leicestershire 007B","E01025967","Total",722,80,121,453,68,392,20,19,296,57,330,60,102,157,11
"2011","North West Leicestershire 007C","E01025968","Total",1005,98,185,599,123,546,23,41,378,104,459,75,144,221,19
"2011","North West Leicestershire 007D","E01025969","Total",981,63,182,618,118,507,17,32,358,100,474,46,150,260,18
"2011","North West Leicestershire 008A","E01025950","Total",736,71,130,411,124,395,20,25,250,100,341,51,105,161,24
"2011","North West Leicestershire 008B","E01025951","Total",927,91,183,489,164,491,19,37,308,127,436,72,146,181,37
"2011","North West Leicestershire 008C","E01025952","Total",631,72,130,338,91,335,23,27,210,75,296,49,103,128,16
"2011","North West Leicestershire 008D","E01025953","Total",555,57,116,293,89,301,13,28,191,69,254,44,88,102,20
"2011","North West Leicestershire 008E","E01025954","Total",788,62,146,433,147,426,13,21,273,119,362,49,125,160,28
"2011","North West Leicestershire 009A","E01025932","Total",552,48,116,314,74,289,11,22,193,63,263,37,94,121,11
"2011","North West Leicestershire 009B","E01025933","Total",638,54,129,370,85,332,15,28,218,71,306,39,101,152,14
"2011","North West Leicestershire 009C","E01025934","Total",578,46,130,306,96,312,12,27,202,71,266,34,103,104,25
"2011","North West Leicestershire 009D","E01025935","Total",469,53,89,276,51,239,14,23,162,40,230,39,66,114,11
"2011","North West Leicestershire 009E","E01025936","Total",512,43,115,294,60,274,11,27,184,52,238,32,88,110,8
"2011","North West Leicestershire 010A","E01025929","Total",1142,96,190,717,139,603,25,26,431,121,539,71,164,286,18
"2011","North West Leicestershire 010B","E01025930","Total",833,54,148,512,119,446,9,28,314,95,387,45,120,198,24
"2011","North West Leicestershire 010C","E01025931","Total",909,59,162,577,111,479,15,31,342,91,430,44,131,235,20
"2011","North West Leicestershire 010D","E01025957","Total",905,78,178,555,94,471,20,33,341,77,434,58,145,214,17
"2011","North West Leicestershire 011B","E01025937","Total",794,60,161,478,95,418,21,34,293,70,376,39,127,185,25
"2011","North West Leicestershire 011C","E01025958","Total",878,94,140,524,120,464,25,25,318,96,414,69,115,206,24
"2011","North West Leicestershire 011D","E01025959","Total",1058,94,206,639,119,564,23,39,403,99,494,71,167,236,20
"2011","North West Leicestershire 011E","E01033102","Total",948,52,143,594,159,518,14,30,345,129,430,38,113,249,30
"2011","North West Leicestershire 011F","E01033103","Total",1008,93,181,567,167,541,25,24,359,133,467,68,157,208,34
"2011","North West Leicestershire 012A","E01025913","Total",1187,116,202,641,228,657,34,52,397,174,530,82,150,244,54
"2011","North West Leicestershire 012B","E01025947","Total",914,96,176,521,121,490,20,44,319,107,424,76,132,202,14
"2011","North West Leicestershire 012C","E01025948","Total",939,75,157,556,151,497,18,26,330,123,442,57,131,226,28
"2011","North West Leicestershire 012D","E01025949","Total",708,75,123,433,77,388,21,32,272,63,320,54,91,161,14
"2011","North West Leicestershire 013A","E01025938","Total",653,52,136,377,88,339,8,28,231,72,314,44,108,146,16
"2011","North West Leicestershire 013B","E01025939","Total",1018,74,201,597,146,550,26,32,372,120,468,48,169,225,26
"2011","North West Leicestershire 013C","E01025940","Total",1002,70,166,622,144,545,18,35,385,107,457,52,131,237,37
"2011","North West Leicestershire 013D","E01025941","Total",770,63,128,447,132,418,13,25,282,98,352,50,103,165,34
"2011","North West Leicestershire 013E","E01025942","Total",964,88,193,569,114,535,15,30,390,100,429,73,163,179,14
"2011","North West Leicestershire 013F","E01025943","Total",847,52,162,510,123,466,11,32,315,108,381,41,130,195,15
"2011","Oadby and Wigston 003A","E01025970","Total",674,75,142,389,68,334,25,38,219,52,340,50,104,170,16
"2011","Oadby and Wigston 003B","E01025971","Total",536,51,117,315,53,277,17,24,198,38,259,34,93,117,15
"2011","Oadby and Wigston 003C","E01025972","Total",560,72,134,291,63,302,26,34,189,53,258,46,100,102,10
"2011","Oadby and Wigston 003D","E01025976","Total",553,66,119,314,54,291,25,39,187,40,262,41,80,127,14
"2011","Oadby and Wigston 003E","E01025977","Total",582,46,130,347,59,302,14,38,207,43,280,32,92,140,16
"2011","Oadby and Wigston 003F","E01025978","Total",695,60,152,402,81,368,19,52,239,58,327,41,100,163,23
"2011","Oadby and Wigston 005A","E01025992","Total",683,65,136,419,63,333,13,43,224,53,350,52,93,195,10
"2011","Oadby and Wigston 005B","E01025994","Total",642,53,130,386,73,337,15,32,232,58,305,38,98,154,15
"2011","Oadby and Wigston 005C","E01025997","Total",662,53,138,419,52,336,10,27,255,44,326,43,111,164,8
"2011","Oadby and Wigston 005D","E01025999","Total",688,66,140,407,75,357,17,28,249,63,331,49,112,158,12
"2011","Oadby and Wigston 005E","E01026005","Total",835,68,184,500,83,436,25,52,291,68,399,43,132,209,15
"2011","Oadby and Wigston 006A","E01025985","Total",561,66,115,335,45,292,17,21,213,41,269,49,94,122,4
"2011","Oadby and Wigston 006B","E01025986","Total",674,70,137,392,75,359,22,30,246,61,315,48,107,146,14
"2011","Oadby and Wigston 006C","E01025987","Total",722,48,143,458,73,371,16,20,279,56,351,32,123,179,17
"2011","Oadby and Wigston 006D","E01025988","Total",846,62,164,534,86,425,15,32,317,61,421,47,132,217,25
"2011","Oadby and Wigston 006E","E01025989","Total",866,55,143,581,87,451,19,24,336,72,415,36,119,245,15
"2011","Oadby and Wigston 007A","E01025990","Total",642,60,140,378,64,325,18,28,222,57,317,42,112,156,7
"2011","Oadby and Wigston 007B","E01025991","Total",728,83,152,424,69,379,25,36,260,58,349,58,116,164,11
"2011","Oadby and Wigston 007C","E01025993","Total",727,60,179,429,59,374,18,45,261,50,353,42,134,168,9
"2011","Oadby and Wigston 007D","E01025998","Total",1055,75,192,654,134,562,29,39,390,104,493,46,153,264,30
"2011","Oadby and Wigston 007E","E01026000","Total",705,68,156,412,69,364,19,29,265,51,341,49,127,147,18
"2011","Oadby and Wigston 007F","E01026001","Total",771,78,152,463,78,392,11,30,286,65,379,67,122,177,13
"2011","Oadby and Wigston 008A","E01025995","Total",677,52,143,420,62,368,16,35,265,52,309,36,108,155,10
"2011","Oadby and Wigston 008B","E01026003","Total",772,64,159,470,79,410,26,42,281,61,362,38,117,189,18
"2011","Oadby and Wigston 008C","E01026004","Total",858,84,192,493,89,465,31,50,308,76,393,53,142,185,13
"2011","Oadby and Wigston 008D","E01032600","Total",957,98,203,563,93,485,25,46,344,70,472,73,157,219,23
"2011","Oadby and Wigston 008E","E01032601","Total",748,70,165,427,86,396,21,36,268,71,352,49,129,159,15
"2011","Oadby and Wigston 009A","E01025973","Total",1026,231,176,484,135,555,91,55,297,112,471,140,121,187,23
"2011","Oadby and Wigston 009B","E01025974","Total",868,162,166,434,106,439,66,53,248,72,429,96,113,186,34
"2011","Oadby and Wigston 009C","E01025975","Total",626,63,132,323,108,347,24,38,199,86,279,39,94,124,22
"2011","Oadby and Wigston 009E","E01025979","Total",671,75,165,367,64,326,23,36,217,50,345,52,129,150,14
"2011","Oadby and Wigston 009D","E01025980","Total",626,72,124,361,69,324,23,35,210,56,302,49,89,151,13
"2011","Oadby and Wigston 009F","E01025981","Total",764,98,156,450,60,409,38,52,269,50,355,60,104,181,10
"2011","Oadby and Wigston 009G","E01025982","Total",1027,97,210,601,119,528,29,47,350,102,499,68,163,251,17
"2011","Oadby and Wigston 009H","E01025983","Total",631,67,142,358,64,308,22,39,193,54,323,45,103,165,10
"2011","Oadby and Wigston 009I","E01025984","Total",741,78,168,392,103,385,25,47,238,75,356,53,121,154,28
"2011","Boston 001A","E01026007","Total",548,54,119,291,84,295,17,23,176,79,253,37,96,115,5
"2011","Boston 001B","E01026008","Total",639,52,154,325,108,385,15,48,231,91,254,37,106,94,17
"2011","Boston 001C","E01026009","Total",599,51,137,294,117,337,15,32,182,108,262,36,105,112,9
"2011","Boston 001D","E01026023","Total",586,50,122,281,133,326,17,25,172,112,260,33,97,109,21
"2011","Boston 001E","E01026024","Total",875,80,204,431,160,463,27,39,260,137,412,53,165,171,23
"2011","Boston 002A","E01026010","Total",579,27,145,368,39,304,12,43,219,30,275,15,102,149,9
"2011","Boston 002B","E01026011","Total",1437,73,313,914,137,740,27,104,501,108,697,46,209,413,29
"2011","Boston 002C","E01026030","Total",974,82,206,586,100,493,32,43,336,82,481,50,163,250,18
"2011","Boston 002D","E01026032","Total",1041,53,206,681,101,536,13,64,383,76,505,40,142,298,25
"2011","Boston 002E","E01026037","Total",599,40,142,338,79,310,8,43,204,55,289,32,99,134,24
"2011","Boston 003A","E01026006","Total",1494,78,254,1020,142,796,23,89,579,105,698,55,165,441,37
"2011","Boston 003B","E01026021","Total",890,71,176,545,98,464,23,56,315,70,426,48,120,230,28
"2011","Boston 003C","E01026025","Total",1194,75,235,778,106,596,22,61,427,86,598,53,174,351,20
"2011","Boston 003D","E01026036","Total",935,55,164,623,93,487,17,53,348,69,448,38,111,275,24
"2011","Boston 004A","E01026012","Total",405,46,109,204,46,211,14,21,135,41,194,32,88,69,5
"2011","Boston 004B","E01026015","Total",835,61,155,511,108,433,17,28,297,91,402,44,127,214,17
"2011","Boston 004C","E01026026","Total",756,72,200,410,74,391,12,69,247,63,365,60,131,163,11
"2011","Boston 004D","E01026027","Total",929,67,208,554,100,460,20,44,315,81,469,47,164,239,19
"2011","Boston 004E","E01026028","Total",812,66,185,486,75,408,20,52,278,58,404,46,133,208,17
"2011","Boston 006A","E01026016","Total",1035,92,204,545,194,546,21,48,324,153,489,71,156,221,41
"2011","Boston 006B","E01026033","Total",969,99,218,464,188,514,27,45,288,154,455,72,173,176,34
"2011","Boston 006C","E01026034","Total",782,76,139,425,142,430,19,38,251,122,352,57,101,174,20
"2011","Boston 007A","E01026017","Total",709,72,157,346,134,377,17,39,209,112,332,55,118,137,22
"2011","Boston 007B","E01026018","Total",786,72,164,391,159,427,27,39,230,131,359,45,125,161,28
"2011","Boston 007C","E01026019","Total",1215,103,270,666,176,630,30,63,397,140,585,73,207,269,36
"2011","Boston 007D","E01026020","Total",1078,87,242,584,165,574,24,58,358,134,504,63,184,226,31
"2011","Boston 007E","E01026041","Total",569,65,127,315,62,280,11,17,197,55,289,54,110,118,7
"2011","Boston 008A","E01026013","Total",716,90,132,387,107,384,23,33,240,88,332,67,99,147,19
"2011","Boston 008B","E01026014","Total",910,95,199,489,127,471,28,42,293,108,439,67,157,196,19
"2011","Boston 008C","E01026022","Total",948,98,201,481,168,492,26,44,293,129,456,72,157,188,39
"2011","Boston 008D","E01026038","Total",678,64,140,384,90,335,16,29,226,64,343,48,111,158,26
"2011","Boston 008E","E01026040","Total",631,53,124,353,101,334,12,23,210,89,297,41,101,143,12
"2011","Boston 009A","E01026029","Total",1353,106,296,785,166,703,31,55,486,131,650,75,241,299,35
"2011","Boston 009B","E01026031","Total",662,50,157,360,95,355,15,38,221,81,307,35,119,139,14
"2011","Boston 009C","E01026035","Total",1060,94,248,575,143,553,32,49,354,118,507,62,199,221,25
"2011","Boston 009D","E01026039","Total",579,52,126,314,87,309,18,24,193,74,270,34,102,121,13
"2011","East Lindsey 001A","E01026045","Total",760,98,165,341,156,405,25,41,218,121,355,73,124,123,35
"2011","East Lindsey 001B","E01026061","Total",612,62,140,319,91,323,20,25,202,76,289,42,115,117,15
"2011","East Lindsey 001C","E01026062","Total",617,63,124,327,103,327,15,21,207,84,290,48,103,120,19
"2011","East Lindsey 001D","E01026063","Total",562,57,113,325,67,300,11,17,213,59,262,46,96,112,8
"2011","East Lindsey 001E","E01026080","Total",934,116,175,469,174,499,25,51,291,132,435,91,124,178,42
"2011","East Lindsey 001F","E01026106","Total",562,62,122,294,84,295,13,26,184,72,267,49,96,110,12
"2011","East Lindsey 001G","E01026107","Total",642,74,138,313,117,334,17,27,205,85,308,57,111,108,32
"2011","East Lindsey 002A","E01026058","Total",1025,115,221,535,154,525,31,52,321,121,500,84,169,214,33
"2011","East Lindsey 002B","E01026076","Total",1047,116,222,532,177,548,33,53,322,140,499,83,169,210,37
"2011","East Lindsey 002C","E01026079","Total",818,103,204,386,125,432,28,50,252,102,386,75,154,134,23
"2011","East Lindsey 003A","E01026077","Total",482,62,120,227,73,240,14,25,143,58,242,48,95,84,15
"2011","East Lindsey 003B","E01026078","Total",500,56,128,245,71,276,18,32,166,60,224,38,96,79,11
"2011","East Lindsey 003C","E01026087","Total",455,50,107,247,51,226,22,14,146,44,229,28,93,101,7
"2011","East Lindsey 003D","E01026088","Total",585,60,124,318,83,306,13,29,192,72,279,47,95,126,11
"2011","East Lindsey 003E","E01026090","Total",620,72,140,336,72,316,13,30,214,59,304,59,110,122,13
"2011","East Lindsey 003F","E01026091","Total",585,72,134,308,71,308,23,33,194,58,277,49,101,114,13
"2011","East Lindsey 003G","E01026108","Total",993,108,247,536,102,514,29,61,334,90,479,79,186,202,12
"2011","East Lindsey 004A","E01026081","Total",1158,112,245,637,164,595,33,53,382,127,563,79,192,255,37
"2011","East Lindsey 004C","E01026089","Total",901,97,190,481,133,473,24,44,301,104,428,73,146,180,29
"2011","East Lindsey 004D","E01032986","Total",548,60,119,286,83,289,20,41,164,64,259,40,78,122,19
"2011","East Lindsey 004E","E01032987","Total",678,48,160,389,81,361,12,37,244,68,317,36,123,145,13
"2011","East Lindsey 005A","E01026072","Total",544,49,188,249,58,301,18,76,165,42,243,31,112,84,16
"2011","East Lindsey 005B","E01026073","Total",579,62,171,263,83,316,28,54,175,59,263,34,117,88,24
"2011","East Lindsey 005C","E01026074","Total",553,51,154,287,61,297,16,50,188,43,256,35,104,99,18
"2011","East Lindsey 005D","E01026099","Total",813,103,177,399,134,427,22,48,247,110,386,81,129,152,24
"2011","East Lindsey 006A","E01026103","Total",519,66,126,255,72,277,28,44,146,59,242,38,82,109,13
"2011","East Lindsey 006B","E01026104","Total",548,76,136,270,66,288,21,57,157,53,260,55,79,113,13
"2011","East Lindsey 006C","E01026109","Total",587,73,163,279,72,318,25,58,182,53,269,48,105,97,19
"2011","East Lindsey 007A","E01026071","Total",987,117,180,496,194,530,31,40,306,153,457,86,140,190,41
"2011","East Lindsey 007B","E01026082","Total",983,113,202,473,195,527,20,53,289,165,456,93,149,184,30
"2011","East Lindsey 007C","E01026121","Total",1062,124,202,539,197,572,43,63,308,158,490,81,139,231,39
"2011","East Lindsey 008A","E01026042","Total",646,78,172,299,97,312,24,37,174,77,334,54,135,125,20
"2011","East Lindsey 008B","E01026043","Total",641,74,138,346,83,329,21,31,214,63,312,53,107,132,20
"2011","East Lindsey 008C","E01026044","Total",517,65,124,228,100,281,22,39,140,80,236,43,85,88,20
"2011","East Lindsey 008D","E01026113","Total",806,88,186,364,168,427,21,61,215,130,379,67,125,149,38
"2011","East Lindsey 008E","E01026117","Total",784,97,159,358,170,422,19,39,230,134,362,78,120,128,36
"2011","East Lindsey 009A","E01026060","Total",579,72,131,255,121,314,22,37,154,101,265,50,94,101,20
"2011","East Lindsey 009B","E01026068","Total",964,84,221,448,211,507,31,54,261,161,457,53,167,187,50
"2011","East Lindsey 009C","E01026070","Total",907,109,192,410,196,484,31,45,255,153,423,78,147,155,43
"2011","East Lindsey 009D","E01026105","Total",1035,123,241,448,223,558,29,72,284,173,477,94,169,164,50
"2011","East Lindsey 010A","E01026048","Total",464,36,125,228,75,239,14,34,143,48,225,22,91,85,27
"2011","East Lindsey 010B","E01026049","Total",587,61,146,283,97,317,20,45,173,79,270,41,101,110,18
"2011","East Lindsey 010C","E01026050","Total",441,47,121,213,60,231,14,39,128,50,210,33,82,85,10
"2011","East Lindsey 010D","E01026069","Total",966,62,194,563,147,533,23,68,340,102,433,39,126,223,45
"2011","East Lindsey 011A","E01026064","Total",637,61,139,351,86,326,15,29,214,68,311,46,110,137,18
"2011","East Lindsey 011B","E01026065","Total",772,96,162,404,110,389,27,44,227,91,383,69,118,177,19
"2011","East Lindsey 011C","E01026066","Total",793,84,171,418,120,422,24,45,262,91,371,60,126,156,29
"2011","East Lindsey 011D","E01026067","Total",862,74,176,485,127,470,17,42,305,106,392,57,134,180,21
"2011","East Lindsey 012A","E01026084","Total",607,54,164,303,86,298,15,49,171,63,309,39,115,132,23
"2011","East Lindsey 012B","E01026085","Total",797,74,207,418,98,391,23,63,234,71,406,51,144,184,27
"2011","East Lindsey 012C","E01026115","Total",594,50,159,294,91,294,12,36,176,70,300,38,123,118,21
"2011","East Lindsey 012D","E01026116","Total",725,74,158,370,123,368,22,59,202,85,357,52,99,168,38
"2011","East Lindsey 013A","E01026046","Total",497,53,102,257,85,253,11,28,148,66,244,42,74,109,19
"2011","East Lindsey 013B","E01026047","Total",476,44,120,246,66,263,16,41,152,54,213,28,79,94,12
"2011","East Lindsey 013C","E01026055","Total",460,46,112,211,91,247,17,33,128,69,213,29,79,83,22
"2011","East Lindsey 013D","E01026059","Total",465,44,110,231,80,242,9,37,129,67,223,35,73,102,13
"2011","East Lindsey 013E","E01026100","Total",799,64,202,429,104,403,12,58,250,83,396,52,144,179,21
"2011","East Lindsey 013F","E01026101","Total",444,47,102,227,68,224,17,16,130,61,220,30,86,97,7
"2011","East Lindsey 014A","E01026092","Total",601,52,163,315,71,316,14,53,191,58,285,38,110,124,13
"2011","East Lindsey 014B","E01026093","Total",727,62,164,369,132,383,26,60,212,85,344,36,104,157,47
"2011","East Lindsey 014C","E01026095","Total",513,44,137,239,93,255,14,37,140,64,258,30,100,99,29
"2011","East Lindsey 014D","E01026114","Total",627,51,140,330,106,313,11,53,181,68,314,40,87,149,38
"2011","East Lindsey 015A","E01026083","Total",576,58,179,282,57,293,20,63,168,42,283,38,116,114,15
"2011","East Lindsey 015B","E01026094","Total",564,58,158,286,62,265,18,40,160,47,299,40,118,126,15
"2011","East Lindsey 015C","E01026096","Total",747,87,151,390,119,385,26,37,232,90,362,61,114,158,29
"2011","East Lindsey 015D","E01026097","Total",475,44,141,231,59,245,14,43,144,44,230,30,98,87,15
"2011","East Lindsey 016A","E01026051","Total",647,58,126,361,102,354,18,30,227,79,293,40,96,134,23
"2011","East Lindsey 016B","E01026052","Total",645,68,117,376,84,355,21,16,250,68,290,47,101,126,16
"2011","East Lindsey 016C","E01026053","Total",964,69,210,559,126,495,16,37,343,99,469,53,173,216,27
"2011","East Lindsey 016D","E01026054","Total",1221,89,152,780,200,846,41,39,598,168,375,48,113,182,32
"2011","East Lindsey 016E","E01026118","Total",623,94,116,320,93,335,34,29,200,72,288,60,87,120,21
"2011","East Lindsey 016F","E01026119","Total",399,53,94,177,75,209,18,28,104,59,190,35,66,73,16
"2011","East Lindsey 016G","E01026120","Total",570,59,138,279,94,301,23,31,169,78,269,36,107,110,16
"2011","East Lindsey 017A","E01026056","Total",520,62,135,227,96,278,15,42,140,81,242,47,93,87,15
"2011","East Lindsey 017B","E01026110","Total",582,54,142,291,95,312,15,45,182,70,270,39,97,109,25
"2011","East Lindsey 017C","E01026111","Total",625,53,129,305,138,340,16,39,176,109,285,37,90,129,29
"2011","East Lindsey 017D","E01026112","Total",371,33,98,186,54,202,9,32,121,40,169,24,66,65,14
"2011","East Lindsey 018A","E01026057","Total",894,88,183,460,163,473,25,49,260,139,421,63,134,200,24
"2011","East Lindsey 018B","E01026075","Total",941,86,165,496,194,533,27,43,304,159,408,59,122,192,35
"2011","East Lindsey 018C","E01026098","Total",904,84,209,463,148,482,29,43,289,121,422,55,166,174,27
"2011","East Lindsey 018D","E01026102","Total",1051,111,233,505,202,568,29,66,300,173,483,82,167,205,29
"2011","Lincoln 001A","E01026149","Total",696,64,168,391,73,363,15,38,251,59,333,49,130,140,14
"2011","Lincoln 001B","E01026150","Total",524,46,126,301,51,283,10,31,200,42,241,36,95,101,9
"2011","Lincoln 001C","E01026166","Total",488,50,117,270,51,250,13,23,172,42,238,37,94,98,9
"2011","Lincoln 001D","E01026168","Total",523,52,137,284,50,258,15,26,184,33,265,37,111,100,17
"2011","Lincoln 002A","E01026153","Total",1310,89,219,821,181,684,28,46,472,138,626,61,173,349,43
"2011","Lincoln 002B","E01026155","Total",971,86,191,599,95,477,23,39,335,80,494,63,152,264,15
"2011","Lincoln 002C","E01026157","Total",466,34,112,276,44,248,6,29,173,40,218,28,83,103,4
"2011","Lincoln 002D","E01026165","Total",547,51,117,314,65,277,11,20,187,59,270,40,97,127,6
"2011","Lincoln 003A","E01026125","Total",690,49,180,378,83,406,18,92,227,69,284,31,88,151,14
"2011","Lincoln 003B","E01026144","Total",742,131,139,393,79,388,47,48,237,56,354,84,91,156,23
"2011","Lincoln 003C","E01026147","Total",1358,127,233,797,201,703,45,56,456,146,655,82,177,341,55
"2011","Lincoln 003D","E01026148","Total",963,105,157,575,126,494,29,48,326,91,469,76,109,249,35
"2011","Lincoln 003E","E01026151","Total",919,92,177,517,133,469,21,37,308,103,450,71,140,209,30
"2011","Lincoln 003F","E01026164","Total",626,109,121,311,85,302,26,31,182,63,324,83,90,129,22
"2011","Lincoln 003G","E01026167","Total",715,77,120,354,164,382,29,32,205,116,333,48,88,149,48
"2011","Lincoln 004A","E01026122","Total",978,105,167,565,141,518,42,68,310,98,460,63,99,255,43
"2011","Lincoln 004B","E01026123","Total",1200,107,201,767,125,616,35,52,434,95,584,72,149,333,30
"2011","Lincoln 004C","E01026124","Total",827,74,179,503,71,431,24,49,306,52,396,50,130,197,19
"2011","Lincoln 004D","E01026126","Total",737,73,133,457,74,446,32,57,302,55,291,41,76,155,19
"2011","Lincoln 004E","E01026152","Total",503,59,167,242,35,233,17,40,146,30,270,42,127,96,5
"2011","Lincoln 004F","E01026154","Total",627,64,137,373,53,328,19,36,227,46,299,45,101,146,7
"2011","Lincoln 004G","E01026156","Total",543,65,142,262,74,271,20,30,168,53,272,45,112,94,21
"2011","Lincoln 005A","E01026132","Total",1115,329,173,505,108,551,122,53,295,81,564,207,120,210,27
"2011","Lincoln 005B","E01026143","Total",1056,268,178,496,114,523,96,75,276,76,533,172,103,220,38
"2011","Lincoln 005C","E01026145","Total",802,143,159,411,89,392,60,45,227,60,410,83,114,184,29
"2011","Lincoln 005D","E01026146","Total",843,283,191,319,50,403,99,70,195,39,440,184,121,124,11
"2011","Lincoln 006A","E01026134","Total",771,73,127,483,88,405,29,36,268,72,366,44,91,215,16
"2011","Lincoln 006B","E01026176","Total",810,104,179,476,51,428,46,72,269,41,382,58,107,207,10
"2011","Lincoln 006C","E01026177","Total",999,130,207,581,81,507,46,63,331,67,492,84,144,250,14
"2011","Lincoln 006D","E01026178","Total",886,112,172,531,71,488,49,57,326,56,398,63,115,205,15
"2011","Lincoln 007A","E01026127","Total",588,57,138,344,49,303,13,36,213,41,285,44,102,131,8
"2011","Lincoln 007B","E01026128","Total",1414,106,261,891,156,719,27,54,516,122,695,79,207,375,34
"2011","Lincoln 007C","E01026129","Total",601,60,169,314,58,298,17,40,190,51,303,43,129,124,7
"2011","Lincoln 007D","E01026131","Total",638,57,139,381,61,335,13,33,240,49,303,44,106,141,12
"2011","Lincoln 008A","E01026133","Total",1591,406,327,763,95,803,166,96,469,72,788,240,231,294,23
"2011","Lincoln 008B","E01026135","Total",858,77,175,503,103,455,28,26,316,85,403,49,149,187,18
"2011","Lincoln 008C","E01026136","Total",709,65,177,390,77,372,16,40,251,65,337,49,137,139,12
"2011","Lincoln 008D","E01026174","Total",753,51,137,475,90,397,18,33,272,74,356,33,104,203,16
"2011","Lincoln 009A","E01026130","Total",650,65,124,365,96,340,20,31,217,72,310,45,93,148,24
"2011","Lincoln 009B","E01026158","Total",701,70,143,415,73,369,26,30,257,56,332,44,113,158,17
"2011","Lincoln 009C","E01026159","Total",846,72,174,520,80,411,16,34,301,60,435,56,140,219,20
"2011","Lincoln 009D","E01026160","Total",735,61,144,453,77,375,15,27,272,61,360,46,117,181,16
"2011","Lincoln 009E","E01026162","Total",666,62,143,390,71,356,17,21,258,60,310,45,122,132,11
"2011","Lincoln 009F","E01026163","Total",849,62,168,530,89,458,18,38,333,69,391,44,130,197,20
"2011","Lincoln 010A","E01026161","Total",595,58,133,350,54,304,16,38,210,40,291,42,95,140,14
"2011","Lincoln 010B","E01026170","Total",575,45,134,335,61,297,14,30,204,49,278,31,104,131,12
"2011","Lincoln 010C","E01026172","Total",592,52,136,344,60,304,13,28,214,49,288,39,108,130,11
"2011","Lincoln 010D","E01026173","Total",515,39,163,266,47,265,14,42,168,41,250,25,121,98,6
"2011","Lincoln 010E","E01026175","Total",929,62,187,571,109,496,19,39,348,90,433,43,148,223,19
"2011","Lincoln 011A","E01026137","Total",671,60,139,411,61,358,21,22,258,57,313,39,117,153,4
"2011","Lincoln 011B","E01026138","Total",816,60,161,500,95,435,17,45,295,78,381,43,116,205,17
"2011","Lincoln 011C","E01026139","Total",616,71,134,338,73,309,20,26,203,60,307,51,108,135,13
"2011","Lincoln 011D","E01026140","Total",662,54,132,398,78,341,17,20,242,62,321,37,112,156,16
"2011","Lincoln 011E","E01026141","Total",760,76,167,433,84,398,32,29,273,64,362,44,138,160,20
"2011","Lincoln 011F","E01026142","Total",615,51,143,361,60,326,11,35,236,44,289,40,108,125,16
"2011","Lincoln 011G","E01026169","Total",726,88,201,356,81,369,29,46,233,61,357,59,155,123,20
"2011","Lincoln 011H","E01026171","Total",693,81,142,388,82,369,21,27,254,67,324,60,115,134,15
"2011","North Kesteven 001A","E01026186","Total",776,67,178,421,110,400,18,41,250,91,376,49,137,171,19
"2011","North Kesteven 001B","E01026187","Total",1123,93,194,689,147,574,20,38,402,114,549,73,156,287,33
"2011","North Kesteven 001C","E01026189","Total",815,82,166,464,103,433,26,34,291,82,382,56,132,173,21
"2011","North Kesteven 001D","E01026203","Total",841,91,179,449,122,449,20,50,285,94,392,71,129,164,28
"2011","North Kesteven 001E","E01026204","Total",796,83,167,469,77,418,27,31,301,59,378,56,136,168,18
"2011","North Kesteven 001F","E01026206","Total",996,110,196,568,122,505,34,40,328,103,491,76,156,240,19
"2011","North Kesteven 003B","E01026182","Total",742,75,147,394,126,388,17,29,236,106,354,58,118,158,20
"2011","North Kesteven 003C","E01026193","Total",729,79,126,377,147,379,19,25,223,112,350,60,101,154,35
"2011","North Kesteven 003D","E01026199","Total",1100,136,214,531,219,589,31,43,333,182,511,105,171,198,37
"2011","North Kesteven 003E","E01026225","Total",932,96,184,516,136,474,26,36,302,110,458,70,148,214,26
"2011","North Kesteven 003F","E01026226","Total",841,83,204,430,124,446,23,52,268,103,395,60,152,162,21
"2011","North Kesteven 003G","E01032990","Total",1443,87,219,883,254,740,18,37,497,188,703,69,182,386,66
"2011","North Kesteven 003H","E01032994","Total",716,65,158,386,107,375,18,36,231,90,341,47,122,155,17
"2011","North Kesteven 004A","E01026184","Total",1128,73,93,763,199,748,20,16,540,172,380,53,77,223,27
"2011","North Kesteven 004B","E01026185","Total",798,69,178,427,124,413,18,44,260,91,385,51,134,167,33
"2011","North Kesteven 004C","E01026188","Total",1072,70,207,641,154,552,14,44,371,123,520,56,163,270,31
"2011","North Kesteven 004D","E01026190","Total",623,72,124,326,101,339,15,35,210,79,284,57,89,116,22
"2011","North Kesteven 004E","E01026237","Total",545,51,106,312,76,276,16,24,175,61,269,35,82,137,15
"2011","North Kesteven 004F","E01026238","Total",700,73,142,385,100,367,23,17,243,84,333,50,125,142,16
"2011","North Kesteven 005A","E01026191","Total",833,82,192,442,117,443,20,43,289,91,390,62,149,153,26
"2011","North Kesteven 005B","E01026205","Total",652,72,137,349,94,331,20,28,210,73,321,52,109,139,21
"2011","North Kesteven 005C","E01026211","Total",1012,93,195,541,183,521,28,40,310,143,491,65,155,231,40
"2011","North Kesteven 005D","E01026212","Total",720,56,135,432,97,389,15,27,266,81,331,41,108,166,16
"2011","North Kesteven 005E","E01026213","Total",669,68,126,362,113,342,20,30,207,85,327,48,96,155,28
"2011","North Kesteven 006A","E01026192","Total",583,49,107,285,142,324,20,22,174,108,259,29,85,111,34
"2011","North Kesteven 006B","E01026194","Total",839,81,164,440,154,436,17,33,256,130,403,64,131,184,24
"2011","North Kesteven 006C","E01026195","Total",923,100,173,461,189,489,24,48,272,145,434,76,125,189,44
"2011","North Kesteven 006D","E01026196","Total",720,86,116,362,156,381,23,26,216,116,339,63,90,146,40
"2011","North Kesteven 007A","E01026180","Total",679,68,114,371,126,362,16,27,212,107,317,52,87,159,19
"2011","North Kesteven 007B","E01026183","Total",1055,111,208,559,177,566,32,46,338,150,489,79,162,221,27
"2011","North Kesteven 007C","E01026210","Total",1073,108,195,565,205,576,29,42,344,161,497,79,153,221,44
"2011","North Kesteven 007D","E01026224","Total",683,80,144,373,86,346,25,30,222,69,337,55,114,151,17
"2011","North Kesteven 008A","E01026179","Total",699,46,77,476,100,438,4,13,332,89,261,42,64,144,11
"2011","North Kesteven 008B","E01026197","Total",708,57,102,431,118,389,10,22,264,93,319,47,80,167,25
"2011","North Kesteven 008C","E01026198","Total",852,49,90,572,141,530,19,16,385,110,322,30,74,187,31
"2011","North Kesteven 008D","E01026223","Total",999,96,168,604,131,519,28,37,354,100,480,68,131,250,31
"2011","North Kesteven 009A","E01026209","Total",905,106,187,463,149,468,35,43,278,112,437,71,144,185,37
"2011","North Kesteven 009B","E01026221","Total",1076,114,216,523,223,566,24,48,323,171,510,90,168,200,52
"2011","North Kesteven 009C","E01026222","Total",758,70,145,436,107,400,17,35,265,83,358,53,110,171,24
"2011","North Kesteven 010A","E01026227","Total",721,54,129,449,89,390,14,31,277,68,331,40,98,172,21
"2011","North Kesteven 010B","E01026230","Total",554,37,113,342,62,298,10,27,210,51,256,27,86,132,11
"2011","North Kesteven 010C","E01026231","Total",1479,120,282,873,204,783,43,58,514,168,696,77,224,359,36
"2011","North Kesteven 010D","E01026232","Total",996,92,184,583,137,522,25,39,336,122,474,67,145,247,15
"2011","North Kesteven 010E","E01026235","Total",659,70,127,359,103,356,23,32,212,89,303,47,95,147,14
"2011","North Kesteven 011A","E01026228","Total",810,58,150,493,109,417,10,23,297,87,393,48,127,196,22
"2011","North Kesteven 011B","E01026229","Total",805,67,149,466,123,423,15,30,276,102,382,52,119,190,21
"2011","North Kesteven 011C","E01026233","Total",884,82,168,506,128,456,21,28,300,107,428,61,140,206,21
"2011","North Kesteven 011D","E01026234","Total",1457,123,245,874,215,748,35,41,510,162,709,88,204,364,53
"2011","North Kesteven 011E","E01026236","Total",485,54,90,278,63,265,13,13,188,51,220,41,77,90,12
"2011","North Kesteven 012A","E01026200","Total",825,89,146,444,146,431,26,41,242,122,394,63,105,202,24
"2011","North Kesteven 012B","E01026201","Total",816,80,139,413,184,440,25,28,233,154,376,55,111,180,30
"2011","North Kesteven 012C","E01026202","Total",708,64,144,380,120,385,20,37,233,95,323,44,107,147,25
"2011","North Kesteven 012D","E01026207","Total",551,60,111,268,112,309,17,31,165,96,242,43,80,103,16
"2011","North Kesteven 012E","E01026208","Total",817,64,176,428,149,425,20,26,251,128,392,44,150,177,21
"2011","North Kesteven 013A","E01026220","Total",953,118,237,513,85,495,34,57,330,74,458,84,180,183,11
"2011","North Kesteven 013B","E01032988","Total",702,64,127,422,89,361,11,26,256,68,341,53,101,166,21
"2011","North Kesteven 013C","E01032989","Total",809,41,128,522,118,403,14,21,275,93,406,27,107,247,25
"2011","North Kesteven 013D","E01032993","Total",694,77,133,413,71,356,20,25,254,57,338,57,108,159,14
"2011","North Kesteven 014A","E01026214","Total",573,60,145,312,56,285,13,34,193,45,288,47,111,119,11
"2011","North Kesteven 014B","E01026215","Total",470,52,110,260,48,234,12,24,155,43,236,40,86,105,5
"2011","North Kesteven 014C","E01026218","Total",513,64,117,277,55,269,20,31,173,45,244,44,86,104,10
"2011","North Kesteven 014D","E01026219","Total",589,69,129,335,56,309,16,28,216,49,280,53,101,119,7
"2011","North Kesteven 014E","E01032991","Total",742,79,149,419,95,389,19,26,264,80,353,60,123,155,15
"2011","North Kesteven 014F","E01032992","Total",662,67,135,392,68,332,21,24,235,52,330,46,111,157,16
"2011","South Holland 001A","E01026242","Total",699,63,152,322,162,371,14,27,186,144,328,49,125,136,18
"2011","South Holland 001B","E01026243","Total",607,59,95,331,122,338,10,22,199,107,269,49,73,132,15
"2011","South Holland 001C","E01026244","Total",612,57,97,317,141,329,12,19,188,110,283,45,78,129,31
"2011","South Holland 001D","E01026247","Total",873,90,167,422,194,456,23,36,243,154,417,67,131,179,40
"2011","South Holland 001E","E01026276","Total",1136,110,219,570,237,616,34,47,332,203,520,76,172,238,34
"2011","South Holland 002A","E01026246","Total",1026,92,210,516,208,564,31,53,305,175,462,61,157,211,33
"2011","South Holland 002B","E01026248","Total",1104,105,203,575,221,591,33,50,328,180,513,72,153,247,41
"2011","South Holland 002C","E01026257","Total",734,64,156,391,123,380,13,27,236,104,354,51,129,155,19
"2011","South Holland 003A","E01026250","Total",821,68,135,478,140,428,17,30,271,110,393,51,105,207,30
"2011","South Holland 003B","E01026251","Total",790,82,115,444,149,423,19,18,269,117,367,63,97,175,32
"2011","South Holland 003C","E01026252","Total",730,57,144,387,142,383,13,32,227,111,347,44,112,160,31
"2011","South Holland 003D","E01026253","Total",721,64,134,407,116,368,15,28,231,94,353,49,106,176,22
"2011","South Holland 004A","E01026281","Total",633,63,104,320,146,348,10,29,189,120,285,53,75,131,26
"2011","South Holland 004B","E01026282","Total",744,67,152,391,134,397,15,38,229,115,347,52,114,162,19
"2011","South Holland 004C","E01026283","Total",788,84,140,394,170,434,28,35,232,139,354,56,105,162,31
"2011","South Holland 004D","E01026285","Total",659,70,113,348,128,356,24,20,202,110,303,46,93,146,18
"2011","South Holland 004E","E01026286","Total",581,54,111,265,151,316,13,25,159,119,265,41,86,106,32
"2011","South Holland 005A","E01026241","Total",1083,71,179,564,269,597,13,25,337,222,486,58,154,227,47
"2011","South Holland 005B","E01026258","Total",850,95,167,438,150,432,24,35,252,121,418,71,132,186,29
"2011","South Holland 005C","E01026259","Total",862,80,153,474,155,466,20,37,285,124,396,60,116,189,31
"2011","South Holland 005D","E01026260","Total",900,72,156,501,171,490,20,41,288,141,410,52,115,213,30
"2011","South Holland 006B","E01026266","Total",1168,58,176,757,177,624,19,46,427,132,544,39,130,330,45
"2011","South Holland 006C","E01026273","Total",764,63,138,459,104,412,17,21,288,86,352,46,117,171,18
"2011","South Holland 006D","E01026274","Total",995,72,179,589,155,517,16,29,346,126,478,56,150,243,29
"2011","South Holland 006E","E01026275","Total",996,70,131,662,133,516,15,18,377,106,480,55,113,285,27
"2011","South Holland 006F","E01032995","Total",707,41,114,445,107,382,15,28,250,89,325,26,86,195,18
"2011","South Holland 006G","E01032996","Total",662,69,109,377,107,372,19,22,247,84,290,50,87,130,23
"2011","South Holland 007A","E01026268","Total",910,83,149,535,143,484,25,26,322,111,426,58,123,213,32
"2011","South Holland 007B","E01026269","Total",1040,103,202,592,143,543,23,51,355,114,497,80,151,237,29
"2011","South Holland 007C","E01026270","Total",877,70,163,510,134,460,18,39,293,110,417,52,124,217,24
"2011","South Holland 007D","E01026271","Total",822,49,141,526,106,449,23,35,303,88,373,26,106,223,18
"2011","South Holland 007E","E01026272","Total",635,47,109,378,101,345,11,24,236,74,290,36,85,142,27
"2011","South Holland 008A","E01026254","Total",713,73,124,379,137,386,19,24,227,116,327,54,100,152,21
"2011","South Holland 008B","E01026255","Total",847,69,151,505,122,447,14,33,299,101,400,55,118,206,21
"2011","South Holland 008C","E01026256","Total",718,76,121,398,123,389,18,19,245,107,329,58,102,153,16
"2011","South Holland 008D","E01026277","Total",650,54,100,389,107,371,16,28,242,85,279,38,72,147,22
"2011","South Holland 008E","E01026278","Total",678,62,111,384,121,376,17,24,225,110,302,45,87,159,11
"2011","South Holland 008F","E01026279","Total",551,32,98,350,71,298,12,22,207,57,253,20,76,143,14
"2011","South Holland 009A","E01026262","Total",810,85,147,455,123,425,28,36,261,100,385,57,111,194,23
"2011","South Holland 009B","E01026263","Total",1055,70,150,655,180,542,11,30,350,151,513,59,120,305,29
"2011","South Holland 009C","E01026264","Total",803,60,148,474,121,413,17,24,274,98,390,43,124,200,23
"2011","South Holland 009D","E01026265","Total",613,46,104,353,110,335,9,20,213,93,278,37,84,140,17
"2011","South Holland 009E","E01026267","Total",1529,94,256,926,253,784,31,55,488,210,745,63,201,438,43
"2011","South Holland 010A","E01026245","Total",919,79,152,494,194,507,25,29,303,150,412,54,123,191,44
"2011","South Holland 010B","E01026249","Total",893,92,165,463,173,488,33,39,279,137,405,59,126,184,36
"2011","South Holland 010C","E01026280","Total",1196,122,223,619,232,643,21,54,382,186,553,101,169,237,46
"2011","South Holland 011A","E01026239","Total",906,79,177,487,163,463,17,33,289,124,443,62,144,198,39
"2011","South Holland 011B","E01026240","Total",1157,105,221,655,176,627,20,51,405,151,530,85,170,250,25
"2011","South Holland 011C","E01026284","Total",923,102,172,483,166,483,35,31,295,122,440,67,141,188,44
"2011","South Kesteven 001A","E01026313","Total",783,74,167,378,164,423,30,29,227,137,360,44,138,151,27
"2011","South Kesteven 001B","E01026314","Total",623,55,130,351,87,324,17,23,217,67,299,38,107,134,20
"2011","South Kesteven 001C","E01026329","Total",859,101,167,427,164,460,30,44,255,131,399,71,123,172,33
"2011","South Kesteven 001D","E01026333","Total",1292,142,253,647,250,664,45,51,374,194,628,97,202,273,56
"2011","South Kesteven 002A","E01026291","Total",902,96,193,485,128,484,34,40,303,107,418,62,153,182,21
"2011","South Kesteven 002B","E01026340","Total",966,111,196,502,157,499,24,43,305,127,467,87,153,197,30
"2011","South Kesteven 002C","E01026355","Total",1096,107,225,546,218,577,19,59,328,171,519,88,166,218,47
"2011","South Kesteven 002D","E01026365","Total",1062,133,197,508,224,545,24,47,292,182,517,109,150,216,42
"2011","South Kesteven 003A","E01026325","Total",629,54,143,382,50,326,15,26,243,42,303,39,117,139,8
"2011","South Kesteven 003B","E01026326","Total",704,77,160,385,82,373,21,39,248,65,331,56,121,137,17
"2011","South Kesteven 003C","E01026327","Total",590,59,135,334,62,302,13,25,212,52,288,46,110,122,10
"2011","South Kesteven 003D","E01026328","Total",510,54,134,277,45,256,8,25,183,40,254,46,109,94,5
"2011","South Kesteven 003E","E01026352","Total",601,57,124,340,80,302,11,22,214,55,299,46,102,126,25
"2011","South Kesteven 003F","E01026353","Total",715,49,118,443,105,374,10,32,248,84,341,39,86,195,21
"2011","South Kesteven 003G","E01026354","Total",608,59,139,332,78,319,20,31,203,65,289,39,108,129,13
"2011","South Kesteven 004A","E01026320","Total",897,88,151,554,104,463,21,20,331,91,434,67,131,223,13
"2011","South Kesteven 004B","E01026321","Total",663,70,141,369,83,349,18,31,231,69,314,52,110,138,14
"2011","South Kesteven 004C","E01026322","Total",597,47,103,384,63,321,18,21,237,45,276,29,82,147,18
"2011","South Kesteven 004D","E01026323","Total",918,86,156,550,126,490,24,48,312,106,428,62,108,238,20
"2011","South Kesteven 004E","E01026324","Total",1257,110,266,734,147,656,32,47,457,120,601,78,219,277,27
"2011","South Kesteven 005A","E01026308","Total",556,57,143,315,41,287,14,32,209,32,269,43,111,106,9
"2011","South Kesteven 005B","E01026309","Total",788,52,166,504,66,395,12,33,298,52,393,40,133,206,14
"2011","South Kesteven 005C","E01026310","Total",523,43,119,306,55,276,9,28,191,48,247,34,91,115,7
"2011","South Kesteven 005D","E01026311","Total",784,50,179,485,70,400,16,37,285,62,384,34,142,200,8
"2011","South Kesteven 005E","E01026312","Total",496,67,129,274,26,231,16,20,174,21,265,51,109,100,5
"2011","South Kesteven 006A","E01026317","Total",1142,79,196,743,124,602,29,47,435,91,540,50,149,308,33
"2011","South Kesteven 006B","E01026318","Total",982,73,192,635,82,498,19,35,374,70,484,54,157,261,12
"2011","South Kesteven 006C","E01026319","Total",1121,73,187,724,137,594,22,34,423,115,527,51,153,301,22
"2011","South Kesteven 006D","E01026343","Total",953,64,168,622,99,510,15,36,380,79,443,49,132,242,20
"2011","South Kesteven 006E","E01026344","Total",851,65,155,550,81,448,23,29,333,63,403,42,126,217,18
"2011","South Kesteven 006F","E01026345","Total",637,53,152,345,87,334,18,41,205,70,303,35,111,140,17
"2011","South Kesteven 007A","E01026292","Total",812,85,174,463,90,409,19,32,284,74,403,66,142,179,16
"2011","South Kesteven 007B","E01026293","Total",1141,96,209,662,174,606,26,39,401,140,535,70,170,261,34
"2011","South Kesteven 007C","E01026294","Total",960,79,166,610,105,488,20,24,357,87,472,59,142,253,18
"2011","South Kesteven 007D","E01026316","Total",1216,142,203,599,272,636,32,32,355,217,580,110,171,244,55
"2011","South Kesteven 007E","E01026332","Total",1045,130,197,504,214,570,29,49,311,181,475,101,148,193,33
"2011","South Kesteven 008A","E01026290","Total",1075,108,209,547,211,576,30,52,328,166,499,78,157,219,45
"2011","South Kesteven 008B","E01026341","Total",683,87,131,346,119,357,25,27,206,99,326,62,104,140,20
"2011","South Kesteven 008C","E01026342","Total",793,66,152,415,160,426,22,28,250,126,367,44,124,165,34
"2011","South Kesteven 008D","E01026361","Total",1235,124,219,680,212,637,37,46,385,169,598,87,173,295,43
"2011","South Kesteven 009A","E01026315","Total",1002,107,199,514,182,525,24,44,320,137,477,83,155,194,45
"2011","South Kesteven 009B","E01026331","Total",1190,119,236,628,207,637,31,56,383,167,553,88,180,245,40
"2011","South Kesteven 009C","E01026338","Total",629,66,113,304,146,336,24,24,176,112,293,42,89,128,34
"2011","South Kesteven 009D","E01026339","Total",692,43,135,404,110,364,11,21,252,80,328,32,114,152,30
"2011","South Kesteven 010A","E01026299","Total",769,98,144,424,103,396,23,34,256,83,373,75,110,168,20
"2011","South Kesteven 010B","E01026300","Total",736,76,166,380,114,383,20,36,235,92,353,56,130,145,22
"2011","South Kesteven 010C","E01026301","Total",734,79,134,408,113,385,28,31,238,88,349,51,103,170,25
"2011","South Kesteven 010D","E01026302","Total",689,66,140,395,88,346,17,18,246,65,343,49,122,149,23
"2011","South Kesteven 011B","E01026296","Total",707,86,116,381,124,367,28,22,214,103,340,58,94,167,21
"2011","South Kesteven 011C","E01026297","Total",639,71,133,379,56,334,18,35,235,46,305,53,98,144,10
"2011","South Kesteven 011D","E01026298","Total",834,74,174,473,113,420,21,50,273,76,414,53,124,200,37
"2011","South Kesteven 011E","E01032997","Total",682,55,121,398,108,349,13,15,236,85,333,42,106,162,23
"2011","South Kesteven 011F","E01032998","Total",755,60,121,462,112,387,18,25,258,86,368,42,96,204,26
"2011","South Kesteven 011G","E01032999","Total",569,72,129,281,87,283,16,25,173,69,286,56,104,108,18
"2011","South Kesteven 012A","E01026330","Total",1121,134,215,492,280,586,47,41,283,215,535,87,174,209,65
"2011","South Kesteven 012B","E01026360","Total",1126,129,186,616,195,617,38,37,384,158,509,91,149,232,37
"2011","South Kesteven 012C","E01026362","Total",989,94,202,529,164,525,26,37,337,125,464,68,165,192,39
"2011","South Kesteven 012D","E01026363","Total",634,61,119,313,141,337,17,25,190,105,297,44,94,123,36
"2011","South Kesteven 012E","E01026364","Total",836,96,160,429,151,434,18,34,264,118,402,78,126,165,33
"2011","South Kesteven 013A","E01026334","Total",857,109,173,459,116,436,35,36,271,94,421,74,137,188,22
"2011","South Kesteven 013B","E01026335","Total",743,69,132,435,107,385,13,34,254,84,358,56,98,181,23
"2011","South Kesteven 013C","E01026336","Total",730,62,148,421,99,377,14,33,252,78,353,48,115,169,21
"2011","South Kesteven 013D","E01026337","Total",780,81,150,465,84,409,22,34,285,68,371,59,116,180,16
"2011","South Kesteven 014A","E01026303","Total",819,70,154,497,98,424,18,22,308,76,395,52,132,189,22
"2011","South Kesteven 014B","E01026304","Total",801,79,154,445,123,420,19,36,265,100,381,60,118,180,23
"2011","South Kesteven 014C","E01026305","Total",852,67,148,538,99,426,21,29,296,80,426,46,119,242,19
"2011","South Kesteven 014D","E01026306","Total",673,69,134,404,66,334,22,25,235,52,339,47,109,169,14
"2011","South Kesteven 014E","E01026307","Total",718,73,125,424,96,372,13,24,254,81,346,60,101,170,15
"2011","South Kesteven 015A","E01026287","Total",720,68,126,467,59,377,24,26,285,42,343,44,100,182,17
"2011","South Kesteven 015B","E01026288","Total",745,75,151,435,84,384,20,28,276,60,361,55,123,159,24
"2011","South Kesteven 015C","E01026289","Total",1084,96,168,661,159,567,27,26,396,118,517,69,142,265,41
"2011","South Kesteven 015D","E01026346","Total",651,58,119,404,70,328,13,19,239,57,323,45,100,165,13
"2011","South Kesteven 015E","E01026347","Total",769,67,122,447,133,374,26,24,234,90,395,41,98,213,43
"2011","South Kesteven 015F","E01026348","Total",583,64,119,340,60,306,24,23,210,49,277,40,96,130,11
"2011","South Kesteven 016A","E01026349","Total",736,72,145,411,108,370,24,38,238,70,366,48,107,173,38
"2011","South Kesteven 016B","E01026350","Total",780,84,107,441,148,414,23,29,258,104,366,61,78,183,44
"2011","South Kesteven 016C","E01026351","Total",772,70,119,437,146,410,21,28,253,108,362,49,91,184,38
"2011","South Kesteven 016D","E01026356","Total",928,92,180,542,114,465,29,30,321,85,463,63,150,221,29
"2011","South Kesteven 016E","E01026357","Total",845,78,167,509,91,435,22,23,317,73,410,56,144,192,18
"2011","South Kesteven 016F","E01026358","Total",756,91,132,425,108,384,22,24,255,83,372,69,108,170,25
"2011","South Kesteven 016G","E01026359","Total",792,82,149,439,122,416,22,20,284,90,376,60,129,155,32
"2011","West Lindsey 001A","E01026367","Total",765,70,155,387,153,421,28,35,243,115,344,42,120,144,38
"2011","West Lindsey 001B","E01026368","Total",780,79,150,432,119,406,21,29,262,94,374,58,121,170,25
"2011","West Lindsey 001C","E01026387","Total",1353,139,264,684,266,729,34,55,420,220,624,105,209,264,46
"2011","West Lindsey 001D","E01026416","Total",611,65,127,281,138,329,16,27,173,113,282,49,100,108,25
"2011","West Lindsey 001G","E01032683","Total",1154,139,230,588,197,608,28,44,368,168,546,111,186,220,29
"2011","West Lindsey 002A","E01026380","Total",873,74,175,521,103,451,20,31,318,82,422,54,144,203,21
"2011","West Lindsey 002B","E01026401","Total",793,100,146,424,123,415,26,26,261,102,378,74,120,163,21
"2011","West Lindsey 002C","E01026402","Total",917,96,147,526,148,486,26,23,319,118,431,70,124,207,30
"2011","West Lindsey 002D","E01026403","Total",656,75,140,347,94,343,15,34,219,75,313,60,106,128,19
"2011","West Lindsey 002E","E01026407","Total",686,61,125,386,114,354,18,23,221,92,332,43,102,165,22
"2011","West Lindsey 002F","E01026408","Total",624,77,143,328,76,321,23,32,199,67,303,54,111,129,9
"2011","West Lindsey 003A","E01026389","Total",756,71,160,422,103,404,27,39,252,86,352,44,121,170,17
"2011","West Lindsey 003B","E01026390","Total",782,79,181,385,137,417,23,40,244,110,365,56,141,141,27
"2011","West Lindsey 003C","E01026391","Total",875,118,175,394,188,466,37,44,238,147,409,81,131,156,41
"2011","West Lindsey 003D","E01026392","Total",1427,171,252,708,296,760,46,53,430,231,667,125,199,278,65
"2011","West Lindsey 003E","E01026415","Total",466,41,85,257,83,265,14,22,161,68,201,27,63,96,15
"2011","West Lindsey 004A","E01026378","Total",717,67,136,437,77,390,11,27,288,64,327,56,109,149,13
"2011","West Lindsey 004B","E01026379","Total",797,90,178,444,85,401,25,33,281,62,396,65,145,163,23
"2011","West Lindsey 004C","E01026381","Total",750,85,168,428,69,376,19,34,264,59,374,66,134,164,10
"2011","West Lindsey 004D","E01026382","Total",755,64,163,441,87,420,12,42,295,71,335,52,121,146,16
"2011","West Lindsey 004E","E01026383","Total",494,51,79,276,88,297,17,20,183,77,197,34,59,93,11
"2011","West Lindsey 004F","E01026384","Total",772,68,153,435,116,400,18,39,252,91,372,50,114,183,25
"2011","West Lindsey 005A","E01026385","Total",556,75,100,271,110,296,29,14,161,92,260,46,86,110,18
"2011","West Lindsey 005B","E01026386","Total",673,74,119,347,133,363,25,21,207,110,310,49,98,140,23
"2011","West Lindsey 005C","E01026399","Total",771,98,158,391,124,408,35,43,233,97,363,63,115,158,27
"2011","West Lindsey 005D","E01026411","Total",1270,134,223,651,262,686,38,63,376,209,584,96,160,275,53
"2011","West Lindsey 006A","E01026374","Total",504,58,125,268,53,253,11,28,167,47,251,47,97,101,6
"2011","West Lindsey 006B","E01026375","Total",616,74,139,339,64,303,25,27,198,53,313,49,112,141,11
"2011","West Lindsey 006C","E01026376","Total",674,64,170,377,63,336,13,35,236,52,338,51,135,141,11
"2011","West Lindsey 006D","E01026377","Total",987,85,202,586,114,512,26,39,354,93,475,59,163,232,21
"2011","West Lindsey 007A","E01026388","Total",1002,108,199,556,139,538,28,45,353,112,464,80,154,203,27
"2011","West Lindsey 007B","E01026404","Total",1110,111,203,590,206,571,31,35,338,167,539,80,168,252,39
"2011","West Lindsey 007C","E01026409","Total",631,54,97,355,125,355,12,27,223,93,276,42,70,132,32
"2011","West Lindsey 007D","E01026410","Total",579,74,95,310,100,309,18,27,183,81,270,56,68,127,19
"2011","West Lindsey 008A","E01026372","Total",1203,128,256,631,188,598,29,49,362,158,605,99,207,269,30
"2011","West Lindsey 008B","E01026412","Total",798,81,199,418,100,401,23,38,260,80,397,58,161,158,20
"2011","West Lindsey 008C","E01026413","Total",1122,146,222,623,131,571,34,39,387,111,551,112,183,236,20
"2011","West Lindsey 008D","E01026414","Total",829,103,163,411,152,419,25,33,241,120,410,78,130,170,32
"2011","West Lindsey 009A","E01026396","Total",586,74,132,303,77,294,24,33,174,63,292,50,99,129,14
"2011","West Lindsey 009B","E01026397","Total",1235,115,225,640,255,643,30,47,367,199,592,85,178,273,56
"2011","West Lindsey 009C","E01026398","Total",688,86,142,373,87,354,29,39,216,70,334,57,103,157,17
"2011","West Lindsey 009D","E01026400","Total",907,79,153,532,143,480,21,31,315,113,427,58,122,217,30
"2011","West Lindsey 010A","E01026393","Total",608,85,117,322,84,307,20,21,201,65,301,65,96,121,19
"2011","West Lindsey 010B","E01026394","Total",942,112,174,536,120,486,35,36,322,93,456,77,138,214,27
"2011","West Lindsey 010C","E01026395","Total",625,92,130,315,88,314,28,26,187,73,311,64,104,128,15
"2011","West Lindsey 010D","E01026405","Total",667,92,137,325,113,342,29,23,202,88,325,63,114,123,25
"2011","West Lindsey 010E","E01026406","Total",595,64,106,326,99,303,17,18,191,77,292,47,88,135,22
"2011","West Lindsey 011A","E01026366","Total",953,72,201,535,145,499,16,40,325,118,454,56,161,210,27
"2011","West Lindsey 011B","E01026369","Total",469,42,101,281,45,235,11,21,165,38,234,31,80,116,7
"2011","West Lindsey 011C","E01026370","Total",970,103,211,535,121,508,31,61,317,99,462,72,150,218,22
"2011","West Lindsey 011D","E01026371","Total",569,75,109,298,87,297,21,31,172,73,272,54,78,126,14
"2011","West Lindsey 011E","E01026373","Total",1026,116,195,548,167,508,28,48,302,130,518,88,147,246,37
"2011","Corby 001A","E01026971","Total",861,59,154,568,80,487,24,36,363,64,374,35,118,205,16
"2011","Corby 001B","E01026979","Total",732,76,147,380,129,394,27,31,237,99,338,49,116,143,30
"2011","Corby 001C","E01026980","Total",844,75,140,489,140,445,19,30,296,100,399,56,110,193,40
"2011","Corby 001D","E01026982","Total",991,63,169,673,86,497,22,40,368,67,494,41,129,305,19
"2011","Corby 002A","E01026969","Total",725,55,132,469,69,378,20,38,267,53,347,35,94,202,16
"2011","Corby 002B","E01026970","Total",928,63,170,617,78,481,21,29,366,65,447,42,141,251,13
"2011","Corby 002C","E01026972","Total",917,66,174,600,77,468,16,23,373,56,449,50,151,227,21
"2011","Corby 002D","E01026976","Total",656,37,126,439,54,338,11,23,263,41,318,26,103,176,13
"2011","Corby 002E","E01026981","Total",590,39,120,360,71,322,13,25,222,62,268,26,95,138,9
"2011","Corby 002F","E01026983","Total",579,26,81,422,50,321,6,16,254,45,258,20,65,168,5
"2011","Corby 003A","E01026957","Total",762,43,137,508,74,411,12,26,311,62,351,31,111,197,12
"2011","Corby 003B","E01026958","Total",938,50,171,633,84,501,18,28,391,64,437,32,143,242,20
"2011","Corby 003C","E01026977","Total",991,67,173,566,185,518,25,30,308,155,473,42,143,258,30
"2011","Corby 003D","E01026978","Total",741,52,115,461,113,405,15,22,277,91,336,37,93,184,22
"2011","Corby 004A","E01026962","Total",675,46,155,429,45,345,18,25,264,38,330,28,130,165,7
"2011","Corby 004B","E01026973","Total",696,40,132,453,71,377,19,25,276,57,319,21,107,177,14
"2011","Corby 004C","E01026974","Total",573,47,113,347,66,297,19,22,202,54,276,28,91,145,12
"2011","Corby 004D","E01026975","Total",589,36,110,385,58,316,9,24,238,45,273,27,86,147,13
"2011","Corby 004E","E01026984","Total",813,50,145,546,72,434,14,16,347,57,379,36,129,199,15
"2011","Corby 004F","E01026985","Total",731,48,150,464,69,376,14,24,280,58,355,34,126,184,11
"2011","Corby 005A","E01026949","Total",618,40,100,420,58,355,19,22,265,49,263,21,78,155,9
"2011","Corby 005B","E01026950","Total",661,42,132,433,54,352,16,28,265,43,309,26,104,168,11
"2011","Corby 005C","E01026951","Total",575,51,132,345,47,290,14,37,200,39,285,37,95,145,8
"2011","Corby 005D","E01026952","Total",628,54,118,404,52,331,19,31,241,40,297,35,87,163,12
"2011","Corby 006A","E01026959","Total",722,39,142,481,60,362,17,34,267,44,360,22,108,214,16
"2011","Corby 006B","E01026960","Total",635,40,137,404,54,338,15,35,245,43,297,25,102,159,11
"2011","Corby 006C","E01026961","Total",591,24,119,384,64,312,10,22,226,54,279,14,97,158,10
"2011","Corby 006D","E01026965","Total",442,34,81,285,42,233,11,17,174,31,209,23,64,111,11
"2011","Corby 006E","E01026966","Total",616,58,139,356,63,329,20,37,227,45,287,38,102,129,18
"2011","Corby 006F","E01026967","Total",768,56,129,516,67,418,18,32,309,59,350,38,97,207,8
"2011","Corby 006G","E01026968","Total",497,41,87,328,41,261,10,19,200,32,236,31,68,128,9
"2011","Corby 008A","E01026953","Total",674,59,130,424,61,356,14,30,262,50,318,45,100,162,11
"2011","Corby 008B","E01026954","Total",667,54,117,437,59,340,18,21,254,47,327,36,96,183,12
"2011","Corby 008C","E01026955","Total",851,75,148,499,129,445,22,30,291,102,406,53,118,208,27
"2011","Corby 008D","E01026956","Total",1059,82,174,702,101,529,22,31,395,81,530,60,143,307,20
"2011","Corby 009A","E01026963","Total",664,39,132,425,68,329,13,21,239,56,335,26,111,186,12
"2011","Corby 009B","E01032963","Total",972,50,152,657,113,507,13,40,365,89,465,37,112,292,24
"2011","Corby 009C","E01032964","Total",952,49,177,612,114,504,15,39,351,99,448,34,138,261,15
"2011","Corby 009D","E01032965","Total",816,38,123,544,111,443,19,23,308,93,373,19,100,236,18
"2011","Corby 009E","E01032966","Total",1029,44,136,708,141,553,14,20,404,115,476,30,116,304,26
"2011","Corby 009F","E01032967","Total",919,46,138,610,125,506,18,24,369,95,413,28,114,241,30
"2011","Daventry 001A","E01027005","Total",1086,131,212,495,248,568,37,39,294,198,518,94,173,201,50
"2011","Daventry 001B","E01027026","Total",985,112,203,483,187,526,27,40,305,154,459,85,163,178,33
"2011","Daventry 001C","E01027030","Total",883,105,139,463,176,475,20,40,282,133,408,85,99,181,43
"2011","Daventry 002A","E01027000","Total",723,79,133,396,115,371,20,32,227,92,352,59,101,169,23
"2011","Daventry 002B","E01027001","Total",847,98,140,442,167,442,24,16,260,142,405,74,124,182,25
"2011","Daventry 002C","E01027002","Total",866,111,130,436,189,472,35,29,261,147,394,76,101,175,42
"2011","Daventry 002D","E01027003","Total",823,67,131,514,111,420,21,33,285,81,403,46,98,229,30
"2011","Daventry 002E","E01027022","Total",964,90,175,514,185,508,23,34,317,134,456,67,141,197,51
"2011","Daventry 003A","E01026994","Total",506,58,77,250,121,274,17,14,148,95,232,41,63,102,26
"2011","Daventry 003D","E01026999","Total",847,97,138,493,119,444,31,29,293,91,403,66,109,200,28
"2011","Daventry 003E","E01027006","Total",977,96,178,506,197,534,24,30,320,160,443,72,148,186,37
"2011","Daventry 003F","E01032968","Total",1262,161,292,617,192,759,74,131,402,152,503,87,161,215,40
"2011","Daventry 004A","E01026998","Total",974,106,155,494,219,529,36,32,290,171,445,70,123,204,48
"2011","Daventry 004B","E01027015","Total",657,59,130,375,93,339,16,25,229,69,318,43,105,146,24
"2011","Daventry 004C","E01027016","Total",850,90,135,475,150,446,21,21,291,113,404,69,114,184,37
"2011","Daventry 004D","E01027021","Total",979,138,182,458,201,534,41,42,293,158,445,97,140,165,43
"2011","Daventry 004E","E01027027","Total",1240,149,235,619,237,641,36,48,371,186,599,113,187,248,51
"2011","Daventry 005A","E01026997","Total",871,95,163,451,162,449,27,37,258,127,422,68,126,193,35
"2011","Daventry 005B","E01027018","Total",723,95,146,354,128,391,23,38,219,111,332,72,108,135,17
"2011","Daventry 005C","E01027019","Total",781,91,128,445,117,393,26,22,253,92,388,65,106,192,25
"2011","Daventry 005D","E01027020","Total",582,76,117,311,78,295,25,24,193,53,287,51,93,118,25
"2011","Daventry 005E","E01027023","Total",1045,130,195,513,207,535,27,54,299,155,510,103,141,214,52
"2011","Daventry 006A","E01026987","Total",614,47,110,374,83,330,12,13,234,71,284,35,97,140,12
"2011","Daventry 006B","E01026989","Total",781,43,132,497,109,420,15,21,297,87,361,28,111,200,22
"2011","Daventry 006C","E01026990","Total",1557,94,234,999,230,834,26,36,580,192,723,68,198,419,38
"2011","Daventry 006D","E01027012","Total",840,80,170,493,97,448,22,34,315,77,392,58,136,178,20
"2011","Daventry 006E","E01027014","Total",1214,97,209,718,190,617,18,26,423,150,597,79,183,295,40
"2011","Daventry 007A","E01026986","Total",1530,111,247,962,210,813,28,28,585,172,717,83,219,377,38
"2011","Daventry 007B","E01026988","Total",736,74,135,449,78,382,24,29,261,68,354,50,106,188,10
"2011","Daventry 007C","E01026991","Total",735,81,114,466,74,393,26,27,279,61,342,55,87,187,13
"2011","Daventry 007D","E01026992","Total",838,73,128,527,110,481,26,28,341,86,357,47,100,186,24
"2011","Daventry 007E","E01027010","Total",595,51,114,355,75,318,20,26,212,60,277,31,88,143,15
"2011","Daventry 008A","E01027007","Total",707,53,131,432,91,360,15,25,251,69,347,38,106,181,22
"2011","Daventry 008B","E01027008","Total",1122,78,188,734,122,597,32,42,414,109,525,46,146,320,13
"2011","Daventry 008C","E01027009","Total",667,54,106,440,67,367,15,23,272,57,300,39,83,168,10
"2011","Daventry 008D","E01027013","Total",725,72,135,465,53,375,23,26,281,45,350,49,109,184,8
"2011","Daventry 009A","E01027011","Total",983,94,188,504,197,523,24,37,307,155,460,70,151,197,42
"2011","Daventry 009B","E01027017","Total",701,75,122,404,100,368,18,25,245,80,333,57,97,159,20
"2011","Daventry 009C","E01027024","Total",955,104,165,472,214,517,31,35,289,162,438,73,130,183,52
"2011","Daventry 009D","E01027025","Total",842,66,136,509,131,431,13,27,290,101,411,53,109,219,30
"2011","Daventry 010A","E01026993","Total",1012,112,199,503,198,534,27,49,311,147,478,85,150,192,51
"2011","Daventry 010B","E01027004","Total",927,98,163,480,186,512,26,44,295,147,415,72,119,185,39
"2011","Daventry 010C","E01027028","Total",1189,100,175,693,221,645,31,37,403,174,544,69,138,290,47
"2011","Daventry 010D","E01027029","Total",795,74,127,475,119,419,14,21,291,93,376,60,106,184,26
"2011","East Northamptonshire 001A","E01027033","Total",933,106,172,461,194,499,26,49,278,146,434,80,123,183,48
"2011","East Northamptonshire 001B","E01027043","Total",960,120,168,467,205,524,36,44,287,157,436,84,124,180,48
"2011","East Northamptonshire 001C","E01027050","Total",929,99,171,472,187,509,29,33,300,147,420,70,138,172,40
"2011","East Northamptonshire 002A","E01027031","Total",1099,144,189,519,247,593,48,47,309,189,506,96,142,210,58
"2011","East Northamptonshire 002B","E01027044","Total",1080,130,184,555,211,586,36,41,343,166,494,94,143,212,45
"2011","East Northamptonshire 002C","E01027046","Total",674,78,135,341,120,342,24,23,203,92,332,54,112,138,28
"2011","East Northamptonshire 002D","E01027047","Total",629,74,112,355,88,335,21,24,223,67,294,53,88,132,21
"2011","East Northamptonshire 002E","E01027048","Total",627,78,98,302,149,334,20,11,199,104,293,58,87,103,45
"2011","East Northamptonshire 002F","E01027049","Total",465,54,74,230,107,236,18,17,129,72,229,36,57,101,35
"2011","East Northamptonshire 003A","E01027032","Total",941,122,162,470,187,508,35,38,288,147,433,87,124,182,40
"2011","East Northamptonshire 003B","E01027045","Total",974,111,174,494,195,526,32,42,301,151,448,79,132,193,44
"2011","East Northamptonshire 003C","E01027075","Total",1123,86,190,662,185,600,19,20,413,148,523,67,170,249,37
"2011","East Northamptonshire 003D","E01027076","Total",1093,95,161,657,180,592,22,27,388,155,501,73,134,269,25
"2011","East Northamptonshire 003E","E01027077","Total",1119,117,168,649,185,594,30,25,403,136,525,87,143,246,49
"2011","East Northamptonshire 004A","E01027057","Total",910,112,147,476,175,496,21,29,301,145,414,91,118,175,30
"2011","East Northamptonshire 004B","E01027074","Total",1120,111,216,577,216,598,31,42,351,174,522,80,174,226,42
"2011","East Northamptonshire 004C","E01027078","Total",1067,112,189,586,180,575,37,43,352,143,492,75,146,234,37
"2011","East Northamptonshire 005A","E01027051","Total",885,77,153,526,129,482,21,35,317,109,403,56,118,209,20
"2011","East Northamptonshire 005B","E01027052","Total",750,65,123,446,116,408,13,17,286,92,342,52,106,160,24
"2011","East Northamptonshire 005C","E01027053","Total",833,91,140,459,143,462,31,32,290,109,371,60,108,169,34
"2011","East Northamptonshire 005D","E01027054","Total",609,54,110,353,92,344,13,23,227,81,265,41,87,126,11
"2011","East Northamptonshire 005E","E01027055","Total",608,43,118,362,85,320,11,18,218,73,288,32,100,144,12
"2011","East Northamptonshire 005F","E01027056","Total",701,49,137,422,93,375,9,21,268,77,326,40,116,154,16
"2011","East Northamptonshire 006A","E01027038","Total",740,49,120,467,104,409,13,26,276,94,331,36,94,191,10
"2011","East Northamptonshire 006B","E01027039","Total",873,67,152,531,123,465,13,33,318,101,408,54,119,213,22
"2011","East Northamptonshire 006C","E01027040","Total",891,56,131,579,125,483,18,22,344,99,408,38,109,235,26
"2011","East Northamptonshire 006D","E01027041","Total",698,60,109,427,102,384,24,23,249,88,314,36,86,178,14
"2011","East Northamptonshire 006E","E01027042","Total",1112,75,188,670,179,579,16,30,388,145,533,59,158,282,34
"2011","East Northamptonshire 007A","E01027034","Total",771,80,137,432,122,403,23,20,267,93,368,57,117,165,29
"2011","East Northamptonshire 007B","E01027035","Total",630,46,124,347,113,344,15,29,210,90,286,31,95,137,23
"2011","East Northamptonshire 007D","E01027037","Total",1160,96,210,669,185,601,24,31,398,148,559,72,179,271,37
"2011","East Northamptonshire 007E","E01033244","Total",1337,91,227,792,227,705,25,42,460,178,632,66,185,332,49
"2011","East Northamptonshire 007F","E01033245","Total",553,47,102,314,90,282,11,18,185,68,271,36,84,129,22
"2011","East Northamptonshire 008A","E01027061","Total",853,73,153,541,86,443,21,25,328,69,410,52,128,213,17
"2011","East Northamptonshire 008B","E01027062","Total",1100,93,192,649,166,583,34,40,373,136,517,59,152,276,30
"2011","East Northamptonshire 008C","E01027063","Total",967,74,171,552,170,516,13,32,340,131,451,61,139,212,39
"2011","East Northamptonshire 008D","E01027064","Total",805,63,126,499,117,446,18,27,305,96,359,45,99,194,21
"2011","East Northamptonshire 008E","E01027072","Total",652,58,130,390,74,354,13,25,252,64,298,45,105,138,10
"2011","East Northamptonshire 008F","E01027073","Total",981,76,184,603,118,502,20,33,352,97,479,56,151,251,21
"2011","East Northamptonshire 009A","E01027058","Total",626,54,116,381,75,328,11,20,236,61,298,43,96,145,14
"2011","East Northamptonshire 009B","E01027059","Total",845,50,169,520,106,463,15,34,323,91,382,35,135,197,15
"2011","East Northamptonshire 009C","E01027060","Total",857,55,122,565,115,492,17,26,356,93,365,38,96,209,22
"2011","East Northamptonshire 009D","E01027065","Total",889,46,143,574,126,480,9,23,335,113,409,37,120,239,13
"2011","East Northamptonshire 009E","E01027069","Total",788,60,113,507,108,416,18,20,287,91,372,42,93,220,17
"2011","East Northamptonshire 010A","E01027066","Total",1123,92,182,638,211,597,18,32,383,164,526,74,150,255,47
"2011","East Northamptonshire 010B","E01027067","Total",719,76,164,383,96,373,17,32,239,85,346,59,132,144,11
"2011","East Northamptonshire 010C","E01027068","Total",1700,120,291,1008,281,893,36,44,589,224,807,84,247,419,57
"2011","East Northamptonshire 010D","E01027070","Total",849,68,129,531,121,471,17,25,324,105,378,51,104,207,16
"2011","East Northamptonshire 010E","E01027071","Total",769,75,113,489,92,431,19,20,322,70,338,56,93,167,22
"2011","Kettering 001A","E01027090","Total",780,92,140,386,162,423,24,42,232,125,357,68,98,154,37
"2011","Kettering 001B","E01027103","Total",876,112,167,432,165,443,27,34,258,124,433,85,133,174,41
"2011","Kettering 001C","E01027129","Total",1119,130,199,544,246,593,37,60,324,172,526,93,139,220,74
"2011","Kettering 002B","E01027094","Total",719,72,147,420,80,365,19,29,247,70,354,53,118,173,10
"2011","Kettering 002C","E01027095","Total",730,68,129,455,78,390,16,27,281,66,340,52,102,174,12
"2011","Kettering 002D","E01027107","Total",654,48,137,410,59,340,8,35,257,40,314,40,102,153,19
"2011","Kettering 002E","E01027108","Total",633,78,122,356,77,348,26,34,224,64,285,52,88,132,13
"2011","Kettering 002F","E01027109","Total",647,60,124,393,70,341,18,24,246,53,306,42,100,147,17
"2011","Kettering 002G","E01032969","Total",735,47,105,453,130,385,9,15,259,102,350,38,90,194,28
"2011","Kettering 002H","E01032970","Total",727,51,132,412,132,374,12,22,234,106,353,39,110,178,26
"2011","Kettering 002I","E01032971","Total",577,35,98,386,58,312,6,19,238,49,265,29,79,148,9
"2011","Kettering 003A","E01027123","Total",748,78,152,433,85,401,23,33,273,72,347,55,119,160,13
"2011","Kettering 003B","E01027124","Total",1082,86,198,651,147,607,32,50,410,115,475,54,148,241,32
"2011","Kettering 003C","E01027125","Total",963,97,203,540,123,515,28,42,341,104,448,69,161,199,19
"2011","Kettering 003D","E01027126","Total",1032,83,186,636,127,541,22,44,384,91,491,61,142,252,36
"2011","Kettering 004A","E01027079","Total",939,74,180,559,126,466,22,27,321,96,473,52,153,238,30
"2011","Kettering 004B","E01027080","Total",1023,85,210,618,110,545,22,36,393,94,478,63,174,225,16
"2011","Kettering 004C","E01027087","Total",627,47,119,395,66,337,10,25,248,54,290,37,94,147,12
"2011","Kettering 004D","E01027088","Total",728,71,131,399,127,385,25,26,233,101,343,46,105,166,26
"2011","Kettering 004E","E01027089","Total",1038,80,204,616,138,564,19,42,386,117,474,61,162,230,21
"2011","Kettering 005A","E01027081","Total",660,53,126,417,64,355,12,20,266,57,305,41,106,151,7
"2011","Kettering 005B","E01027082","Total",790,64,129,520,77,424,23,21,313,67,366,41,108,207,10
"2011","Kettering 005C","E01027083","Total",530,39,101,329,61,282,9,12,213,48,248,30,89,116,13
"2011","Kettering 005D","E01027127","Total",691,75,130,415,71,354,21,24,247,62,337,54,106,168,9
"2011","Kettering 005E","E01027128","Total",731,64,184,414,69,373,12,39,265,57,358,52,145,149,12
"2011","Kettering 006A","E01027105","Total",1152,71,172,805,104,626,19,63,467,77,526,52,109,338,27
"2011","Kettering 006B","E01027106","Total",1018,75,184,678,81,564,28,58,411,67,454,47,126,267,14
"2011","Kettering 006C","E01027111","Total",1122,87,188,708,139,592,30,55,402,105,530,57,133,306,34
"2011","Kettering 006D","E01027112","Total",1156,93,188,752,123,619,25,38,458,98,537,68,150,294,25
"2011","Kettering 007A","E01027104","Total",1163,80,171,773,139,642,26,46,466,104,521,54,125,307,35
"2011","Kettering 007B","E01027110","Total",764,54,116,493,101,424,21,31,298,74,340,33,85,195,27
"2011","Kettering 007C","E01027113","Total",1007,82,180,602,143,548,29,47,358,114,459,53,133,244,29
"2011","Kettering 007D","E01027115","Total",536,53,108,287,88,290,16,24,180,70,246,37,84,107,18
"2011","Kettering 007E","E01027116","Total",1241,94,209,721,217,657,22,33,438,164,584,72,176,283,53
"2011","Kettering 007F","E01027117","Total",773,49,141,476,107,399,13,41,259,86,374,36,100,217,21
"2011","Kettering 008A","E01027096","Total",576,63,111,337,65,294,15,18,213,48,282,48,93,124,17
"2011","Kettering 008B","E01027097","Total",712,77,142,421,72,371,26,31,254,60,341,51,111,167,12
"2011","Kettering 008C","E01027098","Total",657,67,133,384,73,347,17,22,254,54,310,50,111,130,19
"2011","Kettering 008D","E01027099","Total",659,71,127,385,76,337,18,24,237,58,322,53,103,148,18
"2011","Kettering 008E","E01027122","Total",589,48,126,361,54,323,15,23,240,45,266,33,103,121,9
"2011","Kettering 009A","E01027100","Total",777,72,145,460,100,418,24,26,287,81,359,48,119,173,19
"2011","Kettering 009B","E01027114","Total",824,69,166,501,88,443,26,39,305,73,381,43,127,196,15
"2011","Kettering 009C","E01027130","Total",842,74,165,485,118,453,20,47,292,94,389,54,118,193,24
"2011","Kettering 009D","E01027131","Total",904,75,145,575,109,482,18,43,335,86,422,57,102,240,23
"2011","Kettering 010A","E01027084","Total",665,56,144,375,90,341,19,23,225,74,324,37,121,150,16
"2011","Kettering 010B","E01027085","Total",591,56,133,330,72,301,6,30,206,59,290,50,103,124,13
"2011","Kettering 010C","E01027086","Total",856,99,167,471,119,440,29,28,289,94,416,70,139,182,25
"2011","Kettering 010D","E01027120","Total",799,68,166,473,92,417,16,29,295,77,382,52,137,178,15
"2011","Kettering 010E","E01027121","Total",781,85,164,401,131,422,25,37,256,104,359,60,127,145,27
"2011","Kettering 011A","E01027091","Total",885,81,181,504,119,459,21,39,301,98,426,60,142,203,21
"2011","Kettering 011B","E01027092","Total",763,78,154,445,86,395,22,27,274,72,368,56,127,171,14
"2011","Kettering 011C","E01027101","Total",1249,106,213,739,191,631,26,29,428,148,618,80,184,311,43
"2011","Kettering 011D","E01027102","Total",808,70,165,462,111,430,16,25,293,96,378,54,140,169,15
"2011","Kettering 011F","E01027119","Total",819,77,160,437,145,432,12,31,270,119,387,65,129,167,26
"2011","Kettering 011G","E01032972","Total",783,72,153,442,116,404,20,33,264,87,379,52,120,178,29
"2011","Kettering 011H","E01032973","Total",961,79,157,542,183,498,10,25,314,149,463,69,132,228,34
"2011","Kettering 011I","E01032974","Total",707,56,140,375,136,359,9,35,207,108,348,47,105,168,28
"2011","Northampton 001A","E01027145","Total",686,85,150,381,70,353,28,39,227,59,333,57,111,154,11
"2011","Northampton 001B","E01027148","Total",830,91,155,497,87,415,28,18,305,64,415,63,137,192,23
"2011","Northampton 001C","E01027149","Total",766,85,155,453,73,402,32,32,274,64,364,53,123,179,9
"2011","Northampton 001D","E01027232","Total",890,213,191,407,79,423,65,56,239,63,467,148,135,168,16
"2011","Northampton 002A","E01027218","Total",767,72,167,448,80,393,17,39,274,63,374,55,128,174,17
"2011","Northampton 002B","E01027219","Total",738,72,147,447,72,390,23,34,274,59,348,49,113,173,13
"2011","Northampton 002C","E01027221","Total",935,72,174,581,108,492,22,33,350,87,443,50,141,231,21
"2011","Northampton 002D","E01027222","Total",765,68,148,467,82,408,23,28,291,66,357,45,120,176,16
"2011","Northampton 003A","E01027143","Total",654,71,124,372,87,348,18,17,244,69,306,53,107,128,18
"2011","Northampton 003B","E01027144","Total",812,98,166,457,91,418,25,37,278,78,394,73,129,179,13
"2011","Northampton 003C","E01027146","Total",735,73,169,410,83,374,25,27,258,64,361,48,142,152,19
"2011","Northampton 003D","E01027147","Total",720,97,138,418,67,366,36,30,249,51,354,61,108,169,16
"2011","Northampton 004A","E01027195","Total",710,49,161,451,49,384,15,59,274,36,326,34,102,177,13
"2011","Northampton 004B","E01027245","Total",809,65,143,515,86,410,16,32,293,69,399,49,111,222,17
"2011","Northampton 004C","E01027247","Total",808,69,159,498,82,402,26,29,281,66,406,43,130,217,16
"2011","Northampton 004D","E01027248","Total",664,52,146,414,52,321,14,30,236,41,343,38,116,178,11
"2011","Northampton 004E","E01027249","Total",740,65,157,465,53,364,24,34,270,36,376,41,123,195,17
"2011","Northampton 005A","E01027174","Total",708,54,123,427,104,388,17,22,265,84,320,37,101,162,20
"2011","Northampton 005B","E01027175","Total",806,60,145,512,89,396,22,27,275,72,410,38,118,237,17
"2011","Northampton 005C","E01027178","Total",916,62,181,583,90,427,19,32,310,66,489,43,149,273,24
"2011","Northampton 005D","E01027200","Total",621,41,130,399,51,312,7,31,235,39,309,34,99,164,12
"2011","Northampton 005E","E01027246","Total",774,53,169,496,56,386,15,42,286,43,388,38,127,210,13
"2011","Northampton 006A","E01027171","Total",702,52,144,431,75,356,11,33,257,55,346,41,111,174,20
"2011","Northampton 006B","E01027172","Total",745,75,123,464,83,390,25,25,277,63,355,50,98,187,20
"2011","Northampton 006C","E01027182","Total",712,59,138,448,67,372,15,33,271,53,340,44,105,177,14
"2011","Northampton 006D","E01027183","Total",634,68,117,361,88,359,26,30,234,69,275,42,87,127,19
"2011","Northampton 007A","E01027196","Total",675,62,136,422,55,332,21,32,236,43,343,41,104,186,12
"2011","Northampton 007B","E01027197","Total",667,43,148,420,56,330,17,31,239,43,337,26,117,181,13
"2011","Northampton 007C","E01027198","Total",669,57,135,421,56,351,23,36,246,46,318,34,99,175,10
"2011","Northampton 007D","E01027199","Total",486,46,126,288,26,244,20,31,171,22,242,26,95,117,4
"2011","Northampton 008A","E01027190","Total",743,79,123,441,100,362,24,20,244,74,381,55,103,197,26
"2011","Northampton 008B","E01027191","Total",968,95,159,604,110,534,36,41,377,80,434,59,118,227,30
"2011","Northampton 008C","E01027193","Total",820,82,168,476,94,417,27,29,290,71,403,55,139,186,23
"2011","Northampton 008D","E01027194","Total",636,69,117,382,68,328,17,14,247,50,308,52,103,135,18
"2011","Northampton 009A","E01027192","Total",720,83,123,445,69,383,31,26,276,50,337,52,97,169,19
"2011","Northampton 009B","E01027229","Total",684,89,149,394,52,351,40,45,224,42,333,49,104,170,10
"2011","Northampton 009C","E01027230","Total",634,68,145,365,56,311,18,31,218,44,323,50,114,147,12
"2011","Northampton 009D","E01027231","Total",753,85,149,451,68,389,24,46,270,49,364,61,103,181,19
"2011","Northampton 010A","E01027179","Total",885,58,186,537,104,471,16,42,335,78,414,42,144,202,26
"2011","Northampton 010B","E01027180","Total",668,58,120,403,87,346,20,26,232,68,322,38,94,171,19
"2011","Northampton 010C","E01027181","Total",682,67,138,393,84,364,26,36,235,67,318,41,102,158,17
"2011","Northampton 011A","E01027140","Total",460,49,87,278,46,224,19,20,153,32,236,30,67,125,14
"2011","Northampton 011B","E01027142","Total",634,72,120,354,88,321,23,35,190,73,313,49,85,164,15
"2011","Northampton 011C","E01027176","Total",807,72,156,475,104,424,25,39,280,80,383,47,117,195,24
"2011","Northampton 011D","E01027177","Total",581,54,129,347,51,294,14,28,209,43,287,40,101,138,8
"2011","Northampton 012A","E01027168","Total",626,58,137,385,46,321,23,33,221,44,305,35,104,164,2
"2011","Northampton 012B","E01027169","Total",823,78,172,465,108,434,28,34,288,84,389,50,138,177,24
"2011","Northampton 012C","E01027170","Total",667,67,151,405,44,318,17,39,225,37,349,50,112,180,7
"2011","Northampton 012D","E01027173","Total",721,58,147,451,65,369,26,34,261,48,352,32,113,190,17
"2011","Northampton 013A","E01027136","Total",995,81,160,628,126,546,23,37,394,92,449,58,123,234,34
"2011","Northampton 013B","E01027186","Total",964,98,151,584,131,538,32,40,363,103,426,66,111,221,28
"2011","Northampton 013C","E01027188","Total",880,87,171,534,88,435,27,37,307,64,445,60,134,227,24
"2011","Northampton 013D","E01027220","Total",600,65,110,356,69,311,16,26,211,58,289,49,84,145,11
"2011","Northampton 014A","E01027208","Total",799,76,156,445,122,413,23,27,264,99,386,53,129,181,23
"2011","Northampton 014B","E01027209","Total",752,34,130,498,90,386,9,20,284,73,366,25,110,214,17
"2011","Northampton 014C","E01027211","Total",704,67,158,413,66,363,20,32,257,54,341,47,126,156,12
"2011","Northampton 014D","E01027212","Total",883,67,149,547,120,444,21,14,318,91,439,46,135,229,29
"2011","Northampton 015A","E01027184","Total",784,60,113,499,112,408,15,26,288,79,376,45,87,211,33
"2011","Northampton 015B","E01027185","Total",668,73,112,397,86,343,21,32,222,68,325,52,80,175,18
"2011","Northampton 015C","E01027187","Total",731,65,115,463,88,394,21,43,265,65,337,44,72,198,23
"2011","Northampton 015D","E01027189","Total",883,78,134,599,72,468,35,26,350,57,415,43,108,249,15
"2011","Northampton 016A","E01027137","Total",666,50,122,416,78,337,13,28,236,60,329,37,94,180,18
"2011","Northampton 016B","E01027138","Total",827,65,141,525,96,422,16,27,305,74,405,49,114,220,22
"2011","Northampton 016C","E01027139","Total",854,57,153,549,95,459,21,35,328,75,395,36,118,221,20
"2011","Northampton 016D","E01027141","Total",807,74,160,450,123,417,19,37,269,92,390,55,123,181,31
"2011","Northampton 016E","E01027259","Total",863,65,145,545,108,454,20,39,307,88,409,45,106,238,20
"2011","Northampton 017A","E01027239","Total",621,62,156,334,69,344,23,58,206,57,277,39,98,128,12
"2011","Northampton 017B","E01027241","Total",819,65,169,506,79,463,22,58,313,70,356,43,111,193,9
"2011","Northampton 017C","E01027242","Total",638,62,132,401,43,317,14,38,230,35,321,48,94,171,8
"2011","Northampton 017D","E01027243","Total",646,49,125,405,67,330,19,25,234,52,316,30,100,171,15
"2011","Northampton 017E","E01027244","Total",542,37,128,342,35,298,13,40,214,31,244,24,88,128,4
"2011","Northampton 018A","E01027213","Total",790,56,149,483,102,423,19,24,300,80,367,37,125,183,22
"2011","Northampton 018B","E01027214","Total",688,39,132,430,87,344,8,26,239,71,344,31,106,191,16
"2011","Northampton 018C","E01027216","Total",849,52,152,546,99,442,14,39,307,82,407,38,113,239,17
"2011","Northampton 018D","E01027240","Total",573,52,135,312,74,281,19,25,182,55,292,33,110,130,19
"2011","Northampton 019A","E01027207","Total",641,48,125,398,70,340,10,21,251,58,301,38,104,147,12
"2011","Northampton 019B","E01027210","Total",599,64,99,366,70,315,20,25,211,59,284,44,74,155,11
"2011","Northampton 019C","E01027215","Total",747,73,155,444,75,387,28,18,282,59,360,45,137,162,16
"2011","Northampton 019D","E01027217","Total",1009,79,180,625,125,535,26,32,376,101,474,53,148,249,24
"2011","Northampton 020A","E01027255","Total",681,92,140,364,85,353,26,40,222,65,328,66,100,142,20
"2011","Northampton 020B","E01027256","Total",712,73,132,411,96,385,24,30,254,77,327,49,102,157,19
"2011","Northampton 020C","E01027258","Total",810,77,149,455,129,422,26,23,265,108,388,51,126,190,21
"2011","Northampton 020D","E01027260","Total",680,73,107,371,129,367,21,22,229,95,313,52,85,142,34
"2011","Northampton 021B","E01027152","Total",891,87,136,585,83,493,38,37,348,70,398,49,99,237,13
"2011","Northampton 021C","E01027153","Total",926,79,130,618,99,532,27,51,373,81,394,52,79,245,18
"2011","Northampton 021D","E01027154","Total",914,78,148,601,87,503,35,45,352,71,411,43,103,249,16
"2011","Northampton 021E","E01032978","Total",651,46,84,479,42,358,17,27,281,33,293,29,57,198,9
"2011","Northampton 021F","E01032979","Total",598,51,96,392,59,348,22,39,240,47,250,29,57,152,12
"2011","Northampton 022A","E01027132","Total",1259,92,183,847,137,665,33,63,472,97,594,59,120,375,40
"2011","Northampton 022B","E01027133","Total",1018,73,128,694,123,548,22,35,405,86,470,51,93,289,37
"2011","Northampton 022C","E01027134","Total",1037,106,183,648,100,537,37,59,378,63,500,69,124,270,37
"2011","Northampton 022D","E01027135","Total",980,87,173,582,138,527,29,44,356,98,453,58,129,226,40
"2011","Northampton 023A","E01027155","Total",1218,94,215,782,127,716,42,100,478,96,502,52,115,304,31
"2011","Northampton 023B","E01027225","Total",979,106,139,632,102,552,53,63,369,67,427,53,76,263,35
"2011","Northampton 023C","E01027227","Total",868,89,155,551,73,474,43,66,312,53,394,46,89,239,20
"2011","Northampton 023D","E01027228","Total",1176,76,141,843,116,627,31,45,468,83,549,45,96,375,33
"2011","Northampton 024A","E01027151","Total",874,57,155,571,91,490,24,58,336,72,384,33,97,235,19
"2011","Northampton 024B","E01027236","Total",701,58,116,448,79,375,16,20,278,61,326,42,96,170,18
"2011","Northampton 024C","E01027237","Total",1106,76,152,732,146,573,15,46,407,105,533,61,106,325,41
"2011","Northampton 024D","E01027238","Total",1070,62,157,720,131,603,24,34,438,107,467,38,123,282,24
"2011","Northampton 025A","E01027223","Total",1272,69,128,902,173,719,22,34,536,127,553,47,94,366,46
"2011","Northampton 025B","E01027224","Total",952,70,138,643,101,526,29,44,374,79,426,41,94,269,22
"2011","Northampton 025C","E01027226","Total",977,69,152,645,111,507,22,49,357,79,470,47,103,288,32
"2011","Northampton 025D","E01027257","Total",537,58,105,292,82,294,21,31,178,64,243,37,74,114,18
"2011","Northampton 026A","E01027233","Total",598,51,123,364,60,303,18,25,216,44,295,33,98,148,16
"2011","Northampton 026B","E01027234","Total",748,44,124,493,87,396,9,26,290,71,352,35,98,203,16
"2011","Northampton 026C","E01027235","Total",564,42,139,333,50,266,13,33,185,35,298,29,106,148,15
"2011","Northampton 026D","E01027252","Total",769,52,138,487,92,393,16,26,284,67,376,36,112,203,25
"2011","Northampton 027A","E01027156","Total",569,43,121,350,55,290,13,30,199,48,279,30,91,151,7
"2011","Northampton 027B","E01027159","Total",665,57,109,420,79,350,19,20,240,71,315,38,89,180,8
"2011","Northampton 027C","E01027160","Total",1085,74,181,674,156,568,23,41,373,131,517,51,140,301,25
"2011","Northampton 027D","E01027161","Total",632,52,119,397,64,309,19,17,221,52,323,33,102,176,12
"2011","Northampton 028B","E01027158","Total",810,43,136,545,86,436,12,27,324,73,374,31,109,221,13
"2011","Northampton 028C","E01027201","Total",1108,108,189,661,150,592,33,32,407,120,516,75,157,254,30
"2011","Northampton 028D","E01027202","Total",763,68,152,418,125,412,14,37,265,96,351,54,115,153,29
"2011","Northampton 028E","E01032980","Total",954,43,111,674,126,537,16,35,396,90,417,27,76,278,36
"2011","Northampton 028F","E01032981","Total",953,53,130,660,110,520,11,36,394,79,433,42,94,266,31
"2011","Northampton 029A","E01027250","Total",779,52,131,483,113,409,18,19,278,94,370,34,112,205,19
"2011","Northampton 029C","E01027253","Total",1020,90,176,611,143,531,23,32,361,115,489,67,144,250,28
"2011","Northampton 029D","E01027254","Total",983,78,165,584,156,514,19,28,350,117,469,59,137,234,39
"2011","Northampton 029E","E01032975","Total",1046,74,161,643,168,541,17,26,374,124,505,57,135,269,44
"2011","Northampton 029F","E01032976","Total",604,33,80,399,92,315,11,20,218,66,289,22,60,181,26
"2011","Northampton 029G","E01032977","Total",987,59,120,616,192,526,20,20,341,145,461,39,100,275,47
"2011","Northampton 030A","E01027162","Total",976,70,125,666,115,506,22,25,360,99,470,48,100,306,16
"2011","Northampton 030B","E01027163","Total",753,49,159,436,109,394,15,30,265,84,359,34,129,171,25
"2011","Northampton 030C","E01027164","Total",957,71,141,613,132,489,23,17,352,97,468,48,124,261,35
"2011","Northampton 030D","E01027165","Total",786,63,141,481,101,416,14,21,295,86,370,49,120,186,15
"2011","Northampton 030E","E01027166","Total",1002,77,155,643,127,528,20,26,376,106,474,57,129,267,21
"2011","Northampton 030F","E01027167","Total",801,75,131,480,115,414,22,26,275,91,387,53,105,205,24
"2011","Northampton 031A","E01027203","Total",915,73,169,541,132,451,20,20,302,109,464,53,149,239,23
"2011","Northampton 031B","E01027204","Total",887,90,166,505,126,451,28,32,291,100,436,62,134,214,26
"2011","Northampton 031C","E01027205","Total",1224,122,233,685,184,627,29,26,422,150,597,93,207,263,34
"2011","Northampton 031D","E01027206","Total",1489,154,254,804,277,776,36,42,477,221,713,118,212,327,56
"2011","South Northamptonshire 001A","E01027282","Total",873,91,159,491,132,456,20,33,299,104,417,71,126,192,28
"2011","South Northamptonshire 001B","E01027283","Total",849,120,147,413,169,463,38,27,257,141,386,82,120,156,28
"2011","South Northamptonshire 001C","E01027285","Total",878,105,145,491,137,452,33,23,285,111,426,72,122,206,26
"2011","South Northamptonshire 001D","E01027286","Total",804,94,150,437,123,411,21,23,262,105,393,73,127,175,18
"2011","South Northamptonshire 001E","E01027287","Total",763,89,167,395,112,394,29,35,242,88,369,60,132,153,24
"2011","South Northamptonshire 002A","E01027273","Total",875,94,163,478,140,451,31,23,283,114,424,63,140,195,26
"2011","South Northamptonshire 002B","E01027274","Total",845,92,136,456,161,439,24,29,272,114,406,68,107,184,47
"2011","South Northamptonshire 002C","E01027275","Total",710,85,135,394,96,373,27,31,235,80,337,58,104,159,16
"2011","South Northamptonshire 002D","E01027308","Total",858,87,149,446,176,444,18,24,268,134,414,69,125,178,42
"2011","South Northamptonshire 003A","E01027263","Total",899,74,192,498,135,480,20,47,307,106,419,54,145,191,29
"2011","South Northamptonshire 003C","E01027279","Total",782,74,148,456,104,405,18,34,273,80,377,56,114,183,24
"2011","South Northamptonshire 003D","E01027284","Total",1082,98,187,601,196,587,24,48,367,148,495,74,139,234,48
"2011","South Northamptonshire 003E","E01027294","Total",1006,88,178,605,135,533,25,37,362,109,473,63,141,243,26
"2011","South Northamptonshire 003F","E01032982","Total",718,60,108,438,112,386,18,18,261,89,332,42,90,177,23
"2011","South Northamptonshire 003G","E01032983","Total",865,72,128,497,168,447,12,13,289,133,418,60,115,208,35
"2011","South Northamptonshire 003H","E01032984","Total",916,68,126,575,147,491,13,12,340,126,425,55,114,235,21
"2011","South Northamptonshire 003I","E01032985","Total",785,79,130,420,156,407,21,20,249,117,378,58,110,171,39
"2011","South Northamptonshire 004A","E01027262","Total",887,93,148,426,220,474,26,37,243,168,413,67,111,183,52
"2011","South Northamptonshire 004B","E01027277","Total",1004,112,174,533,185,546,31,47,327,141,458,81,127,206,44
"2011","South Northamptonshire 004C","E01027289","Total",813,93,167,414,139,442,31,42,259,110,371,62,125,155,29
"2011","South Northamptonshire 004D","E01027300","Total",834,91,148,442,153,442,25,23,279,115,392,66,125,163,38
"2011","South Northamptonshire 004E","E01027303","Total",880,81,124,498,177,479,27,20,291,141,401,54,104,207,36
"2011","South Northamptonshire 005A","E01027297","Total",855,85,138,453,179,459,17,38,270,134,396,68,100,183,45
"2011","South Northamptonshire 005B","E01027298","Total",767,74,151,426,116,404,23,23,267,91,363,51,128,159,25
"2011","South Northamptonshire 005C","E01027299","Total",786,74,149,458,105,399,16,27,265,91,387,58,122,193,14
"2011","South Northamptonshire 005D","E01027301","Total",1240,132,185,705,218,639,32,35,407,165,601,100,150,298,53
"2011","South Northamptonshire 005E","E01027302","Total",713,71,117,432,93,356,18,13,258,67,357,53,104,174,26
"2011","South Northamptonshire 006A","E01027291","Total",746,111,150,362,123,395,33,35,229,98,351,78,115,133,25
"2011","South Northamptonshire 006B","E01027292","Total",571,60,114,336,61,298,24,23,198,53,273,36,91,138,8
"2011","South Northamptonshire 006C","E01027293","Total",707,83,115,421,88,348,24,17,237,70,359,59,98,184,18
"2011","South Northamptonshire 006D","E01027304","Total",914,107,144,450,213,509,32,29,283,165,405,75,115,167,48
"2011","South Northamptonshire 006E","E01027305","Total",979,116,170,473,220,526,28,36,291,171,453,88,134,182,49
"2011","South Northamptonshire 007A","E01027261","Total",1140,132,203,554,251,608,37,41,330,200,532,95,162,224,51
"2011","South Northamptonshire 007B","E01027295","Total",1206,138,197,635,236,649,29,30,399,191,557,109,167,236,45
"2011","South Northamptonshire 007C","E01027306","Total",947,113,163,446,225,508,43,28,266,171,439,70,135,180,54
"2011","South Northamptonshire 008A","E01027276","Total",1321,100,239,791,191,710,38,48,472,152,611,62,191,319,39
"2011","South Northamptonshire 008B","E01027280","Total",1372,132,213,787,240,710,28,32,455,195,662,104,181,332,45
"2011","South Northamptonshire 008C","E01027281","Total",888,82,161,550,95,456,23,27,328,78,432,59,134,222,17
"2011","South Northamptonshire 008D","E01027307","Total",1089,112,178,596,203,591,36,44,352,159,498,76,134,244,44
"2011","South Northamptonshire 009A","E01027265","Total",782,74,151,440,117,419,17,35,270,97,363,57,116,170,20
"2011","South Northamptonshire 009B","E01027266","Total",681,72,131,351,127,367,17,27,225,98,314,55,104,126,29
"2011","South Northamptonshire 009C","E01027270","Total",965,104,160,544,157,495,23,18,327,127,470,81,142,217,30
"2011","South Northamptonshire 009D","E01027271","Total",890,61,145,550,134,449,19,15,312,103,441,42,130,238,31
"2011","South Northamptonshire 009E","E01027272","Total",930,90,154,535,151,500,22,29,320,129,430,68,125,215,22
"2011","South Northamptonshire 010A","E01027264","Total",788,57,135,458,138,419,17,28,259,115,369,40,107,199,23
"2011","South Northamptonshire 010B","E01027267","Total",639,56,99,356,128,332,14,19,201,98,307,42,80,155,30
"2011","South Northamptonshire 010C","E01027268","Total",753,72,124,412,145,400,19,26,240,115,353,53,98,172,30
"2011","South Northamptonshire 010D","E01027269","Total",770,73,120,460,117,419,20,23,280,96,351,53,97,180,21
"2011","South Northamptonshire 011A","E01027288","Total",1103,113,226,573,191,572,31,42,349,150,531,82,184,224,41
"2011","South Northamptonshire 011B","E01027290","Total",1211,116,191,633,271,662,33,45,383,201,549,83,146,250,70
"2011","South Northamptonshire 011C","E01027296","Total",1061,112,195,546,208,575,33,43,335,164,486,79,152,211,44
"2011","Wellingborough 001A","E01027326","Total",709,68,133,387,121,390,25,28,234,103,319,43,105,153,18
"2011","Wellingborough 001B","E01027327","Total",768,70,115,470,113,407,13,21,281,92,361,57,94,189,21
"2011","Wellingborough 001C","E01027328","Total",614,53,102,374,85,341,15,26,229,71,273,38,76,145,14
"2011","Wellingborough 001D","E01027338","Total",1138,104,212,578,244,609,30,57,334,188,529,74,155,244,56
"2011","Wellingborough 002A","E01027330","Total",745,70,120,468,87,369,23,19,263,64,376,47,101,205,23
"2011","Wellingborough 002B","E01027331","Total",509,45,96,316,52,276,14,24,194,44,233,31,72,122,8
"2011","Wellingborough 002C","E01027332","Total",668,64,126,401,77,344,23,23,237,61,324,41,103,164,16
"2011","Wellingborough 002D","E01027333","Total",1253,113,201,750,189,702,34,37,467,164,551,79,164,283,25
"2011","Wellingborough 002E","E01027334","Total",452,42,95,270,45,229,15,19,158,37,223,27,76,112,8
"2011","Wellingborough 003A","E01027343","Total",773,67,145,473,88,401,19,25,285,72,372,48,120,188,16
"2011","Wellingborough 003B","E01027344","Total",702,76,108,434,84,373,22,26,262,63,329,54,82,172,21
"2011","Wellingborough 003C","E01027345","Total",780,80,166,434,100,398,24,33,260,81,382,56,133,174,19
"2011","Wellingborough 003D","E01027346","Total",880,55,154,549,122,466,21,24,327,94,414,34,130,222,28
"2011","Wellingborough 003E","E01027347","Total",1061,101,180,645,135,538,26,35,368,109,523,75,145,277,26
"2011","Wellingborough 004A","E01027313","Total",790,79,148,511,52,440,29,63,305,43,350,50,85,206,9
"2011","Wellingborough 004B","E01027314","Total",1020,77,161,650,132,571,27,48,389,107,449,50,113,261,25
"2011","Wellingborough 004C","E01027315","Total",1239,64,183,855,137,671,20,41,496,114,568,44,142,359,23
"2011","Wellingborough 004D","E01027316","Total",754,59,125,490,80,412,16,35,296,65,342,43,90,194,15
"2011","Wellingborough 005A","E01027339","Total",527,37,124,306,60,257,11,24,173,49,270,26,100,133,11
"2011","Wellingborough 005B","E01027340","Total",584,55,103,358,68,307,11,26,215,55,277,44,77,143,13
"2011","Wellingborough 005C","E01027341","Total",627,52,123,396,56,314,16,27,222,49,313,36,96,174,7
"2011","Wellingborough 005D","E01027342","Total",636,47,99,432,58,320,17,16,236,51,316,30,83,196,7
"2011","Wellingborough 006A","E01027349","Total",813,50,127,542,94,465,20,43,333,69,348,30,84,209,25
"2011","Wellingborough 006B","E01027350","Total",725,51,129,473,72,382,17,38,273,54,343,34,91,200,18
"2011","Wellingborough 006C","E01027351","Total",606,45,124,364,73,319,11,28,220,60,287,34,96,144,13
"2011","Wellingborough 006D","E01027352","Total",690,40,131,454,65,374,9,38,276,51,316,31,93,178,14
"2011","Wellingborough 007A","E01027309","Total",752,64,146,451,91,392,17,38,259,78,360,47,108,192,13
"2011","Wellingborough 007B","E01027310","Total",555,46,102,354,53,270,13,12,200,45,285,33,90,154,8
"2011","Wellingborough 007C","E01027311","Total",682,67,118,412,85,358,24,18,244,72,324,43,100,168,13
"2011","Wellingborough 007D","E01027312","Total",605,39,115,388,63,320,8,23,237,52,285,31,92,151,11
"2011","Wellingborough 008A","E01027317","Total",647,53,117,417,60,337,14,21,251,51,310,39,96,166,9
"2011","Wellingborough 008B","E01027318","Total",489,39,98,309,43,262,10,23,189,40,227,29,75,120,3
"2011","Wellingborough 008C","E01027319","Total",708,58,121,453,76,368,16,22,268,62,340,42,99,185,14
"2011","Wellingborough 008D","E01027320","Total",915,85,145,573,112,491,27,36,334,94,424,58,109,239,18
"2011","Wellingborough 008E","E01027321","Total",872,59,158,523,132,452,15,30,312,95,420,44,128,211,37
"2011","Wellingborough 009A","E01027322","Total",665,66,106,397,96,342,18,21,234,69,323,48,85,163,27
"2011","Wellingborough 009B","E01027323","Total",694,69,154,385,86,361,15,31,245,70,333,54,123,140,16
"2011","Wellingborough 009C","E01027324","Total",600,65,111,333,91,319,24,23,202,70,281,41,88,131,21
"2011","Wellingborough 009D","E01027325","Total",823,76,142,496,109,423,17,31,293,82,400,59,111,203,27
"2011","Wellingborough 009E","E01027329","Total",843,89,162,457,135,454,23,39,282,110,389,66,123,175,25
"2011","Wellingborough 009F","E01027353","Total",888,84,149,484,171,488,25,40,282,141,400,59,109,202,30
"2011","Wellingborough 010A","E01027335","Total",718,84,139,411,84,384,24,24,263,73,334,60,115,148,11
"2011","Wellingborough 010B","E01027336","Total",681,49,116,419,97,364,16,24,246,78,317,33,92,173,19
"2011","Wellingborough 010C","E01027337","Total",947,71,166,586,124,509,21,30,357,101,438,50,136,229,23
"2011","Wellingborough 010D","E01027348","Total",1074,99,174,650,151,555,28,28,383,116,519,71,146,267,35
"2011","Wellingborough 010E","E01027354","Total",1261,114,198,738,211,656,24,38,427,167,605,90,160,311,44
"2011","Wellingborough 010F","E01027355","Total",881,96,141,514,130,473,24,29,316,104,408,72,112,198,26
"2011","Ashfield 001A","E01027979","Total",693,68,160,387,78,346,19,37,224,66,347,49,123,163,12
"2011","Ashfield 001B","E01027980","Total",608,47,147,365,49,326,14,38,235,39,282,33,109,130,10
"2011","Ashfield 001C","E01027981","Total",703,61,152,379,111,386,21,37,235,93,317,40,115,144,18
"2011","Ashfield 001D","E01027983","Total",656,63,154,379,60,362,23,36,255,48,294,40,118,124,12
"2011","Ashfield 002A","E01027970","Total",712,58,139,443,72,381,12,28,284,57,331,46,111,159,15
"2011","Ashfield 002B","E01027971","Total",685,53,159,405,68,369,17,37,259,56,316,36,122,146,12
"2011","Ashfield 002C","E01027982","Total",641,37,139,400,65,344,7,26,253,58,297,30,113,147,7
"2011","Ashfield 002D","E01027984","Total",755,50,159,468,78,392,9,27,295,61,363,41,132,173,17
"2011","Ashfield 003A","E01027966","Total",489,37,118,292,42,258,11,24,185,38,231,26,94,107,4
"2011","Ashfield 003B","E01027986","Total",566,34,123,336,73,318,14,26,219,59,248,20,97,117,14
"2011","Ashfield 003C","E01027987","Total",736,61,142,456,77,373,14,31,265,63,363,47,111,191,14
"2011","Ashfield 003D","E01027990","Total",1008,80,194,608,126,543,21,46,377,99,465,59,148,231,27
"2011","Ashfield 004A","E01027967","Total",779,67,170,479,63,410,19,35,305,51,369,48,135,174,12
"2011","Ashfield 004B","E01027972","Total",1095,101,206,687,101,561,27,39,413,82,534,74,167,274,19
"2011","Ashfield 004C","E01027977","Total",907,68,193,549,97,478,15,31,356,76,429,53,162,193,21
"2011","Ashfield 004D","E01027978","Total",780,55,141,513,71,434,21,33,320,60,346,34,108,193,11
"2011","Ashfield 004E","E01027985","Total",918,62,176,581,99,491,17,34,354,86,427,45,142,227,13
"2011","Ashfield 005A","E01027964","Total",650,52,141,394,63,335,14,30,236,55,315,38,111,158,8
"2011","Ashfield 005B","E01027965","Total",479,37,107,290,45,252,9,25,181,37,227,28,82,109,8
"2011","Ashfield 005C","E01027968","Total",399,33,90,243,33,196,11,19,140,26,203,22,71,103,7
"2011","Ashfield 005D","E01027974","Total",561,46,144,316,55,318,13,46,212,47,243,33,98,104,8
"2011","Ashfield 005E","E01027976","Total",597,46,111,377,63,315,15,19,232,49,282,31,92,145,14
"2011","Ashfield 006A","E01027969","Total",667,51,127,416,73,360,17,26,260,57,307,34,101,156,16
"2011","Ashfield 006B","E01027975","Total",810,83,153,492,82,413,24,30,294,65,397,59,123,198,17
"2011","Ashfield 006C","E01027988","Total",768,69,148,472,79,388,14,22,281,71,380,55,126,191,8
"2011","Ashfield 006D","E01027989","Total",720,71,133,446,70,385,20,28,275,62,335,51,105,171,8
"2011","Ashfield 006E","E01027991","Total",577,43,116,352,66,314,11,21,228,54,263,32,95,124,12
"2011","Ashfield 006F","E01027992","Total",1322,103,231,785,203,678,28,37,451,162,644,75,194,334,41
"2011","Ashfield 007A","E01027949","Total",763,65,147,475,76,397,16,37,282,62,366,49,110,193,14
"2011","Ashfield 007B","E01027951","Total",533,58,118,310,47,283,18,29,194,42,250,40,89,116,5
"2011","Ashfield 007C","E01027953","Total",679,63,141,405,70,356,14,41,244,57,323,49,100,161,13
"2011","Ashfield 007D","E01027954","Total",765,53,149,477,86,401,14,34,281,72,364,39,115,196,14
"2011","Ashfield 007E","E01027973","Total",785,85,139,448,113,420,19,25,282,94,365,66,114,166,19
"2011","Ashfield 008A","E01027952","Total",768,55,148,495,70,422,16,32,311,63,346,39,116,184,7
"2011","Ashfield 008B","E01027955","Total",576,31,123,358,64,302,9,22,219,52,274,22,101,139,12
"2011","Ashfield 008C","E01027956","Total",506,36,117,299,54,260,7,31,176,46,246,29,86,123,8
"2011","Ashfield 008D","E01027958","Total",596,42,128,381,45,319,4,40,241,34,277,38,88,140,11
"2011","Ashfield 009A","E01027947","Total",793,74,155,470,94,425,20,33,302,70,368,54,122,168,24
"2011","Ashfield 009B","E01027948","Total",965,75,167,606,117,515,18,27,364,106,450,57,140,242,11
"2011","Ashfield 009C","E01027950","Total",919,74,161,573,111,494,19,42,340,93,425,55,119,233,18
"2011","Ashfield 009D","E01027957","Total",566,55,91,348,72,315,10,23,220,62,251,45,68,128,10
"2011","Ashfield 009E","E01027959","Total",848,62,167,498,121,455,14,34,310,97,393,48,133,188,24
"2011","Ashfield 010A","E01027995","Total",771,58,136,472,105,408,19,19,282,88,363,39,117,190,17
"2011","Ashfield 010B","E01027996","Total",979,104,180,584,111,499,29,36,348,86,480,75,144,236,25
"2011","Ashfield 010C","E01027997","Total",785,71,155,479,80,399,17,33,278,71,386,54,122,201,9
"2011","Ashfield 010D","E01027998","Total",870,73,178,531,88,461,26,31,328,76,409,47,147,203,12
"2011","Ashfield 011A","E01027960","Total",729,58,148,420,103,384,16,24,260,84,345,42,124,160,19
"2011","Ashfield 011B","E01027961","Total",891,73,178,506,134,488,14,44,318,112,403,59,134,188,22
"2011","Ashfield 011C","E01027962","Total",782,54,159,489,80,416,17,32,307,60,366,37,127,182,20
"2011","Ashfield 011D","E01027963","Total",744,63,154,445,82,407,17,39,280,71,337,46,115,165,11
"2011","Ashfield 012A","E01027945","Total",809,62,172,484,91,428,20,29,299,80,381,42,143,185,11
"2011","Ashfield 012B","E01027946","Total",724,62,142,440,80,389,16,30,274,69,335,46,112,166,11
"2011","Ashfield 012C","E01027993","Total",758,82,166,405,105,392,25,33,246,88,366,57,133,159,17
"2011","Ashfield 012D","E01027994","Total",642,68,129,343,102,351,23,29,220,79,291,45,100,123,23
"2011","Ashfield 013A","E01027929","Total",1293,77,221,829,166,659,10,35,485,129,634,67,186,344,37
"2011","Ashfield 013B","E01027931","Total",895,73,173,552,97,470,23,33,336,78,425,50,140,216,19
"2011","Ashfield 013C","E01027934","Total",775,65,141,484,85,403,14,34,290,65,372,51,107,194,20
"2011","Ashfield 013D","E01027935","Total",645,67,119,376,83,336,13,19,240,64,309,54,100,136,19
"2011","Ashfield 013E","E01027936","Total",657,65,145,386,61,334,19,24,243,48,323,46,121,143,13
"2011","Ashfield 014A","E01027927","Total",926,84,175,583,84,469,23,30,348,68,457,61,145,235,16
"2011","Ashfield 014B","E01027928","Total",968,60,173,630,105,488,18,30,360,80,480,42,143,270,25
"2011","Ashfield 014C","E01027932","Total",1085,88,226,647,124,569,28,45,392,104,516,60,181,255,20
"2011","Ashfield 014D","E01027933","Total",760,49,164,469,78,397,13,47,273,64,363,36,117,196,14
"2011","Ashfield 014E","E01027937","Total",586,34,137,360,55,297,8,36,213,40,289,26,101,147,15
"2011","Ashfield 015A","E01027925","Total",851,80,175,502,94,438,19,31,310,78,413,61,144,192,16
"2011","Ashfield 015B","E01027938","Total",787,75,160,457,95,413,19,32,288,74,374,56,128,169,21
"2011","Ashfield 015C","E01027940","Total",721,58,150,428,85,388,15,27,273,73,333,43,123,155,12
"2011","Ashfield 015D","E01027943","Total",697,66,141,418,72,351,12,31,247,61,346,54,110,171,11
"2011","Ashfield 015E","E01027944","Total",780,69,182,454,75,395,17,36,279,63,385,52,146,175,12
"2011","Ashfield 016A","E01027926","Total",697,55,153,436,53,371,17,35,272,47,326,38,118,164,6
"2011","Ashfield 016B","E01027930","Total",632,51,148,382,51,337,12,40,245,40,295,39,108,137,11
"2011","Ashfield 016C","E01027939","Total",563,69,123,318,53,296,15,33,200,48,267,54,90,118,5
"2011","Ashfield 016D","E01027941","Total",621,61,129,372,59,334,14,35,235,50,287,47,94,137,9
"2011","Ashfield 016E","E01027942","Total",570,60,132,318,60,301,16,27,212,46,269,44,105,106,14
"2011","Bassetlaw 001A","E01028000","Total",1088,125,242,535,186,577,42,53,336,146,511,83,189,199,40
"2011","Bassetlaw 001B","E01028024","Total",878,76,181,506,115,465,17,32,322,94,413,59,149,184,21
"2011","Bassetlaw 001C","E01028025","Total",723,44,161,417,101,380,9,32,260,79,343,35,129,157,22
"2011","Bassetlaw 001D","E01028026","Total",572,51,116,329,76,309,15,31,201,62,263,36,85,128,14
"2011","Bassetlaw 001E","E01028027","Total",623,52,150,341,80,337,14,32,219,72,286,38,118,122,8
"2011","Bassetlaw 001F","E01028028","Total",637,48,135,359,95,324,8,31,208,77,313,40,104,151,18
"2011","Bassetlaw 002A","E01027999","Total",1089,110,211,577,191,590,26,49,365,150,499,84,162,212,41
"2011","Bassetlaw 002B","E01028005","Total",910,99,191,465,155,500,33,61,279,127,410,66,130,186,28
"2011","Bassetlaw 002C","E01028031","Total",495,48,103,273,71,276,15,21,182,58,219,33,82,91,13
"2011","Bassetlaw 002D","E01028032","Total",661,73,104,370,114,365,18,16,235,96,296,55,88,135,18
"2011","Bassetlaw 002E","E01028035","Total",1155,120,198,608,229,609,27,41,355,186,546,93,157,253,43
"2011","Bassetlaw 003A","E01028023","Total",1144,140,213,540,251,608,44,47,320,197,536,96,166,220,54
"2011","Bassetlaw 003B","E01028034","Total",1114,117,204,588,205,579,32,43,341,163,535,85,161,247,42
"2011","Bassetlaw 003C","E01028036","Total",1265,145,314,549,257,811,73,176,345,217,454,72,138,204,40
"2011","Bassetlaw 004A","E01028001","Total",462,39,127,251,45,238,7,29,163,39,224,32,98,88,6
"2011","Bassetlaw 004B","E01028002","Total",625,65,145,340,75,330,18,34,217,61,295,47,111,123,14
"2011","Bassetlaw 004C","E01028003","Total",672,53,145,395,79,357,17,39,237,64,315,36,106,158,15
"2011","Bassetlaw 004D","E01028004","Total",741,62,160,411,108,389,20,47,242,80,352,42,113,169,28
"2011","Bassetlaw 004E","E01028029","Total",502,33,110,281,78,283,10,27,182,64,219,23,83,99,14
"2011","Bassetlaw 004F","E01028030","Total",624,57,142,352,73,350,18,33,236,63,274,39,109,116,10
"2011","Bassetlaw 005A","E01028013","Total",784,80,163,429,112,396,22,39,243,92,388,58,124,186,20
"2011","Bassetlaw 005B","E01028014","Total",587,46,131,329,81,317,14,28,208,67,270,32,103,121,14
"2011","Bassetlaw 005C","E01028015","Total",810,67,159,491,93,425,21,29,298,77,385,46,130,193,16
"2011","Bassetlaw 005D","E01028016","Total",557,59,105,328,65,300,18,20,206,56,257,41,85,122,9
"2011","Bassetlaw 006A","E01028046","Total",788,63,169,482,74,409,12,35,299,63,379,51,134,183,11
"2011","Bassetlaw 006B","E01028047","Total",1212,106,233,687,186,642,34,32,420,156,570,72,201,267,30
"2011","Bassetlaw 006C","E01028048","Total",914,55,195,563,101,475,13,39,344,79,439,42,156,219,22
"2011","Bassetlaw 006D","E01028049","Total",806,76,169,483,78,425,20,42,299,64,381,56,127,184,14
"2011","Bassetlaw 006E","E01028050","Total",1060,91,240,627,102,572,32,54,395,91,488,59,186,232,11
"2011","Bassetlaw 008A","E01028008","Total",517,53,135,279,50,249,8,39,158,44,268,45,96,121,6
"2011","Bassetlaw 008B","E01028009","Total",623,60,111,354,98,341,15,23,219,84,282,45,88,135,14
"2011","Bassetlaw 008C","E01028010","Total",715,79,137,383,116,365,22,33,209,101,350,57,104,174,15
"2011","Bassetlaw 008D","E01028011","Total",689,52,133,431,73,368,14,25,269,60,321,38,108,162,13
"2011","Bassetlaw 008E","E01028012","Total",711,75,142,413,81,356,18,43,226,69,355,57,99,187,12
"2011","Bassetlaw 008F","E01028022","Total",778,65,168,449,96,396,15,39,267,75,382,50,129,182,21
"2011","Bassetlaw 009A","E01028055","Total",663,43,139,411,70,372,9,42,270,51,291,34,97,141,19
"2011","Bassetlaw 009B","E01028056","Total",586,42,127,338,79,307,11,28,200,68,279,31,99,138,11
"2011","Bassetlaw 009C","E01028058","Total",1008,69,185,591,163,532,12,37,350,133,476,57,148,241,30
"2011","Bassetlaw 009D","E01028059","Total",1047,81,190,637,139,554,15,35,393,111,493,66,155,244,28
"2011","Bassetlaw 010A","E01028017","Total",531,55,111,303,62,290,17,27,191,55,241,38,84,112,7
"2011","Bassetlaw 010B","E01028018","Total",810,88,167,459,96,402,23,28,273,78,408,65,139,186,18
"2011","Bassetlaw 010C","E01028019","Total",620,64,152,348,56,317,25,34,212,46,303,39,118,136,10
"2011","Bassetlaw 010D","E01028020","Total",928,80,140,586,122,535,17,44,373,101,393,63,96,213,21
"2011","Bassetlaw 010E","E01028021","Total",733,66,155,401,111,367,14,26,236,91,366,52,129,165,20
"2011","Bassetlaw 012A","E01028057","Total",637,36,112,418,71,344,11,34,241,58,293,25,78,177,13
"2011","Bassetlaw 012B","E01028065","Total",558,46,162,311,39,289,11,48,195,35,269,35,114,116,4
"2011","Bassetlaw 012C","E01028066","Total",607,59,144,368,36,348,22,48,244,34,259,37,96,124,2
"2011","Bassetlaw 012D","E01028068","Total",751,66,151,451,83,417,22,50,278,67,334,44,101,173,16
"2011","Bassetlaw 013A","E01028060","Total",760,96,149,405,110,406,24,44,250,88,354,72,105,155,22
"2011","Bassetlaw 013B","E01028061","Total",842,72,172,492,106,443,22,31,302,88,399,50,141,190,18
"2011","Bassetlaw 013C","E01028062","Total",953,64,166,632,91,495,25,37,357,76,458,39,129,275,15
"2011","Bassetlaw 013D","E01028067","Total",663,58,193,373,39,358,18,58,246,36,305,40,135,127,3
"2011","Bassetlaw 014A","E01028040","Total",482,36,97,272,77,259,7,20,172,60,223,29,77,100,17
"2011","Bassetlaw 014B","E01028041","Total",482,47,97,274,64,260,14,36,167,43,222,33,61,107,21
"2011","Bassetlaw 014C","E01028043","Total",687,70,187,364,66,352,15,42,242,53,335,55,145,122,13
"2011","Bassetlaw 014D","E01028063","Total",939,88,187,543,121,510,27,48,334,101,429,61,139,209,20
"2011","Bassetlaw 014E","E01028064","Total",593,53,154,315,71,322,13,45,202,62,271,40,109,113,9
"2011","Bassetlaw 015A","E01028006","Total",627,60,114,302,151,341,22,25,174,120,286,38,89,128,31
"2011","Bassetlaw 015B","E01028007","Total",546,73,98,276,99,298,23,31,163,81,248,50,67,113,18
"2011","Bassetlaw 015C","E01028033","Total",1049,112,214,532,191,557,31,65,316,145,492,81,149,216,46
"2011","Bassetlaw 015D","E01028037","Total",854,98,142,410,204,468,33,32,243,160,386,65,110,167,44
"2011","Bassetlaw 015E","E01028038","Total",685,61,125,386,113,366,18,17,231,100,319,43,108,155,13
"2011","Bassetlaw 015F","E01028039","Total",559,58,128,254,119,302,9,37,164,92,257,49,91,90,27
"2011","Bassetlaw 016E","E01028042","Total",718,79,187,387,65,365,27,38,241,59,353,52,149,146,6
"2011","Bassetlaw 016F","E01028044","Total",587,40,142,355,50,309,13,31,225,40,278,27,111,130,10
"2011","Bassetlaw 016G","E01028045","Total",855,60,200,502,93,446,22,35,311,78,409,38,165,191,15
"2011","Bassetlaw 016A","E01028051","Total",712,52,144,441,75,359,15,32,254,58,353,37,112,187,17
"2011","Bassetlaw 016B","E01028052","Total",799,89,189,435,86,415,28,39,283,65,384,61,150,152,21
"2011","Bassetlaw 016C","E01028053","Total",664,60,159,398,47,348,20,37,254,37,316,40,122,144,10
"2011","Bassetlaw 016D","E01028054","Total",748,85,164,411,88,392,27,26,264,75,356,58,138,147,13
"2011","Broxtowe 001A","E01028092","Total",631,34,145,357,95,329,7,29,213,80,302,27,116,144,15
"2011","Broxtowe 001B","E01028093","Total",487,47,89,304,47,266,12,24,191,39,221,35,65,113,8
"2011","Broxtowe 001C","E01028107","Total",851,67,172,512,100,455,16,45,313,81,396,51,127,199,19
"2011","Broxtowe 001D","E01028108","Total",724,74,147,422,81,383,14,26,276,67,341,60,121,146,14
"2011","Broxtowe 001E","E01028114","Total",661,54,125,396,86,355,12,33,242,68,306,42,92,154,18
"2011","Broxtowe 002A","E01028110","Total",552,50,119,326,57,289,11,27,204,47,263,39,92,122,10
"2011","Broxtowe 002B","E01028111","Total",625,56,141,369,59,332,18,31,241,42,293,38,110,128,17
"2011","Broxtowe 002C","E01028112","Total",688,65,132,403,88,358,15,32,243,68,330,50,100,160,20
"2011","Broxtowe 002D","E01028113","Total",600,57,128,361,54,321,19,29,230,43,279,38,99,131,11
"2011","Broxtowe 003A","E01028109","Total",806,64,180,472,90,450,22,52,304,72,356,42,128,168,18
"2011","Broxtowe 003B","E01028115","Total",720,79,147,420,74,392,25,25,280,62,328,54,122,140,12
"2011","Broxtowe 003C","E01028116","Total",753,62,160,454,77,392,21,27,279,65,361,41,133,175,12
"2011","Broxtowe 003D","E01028117","Total",885,81,174,521,109,468,25,27,326,90,417,56,147,195,19
"2011","Broxtowe 003E","E01028118","Total",718,85,153,406,74,379,23,43,252,61,339,62,110,154,13
"2011","Broxtowe 004A","E01028102","Total",713,69,146,432,66,368,19,39,256,54,345,50,107,176,12
"2011","Broxtowe 004B","E01028103","Total",562,49,114,339,60,293,9,29,212,43,269,40,85,127,17
"2011","Broxtowe 004C","E01028104","Total",794,73,155,472,94,410,20,32,283,75,384,53,123,189,19
"2011","Broxtowe 004D","E01028122","Total",723,50,163,436,74,374,16,33,267,58,349,34,130,169,16
"2011","Broxtowe 004E","E01028123","Total",1021,94,191,562,174,526,23,38,328,137,495,71,153,234,37
"2011","Broxtowe 004F","E01028124","Total",690,82,146,356,106,370,25,39,226,80,320,57,107,130,26
"2011","Broxtowe 007A","E01028087","Total",743,83,144,375,141,411,29,39,238,105,332,54,105,137,36
"2011","Broxtowe 007B","E01028088","Total",699,90,138,395,76,363,28,28,251,56,336,62,110,144,20
"2011","Broxtowe 007C","E01028089","Total",612,75,122,332,83,319,24,35,199,61,293,51,87,133,22
"2011","Broxtowe 007D","E01028090","Total",647,63,114,398,72,327,17,27,235,48,320,46,87,163,24
"2011","Broxtowe 007E","E01028091","Total",699,70,146,390,93,379,27,39,236,77,320,43,107,154,16
"2011","Broxtowe 008A","E01028125","Total",816,75,148,523,70,433,21,38,319,55,383,54,110,204,15
"2011","Broxtowe 008B","E01028126","Total",677,61,154,403,59,346,20,35,239,52,331,41,119,164,7
"2011","Broxtowe 008C","E01028127","Total",648,63,141,387,57,339,17,34,243,45,309,46,107,144,12
"2011","Broxtowe 008D","E01028134","Total",795,51,166,506,72,401,10,41,295,55,394,41,125,211,17
"2011","Broxtowe 009A","E01028076","Total",610,57,108,382,63,306,15,32,213,46,304,42,76,169,17
"2011","Broxtowe 009B","E01028077","Total",578,57,122,336,63,305,24,32,202,47,273,33,90,134,16
"2011","Broxtowe 009C","E01028078","Total",754,67,138,483,66,395,23,35,283,54,359,44,103,200,12
"2011","Broxtowe 009D","E01028079","Total",574,62,95,362,55,312,18,33,222,39,262,44,62,140,16
"2011","Broxtowe 009E","E01028084","Total",922,86,161,571,104,468,27,37,329,75,454,59,124,242,29
"2011","Broxtowe 010A","E01028128","Total",942,101,196,537,108,494,31,40,335,88,448,70,156,202,20
"2011","Broxtowe 010B","E01028129","Total",665,49,128,405,83,358,13,34,247,64,307,36,94,158,19
"2011","Broxtowe 010C","E01028130","Total",803,77,146,484,96,438,22,30,310,76,365,55,116,174,20
"2011","Broxtowe 010D","E01028131","Total",752,63,131,488,70,399,19,27,293,60,353,44,104,195,10
"2011","Broxtowe 010E","E01028132","Total",510,45,113,297,55,249,9,24,169,47,261,36,89,128,8
"2011","Broxtowe 010F","E01028133","Total",812,57,145,528,82,423,20,33,310,60,389,37,112,218,22
"2011","Broxtowe 011A","E01028073","Total",633,72,105,383,73,352,35,37,230,50,281,37,68,153,23
"2011","Broxtowe 011B","E01028074","Total",649,92,112,396,49,363,42,41,248,32,286,50,71,148,17
"2011","Broxtowe 011C","E01028075","Total",829,70,144,534,81,440,27,44,315,54,389,43,100,219,27
"2011","Broxtowe 011D","E01028085","Total",929,103,142,544,140,498,36,45,320,97,431,67,97,224,43
"2011","Broxtowe 011E","E01028086","Total",816,70,125,520,101,418,28,46,275,69,398,42,79,245,32
"2011","Broxtowe 012A","E01028080","Total",999,68,146,649,136,530,29,42,370,89,469,39,104,279,47
"2011","Broxtowe 012B","E01028081","Total",541,45,97,348,51,286,16,25,206,39,255,29,72,142,12
"2011","Broxtowe 012C","E01028082","Total",743,52,142,496,53,392,11,32,310,39,351,41,110,186,14
"2011","Broxtowe 012D","E01028083","Total",660,57,109,441,53,356,19,32,263,42,304,38,77,178,11
"2011","Broxtowe 013A","E01028097","Total",728,71,150,445,62,374,22,34,272,46,354,49,116,173,16
"2011","Broxtowe 013B","E01028098","Total",741,62,147,429,103,432,15,33,293,91,309,47,114,136,12
"2011","Broxtowe 013C","E01028099","Total",819,62,146,500,111,481,23,41,325,92,338,39,105,175,19
"2011","Broxtowe 013D","E01028100","Total",721,66,138,430,87,367,15,31,253,68,354,51,107,177,19
"2011","Broxtowe 013E","E01028101","Total",580,57,133,339,51,287,16,32,198,41,293,41,101,141,10
"2011","Broxtowe 014A","E01028069","Total",628,50,134,384,60,319,14,35,222,48,309,36,99,162,12
"2011","Broxtowe 014B","E01028070","Total",506,58,97,275,76,273,19,16,178,60,233,39,81,97,16
"2011","Broxtowe 014C","E01028094","Total",853,69,159,521,104,439,21,30,311,77,414,48,129,210,27
"2011","Broxtowe 014D","E01028095","Total",686,60,161,396,69,365,20,39,255,51,321,40,122,141,18
"2011","Broxtowe 014E","E01028096","Total",821,82,180,459,100,426,25,45,277,79,395,57,135,182,21
"2011","Broxtowe 015A","E01028135","Total",684,66,135,406,77,364,18,31,250,65,320,48,104,156,12
"2011","Broxtowe 015B","E01028136","Total",844,77,177,514,76,439,19,25,341,54,405,58,152,173,22
"2011","Broxtowe 015C","E01028137","Total",1535,110,242,988,195,785,34,54,563,134,750,76,188,425,61
"2011","Broxtowe 015D","E01028138","Total",589,59,108,353,69,301,20,24,200,57,288,39,84,153,12
"2011","Broxtowe 015E","E01028139","Total",787,72,164,445,106,399,17,34,267,81,388,55,130,178,25
"2011","Broxtowe 016A","E01028105","Total",604,61,112,363,68,318,11,17,237,53,286,50,95,126,15
"2011","Broxtowe 016B","E01028106","Total",732,62,151,417,102,386,16,29,256,85,346,46,122,161,17
"2011","Broxtowe 016C","E01028119","Total",1212,100,234,716,162,645,34,72,424,115,567,66,162,292,47
"2011","Broxtowe 016D","E01028120","Total",816,74,171,466,105,438,22,37,296,83,378,52,134,170,22
"2011","Broxtowe 016E","E01028121","Total",726,81,143,420,82,380,26,29,259,66,346,55,114,161,16
"2011","Broxtowe 016F","E01033412","Total",1181,95,241,693,152,619,28,61,406,124,562,67,180,287,28
"2011","Broxtowe 016G","E01033413","Total",1131,100,195,725,111,616,16,47,463,90,515,84,148,262,21
"2011","Gedling 001A","E01028189","Total",1134,116,219,591,208,616,29,56,361,170,518,87,163,230,38
"2011","Gedling 001B","E01028198","Total",649,75,142,349,83,320,17,34,208,61,329,58,108,141,22
"2011","Gedling 001C","E01028199","Total",609,79,133,302,95,322,30,33,183,76,287,49,100,119,19
"2011","Gedling 001D","E01028200","Total",823,88,145,435,155,427,25,40,252,110,396,63,105,183,45
"2011","Gedling 001E","E01028201","Total",558,64,129,266,99,288,20,27,164,77,270,44,102,102,22
"2011","Gedling 002A","E01028150","Total",676,54,161,390,71,341,17,44,225,55,335,37,117,165,16
"2011","Gedling 002B","E01028151","Total",585,69,116,339,61,297,20,22,207,48,288,49,94,132,13
"2011","Gedling 002C","E01028152","Total",774,87,158,417,112,385,25,26,247,87,389,62,132,170,25
"2011","Gedling 002D","E01028153","Total",557,61,144,308,44,252,18,29,173,32,305,43,115,135,12
"2011","Gedling 002E","E01028154","Total",895,79,176,546,94,451,22,31,326,72,444,57,145,220,22
"2011","Gedling 002F","E01028213","Total",886,101,171,454,160,512,36,47,297,132,374,65,124,157,28
"2011","Gedling 004A","E01028143","Total",600,52,144,333,71,295,14,33,189,59,305,38,111,144,12
"2011","Gedling 004B","E01028205","Total",617,77,130,352,58,310,21,17,223,49,307,56,113,129,9
"2011","Gedling 004C","E01028206","Total",727,61,157,434,75,366,13,34,259,60,361,48,123,175,15
"2011","Gedling 004D","E01028207","Total",582,64,120,352,46,288,17,20,212,39,294,47,100,140,7
"2011","Gedling 004E","E01028208","Total",497,47,120,278,52,250,14,24,170,42,247,33,96,108,10
"2011","Gedling 005A","E01028173","Total",327,27,104,164,32,162,6,29,99,28,165,21,75,65,4
"2011","Gedling 005B","E01028174","Total",651,56,161,366,68,335,8,31,241,55,316,48,130,125,13
"2011","Gedling 005C","E01028175","Total",859,81,180,518,80,440,23,38,319,60,419,58,142,199,20
"2011","Gedling 005D","E01028209","Total",661,56,151,408,46,342,14,46,246,36,319,42,105,162,10
"2011","Gedling 006A","E01028144","Total",737,69,153,455,60,365,20,43,253,49,372,49,110,202,11
"2011","Gedling 006B","E01028165","Total",685,51,140,431,63,332,20,29,239,44,353,31,111,192,19
"2011","Gedling 006C","E01028166","Total",760,64,160,454,82,397,29,43,261,64,363,35,117,193,18
"2011","Gedling 006D","E01028167","Total",902,72,182,557,91,481,23,50,330,78,421,49,132,227,13
"2011","Gedling 007A","E01028179","Total",756,83,168,424,81,370,21,39,246,64,386,62,129,178,17
"2011","Gedling 007B","E01028180","Total",713,64,165,408,76,374,23,55,239,57,339,41,110,169,19
"2011","Gedling 007C","E01028181","Total",811,64,155,510,82,404,25,31,287,61,407,39,124,223,21
"2011","Gedling 007D","E01028182","Total",824,71,179,457,117,420,17,41,267,95,404,54,138,190,22
"2011","Gedling 007E","E01028183","Total",523,44,131,294,54,279,6,43,185,45,244,38,88,109,9
"2011","Gedling 008A","E01028148","Total",897,109,205,443,140,469,33,53,274,109,428,76,152,169,31
"2011","Gedling 008B","E01028149","Total",774,80,151,423,120,404,25,32,259,88,370,55,119,164,32
"2011","Gedling 008C","E01028178","Total",1039,121,231,536,151,553,38,63,323,129,486,83,168,213,22
"2011","Gedling 009A","E01028176","Total",737,80,163,414,80,392,29,45,258,60,345,51,118,156,20
"2011","Gedling 009B","E01028177","Total",821,77,187,480,77,405,21,43,277,64,416,56,144,203,13
"2011","Gedling 009C","E01028214","Total",716,65,165,408,78,373,21,42,247,63,343,44,123,161,15
"2011","Gedling 009D","E01028215","Total",698,62,139,401,96,365,16,37,239,73,333,46,102,162,23
"2011","Gedling 009E","E01028216","Total",651,75,154,356,66,328,18,36,224,50,323,57,118,132,16
"2011","Gedling 009F","E01028217","Total",679,67,118,406,88,363,25,23,253,62,316,42,95,153,26
"2011","Gedling 009G","E01028218","Total",714,84,144,408,78,368,27,27,251,63,346,57,117,157,15
"2011","Gedling 010A","E01028193","Total",648,48,126,393,81,327,20,27,214,66,321,28,99,179,15
"2011","Gedling 010B","E01028194","Total",788,64,161,472,91,405,17,36,289,63,383,47,125,183,28
"2011","Gedling 010C","E01028195","Total",817,67,155,513,82,407,25,33,289,60,410,42,122,224,22
"2011","Gedling 010D","E01028196","Total",753,62,149,461,81,384,17,39,268,60,369,45,110,193,21
"2011","Gedling 010E","E01028197","Total",655,53,135,383,84,344,25,39,220,60,311,28,96,163,24
"2011","Gedling 010F","E01028204","Total",711,68,142,447,54,387,24,37,282,44,324,44,105,165,10
"2011","Gedling 011A","E01028172","Total",601,46,148,348,59,306,13,35,211,47,295,33,113,137,12
"2011","Gedling 011B","E01028190","Total",845,78,170,506,91,429,17,37,300,75,416,61,133,206,16
"2011","Gedling 011C","E01028202","Total",679,57,151,402,69,371,17,34,259,61,308,40,117,143,8
"2011","Gedling 011D","E01028203","Total",688,62,127,441,58,354,22,24,262,46,334,40,103,179,12
"2011","Gedling 011E","E01028212","Total",721,54,171,441,55,358,15,39,258,46,363,39,132,183,9
"2011","Gedling 012A","E01028168","Total",616,54,130,345,87,333,17,30,214,72,283,37,100,131,15
"2011","Gedling 012B","E01028169","Total",706,60,168,389,89,343,24,33,223,63,363,36,135,166,26
"2011","Gedling 012C","E01028170","Total",688,63,161,389,75,351,12,43,236,60,337,51,118,153,15
"2011","Gedling 012D","E01028171","Total",702,59,148,398,97,352,20,30,226,76,350,39,118,172,21
"2011","Gedling 012E","E01028191","Total",911,69,205,539,98,464,22,40,324,78,447,47,165,215,20
"2011","Gedling 012F","E01028192","Total",722,59,152,446,65,383,17,36,273,57,339,42,116,173,8
"2011","Gedling 013A","E01028160","Total",809,51,166,531,61,425,20,33,319,53,384,31,133,212,8
"2011","Gedling 013B","E01028161","Total",753,52,144,500,57,388,19,40,282,47,365,33,104,218,10
"2011","Gedling 013C","E01028162","Total",738,43,145,463,87,386,16,24,274,72,352,27,121,189,15
"2011","Gedling 013D","E01028163","Total",779,64,152,477,86,424,20,41,293,70,355,44,111,184,16
"2011","Gedling 013E","E01028211","Total",670,48,114,422,86,330,10,17,239,64,340,38,97,183,22
"2011","Gedling 014A","E01028155","Total",728,62,151,454,61,388,22,37,278,51,340,40,114,176,10
"2011","Gedling 014B","E01028156","Total",649,51,142,384,72,372,16,44,248,64,277,35,98,136,8
"2011","Gedling 014C","E01028157","Total",624,56,125,362,81,334,21,34,223,56,290,35,91,139,25
"2011","Gedling 014D","E01028158","Total",743,49,165,443,86,393,14,54,254,71,350,35,111,189,15
"2011","Gedling 014E","E01028159","Total",656,70,154,373,59,326,24,42,213,47,330,46,112,160,12
"2011","Gedling 014F","E01028164","Total",606,58,149,346,53,291,19,37,197,38,315,39,112,149,15
"2011","Gedling 014G","E01028210","Total",633,51,121,401,60,301,15,25,218,43,332,36,96,183,17
"2011","Gedling 015A","E01028184","Total",657,50,112,399,96,344,16,22,238,68,313,34,90,161,28
"2011","Gedling 015B","E01028185","Total",903,58,178,564,103,468,10,35,345,78,435,48,143,219,25
"2011","Gedling 015C","E01028186","Total",762,43,122,537,60,393,14,28,304,47,369,29,94,233,13
"2011","Gedling 015D","E01028187","Total",700,50,138,459,53,358,14,34,266,44,342,36,104,193,9
"2011","Gedling 015E","E01028188","Total",895,48,133,631,83,435,12,22,330,71,460,36,111,301,12
"2011","Gedling 016A","E01028142","Total",907,79,162,545,121,475,21,45,319,90,432,58,117,226,31
"2011","Gedling 016B","E01028146","Total",859,65,157,552,85,447,28,36,316,67,412,37,121,236,18
"2011","Gedling 016C","E01028147","Total",472,41,93,295,43,214,14,18,146,36,258,27,75,149,7
"2011","Gedling 016D","E01032622","Total",700,66,142,399,93,368,20,26,249,73,332,46,116,150,20
"2011","Mansfield 001A","E01028224","Total",529,57,117,275,80,288,16,35,172,65,241,41,82,103,15
"2011","Mansfield 001B","E01028257","Total",729,78,169,411,71,380,30,32,256,62,349,48,137,155,9
"2011","Mansfield 001C","E01028258","Total",695,59,166,375,95,374,19,34,236,85,321,40,132,139,10
"2011","Mansfield 001D","E01028259","Total",630,65,131,351,83,339,22,31,223,63,291,43,100,128,20
"2011","Mansfield 002A","E01028223","Total",414,31,88,238,57,226,5,25,152,44,188,26,63,86,13
"2011","Mansfield 002B","E01028225","Total",636,57,144,341,94,352,15,40,216,81,284,42,104,125,13
"2011","Mansfield 002C","E01028226","Total",641,73,151,333,84,331,22,40,193,76,310,51,111,140,8
"2011","Mansfield 002D","E01028260","Total",776,86,159,430,101,408,25,44,253,86,368,61,115,177,15
"2011","Mansfield 003A","E01028251","Total",881,99,177,479,126,469,31,41,299,98,412,68,136,180,28
"2011","Mansfield 003B","E01028252","Total",898,92,193,494,119,451,34,38,285,94,447,58,155,209,25
"2011","Mansfield 003C","E01028253","Total",857,95,187,475,100,448,29,38,289,92,409,66,149,186,8
"2011","Mansfield 003D","E01028277","Total",578,52,120,352,54,304,13,26,220,45,274,39,94,132,9
"2011","Mansfield 003E","E01028278","Total",663,77,146,362,78,338,17,39,217,65,325,60,107,145,13
"2011","Mansfield 004A","E01028271","Total",736,69,156,413,98,393,19,41,253,80,343,50,115,160,18
"2011","Mansfield 004B","E01028279","Total",576,54,125,334,63,304,15,34,204,51,272,39,91,130,12
"2011","Mansfield 004C","E01028280","Total",515,55,129,269,62,279,18,44,168,49,236,37,85,101,13
"2011","Mansfield 004D","E01028281","Total",577,36,134,341,66,301,12,28,204,57,276,24,106,137,9
"2011","Mansfield 004E","E01028283","Total",946,62,174,589,121,488,18,38,331,101,458,44,136,258,20
"2011","Mansfield 005A","E01028242","Total",861,81,159,538,83,454,21,43,327,63,407,60,116,211,20
"2011","Mansfield 005B","E01028250","Total",749,85,142,444,78,391,24,28,269,70,358,61,114,175,8
"2011","Mansfield 005C","E01028272","Total",750,60,162,428,100,395,21,40,261,73,355,39,122,167,27
"2011","Mansfield 005D","E01028273","Total",808,66,144,512,86,410,19,29,290,72,398,47,115,222,14
"2011","Mansfield 006A","E01028229","Total",639,67,141,368,63,336,18,33,230,55,303,49,108,138,8
"2011","Mansfield 006B","E01028232","Total",646,73,146,361,66,330,12,37,232,49,316,61,109,129,17
"2011","Mansfield 006E","E01028267","Total",809,70,169,484,86,426,18,40,296,72,383,52,129,188,14
"2011","Mansfield 006F","E01028282","Total",458,34,119,253,52,249,10,40,159,40,209,24,79,94,12
"2011","Mansfield 006G","E01033392","Total",918,95,202,508,113,490,29,54,311,96,428,66,148,197,17
"2011","Mansfield 007A","E01028237","Total",801,79,141,510,71,412,24,26,304,58,389,55,115,206,13
"2011","Mansfield 007B","E01028238","Total",636,75,138,355,68,348,15,38,242,53,288,60,100,113,15
"2011","Mansfield 007C","E01028239","Total",780,84,185,425,86,377,24,31,250,72,403,60,154,175,14
"2011","Mansfield 007D","E01028240","Total",768,67,167,455,79,410,18,45,279,68,358,49,122,176,11
"2011","Mansfield 007E","E01028241","Total",1342,128,257,782,175,684,33,53,459,139,658,95,204,323,36
"2011","Mansfield 007F","E01028243","Total",736,61,160,422,93,382,21,38,248,75,354,40,122,174,18
"2011","Mansfield 008A","E01028227","Total",583,56,114,367,46,290,14,31,212,33,293,42,83,155,13
"2011","Mansfield 008B","E01028228","Total",529,40,104,323,62,283,7,26,197,53,246,33,78,126,9
"2011","Mansfield 008C","E01028247","Total",810,58,137,539,76,449,19,49,322,59,361,39,88,217,17
"2011","Mansfield 008D","E01028268","Total",847,54,139,566,88,470,23,47,331,69,377,31,92,235,19
"2011","Mansfield 008E","E01028269","Total",736,51,133,479,73,384,16,47,254,67,352,35,86,225,6
"2011","Mansfield 008F","E01028284","Total",668,44,145,407,72,360,11,39,251,59,308,33,106,156,13
"2011","Mansfield 009A","E01028233","Total",909,79,156,580,94,478,24,43,336,75,431,55,113,244,19
"2011","Mansfield 009B","E01028234","Total",691,59,144,416,72,347,16,30,241,60,344,43,114,175,12
"2011","Mansfield 009C","E01028274","Total",723,43,117,477,86,386,9,38,270,69,337,34,79,207,17
"2011","Mansfield 009D","E01028275","Total",607,57,131,357,62,317,10,26,228,53,290,47,105,129,9
"2011","Mansfield 009E","E01028276","Total",479,39,89,302,49,276,11,34,193,38,203,28,55,109,11
"2011","Mansfield 010A","E01028230","Total",583,51,148,337,47,305,15,39,213,38,278,36,109,124,9
"2011","Mansfield 010B","E01028231","Total",598,61,137,351,49,307,16,37,218,36,291,45,100,133,13
"2011","Mansfield 010C","E01028244","Total",796,66,158,503,69,425,19,42,313,51,371,47,116,190,18
"2011","Mansfield 010D","E01028245","Total",536,48,136,297,55,279,18,26,190,45,257,30,110,107,10
"2011","Mansfield 010E","E01028246","Total",948,81,192,566,109,506,21,50,349,86,442,60,142,217,23
"2011","Mansfield 010F","E01028248","Total",637,59,134,380,64,337,18,33,229,57,300,41,101,151,7
"2011","Mansfield 010G","E01028249","Total",618,73,138,344,63,304,21,40,193,50,314,52,98,151,13
"2011","Mansfield 011A","E01028235","Total",839,68,187,488,96,443,16,46,303,78,396,52,141,185,18
"2011","Mansfield 011B","E01028236","Total",893,82,162,552,97,470,23,25,343,79,423,59,137,209,18
"2011","Mansfield 011C","E01028262","Total",779,64,185,429,101,412,19,34,280,79,367,45,151,149,22
"2011","Mansfield 011D","E01028264","Total",981,85,201,588,107,498,22,34,361,81,483,63,167,227,26
"2011","Mansfield 012A","E01028254","Total",578,50,113,342,73,316,19,24,219,54,262,31,89,123,19
"2011","Mansfield 012B","E01028256","Total",659,44,122,412,81,357,8,27,255,67,302,36,95,157,14
"2011","Mansfield 012C","E01028261","Total",643,64,148,359,72,334,16,44,213,61,309,48,104,146,11
"2011","Mansfield 012D","E01028263","Total",498,47,122,276,53,258,13,36,168,41,240,34,86,108,12
"2011","Mansfield 013A","E01028219","Total",689,64,133,387,105,359,15,28,231,85,330,49,105,156,20
"2011","Mansfield 013B","E01028220","Total",1031,90,180,653,108,550,29,46,387,88,481,61,134,266,20
"2011","Mansfield 013D","E01028222","Total",764,100,145,406,113,406,31,39,244,92,358,69,106,162,21
"2011","Mansfield 013E","E01028255","Total",565,70,91,320,84,297,25,21,187,64,268,45,70,133,20
"2011","Mansfield 013F","E01028270","Total",778,67,152,453,106,408,26,41,265,76,370,41,111,188,30
"2011","Mansfield 013G","E01033389","Total",844,53,127,542,122,426,13,23,297,93,418,40,104,245,29
"2011","Mansfield 013H","E01033390","Total",943,51,172,579,141,488,17,31,335,105,455,34,141,244,36
"2011","Mansfield 013I","E01033391","Total",601,49,128,336,88,318,14,32,206,66,283,35,96,130,22
"2011","Newark and Sherwood 001A","E01028301","Total",692,70,153,396,73,381,12,37,265,67,311,58,116,131,6
"2011","Newark and Sherwood 001B","E01028302","Total",730,74,155,411,90,375,14,33,249,79,355,60,122,162,11
"2011","Newark and Sherwood 001C","E01028338","Total",737,69,168,413,87,376,13,37,252,74,361,56,131,161,13
"2011","Newark and Sherwood 001D","E01028339","Total",892,64,209,508,111,460,17,49,306,88,432,47,160,202,23
"2011","Newark and Sherwood 001E","E01028340","Total",663,69,135,378,81,357,17,37,237,66,306,52,98,141,15
"2011","Newark and Sherwood 001F","E01028341","Total",770,74,147,448,101,403,27,36,255,85,367,47,111,193,16
"2011","Newark and Sherwood 002A","E01028313","Total",760,72,156,433,99,402,17,40,260,85,358,55,116,173,14
"2011","Newark and Sherwood 002B","E01028314","Total",1368,121,253,795,199,718,30,49,479,160,650,91,204,316,39
"2011","Newark and Sherwood 002C","E01028321","Total",701,62,125,407,107,363,15,38,233,77,338,47,87,174,30
"2011","Newark and Sherwood 002D","E01028322","Total",903,95,194,496,118,466,23,51,295,97,437,72,143,201,21
"2011","Newark and Sherwood 002E","E01028323","Total",822,80,174,461,107,424,21,39,282,82,398,59,135,179,25
"2011","Newark and Sherwood 003A","E01028303","Total",695,78,149,335,133,382,27,35,203,117,313,51,114,132,16
"2011","Newark and Sherwood 003B","E01028312","Total",1152,122,209,571,250,604,31,52,319,202,548,91,157,252,48
"2011","Newark and Sherwood 003C","E01028337","Total",766,91,155,363,157,402,32,29,209,132,364,59,126,154,25
"2011","Newark and Sherwood 003D","E01028349","Total",794,85,147,387,175,411,25,26,211,149,383,60,121,176,26
"2011","Newark and Sherwood 003E","E01028350","Total",563,71,90,277,125,302,20,15,173,94,261,51,75,104,31
"2011","Newark and Sherwood 004A","E01028315","Total",653,73,119,331,130,350,28,23,199,100,303,45,96,132,30
"2011","Newark and Sherwood 004B","E01028316","Total",621,76,111,324,110,343,25,28,202,88,278,51,83,122,22
"2011","Newark and Sherwood 004C","E01028317","Total",817,102,162,400,153,451,26,41,261,123,366,76,121,139,30
"2011","Newark and Sherwood 004D","E01028353","Total",1345,125,252,734,234,714,31,60,434,189,631,94,192,300,45
"2011","Newark and Sherwood 005A","E01028295","Total",953,82,180,524,167,503,13,40,311,139,450,69,140,213,28
"2011","Newark and Sherwood 005B","E01028297","Total",797,67,187,451,92,412,11,39,282,80,385,56,148,169,12
"2011","Newark and Sherwood 005C","E01028327","Total",759,98,140,383,138,416,34,34,233,115,343,64,106,150,23
"2011","Newark and Sherwood 005D","E01028328","Total",819,89,173,426,131,443,29,51,260,103,376,60,122,166,28
"2011","Newark and Sherwood 005E","E01028329","Total",792,91,170,356,175,420,16,45,221,138,372,75,125,135,37
"2011","Newark and Sherwood 006A","E01028296","Total",583,52,112,356,63,319,12,33,224,50,264,40,79,132,13
"2011","Newark and Sherwood 006B","E01028298","Total",830,84,156,485,105,432,23,35,291,83,398,61,121,194,22
"2011","Newark and Sherwood 006C","E01028299","Total",565,43,117,329,76,297,12,30,193,62,268,31,87,136,14
"2011","Newark and Sherwood 006D","E01028300","Total",622,46,129,351,96,338,14,36,212,76,284,32,93,139,20
"2011","Newark and Sherwood 006E","E01028342","Total",783,59,156,472,96,392,11,35,274,72,391,48,121,198,24
"2011","Newark and Sherwood 006F","E01028343","Total",876,86,177,514,99,455,19,36,316,84,421,67,141,198,15
"2011","Newark and Sherwood 006G","E01028344","Total",763,64,143,467,89,396,22,27,273,74,367,42,116,194,15
"2011","Newark and Sherwood 007A","E01028294","Total",898,57,141,585,115,496,16,30,358,92,402,41,111,227,23
"2011","Newark and Sherwood 007B","E01028304","Total",624,43,119,385,77,351,10,30,245,66,273,33,89,140,11
"2011","Newark and Sherwood 007C","E01028305","Total",731,50,160,442,79,373,14,36,256,67,358,36,124,186,12
"2011","Newark and Sherwood 007D","E01028306","Total",750,60,147,453,90,394,19,28,279,68,356,41,119,174,22
"2011","Newark and Sherwood 007E","E01028307","Total",743,66,139,452,86,394,19,32,277,66,349,47,107,175,20
"2011","Newark and Sherwood 007F","E01028310","Total",908,70,129,602,107,508,23,37,370,78,400,47,92,232,29
"2011","Newark and Sherwood 007G","E01028311","Total",752,76,111,468,97,414,26,26,276,86,338,50,85,192,11
"2011","Newark and Sherwood 008A","E01028345","Total",892,114,197,427,154,467,33,46,266,122,425,81,151,161,32
"2011","Newark and Sherwood 008B","E01028346","Total",1005,153,205,515,132,525,56,42,322,105,480,97,163,193,27
"2011","Newark and Sherwood 008C","E01028347","Total",740,114,158,356,112,393,39,43,228,83,347,75,115,128,29
"2011","Newark and Sherwood 008D","E01028348","Total",576,126,117,235,98,281,23,29,148,81,295,103,88,87,17
"2011","Newark and Sherwood 009A","E01028292","Total",1231,108,235,700,188,644,36,34,417,157,587,72,201,283,31
"2011","Newark and Sherwood 009B","E01028293","Total",1014,76,208,598,132,523,17,44,360,102,491,59,164,238,30
"2011","Newark and Sherwood 009C","E01028333","Total",705,62,131,427,85,372,14,24,263,71,333,48,107,164,14
"2011","Newark and Sherwood 009D","E01028334","Total",627,84,148,334,61,307,10,41,207,49,320,74,107,127,12
"2011","Newark and Sherwood 009E","E01028335","Total",889,75,167,537,110,487,17,44,342,84,402,58,123,195,26
"2011","Newark and Sherwood 010A","E01028308","Total",770,75,150,457,88,394,22,43,255,74,376,53,107,202,14
"2011","Newark and Sherwood 010B","E01028309","Total",743,76,166,391,110,395,18,44,247,86,348,58,122,144,24
"2011","Newark and Sherwood 010C","E01028318","Total",612,56,139,349,68,320,14,31,218,57,292,42,108,131,11
"2011","Newark and Sherwood 010D","E01028319","Total",758,78,154,430,96,396,22,29,260,85,362,56,125,170,11
"2011","Newark and Sherwood 010E","E01028320","Total",577,70,138,305,64,279,19,34,174,52,298,51,104,131,12
"2011","Newark and Sherwood 011A","E01028285","Total",689,63,135,389,102,359,12,20,242,85,330,51,115,147,17
"2011","Newark and Sherwood 011B","E01028286","Total",500,56,113,250,81,264,11,24,162,67,236,45,89,88,14
"2011","Newark and Sherwood 011C","E01028287","Total",666,78,149,354,85,348,22,30,228,68,318,56,119,126,17
"2011","Newark and Sherwood 011D","E01028288","Total",743,66,168,402,107,389,23,31,248,87,354,43,137,154,20
"2011","Newark and Sherwood 011E","E01028289","Total",709,62,131,434,82,375,8,32,269,66,334,54,99,165,16
"2011","Newark and Sherwood 011F","E01028290","Total",692,69,150,393,80,363,18,36,237,72,329,51,114,156,8
"2011","Newark and Sherwood 011G","E01028291","Total",788,81,158,451,98,399,17,31,267,84,389,64,127,184,14
"2011","Newark and Sherwood 012B","E01028325","Total",587,56,126,298,107,311,15,25,184,87,276,41,101,114,20
"2011","Newark and Sherwood 012C","E01028326","Total",574,65,104,318,87,294,16,24,182,72,280,49,80,136,15
"2011","Newark and Sherwood 012D","E01028336","Total",538,57,105,265,111,290,26,26,151,87,248,31,79,114,24
"2011","Newark and Sherwood 012E","E01028352","Total",610,69,120,282,139,318,19,26,166,107,292,50,94,116,32
"2011","Newark and Sherwood 012F","E01033393","Total",1301,90,194,746,271,717,33,30,419,235,584,57,164,327,36
"2011","Newark and Sherwood 012G","E01033394","Total",608,65,131,325,87,324,21,27,201,75,284,44,104,124,12
"2011","Newark and Sherwood 013A","E01028330","Total",803,99,151,406,147,419,31,35,239,114,384,68,116,167,33
"2011","Newark and Sherwood 013B","E01028331","Total",1185,202,334,511,138,850,138,227,370,115,335,64,107,141,23
"2011","Newark and Sherwood 013C","E01028332","Total",857,99,156,477,125,448,27,31,294,96,409,72,125,183,29
"2011","Newark and Sherwood 013D","E01028351","Total",574,85,120,236,133,311,25,27,155,104,263,60,93,81,29
"2011","Rushcliffe 001A","E01028371","Total",1239,166,330,555,188,828,102,196,375,155,411,64,134,180,33
"2011","Rushcliffe 001B","E01028403","Total",1014,126,204,504,180,535,46,46,307,136,479,80,158,197,44
"2011","Rushcliffe 001C","E01028411","Total",1132,143,212,550,227,603,42,55,326,180,529,101,157,224,47
"2011","Rushcliffe 002A","E01028357","Total",679,73,163,378,65,359,24,35,245,55,320,49,128,133,10
"2011","Rushcliffe 002B","E01028358","Total",600,60,105,344,91,315,18,25,202,70,285,42,80,142,21
"2011","Rushcliffe 002C","E01028359","Total",904,81,153,517,153,467,26,27,296,118,437,55,126,221,35
"2011","Rushcliffe 002D","E01028360","Total",1030,82,188,625,135,508,22,26,349,111,522,60,162,276,24
"2011","Rushcliffe 002E","E01028361","Total",767,64,154,443,106,390,22,28,258,82,377,42,126,185,24
"2011","Rushcliffe 002F","E01028362","Total",621,56,154,332,79,306,10,30,204,62,315,46,124,128,17
"2011","Rushcliffe 003A","E01028393","Total",541,68,114,284,75,277,26,19,172,60,264,42,95,112,15
"2011","Rushcliffe 003B","E01028394","Total",689,65,138,393,93,342,21,24,224,73,347,44,114,169,20
"2011","Rushcliffe 003C","E01028395","Total",777,67,139,421,150,403,23,28,244,108,374,44,111,177,42
"2011","Rushcliffe 003D","E01028413","Total",727,68,160,418,81,350,17,38,234,61,377,51,122,184,20
"2011","Rushcliffe 003E","E01028414","Total",679,72,145,363,99,359,20,40,226,73,320,52,105,137,26
"2011","Rushcliffe 003F","E01028415","Total",805,82,173,425,125,415,24,43,251,97,390,58,130,174,28
"2011","Rushcliffe 004A","E01028354","Total",788,75,132,440,141,424,18,20,281,105,364,57,112,159,36
"2011","Rushcliffe 004B","E01028355","Total",799,66,144,471,118,399,18,24,279,78,400,48,120,192,40
"2011","Rushcliffe 004C","E01028384","Total",972,95,146,598,133,506,34,41,349,82,466,61,105,249,51
"2011","Rushcliffe 004D","E01028385","Total",956,92,196,549,119,500,36,49,335,80,456,56,147,214,39
"2011","Rushcliffe 004E","E01028386","Total",934,114,200,496,124,486,48,54,292,92,448,66,146,204,32
"2011","Rushcliffe 005A","E01028396","Total",869,67,138,525,139,436,30,22,295,89,433,37,116,230,50
"2011","Rushcliffe 005B","E01028398","Total",777,67,112,494,104,383,17,23,275,68,394,50,89,219,36
"2011","Rushcliffe 005C","E01028399","Total",676,89,132,359,96,353,30,36,217,70,323,59,96,142,26
"2011","Rushcliffe 005D","E01028416","Total",851,135,98,509,109,489,58,37,320,74,362,77,61,189,35
"2011","Rushcliffe 005E","E01028417","Total",891,136,118,535,102,465,49,38,305,73,426,87,80,230,29
"2011","Rushcliffe 005F","E01028418","Total",740,84,101,449,106,401,35,34,257,75,339,49,67,192,31
"2011","Rushcliffe 006A","E01028356","Total",780,91,160,432,97,412,33,36,270,73,368,58,124,162,24
"2011","Rushcliffe 006B","E01028375","Total",1034,72,182,628,152,510,17,31,351,111,524,55,151,277,41
"2011","Rushcliffe 006C","E01028376","Total",821,72,155,462,132,443,26,36,275,106,378,46,119,187,26
"2011","Rushcliffe 006D","E01028377","Total",1084,102,197,627,158,565,31,31,380,123,519,71,166,247,35
"2011","Rushcliffe 006E","E01028397","Total",870,98,157,471,144,459,33,41,273,112,411,65,116,198,32
"2011","Rushcliffe 007A","E01028363","Total",819,84,152,477,106,432,29,31,291,81,387,55,121,186,25
"2011","Rushcliffe 007B","E01028364","Total",935,82,172,549,132,494,20,42,334,98,441,62,130,215,34
"2011","Rushcliffe 007C","E01028365","Total",904,89,174,510,131,480,27,47,309,97,424,62,127,201,34
"2011","Rushcliffe 007D","E01028391","Total",928,121,172,524,111,488,40,42,320,86,440,81,130,204,25
"2011","Rushcliffe 007E","E01028392","Total",861,83,149,531,98,430,25,35,296,74,431,58,114,235,24
"2011","Rushcliffe 008A","E01028372","Total",517,51,88,303,75,266,11,16,185,54,251,40,72,118,21
"2011","Rushcliffe 008B","E01028373","Total",604,73,115,291,125,326,20,37,168,101,278,53,78,123,24
"2011","Rushcliffe 008C","E01028374","Total",513,63,126,254,70,259,16,36,152,55,254,47,90,102,15
"2011","Rushcliffe 008D","E01028400","Total",828,83,175,444,126,427,20,42,271,94,401,63,133,173,32
"2011","Rushcliffe 008E","E01028401","Total",648,59,128,367,94,342,14,31,223,74,306,45,97,144,20
"2011","Rushcliffe 009A","E01028366","Total",622,55,144,366,57,305,18,26,215,46,317,37,118,151,11
"2011","Rushcliffe 009B","E01028367","Total",689,71,138,385,95,356,18,25,239,74,333,53,113,146,21
"2011","Rushcliffe 009C","E01028368","Total",867,69,170,530,98,458,20,33,325,80,409,49,137,205,18
"2011","Rushcliffe 009D","E01028369","Total",755,57,151,463,84,371,19,21,261,70,384,38,130,202,14
"2011","Rushcliffe 009E","E01028370","Total",695,71,135,392,97,357,16,37,233,71,338,55,98,159,26
"2011","Rushcliffe 010A","E01028402","Total",980,129,185,455,211,523,26,48,293,156,457,103,137,162,55
"2011","Rushcliffe 010B","E01028419","Total",1256,130,246,690,190,665,35,56,428,146,591,95,190,262,44
"2011","Rushcliffe 010C","E01028420","Total",687,80,126,337,144,361,17,32,200,112,326,63,94,137,32
"2011","Rushcliffe 011A","E01028404","Total",789,69,160,437,123,411,27,35,261,88,378,42,125,176,35
"2011","Rushcliffe 011B","E01028405","Total",993,77,199,606,111,486,15,47,343,81,507,62,152,263,30
"2011","Rushcliffe 011C","E01028406","Total",831,64,148,506,113,434,16,26,304,88,397,48,122,202,25
"2011","Rushcliffe 011D","E01028407","Total",1091,83,193,673,142,555,22,43,388,102,536,61,150,285,40
"2011","Rushcliffe 012A","E01028379","Total",706,86,150,360,110,385,30,46,218,91,321,56,104,142,19
"2011","Rushcliffe 012B","E01028412","Total",859,96,168,468,127,469,28,46,290,105,390,68,122,178,22
"2011","Rushcliffe 012C","E01028421","Total",1053,129,182,501,241,572,47,42,291,192,481,82,140,210,49
"2011","Rushcliffe 013A","E01028380","Total",544,65,115,299,65,279,15,25,183,56,265,50,90,116,9
"2011","Rushcliffe 013B","E01028381","Total",656,69,137,376,74,328,18,29,224,57,328,51,108,152,17
"2011","Rushcliffe 013C","E01028382","Total",648,63,142,367,76,324,11,33,220,60,324,52,109,147,16
"2011","Rushcliffe 013D","E01028383","Total",506,80,92,238,96,265,24,20,145,76,241,56,72,93,20
"2011","Rushcliffe 014A","E01028378","Total",1014,80,202,573,159,537,27,53,335,122,477,53,149,238,37
"2011","Rushcliffe 014B","E01028387","Total",792,83,162,462,85,410,22,33,291,64,382,61,129,171,21
"2011","Rushcliffe 014C","E01028408","Total",1121,179,210,583,149,575,61,49,345,120,546,118,161,238,29
"2011","Rushcliffe 015A","E01028388","Total",865,77,176,483,129,464,23,39,307,95,401,54,137,176,34
"2011","Rushcliffe 015B","E01028389","Total",630,71,132,342,85,329,20,33,209,67,301,51,99,133,18
"2011","Rushcliffe 015C","E01028390","Total",763,88,163,410,102,401,19,43,254,85,362,69,120,156,17
"2011","Rushcliffe 015D","E01028409","Total",686,92,138,333,123,353,31,45,186,91,333,61,93,147,32
"2011","Rushcliffe 015E","E01028410","Total",645,56,113,351,125,333,20,26,197,90,312,36,87,154,35
"2011","Herefordshire 001A","E01013998","Total",647,77,141,308,121,340,22,31,191,96,307,55,110,117,25
"2011","Herefordshire 001B","E01014051","Total",818,105,194,377,142,436,30,47,232,127,382,75,147,145,15
"2011","Herefordshire 001C","E01014052","Total",794,84,163,356,191,427,20,46,214,147,367,64,117,142,44
"2011","Herefordshire 001D","E01014096","Total",768,86,178,342,162,404,31,44,193,136,364,55,134,149,26
"2011","Herefordshire 002A","E01014041","Total",669,69,153,356,91,355,18,34,222,81,314,51,119,134,10
"2011","Herefordshire 002B","E01014042","Total",693,70,169,365,89,344,16,26,227,75,349,54,143,138,14
"2011","Herefordshire 002C","E01014043","Total",484,59,102,254,69,260,19,24,164,53,224,40,78,90,16
"2011","Herefordshire 002D","E01014044","Total",751,87,150,398,116,397,25,29,248,95,354,62,121,150,21
"2011","Herefordshire 003A","E01014045","Total",820,72,166,469,113,436,23,32,287,94,384,49,134,182,19
"2011","Herefordshire 003B","E01014046","Total",698,83,146,363,106,379,20,38,234,87,319,63,108,129,19
"2011","Herefordshire 003C","E01014047","Total",582,62,135,315,70,306,14,25,214,53,276,48,110,101,17
"2011","Herefordshire 003D","E01014048","Total",689,52,133,399,105,362,12,41,234,75,327,40,92,165,30
"2011","Herefordshire 004A","E01013999","Total",660,88,143,277,152,353,24,33,176,120,307,64,110,101,32
"2011","Herefordshire 004B","E01014017","Total",712,82,166,293,171,387,27,41,184,135,325,55,125,109,36
"2011","Herefordshire 004C","E01014024","Total",662,63,120,304,175,369,13,35,182,139,293,50,85,122,36
"2011","Herefordshire 004D","E01014025","Total",663,71,129,333,130,365,11,40,203,111,298,60,89,130,19
"2011","Herefordshire 004E","E01014055","Total",764,94,140,361,169,426,27,32,239,128,338,67,108,122,41
"2011","Herefordshire 004F","E01014097","Total",675,79,163,304,129,359,20,42,191,106,316,59,121,113,23
"2011","Herefordshire 005A","E01014000","Total",713,83,139,319,172,390,18,46,187,139,323,65,93,132,33
"2011","Herefordshire 005B","E01014001","Total",729,85,146,341,157,397,36,35,210,116,332,49,111,131,41
"2011","Herefordshire 005C","E01014002","Total",590,70,111,303,106,307,14,19,193,81,283,56,92,110,25
"2011","Herefordshire 005D","E01014003","Total",735,58,165,406,106,392,18,31,251,92,343,40,134,155,14
"2011","Herefordshire 005E","E01014004","Total",701,62,152,322,165,375,19,30,196,130,326,43,122,126,35
"2011","Herefordshire 005F","E01014005","Total",715,50,140,429,96,397,17,23,287,70,318,33,117,142,26
"2011","Herefordshire 005G","E01014015","Total",863,98,165,415,185,459,24,45,249,141,404,74,120,166,44
"2011","Herefordshire 006A","E01014008","Total",792,81,142,383,186,442,22,42,235,143,350,59,100,148,43
"2011","Herefordshire 006B","E01014009","Total",717,73,144,313,187,394,22,35,191,146,323,51,109,122,41
"2011","Herefordshire 006C","E01014033","Total",811,98,161,370,182,429,24,32,230,143,382,74,129,140,39
"2011","Herefordshire 006D","E01014034","Total",699,62,136,375,126,377,16,27,228,106,322,46,109,147,20
"2011","Herefordshire 006E","E01014056","Total",759,79,151,341,188,417,17,46,210,144,342,62,105,131,44
"2011","Herefordshire 007A","E01014006","Total",794,108,169,369,148,422,38,38,225,121,372,70,131,144,27
"2011","Herefordshire 007B","E01014012","Total",807,99,164,410,134,430,32,31,253,114,377,67,133,157,20
"2011","Herefordshire 007C","E01014013","Total",932,92,175,482,183,529,27,32,312,158,403,65,143,170,25
"2011","Herefordshire 007D","E01014016","Total",579,69,126,292,92,317,29,33,183,72,262,40,93,109,20
"2011","Herefordshire 007E","E01014100","Total",787,90,151,398,148,415,29,33,234,119,372,61,118,164,29
"2011","Herefordshire 007F","E01014101","Total",534,42,120,263,109,287,12,28,165,82,247,30,92,98,27
"2011","Herefordshire 008A","E01014022","Total",1146,106,231,613,196,607,25,52,378,152,539,81,179,235,44
"2011","Herefordshire 008B","E01014023","Total",926,76,191,502,157,497,30,43,301,123,429,46,148,201,34
"2011","Herefordshire 008C","E01014081","Total",720,67,146,359,148,373,15,24,213,121,347,52,122,146,27
"2011","Herefordshire 008D","E01014082","Total",1003,107,231,542,123,528,26,65,343,94,475,81,166,199,29
"2011","Herefordshire 009A","E01014027","Total",616,80,111,302,123,330,22,35,174,99,286,58,76,128,24
"2011","Herefordshire 009B","E01014028","Total",647,92,121,303,131,346,32,32,183,99,301,60,89,120,32
"2011","Herefordshire 009C","E01014029","Total",612,86,127,278,121,316,30,25,171,90,296,56,102,107,31
"2011","Herefordshire 009D","E01014030","Total",673,83,140,331,119,346,19,47,197,83,327,64,93,134,36
"2011","Herefordshire 010A","E01014083","Total",781,66,154,446,115,411,14,26,279,92,370,52,128,167,23
"2011","Herefordshire 010B","E01014084","Total",818,67,159,502,90,431,22,32,305,72,387,45,127,197,18
"2011","Herefordshire 010C","E01014085","Total",736,63,139,446,88,388,14,23,278,73,348,49,116,168,15
"2011","Herefordshire 010D","E01014087","Total",894,59,158,575,102,503,22,27,366,88,391,37,131,209,14
"2011","Herefordshire 010E","E01014088","Total",830,75,143,543,69,433,23,27,325,58,397,52,116,218,11
"2011","Herefordshire 010F","E01014089","Total",771,81,157,442,91,398,21,35,261,81,373,60,122,181,10
"2011","Herefordshire 011A","E01013987","Total",778,108,172,386,112,408,44,39,237,88,370,64,133,149,24
"2011","Herefordshire 011B","E01013988","Total",837,89,163,467,118,450,35,44,281,90,387,54,119,186,28
"2011","Herefordshire 011C","E01014007","Total",877,94,173,458,152,476,31,32,284,129,401,63,141,174,23
"2011","Herefordshire 011D","E01014095","Total",726,77,176,411,62,359,21,34,254,50,367,56,142,157,12
"2011","Herefordshire 012A","E01013986","Total",839,70,184,492,93,432,20,46,294,72,407,50,138,198,21
"2011","Herefordshire 012B","E01013989","Total",715,61,148,431,75,373,22,24,265,62,342,39,124,166,13
"2011","Herefordshire 012C","E01014010","Total",934,68,151,592,123,554,28,63,361,102,380,40,88,231,21
"2011","Herefordshire 012D","E01014011","Total",834,86,158,472,118,433,23,41,270,99,401,63,117,202,19
"2011","Herefordshire 012E","E01014086","Total",757,64,136,485,72,392,16,32,290,54,365,48,104,195,18
"2011","Herefordshire 012F","E01014092","Total",952,70,199,548,135,502,24,58,316,104,450,46,141,232,31
"2011","Herefordshire 013A","E01014075","Total",888,80,183,503,122,475,20,39,313,103,413,60,144,190,19
"2011","Herefordshire 013B","E01014076","Total",1281,96,236,763,186,660,26,61,434,139,621,70,175,329,47
"2011","Herefordshire 013C","E01014077","Total",806,74,205,423,104,434,23,44,283,84,372,51,161,140,20
"2011","Herefordshire 013D","E01014078","Total",720,76,163,397,84,374,21,27,256,70,346,55,136,141,14
"2011","Herefordshire 014A","E01014090","Total",724,92,160,376,96,379,25,34,244,76,345,67,126,132,20
"2011","Herefordshire 014B","E01014091","Total",699,97,156,357,89,363,34,33,216,80,336,63,123,141,9
"2011","Herefordshire 014C","E01014093","Total",655,75,152,337,91,318,20,20,204,74,337,55,132,133,17
"2011","Herefordshire 014D","E01014094","Total",761,76,185,405,95,393,18,29,262,84,368,58,156,143,11
"2011","Herefordshire 015A","E01014068","Total",733,58,147,442,86,395,19,28,280,68,338,39,119,162,18
"2011","Herefordshire 015B","E01014070","Total",1241,98,231,741,171,648,20,46,443,139,593,78,185,298,32
"2011","Herefordshire 015C","E01014072","Total",1046,77,231,604,134,576,29,55,376,116,470,48,176,228,18
"2011","Herefordshire 015D","E01014073","Total",858,72,175,480,131,463,19,31,294,119,395,53,144,186,12
"2011","Herefordshire 015E","E01014074","Total",690,53,153,407,77,375,20,37,255,63,315,33,116,152,14
"2011","Herefordshire 016A","E01013996","Total",904,73,169,536,126,496,22,39,330,105,408,51,130,206,21
"2011","Herefordshire 016B","E01013997","Total",1164,87,226,687,164,625,28,44,415,138,539,59,182,272,26
"2011","Herefordshire 016C","E01014079","Total",771,81,157,384,149,413,19,41,231,122,358,62,116,153,27
"2011","Herefordshire 016D","E01014080","Total",606,77,126,308,95,322,25,23,195,79,284,52,103,113,16
"2011","Herefordshire 017A","E01013992","Total",774,62,169,478,65,410,19,37,300,54,364,43,132,178,11
"2011","Herefordshire 017B","E01013993","Total",663,53,193,356,61,320,12,40,216,52,343,41,153,140,9
"2011","Herefordshire 017C","E01013994","Total",699,62,175,384,78,349,13,39,237,60,350,49,136,147,18
"2011","Herefordshire 017D","E01013995","Total",670,54,199,364,53,346,8,44,247,47,324,46,155,117,6
"2011","Herefordshire 017E","E01014071","Total",651,55,166,371,59,352,19,43,240,50,299,36,123,131,9
"2011","Herefordshire 018A","E01013990","Total",818,122,179,360,157,434,40,57,217,120,384,82,122,143,37
"2011","Herefordshire 018B","E01013991","Total",655,82,118,335,120,355,23,32,202,98,300,59,86,133,22
"2011","Herefordshire 018C","E01014014","Total",989,111,196,462,220,547,30,56,291,170,442,81,140,171,50
"2011","Herefordshire 018D","E01014054","Total",735,78,156,336,165,399,23,35,208,133,336,55,121,128,32
"2011","Herefordshire 019A","E01014035","Total",842,87,152,484,119,454,28,35,303,88,388,59,117,181,31
"2011","Herefordshire 019B","E01014036","Total",721,83,122,379,137,382,19,32,226,105,339,64,90,153,32
"2011","Herefordshire 019C","E01014037","Total",612,64,139,340,69,309,16,30,208,55,303,48,109,132,14
"2011","Herefordshire 019D","E01014038","Total",689,68,133,389,99,368,24,29,232,83,321,44,104,157,16
"2011","Herefordshire 019E","E01014039","Total",918,83,185,491,159,461,14,35,292,120,457,69,150,199,39
"2011","Herefordshire 019F","E01014040","Total",762,89,161,432,80,412,27,44,276,65,350,62,117,156,15
"2011","Herefordshire 020A","E01014018","Total",731,102,163,302,164,378,21,50,184,123,353,81,113,118,41
"2011","Herefordshire 020B","E01014019","Total",778,94,172,362,150,425,36,49,223,117,353,58,123,139,33
"2011","Herefordshire 020C","E01014020","Total",809,88,175,307,239,437,23,50,184,180,372,65,125,123,59
"2011","Herefordshire 020D","E01014021","Total",687,72,133,297,185,368,21,19,183,145,319,51,114,114,40
"2011","Herefordshire 021A","E01014026","Total",1062,116,201,516,229,579,34,55,313,177,483,82,146,203,52
"2011","Herefordshire 021B","E01014059","Total",1060,114,214,485,247,577,28,61,290,198,483,86,153,195,49
"2011","Herefordshire 021C","E01014060","Total",762,92,156,365,149,392,21,33,227,111,370,71,123,138,38
"2011","Herefordshire 021D","E01014069","Total",1043,59,222,637,125,530,16,42,373,99,513,43,180,264,26
"2011","Herefordshire 021E","E01014098","Total",737,74,149,402,112,405,18,44,246,97,332,56,105,156,15
"2011","Herefordshire 021F","E01014099","Total",872,102,169,418,183,477,35,44,248,150,395,67,125,170,33
"2011","Herefordshire 022A","E01014061","Total",631,66,137,330,98,323,16,34,201,72,308,50,103,129,26
"2011","Herefordshire 022B","E01014062","Total",831,61,159,526,85,435,21,44,301,69,396,40,115,225,16
"2011","Herefordshire 022C","E01014063","Total",744,81,153,403,107,364,15,23,256,70,380,66,130,147,37
"2011","Herefordshire 022D","E01014064","Total",763,60,163,444,96,410,18,44,271,77,353,42,119,173,19
"2011","Herefordshire 022E","E01014065","Total",737,64,165,419,89,370,14,34,254,68,367,50,131,165,21
"2011","Herefordshire 022F","E01014066","Total",574,55,124,310,85,289,21,32,183,53,285,34,92,127,32
"2011","Herefordshire 022G","E01014067","Total",728,78,158,410,82,376,21,32,263,60,352,57,126,147,22
"2011","Herefordshire 023A","E01014031","Total",717,82,141,337,157,384,22,42,201,119,333,60,99,136,38
"2011","Herefordshire 023B","E01014032","Total",820,115,143,392,170,452,33,48,236,135,368,82,95,156,35
"2011","Herefordshire 023C","E01014049","Total",752,78,142,375,157,384,17,33,217,117,368,61,109,158,40
"2011","Herefordshire 023D","E01014050","Total",897,110,174,406,207,472,25,52,239,156,425,85,122,167,51
"2011","Herefordshire 023E","E01014053","Total",915,101,188,444,182,502,25,49,290,138,413,76,139,154,44
"2011","Herefordshire 023F","E01014057","Total",814,89,171,417,137,432,24,42,268,98,382,65,129,149,39
"2011","Herefordshire 023G","E01014058","Total",800,111,147,402,140,440,35,45,250,110,360,76,102,152,30
"2011","Shropshire 025A","E01028853","Total",669,72,137,391,69,344,13,39,232,60,325,59,98,159,9
"2011","Shropshire 025B","E01028854","Total",797,67,143,474,113,403,19,35,265,84,394,48,108,209,29
"2011","Shropshire 025C","E01028855","Total",804,72,150,462,120,424,21,34,271,98,380,51,116,191,22
"2011","Shropshire 025D","E01028856","Total",634,63,104,373,94,347,19,29,230,69,287,44,75,143,25
"2011","Shropshire 025E","E01028857","Total",896,86,166,501,143,494,25,37,314,118,402,61,129,187,25
"2011","Shropshire 027A","E01028826","Total",789,62,151,447,129,433,19,31,282,101,356,43,120,165,28
"2011","Shropshire 027B","E01028827","Total",735,76,154,410,95,403,24,33,274,72,332,52,121,136,23
"2011","Shropshire 027C","E01028844","Total",1355,62,111,968,214,1041,17,26,800,198,314,45,85,168,16
"2011","Shropshire 027D","E01028845","Total",901,76,177,497,151,482,17,32,318,115,419,59,145,179,36
"2011","Shropshire 029A","E01028838","Total",634,55,115,361,103,335,15,21,219,80,299,40,94,142,23
"2011","Shropshire 029B","E01028839","Total",664,65,132,363,104,362,13,25,235,89,302,52,107,128,15
"2011","Shropshire 029C","E01028840","Total",678,73,134,381,90,352,22,28,232,70,326,51,106,149,20
"2011","Shropshire 029D","E01028841","Total",809,67,160,468,114,415,18,33,278,86,394,49,127,190,28
"2011","Shropshire 029E","E01028850","Total",1291,142,232,671,246,702,38,51,410,203,589,104,181,261,43
"2011","Shropshire 029F","E01028851","Total",775,90,149,390,146,397,25,34,230,108,378,65,115,160,38
"2011","Shropshire 029G","E01028852","Total",766,88,182,366,130,401,19,41,240,101,365,69,141,126,29
"2011","Shropshire 031A","E01028830","Total",733,93,137,389,114,407,27,31,267,82,326,66,106,122,32
"2011","Shropshire 031B","E01028831","Total",730,78,137,406,109,377,21,32,239,85,353,57,105,167,24
"2011","Shropshire 031C","E01028836","Total",648,64,139,363,82,366,20,38,239,69,282,44,101,124,13
"2011","Shropshire 031D","E01028837","Total",762,93,131,435,103,413,16,33,285,79,349,77,98,150,24
"2011","Shropshire 033A","E01028832","Total",929,83,162,521,163,499,17,44,313,125,430,66,118,208,38
"2011","Shropshire 033B","E01028833","Total",704,81,131,395,97,373,23,28,246,76,331,58,103,149,21
"2011","Shropshire 033C","E01028834","Total",717,71,152,411,83,389,18,35,267,69,328,53,117,144,14
"2011","Shropshire 033D","E01028835","Total",776,79,152,460,85,421,20,33,293,75,355,59,119,167,10
"2011","Shropshire 034A","E01028828","Total",859,90,175,427,167,468,27,47,257,137,391,63,128,170,30
"2011","Shropshire 034B","E01028829","Total",616,76,125,332,83,315,18,26,204,67,301,58,99,128,16
"2011","Shropshire 034C","E01028842","Total",847,88,160,403,196,461,18,33,257,153,386,70,127,146,43
"2011","Shropshire 034D","E01028847","Total",767,84,145,380,158,417,28,32,232,125,350,56,113,148,33
"2011","Shropshire 034E","E01028859","Total",821,88,159,421,153,452,28,43,258,123,369,60,116,163,30
"2011","Shropshire 035A","E01028843","Total",842,84,165,405,188,457,17,43,244,153,385,67,122,161,35
"2011","Shropshire 035B","E01028846","Total",873,102,170,415,186,483,31,44,259,149,390,71,126,156,37
"2011","Shropshire 035C","E01028848","Total",763,71,180,402,110,426,20,40,274,92,337,51,140,128,18
"2011","Shropshire 035D","E01028849","Total",855,79,171,501,104,455,25,37,309,84,400,54,134,192,20
"2011","Shropshire 035E","E01028858","Total",1064,121,208,515,220,583,25,60,323,175,481,96,148,192,45
"2011","Shropshire 001A","E01028891","Total",832,64,160,486,122,467,17,44,303,103,365,47,116,183,19
"2011","Shropshire 001B","E01028892","Total",706,85,138,378,105,394,26,31,250,87,312,59,107,128,18
"2011","Shropshire 001C","E01028894","Total",735,76,156,397,106,401,20,34,254,93,334,56,122,143,13
"2011","Shropshire 001D","E01028895","Total",794,85,145,435,129,430,25,36,271,98,364,60,109,164,31
"2011","Shropshire 001E","E01028896","Total",1057,95,245,570,147,559,22,55,360,122,498,73,190,210,25
"2011","Shropshire 001F","E01028897","Total",643,70,139,334,100,328,15,25,207,81,315,55,114,127,19
"2011","Shropshire 002A","E01028880","Total",707,80,128,353,146,387,19,32,219,117,320,61,96,134,29
"2011","Shropshire 002B","E01028881","Total",621,72,117,308,124,341,20,31,186,104,280,52,86,122,20
"2011","Shropshire 002C","E01028882","Total",828,84,159,376,209,443,21,35,216,171,385,63,124,160,38
"2011","Shropshire 002D","E01028893","Total",809,87,161,400,161,439,23,48,239,129,370,64,113,161,32
"2011","Shropshire 002E","E01028899","Total",787,102,150,357,178,428,27,49,215,137,359,75,101,142,41
"2011","Shropshire 004A","E01028864","Total",751,70,157,364,160,404,14,37,221,132,347,56,120,143,28
"2011","Shropshire 004B","E01028865","Total",828,106,158,459,105,442,28,30,299,85,386,78,128,160,20
"2011","Shropshire 004C","E01028866","Total",663,59,140,320,144,360,18,38,194,110,303,41,102,126,34
"2011","Shropshire 004D","E01028867","Total",552,59,116,318,59,288,8,24,210,46,264,51,92,108,13
"2011","Shropshire 004E","E01028872","Total",740,66,145,365,164,411,20,39,221,131,329,46,106,144,33
"2011","Shropshire 005A","E01028873","Total",797,83,155,444,115,418,27,41,265,85,379,56,114,179,30
"2011","Shropshire 005B","E01028874","Total",552,75,114,283,80,278,17,20,178,63,274,58,94,105,17
"2011","Shropshire 005C","E01028875","Total",1255,116,224,742,173,673,32,42,457,142,582,84,182,285,31
"2011","Shropshire 005D","E01028876","Total",779,72,155,432,120,412,11,25,283,93,367,61,130,149,27
"2011","Shropshire 005E","E01028877","Total",666,51,132,381,102,347,13,20,235,79,319,38,112,146,23
"2011","Shropshire 005F","E01028878","Total",761,74,167,411,109,403,15,45,251,92,358,59,122,160,17
"2011","Shropshire 005G","E01028879","Total",750,73,142,452,83,415,16,32,296,71,335,57,110,156,12
"2011","Shropshire 008A","E01028886","Total",779,70,146,459,104,422,14,26,298,84,357,56,120,161,20
"2011","Shropshire 008B","E01028887","Total",603,65,150,302,86,299,16,28,186,69,304,49,122,116,17
"2011","Shropshire 008C","E01028889","Total",613,74,114,337,88,320,26,16,209,69,293,48,98,128,19
"2011","Shropshire 008D","E01028890","Total",671,60,119,383,109,379,20,36,235,88,292,40,83,148,21
"2011","Shropshire 009A","E01028868","Total",708,69,143,348,148,388,25,29,216,118,320,44,114,132,30
"2011","Shropshire 009B","E01028869","Total",748,66,150,369,163,410,17,40,227,126,338,49,110,142,37
"2011","Shropshire 009C","E01028871","Total",628,67,127,303,131,335,13,31,188,103,293,54,96,115,28
"2011","Shropshire 009D","E01028885","Total",1421,115,209,753,344,949,37,61,548,303,472,78,148,205,41
"2011","Shropshire 010A","E01028860","Total",934,109,184,479,162,499,26,52,295,126,435,83,132,184,36
"2011","Shropshire 010B","E01028862","Total",816,88,148,386,194,442,22,28,235,157,374,66,120,151,37
"2011","Shropshire 010C","E01028863","Total",764,83,119,425,137,421,23,31,254,113,343,60,88,171,24
"2011","Shropshire 010D","E01028888","Total",860,88,169,390,213,469,19,52,231,167,391,69,117,159,46
"2011","Shropshire 010E","E01028898","Total",739,87,146,323,183,393,23,38,190,142,346,64,108,133,41
"2011","Shropshire 013A","E01028861","Total",662,84,116,316,146,368,23,28,198,119,294,61,88,118,27
"2011","Shropshire 013B","E01028870","Total",795,69,160,372,194,438,17,45,221,155,357,52,115,151,39
"2011","Shropshire 013C","E01028883","Total",1000,75,116,626,183,623,24,25,426,148,377,51,91,200,35
"2011","Shropshire 013D","E01028884","Total",738,51,142,445,100,380,10,21,269,80,358,41,121,176,20
"2011","Shropshire 003A","E01028910","Total",621,55,125,314,127,332,26,24,186,96,289,29,101,128,31
"2011","Shropshire 003B","E01028911","Total",698,78,147,372,101,366,29,18,237,82,332,49,129,135,19
"2011","Shropshire 003C","E01028912","Total",479,31,121,279,48,242,8,30,167,37,237,23,91,112,11
"2011","Shropshire 003D","E01028920","Total",606,66,127,326,87,324,17,30,207,70,282,49,97,119,17
"2011","Shropshire 003E","E01028921","Total",818,78,157,461,122,423,17,32,274,100,395,61,125,187,22
"2011","Shropshire 003F","E01028925","Total",671,76,125,363,107,349,22,31,216,80,322,54,94,147,27
"2011","Shropshire 003G","E01028926","Total",633,53,137,364,79,331,14,28,224,65,302,39,109,140,14
"2011","Shropshire 006C","E01028902","Total",490,50,107,274,59,259,12,24,173,50,231,38,83,101,9
"2011","Shropshire 006D","E01028903","Total",507,47,110,287,63,268,10,22,184,52,239,37,88,103,11
"2011","Shropshire 006E","E01028904","Total",689,76,162,377,74,360,21,43,235,61,329,55,119,142,13
"2011","Shropshire 006F","E01028905","Total",823,71,194,462,96,414,18,43,276,77,409,53,151,186,19
"2011","Shropshire 006G","E01028909","Total",723,69,165,424,65,363,15,36,261,51,360,54,129,163,14
"2011","Shropshire 006H","E01033528","Total",1469,108,296,924,141,738,31,40,549,118,731,77,256,375,23
"2011","Shropshire 007A","E01028906","Total",607,41,122,366,78,346,7,48,229,62,261,34,74,137,16
"2011","Shropshire 007B","E01028907","Total",817,79,174,430,134,429,23,39,260,107,388,56,135,170,27
"2011","Shropshire 007C","E01028908","Total",737,41,150,467,79,395,14,41,278,62,342,27,109,189,17
"2011","Shropshire 007D","E01028916","Total",671,66,143,355,107,343,18,32,208,85,328,48,111,147,22
"2011","Shropshire 007E","E01028917","Total",738,63,172,415,88,396,18,37,269,72,342,45,135,146,16
"2011","Shropshire 007F","E01028924","Total",822,90,183,449,100,437,26,49,274,88,385,64,134,175,12
"2011","Shropshire 011A","E01028913","Total",804,95,152,372,185,444,35,40,228,141,360,60,112,144,44
"2011","Shropshire 011B","E01028918","Total",746,72,134,397,143,388,21,29,233,105,358,51,105,164,38
"2011","Shropshire 011C","E01028919","Total",646,76,110,326,134,351,24,18,201,108,295,52,92,125,26
"2011","Shropshire 011D","E01028927","Total",501,47,113,269,72,267,15,32,159,61,234,32,81,110,11
"2011","Shropshire 011E","E01028928","Total",743,63,174,395,111,395,16,40,250,89,348,47,134,145,22
"2011","Shropshire 012A","E01028914","Total",518,60,109,259,90,285,20,31,161,73,233,40,78,98,17
"2011","Shropshire 012B","E01028915","Total",636,63,154,311,108,339,22,40,194,83,297,41,114,117,25
"2011","Shropshire 012C","E01028922","Total",655,85,128,307,135,351,28,31,185,107,304,57,97,122,28
"2011","Shropshire 012D","E01028923","Total",817,82,187,376,172,431,22,48,218,143,386,60,139,158,29
"2011","Shropshire 014A","E01028929","Total",799,78,177,443,101,403,25,26,274,78,396,53,151,169,23
"2011","Shropshire 014B","E01028969","Total",718,94,150,309,165,379,31,28,175,145,339,63,122,134,20
"2011","Shropshire 014C","E01028970","Total",631,63,138,306,124,336,25,39,169,103,295,38,99,137,21
"2011","Shropshire 014D","E01028971","Total",1008,98,230,515,165,525,22,54,324,125,483,76,176,191,40
"2011","Shropshire 014E","E01028978","Total",833,74,179,409,171,450,16,48,244,142,383,58,131,165,29
"2011","Shropshire 014F","E01028979","Total",684,80,137,338,129,368,23,38,203,104,316,57,99,135,25
"2011","Shropshire 015A","E01028933","Total",841,79,186,514,62,442,22,37,333,50,399,57,149,181,12
"2011","Shropshire 015B","E01028934","Total",653,68,181,345,59,338,15,39,237,47,315,53,142,108,12
"2011","Shropshire 015C","E01028956","Total",748,70,188,420,70,390,21,37,272,60,358,49,151,148,10
"2011","Shropshire 015D","E01028957","Total",615,62,173,325,55,323,19,37,222,45,292,43,136,103,10
"2011","Shropshire 015E","E01028958","Total",955,102,210,538,105,517,21,42,365,89,438,81,168,173,16
"2011","Shropshire 016A","E01028932","Total",1155,103,232,711,109,599,35,42,437,85,556,68,190,274,24
"2011","Shropshire 016B","E01028981","Total",890,77,184,539,90,475,19,44,336,76,415,58,140,203,14
"2011","Shropshire 016C","E01028982","Total",816,82,190,473,71,411,22,32,297,60,405,60,158,176,11
"2011","Shropshire 016D","E01028983","Total",935,103,245,510,77,490,31,47,344,68,445,72,198,166,9
"2011","Shropshire 017A","E01028930","Total",929,85,198,538,108,472,20,41,329,82,457,65,157,209,26
"2011","Shropshire 017B","E01028931","Total",1107,73,177,712,145,577,23,50,401,103,530,50,127,311,42
"2011","Shropshire 017C","E01028944","Total",856,87,181,515,73,448,27,53,313,55,408,60,128,202,18
"2011","Shropshire 017D","E01028945","Total",1159,60,188,794,117,598,13,49,456,80,561,47,139,338,37
"2011","Shropshire 018A","E01028965","Total",607,52,144,350,61,338,13,32,239,54,269,39,112,111,7
"2011","Shropshire 018B","E01028966","Total",648,65,175,350,58,349,22,46,233,48,299,43,129,117,10
"2011","Shropshire 018C","E01028967","Total",598,57,172,308,61,295,16,34,199,46,303,41,138,109,15
"2011","Shropshire 018D","E01028968","Total",611,54,152,338,67,305,12,24,214,55,306,42,128,124,12
"2011","Shropshire 018E","E01028988","Total",913,92,186,514,121,454,21,35,307,91,459,71,151,207,30
"2011","Shropshire 018F","E01028989","Total",826,76,209,443,98,430,20,49,280,81,396,56,160,163,17
"2011","Shropshire 019A","E01028946","Total",1345,113,266,768,198,837,55,161,469,152,508,58,105,299,46
"2011","Shropshire 019B","E01028972","Total",837,85,205,439,108,435,25,48,276,86,402,60,157,163,22
"2011","Shropshire 019C","E01028973","Total",1048,82,190,638,138,557,28,72,362,95,491,54,118,276,43
"2011","Shropshire 019D","E01028987","Total",1142,83,193,700,166,643,31,55,439,118,499,52,138,261,48
"2011","Shropshire 020A","E01028941","Total",922,79,222,518,103,443,22,40,302,79,479,57,182,216,24
"2011","Shropshire 020B","E01028942","Total",785,84,167,414,120,404,22,37,258,87,381,62,130,156,33
"2011","Shropshire 020C","E01028943","Total",1219,90,247,754,128,628,24,70,433,101,591,66,177,321,27
"2011","Shropshire 020D","E01028951","Total",711,84,163,370,94,363,26,37,225,75,348,58,126,145,19
"2011","Shropshire 020E","E01028953","Total",679,66,159,365,89,352,19,24,233,76,327,47,135,132,13
"2011","Shropshire 021A","E01028947","Total",596,73,123,323,77,312,22,28,207,55,284,51,95,116,22
"2011","Shropshire 021B","E01028948","Total",641,68,167,331,75,321,17,31,214,59,320,51,136,117,16
"2011","Shropshire 021C","E01028949","Total",740,78,173,374,115,398,28,46,235,89,342,50,127,139,26
"2011","Shropshire 021D","E01028985","Total",670,68,144,396,62,349,23,33,241,52,321,45,111,155,10
"2011","Shropshire 022A","E01028938","Total",871,73,153,536,109,467,25,39,324,79,404,48,114,212,30
"2011","Shropshire 022B","E01028939","Total",908,81,177,539,111,463,29,45,304,85,445,52,132,235,26
"2011","Shropshire 022C","E01028984","Total",697,55,151,430,61,360,17,38,253,52,337,38,113,177,9
"2011","Shropshire 022D","E01028986","Total",778,78,168,427,105,407,21,36,271,79,371,57,132,156,26
"2011","Shropshire 023A","E01028940","Total",782,87,174,422,99,417,26,44,278,69,365,61,130,144,30
"2011","Shropshire 023B","E01028952","Total",910,63,177,575,95,465,17,39,332,77,445,46,138,243,18
"2011","Shropshire 023C","E01028962","Total",697,85,186,370,56,366,25,55,240,46,331,60,131,130,10
"2011","Shropshire 023D","E01028963","Total",833,101,194,417,121,428,34,51,250,93,405,67,143,167,28
"2011","Shropshire 023E","E01028964","Total",850,109,203,419,119,433,38,42,264,89,417,71,161,155,30
"2011","Shropshire 023F","E01028974","Total",647,78,132,305,132,343,28,41,179,95,304,50,91,126,37
"2011","Shropshire 024A","E01028935","Total",734,74,178,396,86,382,18,43,253,68,352,56,135,143,18
"2011","Shropshire 024B","E01028936","Total",1007,118,233,517,139,531,39,51,334,107,476,79,182,183,32
"2011","Shropshire 024C","E01028937","Total",810,85,165,457,103,412,26,36,272,78,398,59,129,185,25
"2011","Shropshire 024D","E01028959","Total",1381,147,273,711,250,743,51,71,430,191,638,96,202,281,59
"2011","Shropshire 026A","E01028954","Total",604,77,134,260,133,328,29,34,161,104,276,48,100,99,29
"2011","Shropshire 026B","E01028955","Total",488,42,103,269,74,254,9,27,156,62,234,33,76,113,12
"2011","Shropshire 026C","E01028975","Total",867,88,184,476,119,469,30,35,312,92,398,58,149,164,27
"2011","Shropshire 026D","E01028976","Total",863,104,161,418,180,470,25,38,260,147,393,79,123,158,33
"2011","Shropshire 026E","E01028977","Total",914,106,202,466,140,490,21,47,306,116,424,85,155,160,24
"2011","Shropshire 028A","E01028950","Total",1170,146,241,540,243,597,36,59,310,192,573,110,182,230,51
"2011","Shropshire 028B","E01028960","Total",720,88,134,333,165,391,28,33,204,126,329,60,101,129,39
"2011","Shropshire 028C","E01028961","Total",724,95,131,334,164,385,25,23,204,133,339,70,108,130,31
"2011","Shropshire 028D","E01028980","Total",1046,111,201,523,211,556,33,51,313,159,490,78,150,210,52
"2011","Shropshire 030A","E01028991","Total",635,84,155,274,122,333,23,37,176,97,302,61,118,98,25
"2011","Shropshire 030B","E01028992","Total",774,97,160,401,116,431,42,41,249,99,343,55,119,152,17
"2011","Shropshire 030D","E01033529","Total",576,78,112,266,120,307,25,36,149,97,269,53,76,117,23
"2011","Shropshire 030E","E01033530","Total",1042,100,225,498,219,576,19,56,317,184,466,81,169,181,35
"2011","Shropshire 032A","E01028990","Total",632,85,120,276,151,337,26,35,163,113,295,59,85,113,38
"2011","Shropshire 032B","E01028997","Total",867,151,195,391,130,458,50,55,250,103,409,101,140,141,27
"2011","Shropshire 032C","E01028998","Total",1020,130,214,513,163,552,58,53,323,118,468,72,161,190,45
"2011","Shropshire 036A","E01028993","Total",784,92,184,348,160,424,28,54,218,124,360,64,130,130,36
"2011","Shropshire 036B","E01029004","Total",575,70,107,254,144,317,19,38,148,112,258,51,69,106,32
"2011","Shropshire 036C","E01029013","Total",853,80,166,422,185,475,18,40,265,152,378,62,126,157,33
"2011","Shropshire 036D","E01029014","Total",542,44,133,294,71,300,9,25,204,62,242,35,108,90,9
"2011","Shropshire 036E","E01029015","Total",720,95,123,337,165,415,27,40,216,132,305,68,83,121,33
"2011","Shropshire 037A","E01028994","Total",524,63,96,258,107,283,21,24,163,75,241,42,72,95,32
"2011","Shropshire 037B","E01029003","Total",1203,158,274,496,275,661,52,79,306,224,542,106,195,190,51
"2011","Shropshire 037C","E01029005","Total",608,70,121,276,141,330,15,27,175,113,278,55,94,101,28
"2011","Shropshire 037D","E01029016","Total",664,79,154,288,143,352,18,28,196,110,312,61,126,92,33
"2011","Shropshire 038A","E01029006","Total",661,84,163,346,68,352,23,41,235,53,309,61,122,111,15
"2011","Shropshire 038B","E01029007","Total",473,55,112,257,49,239,15,18,166,40,234,40,94,91,9
"2011","Shropshire 038D","E01029009","Total",562,64,126,300,72,293,16,27,192,58,269,48,99,108,14
"2011","Shropshire 038E","E01029010","Total",703,79,155,399,70,372,18,39,260,55,331,61,116,139,15
"2011","Shropshire 038F","E01029011","Total",696,72,171,385,68,366,16,42,253,55,330,56,129,132,13
"2011","Shropshire 038G","E01029012","Total",946,94,214,513,125,503,21,37,338,107,443,73,177,175,18
"2011","Shropshire 038H","E01033526","Total",446,39,86,254,67,266,15,31,173,47,180,24,55,81,20
"2011","Shropshire 038I","E01033527","Total",498,65,117,246,70,248,23,33,144,48,250,42,84,102,22
"2011","Shropshire 039A","E01028995","Total",801,91,167,430,113,414,25,35,262,92,387,66,132,168,21
"2011","Shropshire 039B","E01028996","Total",618,75,127,297,119,336,20,38,184,94,282,55,89,113,25
"2011","Shropshire 039C","E01028999","Total",758,85,146,376,151,419,18,38,239,124,339,67,108,137,27
"2011","Shropshire 039D","E01029000","Total",548,45,103,310,90,309,11,21,202,75,239,34,82,108,15
"2011","Shropshire 039E","E01029001","Total",982,116,196,472,198,511,32,40,289,150,471,84,156,183,48
"2011","Shropshire 039F","E01029002","Total",586,63,121,321,81,325,17,32,214,62,261,46,89,107,19
"2011","Stoke-on-Trent 001A","E01014257","Total",677,55,154,397,71,380,13,37,271,59,297,42,117,126,12
"2011","Stoke-on-Trent 001B","E01014258","Total",886,63,158,571,94,450,14,32,332,72,436,49,126,239,22
"2011","Stoke-on-Trent 001C","E01014259","Total",691,42,157,424,68,364,10,31,270,53,327,32,126,154,15
"2011","Stoke-on-Trent 001D","E01014260","Total",484,40,104,290,50,272,14,19,199,40,212,26,85,91,10
"2011","Stoke-on-Trent 001E","E01014264","Total",972,79,205,568,120,507,24,37,351,95,465,55,168,217,25
"2011","Stoke-on-Trent 002A","E01014357","Total",633,55,129,397,52,327,16,40,226,45,306,39,89,171,7
"2011","Stoke-on-Trent 002B","E01014358","Total",509,46,109,312,42,269,9,32,193,35,240,37,77,119,7
"2011","Stoke-on-Trent 002C","E01014359","Total",784,54,163,483,84,424,14,40,301,69,360,40,123,182,15
"2011","Stoke-on-Trent 002D","E01014360","Total",1031,60,186,668,117,544,18,35,399,92,487,42,151,269,25
"2011","Stoke-on-Trent 003A","E01014261","Total",424,36,119,228,41,222,7,35,143,37,202,29,84,85,4
"2011","Stoke-on-Trent 003B","E01014262","Total",496,53,104,298,41,274,18,34,188,34,222,35,70,110,7
"2011","Stoke-on-Trent 003C","E01014263","Total",667,57,136,414,60,341,14,38,245,44,326,43,98,169,16
"2011","Stoke-on-Trent 003D","E01014333","Total",773,43,157,505,68,405,14,32,307,52,368,29,125,198,16
"2011","Stoke-on-Trent 003E","E01014334","Total",532,53,115,327,37,277,13,29,204,31,255,40,86,123,6
"2011","Stoke-on-Trent 004A","E01014331","Total",536,42,112,326,56,303,14,32,209,48,233,28,80,117,8
"2011","Stoke-on-Trent 004B","E01014332","Total",711,51,135,460,65,382,13,33,283,53,329,38,102,177,12
"2011","Stoke-on-Trent 004C","E01014335","Total",859,54,165,552,88,457,19,38,326,74,402,35,127,226,14
"2011","Stoke-on-Trent 004D","E01014336","Total",590,47,131,359,53,317,11,33,228,45,273,36,98,131,8
"2011","Stoke-on-Trent 004E","E01014337","Total",686,62,143,417,64,355,14,35,258,48,331,48,108,159,16
"2011","Stoke-on-Trent 005A","E01014354","Total",599,64,155,336,44,319,22,50,212,35,280,42,105,124,9
"2011","Stoke-on-Trent 005B","E01014355","Total",810,49,186,502,73,465,25,91,293,56,345,24,95,209,17
"2011","Stoke-on-Trent 005C","E01014356","Total",745,58,167,439,81,414,24,62,263,65,331,34,105,176,16
"2011","Stoke-on-Trent 005D","E01014361","Total",599,53,132,346,68,349,26,60,206,57,250,27,72,140,11
"2011","Stoke-on-Trent 006A","E01014241","Total",683,59,151,413,60,371,16,47,264,44,312,43,104,149,16
"2011","Stoke-on-Trent 006B","E01014242","Total",515,33,126,322,34,291,11,37,213,30,224,22,89,109,4
"2011","Stoke-on-Trent 006C","E01014243","Total",712,68,156,426,62,357,15,32,263,47,355,53,124,163,15
"2011","Stoke-on-Trent 006D","E01014244","Total",480,48,126,269,37,255,13,42,166,34,225,35,84,103,3
"2011","Stoke-on-Trent 006E","E01014245","Total",817,55,151,537,74,443,14,41,333,55,374,41,110,204,19
"2011","Stoke-on-Trent 006F","E01014248","Total",705,45,130,467,63,390,14,43,283,50,315,31,87,184,13
"2011","Stoke-on-Trent 007A","E01014214","Total",710,73,133,419,85,369,24,21,256,68,341,49,112,163,17
"2011","Stoke-on-Trent 007B","E01014215","Total",703,54,140,442,67,387,19,41,273,54,316,35,99,169,13
"2011","Stoke-on-Trent 007C","E01014216","Total",667,71,141,363,92,345,14,31,225,75,322,57,110,138,17
"2011","Stoke-on-Trent 007D","E01014265","Total",819,66,157,506,90,416,20,27,292,77,403,46,130,214,13
"2011","Stoke-on-Trent 007E","E01014267","Total",1238,81,237,772,148,649,25,55,447,122,589,56,182,325,26
"2011","Stoke-on-Trent 007F","E01014272","Total",764,60,141,467,96,392,16,24,281,71,372,44,117,186,25
"2011","Stoke-on-Trent 008A","E01014246","Total",680,45,146,434,55,362,12,38,269,43,318,33,108,165,12
"2011","Stoke-on-Trent 008B","E01014266","Total",515,36,110,331,38,283,11,36,202,34,232,25,74,129,4
"2011","Stoke-on-Trent 008C","E01014268","Total",944,53,180,619,92,480,13,30,366,71,464,40,150,253,21
"2011","Stoke-on-Trent 008D","E01014270","Total",740,53,169,433,85,393,16,30,278,69,347,37,139,155,16
"2011","Stoke-on-Trent 008E","E01014271","Total",722,61,157,442,62,366,16,31,269,50,356,45,126,173,12
"2011","Stoke-on-Trent 009A","E01014247","Total",725,52,167,445,61,397,18,49,282,48,328,34,118,163,13
"2011","Stoke-on-Trent 009B","E01014250","Total",396,30,82,252,32,227,10,34,156,27,169,20,48,96,5
"2011","Stoke-on-Trent 009C","E01014251","Total",783,52,156,488,87,431,26,68,271,66,352,26,88,217,21
"2011","Stoke-on-Trent 009D","E01014252","Total",832,57,136,566,73,466,24,30,351,61,366,33,106,215,12
"2011","Stoke-on-Trent 009E","E01014255","Total",664,61,176,368,59,398,32,88,230,48,266,29,88,138,11
"2011","Stoke-on-Trent 010A","E01014269","Total",569,53,132,332,52,295,17,32,203,43,274,36,100,129,9
"2011","Stoke-on-Trent 010B","E01014324","Total",657,60,135,385,77,342,16,37,233,56,315,44,98,152,21
"2011","Stoke-on-Trent 010C","E01014325","Total",835,61,169,544,61,433,22,36,331,44,402,39,133,213,17
"2011","Stoke-on-Trent 010D","E01014326","Total",841,78,179,503,81,467,20,50,326,71,374,58,129,177,10
"2011","Stoke-on-Trent 011A","E01014249","Total",547,58,167,282,40,344,26,95,188,35,203,32,72,94,5
"2011","Stoke-on-Trent 011B","E01014253","Total",779,55,152,500,72,407,16,38,290,63,372,39,114,210,9
"2011","Stoke-on-Trent 011C","E01014254","Total",548,45,130,325,48,358,27,73,215,43,190,18,57,110,5
"2011","Stoke-on-Trent 011D","E01014256","Total",608,53,143,371,41,367,25,60,250,32,241,28,83,121,9
"2011","Stoke-on-Trent 012A","E01014210","Total",529,55,119,308,47,289,14,35,201,39,240,41,84,107,8
"2011","Stoke-on-Trent 012B","E01014211","Total",497,38,121,309,29,256,8,26,197,25,241,30,95,112,4
"2011","Stoke-on-Trent 012C","E01014212","Total",472,37,122,276,37,233,9,25,168,31,239,28,97,108,6
"2011","Stoke-on-Trent 012D","E01014213","Total",550,40,133,327,50,300,7,45,207,41,250,33,88,120,9
"2011","Stoke-on-Trent 012E","E01014217","Total",453,40,117,266,30,239,11,28,174,26,214,29,89,92,4
"2011","Stoke-on-Trent 013A","E01014323","Total",651,53,127,417,54,334,14,23,256,41,317,39,104,161,13
"2011","Stoke-on-Trent 013B","E01014327","Total",706,40,129,476,61,374,9,23,291,51,332,31,106,185,10
"2011","Stoke-on-Trent 013C","E01014328","Total",657,44,126,433,54,369,15,42,270,42,288,29,84,163,12
"2011","Stoke-on-Trent 013D","E01014329","Total",687,50,145,426,66,354,11,32,259,52,333,39,113,167,14
"2011","Stoke-on-Trent 013E","E01014330","Total",562,52,154,318,38,363,32,83,226,22,199,20,71,92,16
"2011","Stoke-on-Trent 014A","E01014218","Total",536,44,132,314,46,269,8,33,189,39,267,36,99,125,7
"2011","Stoke-on-Trent 014B","E01014219","Total",624,46,120,406,52,319,15,26,236,42,305,31,94,170,10
"2011","Stoke-on-Trent 014C","E01014225","Total",716,47,146,455,68,385,14,37,279,55,331,33,109,176,13
"2011","Stoke-on-Trent 014D","E01014226","Total",568,45,122,335,66,292,11,23,201,57,276,34,99,134,9
"2011","Stoke-on-Trent 014E","E01014228","Total",613,63,137,359,54,330,17,34,230,49,283,46,103,129,5
"2011","Stoke-on-Trent 014F","E01014230","Total",686,57,142,415,72,365,15,33,258,59,321,42,109,157,13
"2011","Stoke-on-Trent 015A","E01014281","Total",608,128,177,269,34,402,68,118,190,26,206,60,59,79,8
"2011","Stoke-on-Trent 015B","E01014285","Total",993,72,197,634,90,617,26,90,421,80,376,46,107,213,10
"2011","Stoke-on-Trent 015C","E01014286","Total",465,73,125,234,33,307,41,81,161,24,158,32,44,73,9
"2011","Stoke-on-Trent 015D","E01014287","Total",530,68,162,257,43,344,30,107,174,33,186,38,55,83,10
"2011","Stoke-on-Trent 016B","E01014231","Total",720,34,131,498,57,449,15,58,333,43,271,19,73,165,14
"2011","Stoke-on-Trent 016D","E01014282","Total",464,190,100,149,25,271,97,53,98,23,193,93,47,51,2
"2011","Stoke-on-Trent 016E","E01014283","Total",913,271,214,379,49,608,167,154,248,39,305,104,60,131,10
"2011","Stoke-on-Trent 016F","E01014284","Total",492,198,114,153,27,319,112,68,117,22,173,86,46,36,5
"2011","Stoke-on-Trent 016G","E01033216","Total",1161,109,228,744,80,661,30,89,480,62,500,79,139,264,18
"2011","Stoke-on-Trent 017A","E01014220","Total",519,44,151,276,48,272,11,37,182,42,247,33,114,94,6
"2011","Stoke-on-Trent 017B","E01014221","Total",563,53,136,329,45,300,14,40,209,37,263,39,96,120,8
"2011","Stoke-on-Trent 017C","E01014222","Total",518,38,127,316,37,265,8,31,193,33,253,30,96,123,4
"2011","Stoke-on-Trent 017D","E01014223","Total",565,43,138,341,43,313,9,39,229,36,252,34,99,112,7
"2011","Stoke-on-Trent 017E","E01014224","Total",480,51,113,276,40,266,17,27,188,34,214,34,86,88,6
"2011","Stoke-on-Trent 017F","E01014229","Total",662,50,150,404,58,323,11,30,237,45,339,39,120,167,13
"2011","Stoke-on-Trent 018A","E01014288","Total",838,72,165,518,83,438,26,49,298,65,400,46,116,220,18
"2011","Stoke-on-Trent 018B","E01014289","Total",812,66,156,499,91,409,21,53,268,67,403,45,103,231,24
"2011","Stoke-on-Trent 018C","E01014290","Total",766,60,141,508,57,402,21,43,306,32,364,39,98,202,25
"2011","Stoke-on-Trent 018D","E01014291","Total",660,36,129,418,77,369,11,37,261,60,291,25,92,157,17
"2011","Stoke-on-Trent 018E","E01014292","Total",856,77,156,540,83,452,19,51,316,66,404,58,105,224,17
"2011","Stoke-on-Trent 018F","E01014294","Total",579,35,109,390,45,307,12,38,220,37,272,23,71,170,8
"2011","Stoke-on-Trent 019A","E01014293","Total",812,89,140,517,66,453,42,54,315,42,359,47,86,202,24
"2011","Stoke-on-Trent 019B","E01014295","Total",778,74,168,465,71,403,27,44,278,54,375,47,124,187,17
"2011","Stoke-on-Trent 019C","E01014339","Total",792,54,151,523,64,453,29,51,325,48,339,25,100,198,16
"2011","Stoke-on-Trent 019D","E01014340","Total",923,60,174,612,77,491,29,53,350,59,432,31,121,262,18
"2011","Stoke-on-Trent 019E","E01014345","Total",762,67,137,502,56,448,26,62,319,41,314,41,75,183,15
"2011","Stoke-on-Trent 020A","E01014274","Total",818,48,169,539,62,431,19,46,316,50,387,29,123,223,12
"2011","Stoke-on-Trent 020B","E01014275","Total",496,29,108,305,54,257,10,26,181,40,239,19,82,124,14
"2011","Stoke-on-Trent 020C","E01014276","Total",781,68,164,481,68,416,16,42,301,57,365,52,122,180,11
"2011","Stoke-on-Trent 020D","E01014277","Total",767,65,152,495,55,394,14,39,296,45,373,51,113,199,10
"2011","Stoke-on-Trent 020E","E01014279","Total",865,61,146,578,80,456,13,43,343,57,409,48,103,235,23
"2011","Stoke-on-Trent 021A","E01014273","Total",569,46,128,350,45,299,18,30,218,33,270,28,98,132,12
"2011","Stoke-on-Trent 021B","E01014278","Total",643,44,137,401,61,353,9,40,251,53,290,35,97,150,8
"2011","Stoke-on-Trent 021C","E01014280","Total",703,52,136,464,51,371,17,31,280,43,332,35,105,184,8
"2011","Stoke-on-Trent 021D","E01014297","Total",745,60,141,487,57,397,18,34,304,41,348,42,107,183,16
"2011","Stoke-on-Trent 022A","E01014296","Total",676,41,142,433,60,364,11,37,267,49,312,30,105,166,11
"2011","Stoke-on-Trent 022B","E01014298","Total",663,66,138,411,48,341,20,37,248,36,322,46,101,163,12
"2011","Stoke-on-Trent 022C","E01014300","Total",572,43,128,353,48,299,11,34,214,40,273,32,94,139,8
"2011","Stoke-on-Trent 022D","E01014302","Total",746,55,156,476,59,422,19,43,310,50,324,36,113,166,9
"2011","Stoke-on-Trent 023A","E01014338","Total",755,71,134,469,81,410,18,38,297,57,345,53,96,172,24
"2011","Stoke-on-Trent 023B","E01014341","Total",819,73,170,487,89,433,33,54,280,66,386,40,116,207,23
"2011","Stoke-on-Trent 023C","E01014342","Total",541,54,123,321,43,285,17,31,203,34,256,37,92,118,9
"2011","Stoke-on-Trent 023D","E01014343","Total",918,47,171,607,93,501,15,51,367,68,417,32,120,240,25
"2011","Stoke-on-Trent 023E","E01014344","Total",665,46,134,437,48,348,11,40,263,34,317,35,94,174,14
"2011","Stoke-on-Trent 024A","E01014363","Total",571,58,113,344,56,310,22,28,215,45,261,36,85,129,11
"2011","Stoke-on-Trent 024B","E01014364","Total",653,55,123,404,71,355,18,38,238,61,298,37,85,166,10
"2011","Stoke-on-Trent 024C","E01014365","Total",640,52,121,390,77,353,12,39,240,62,287,40,82,150,15
"2011","Stoke-on-Trent 024D","E01014369","Total",584,48,137,340,59,298,14,35,206,43,286,34,102,134,16
"2011","Stoke-on-Trent 025A","E01014299","Total",841,64,155,534,88,438,23,19,325,71,403,41,136,209,17
"2011","Stoke-on-Trent 025B","E01014301","Total",978,45,168,662,103,514,9,36,384,85,464,36,132,278,18
"2011","Stoke-on-Trent 025C","E01014303","Total",937,67,180,602,88,489,24,44,352,69,448,43,136,250,19
"2011","Stoke-on-Trent 025D","E01014304","Total",710,47,125,459,79,391,13,40,274,64,319,34,85,185,15
"2011","Stoke-on-Trent 025E","E01014362","Total",743,60,132,470,81,387,19,25,276,67,356,41,107,194,14
"2011","Stoke-on-Trent 026A","E01014233","Total",591,47,119,363,62,317,15,29,225,48,274,32,90,138,14
"2011","Stoke-on-Trent 026B","E01014234","Total",577,59,145,326,47,282,17,29,192,44,295,42,116,134,3
"2011","Stoke-on-Trent 026C","E01014239","Total",701,49,144,447,61,376,14,40,273,49,325,35,104,174,12
"2011","Stoke-on-Trent 026D","E01014240","Total",648,61,123,409,55,336,17,22,250,47,312,44,101,159,8
"2011","Stoke-on-Trent 027A","E01014308","Total",759,55,157,490,57,408,16,35,309,48,351,39,122,181,9
"2011","Stoke-on-Trent 027B","E01014309","Total",461,34,104,272,51,234,10,27,159,38,227,24,77,113,13
"2011","Stoke-on-Trent 027C","E01014311","Total",560,49,122,329,60,300,12,30,209,49,260,37,92,120,11
"2011","Stoke-on-Trent 027D","E01014313","Total",497,31,109,303,54,256,4,28,182,42,241,27,81,121,12
"2011","Stoke-on-Trent 028A","E01014321","Total",729,47,171,454,57,396,16,38,298,44,333,31,133,156,13
"2011","Stoke-on-Trent 028B","E01014366","Total",601,58,150,342,51,356,21,57,239,39,245,37,93,103,12
"2011","Stoke-on-Trent 028C","E01014367","Total",446,36,125,245,40,245,15,41,156,33,201,21,84,89,7
"2011","Stoke-on-Trent 028D","E01014368","Total",606,54,134,366,52,334,18,36,235,45,272,36,98,131,7
"2011","Stoke-on-Trent 029A","E01014305","Total",446,39,147,218,42,288,14,103,139,32,158,25,44,79,10
"2011","Stoke-on-Trent 029B","E01014306","Total",531,61,129,305,36,321,24,66,201,30,210,37,63,104,6
"2011","Stoke-on-Trent 029C","E01014307","Total",446,51,149,211,35,287,27,80,153,27,159,24,69,58,8
"2011","Stoke-on-Trent 029D","E01014312","Total",610,58,141,353,58,325,19,48,207,51,285,39,93,146,7
"2011","Stoke-on-Trent 030A","E01014346","Total",736,68,141,443,84,392,17,35,277,63,344,51,106,166,21
"2011","Stoke-on-Trent 030B","E01014348","Total",576,55,99,350,72,306,28,32,193,53,270,27,67,157,19
"2011","Stoke-on-Trent 030C","E01014349","Total",641,55,143,368,75,341,16,41,228,56,300,39,102,140,19
"2011","Stoke-on-Trent 030D","E01014353","Total",754,62,166,445,81,395,28,39,261,67,359,34,127,184,14
"2011","Stoke-on-Trent 031A","E01014310","Total",1018,73,200,628,117,546,21,54,381,90,472,52,146,247,27
"2011","Stoke-on-Trent 031B","E01014314","Total",759,65,149,430,115,403,21,39,255,88,356,44,110,175,27
"2011","Stoke-on-Trent 031C","E01014316","Total",442,30,122,263,27,235,7,38,167,23,207,23,84,96,4
"2011","Stoke-on-Trent 031D","E01014317","Total",500,43,115,294,48,263,11,31,186,35,237,32,84,108,13
"2011","Stoke-on-Trent 031E","E01014322","Total",704,69,166,400,69,377,18,53,250,56,327,51,113,150,13
"2011","Stoke-on-Trent 032A","E01014235","Total",594,48,139,349,58,303,15,41,199,48,291,33,98,150,10
"2011","Stoke-on-Trent 032B","E01014236","Total",962,73,176,584,129,514,25,42,340,107,448,48,134,244,22
"2011","Stoke-on-Trent 032C","E01014237","Total",575,40,149,344,42,321,17,46,223,35,254,23,103,121,7
"2011","Stoke-on-Trent 032D","E01014238","Total",500,26,118,305,51,286,6,38,199,43,214,20,80,106,8
"2011","Stoke-on-Trent 033A","E01014315","Total",654,63,138,374,79,338,15,28,234,61,316,48,110,140,18
"2011","Stoke-on-Trent 033B","E01014318","Total",783,57,132,509,85,424,22,24,310,68,359,35,108,199,17
"2011","Stoke-on-Trent 033C","E01014319","Total",742,55,155,434,98,373,13,37,250,73,369,42,118,184,25
"2011","Stoke-on-Trent 033D","E01014320","Total",781,77,138,466,100,401,30,27,263,81,380,47,111,203,19
"2011","Stoke-on-Trent 034A","E01014347","Total",863,82,170,507,104,440,28,44,290,78,423,54,126,217,26
"2011","Stoke-on-Trent 034B","E01014350","Total",717,71,158,388,100,373,16,41,234,82,344,55,117,154,18
"2011","Stoke-on-Trent 034C","E01014351","Total",797,69,152,462,114,419,25,42,262,90,378,44,110,200,24
"2011","Stoke-on-Trent 034D","E01014352","Total",773,74,138,446,115,405,25,29,255,96,368,49,109,191,19
"2011","Telford and Wrekin 001A","E01014171","Total",588,71,126,326,65,300,28,30,195,47,288,43,96,131,18
"2011","Telford and Wrekin 001B","E01014172","Total",721,83,143,399,96,370,33,21,244,72,351,50,122,155,24
"2011","Telford and Wrekin 001C","E01014173","Total",704,67,138,406,93,367,16,29,250,72,337,51,109,156,21
"2011","Telford and Wrekin 001D","E01014174","Total",836,75,176,460,125,442,22,39,283,98,394,53,137,177,27
"2011","Telford and Wrekin 002A","E01014112","Total",765,98,153,376,138,392,28,40,221,103,373,70,113,155,35
"2011","Telford and Wrekin 002B","E01014131","Total",895,175,147,398,175,505,76,39,248,142,390,99,108,150,33
"2011","Telford and Wrekin 002C","E01014132","Total",490,64,97,255,74,264,17,20,166,61,226,47,77,89,13
"2011","Telford and Wrekin 002D","E01014135","Total",664,54,123,347,140,348,10,20,199,119,316,44,103,148,21
"2011","Telford and Wrekin 003A","E01014175","Total",553,49,112,325,67,290,9,23,202,56,263,40,89,123,11
"2011","Telford and Wrekin 003B","E01014176","Total",695,75,135,401,84,364,32,31,240,61,331,43,104,161,23
"2011","Telford and Wrekin 003C","E01014177","Total",675,73,126,411,65,351,20,29,249,53,324,53,97,162,12
"2011","Telford and Wrekin 003D","E01014178","Total",668,55,128,391,94,353,14,38,229,72,315,41,90,162,22
"2011","Telford and Wrekin 004A","E01014111","Total",779,85,141,413,140,413,37,22,246,108,366,48,119,167,32
"2011","Telford and Wrekin 004B","E01014167","Total",1060,86,188,647,139,538,31,33,369,105,522,55,155,278,34
"2011","Telford and Wrekin 004C","E01014168","Total",740,69,130,464,77,385,28,19,271,67,355,41,111,193,10
"2011","Telford and Wrekin 004D","E01014170","Total",666,59,124,413,70,358,18,32,253,55,308,41,92,160,15
"2011","Telford and Wrekin 005A","E01014125","Total",670,45,125,445,55,373,11,34,287,41,297,34,91,158,14
"2011","Telford and Wrekin 005B","E01014126","Total",583,47,116,357,63,318,12,28,230,48,265,35,88,127,15
"2011","Telford and Wrekin 005C","E01014127","Total",665,66,124,415,60,351,20,23,258,50,314,46,101,157,10
"2011","Telford and Wrekin 005D","E01014128","Total",1008,68,159,634,147,573,18,31,402,122,435,50,128,232,25
"2011","Telford and Wrekin 005E","E01014169","Total",896,47,142,620,87,451,13,24,346,68,445,34,118,274,19
"2011","Telford and Wrekin 006A","E01014129","Total",443,32,98,265,48,258,7,27,183,41,185,25,71,82,7
"2011","Telford and Wrekin 006B","E01014130","Total",766,70,132,494,70,399,18,21,303,57,367,52,111,191,13
"2011","Telford and Wrekin 006C","E01014179","Total",578,53,112,359,54,300,14,20,223,43,278,39,92,136,11
"2011","Telford and Wrekin 006D","E01014180","Total",601,53,139,358,51,310,22,37,214,37,291,31,102,144,14
"2011","Telford and Wrekin 006E","E01014189","Total",826,77,151,517,81,420,25,28,304,63,406,52,123,213,18
"2011","Telford and Wrekin 006F","E01014190","Total",999,80,177,614,128,525,25,36,367,97,474,55,141,247,31
"2011","Telford and Wrekin 007A","E01014102","Total",978,98,169,575,136,519,31,45,339,104,459,67,124,236,32
"2011","Telford and Wrekin 007B","E01014103","Total",683,54,109,434,86,367,17,27,254,69,316,37,82,180,17
"2011","Telford and Wrekin 007C","E01014138","Total",685,54,140,428,63,365,12,39,258,56,320,42,101,170,7
"2011","Telford and Wrekin 007D","E01014140","Total",676,42,116,461,57,374,17,30,281,46,302,25,86,180,11
"2011","Telford and Wrekin 008A","E01014205","Total",691,54,130,451,56,373,18,40,267,48,318,36,90,184,8
"2011","Telford and Wrekin 008B","E01014206","Total",600,50,116,380,54,321,15,29,230,47,279,35,87,150,7
"2011","Telford and Wrekin 008C","E01014207","Total",643,41,112,435,55,349,12,31,264,42,294,29,81,171,13
"2011","Telford and Wrekin 008D","E01014208","Total",519,48,96,328,47,269,12,25,195,37,250,36,71,133,10
"2011","Telford and Wrekin 008E","E01014209","Total",692,54,127,453,58,386,18,32,286,50,306,36,95,167,8
"2011","Telford and Wrekin 009A","E01014137","Total",827,65,154,504,104,440,26,30,304,80,387,39,124,200,24
"2011","Telford and Wrekin 009B","E01014139","Total",576,37,113,379,47,311,11,34,233,33,265,26,79,146,14
"2011","Telford and Wrekin 009C","E01014141","Total",1438,82,200,1029,127,766,19,47,606,94,672,63,153,423,33
"2011","Telford and Wrekin 009D","E01014142","Total",481,36,109,296,40,258,10,42,183,23,223,26,67,113,17
"2011","Telford and Wrekin 009E","E01014143","Total",603,56,102,399,46,342,20,28,257,37,261,36,74,142,9
"2011","Telford and Wrekin 010A","E01014136","Total",792,72,135,429,156,431,22,29,264,116,361,50,106,165,40
"2011","Telford and Wrekin 010B","E01014148","Total",848,58,127,486,177,474,22,34,285,133,374,36,93,201,44
"2011","Telford and Wrekin 010C","E01014149","Total",569,59,104,324,82,298,20,31,191,56,271,39,73,133,26
"2011","Telford and Wrekin 010D","E01014202","Total",1238,103,238,678,219,667,25,56,408,178,571,78,182,270,41
"2011","Telford and Wrekin 010E","E01014203","Total",751,86,132,411,122,407,24,22,261,100,344,62,110,150,22
"2011","Telford and Wrekin 010F","E01014204","Total",1067,95,213,597,162,572,30,42,365,135,495,65,171,232,27
"2011","Telford and Wrekin 011A","E01014104","Total",784,49,149,514,72,427,12,45,317,53,357,37,104,197,19
"2011","Telford and Wrekin 011B","E01014105","Total",783,73,158,468,84,431,22,48,294,67,352,51,110,174,17
"2011","Telford and Wrekin 011C","E01014113","Total",616,70,110,379,57,374,31,54,248,41,242,39,56,131,16
"2011","Telford and Wrekin 011D","E01014114","Total",680,69,124,381,106,383,29,34,240,80,297,40,90,141,26
"2011","Telford and Wrekin 012A","E01014133","Total",827,78,139,509,101,420,16,26,299,79,407,62,113,210,22
"2011","Telford and Wrekin 012B","E01014134","Total",596,64,110,339,83,308,19,23,206,60,288,45,87,133,23
"2011","Telford and Wrekin 012C","E01014144","Total",571,60,119,336,56,296,11,30,209,46,275,49,89,127,10
"2011","Telford and Wrekin 012D","E01014145","Total",903,78,148,590,87,479,31,26,360,62,424,47,122,230,25
"2011","Telford and Wrekin 013A","E01014185","Total",715,49,143,461,62,370,14,38,278,40,345,35,105,183,22
"2011","Telford and Wrekin 013B","E01014186","Total",734,54,128,477,75,403,24,20,294,65,331,30,108,183,10
"2011","Telford and Wrekin 013C","E01014187","Total",746,50,126,488,82,414,15,26,312,61,332,35,100,176,21
"2011","Telford and Wrekin 013D","E01014188","Total",864,57,150,583,74,459,17,29,347,66,405,40,121,236,8
"2011","Telford and Wrekin 014A","E01014150","Total",925,68,172,582,103,496,23,47,346,80,429,45,125,236,23
"2011","Telford and Wrekin 014B","E01014151","Total",636,45,123,416,52,359,14,28,272,45,277,31,95,144,7
"2011","Telford and Wrekin 014C","E01014152","Total",508,43,125,299,41,265,9,29,192,35,243,34,96,107,6
"2011","Telford and Wrekin 014D","E01014153","Total",847,74,162,539,72,473,24,47,340,62,374,50,115,199,10
"2011","Telford and Wrekin 014E","E01014154","Total",926,66,173,596,91,495,22,37,360,76,431,44,136,236,15
"2011","Telford and Wrekin 014F","E01014155","Total",745,66,117,491,71,392,18,22,297,55,353,48,95,194,16
"2011","Telford and Wrekin 015A","E01014181","Total",1169,106,177,692,194,637,34,36,416,151,532,72,141,276,43
"2011","Telford and Wrekin 015B","E01014182","Total",685,68,121,409,87,365,25,25,245,70,320,43,96,164,17
"2011","Telford and Wrekin 015C","E01014183","Total",818,65,155,481,117,439,26,36,285,92,379,39,119,196,25
"2011","Telford and Wrekin 015D","E01014184","Total",702,60,125,436,81,388,23,19,279,67,314,37,106,157,14
"2011","Telford and Wrekin 016A","E01014146","Total",1114,78,199,656,181,582,16,40,377,149,532,62,159,279,32
"2011","Telford and Wrekin 016B","E01014147","Total",1201,99,195,740,167,615,29,36,428,122,586,70,159,312,45
"2011","Telford and Wrekin 016C","E01014156","Total",1058,70,182,673,133,563,18,40,407,98,495,52,142,266,35
"2011","Telford and Wrekin 016D","E01014157","Total",898,68,134,598,98,485,23,25,355,82,413,45,109,243,16
"2011","Telford and Wrekin 016E","E01014158","Total",867,51,158,557,101,465,11,27,348,79,402,40,131,209,22
"2011","Telford and Wrekin 017A","E01014124","Total",706,53,139,449,65,389,17,29,295,48,317,36,110,154,17
"2011","Telford and Wrekin 017B","E01014163","Total",519,44,98,319,58,290,16,19,210,45,229,28,79,109,13
"2011","Telford and Wrekin 017C","E01014164","Total",557,52,106,344,55,314,15,22,231,46,243,37,84,113,9
"2011","Telford and Wrekin 017D","E01014165","Total",551,43,113,345,50,297,13,33,217,34,254,30,80,128,16
"2011","Telford and Wrekin 017E","E01014166","Total",757,67,130,488,72,403,18,25,301,59,354,49,105,187,13
"2011","Telford and Wrekin 018A","E01014191","Total",881,59,159,603,60,519,20,51,400,48,362,39,108,203,12
"2011","Telford and Wrekin 018B","E01014192","Total",673,61,129,417,66,381,19,36,270,56,292,42,93,147,10
"2011","Telford and Wrekin 018C","E01014193","Total",749,48,159,491,51,407,16,32,317,42,342,32,127,174,9
"2011","Telford and Wrekin 018D","E01014194","Total",716,56,154,422,84,366,17,27,259,63,350,39,127,163,21
"2011","Telford and Wrekin 018E","E01014195","Total",811,55,156,513,87,433,15,42,306,70,378,40,114,207,17
"2011","Telford and Wrekin 018F","E01014196","Total",670,46,141,419,64,358,12,39,249,58,312,34,102,170,6
"2011","Telford and Wrekin 019A","E01014119","Total",857,84,154,535,84,446,26,36,323,61,411,58,118,212,23
"2011","Telford and Wrekin 019B","E01014120","Total",706,60,157,432,57,401,28,42,280,51,305,32,115,152,6
"2011","Telford and Wrekin 019C","E01014121","Total",675,49,134,411,81,355,15,23,249,68,320,34,111,162,13
"2011","Telford and Wrekin 019D","E01014122","Total",903,57,133,612,101,493,24,27,363,79,410,33,106,249,22
"2011","Telford and Wrekin 019E","E01014123","Total",928,61,148,623,96,487,24,19,371,73,441,37,129,252,23
"2011","Telford and Wrekin 020A","E01014106","Total",723,59,144,462,58,377,22,37,272,46,346,37,107,190,12
"2011","Telford and Wrekin 020B","E01014107","Total",626,51,110,400,65,339,17,26,240,56,287,34,84,160,9
"2011","Telford and Wrekin 020C","E01014108","Total",519,61,104,310,44,295,25,25,208,37,224,36,79,102,7
"2011","Telford and Wrekin 020D","E01014109","Total",622,47,108,391,76,331,15,13,247,56,291,32,95,144,20
"2011","Telford and Wrekin 020E","E01014110","Total",486,38,130,278,40,261,11,49,166,35,225,27,81,112,5
"2011","Telford and Wrekin 021A","E01014197","Total",527,49,116,307,55,294,20,36,195,43,233,29,80,112,12
"2011","Telford and Wrekin 021B","E01014198","Total",309,32,67,178,32,167,9,15,117,26,142,23,52,61,6
"2011","Telford and Wrekin 021C","E01014199","Total",727,67,160,428,72,367,14,30,270,53,360,53,130,158,19
"2011","Telford and Wrekin 021D","E01014200","Total",410,41,101,225,43,230,12,31,149,38,180,29,70,76,5
"2011","Telford and Wrekin 021E","E01014201","Total",431,39,97,262,33,241,11,25,179,26,190,28,72,83,7
"2011","Telford and Wrekin 022A","E01014159","Total",560,40,99,363,58,305,9,20,227,49,255,31,79,136,9
"2011","Telford and Wrekin 022B","E01014160","Total",668,62,113,411,82,364,19,21,262,62,304,43,92,149,20
"2011","Telford and Wrekin 022C","E01014161","Total",569,43,91,372,63,328,11,23,244,50,241,32,68,128,13
"2011","Telford and Wrekin 022D","E01014162","Total",663,58,115,415,75,371,20,28,262,61,292,38,87,153,14
"2011","Telford and Wrekin 023A","E01014115","Total",542,33,115,343,51,303,10,25,228,40,239,23,90,115,11
"2011","Telford and Wrekin 023B","E01014116","Total",540,46,109,334,51,287,8,31,211,37,253,38,78,123,14
"2011","Telford and Wrekin 023C","E01014117","Total",549,50,112,326,61,290,16,24,198,52,259,34,88,128,9
"2011","Telford and Wrekin 023D","E01014118","Total",433,28,86,276,43,243,8,16,183,36,190,20,70,93,7
"2011","Cannock Chase 001A","E01029368","Total",633,62,124,364,83,348,15,27,237,69,285,47,97,127,14
"2011","Cannock Chase 001B","E01029369","Total",633,62,141,353,77,321,17,21,217,66,312,45,120,136,11
"2011","Cannock Chase 001C","E01029370","Total",722,85,123,390,124,404,27,34,238,105,318,58,89,152,19
"2011","Cannock Chase 001D","E01029371","Total",838,64,164,496,114,450,23,33,296,98,388,41,131,200,16
"2011","Cannock Chase 001E","E01029402","Total",944,92,190,520,142,508,25,43,319,121,436,67,147,201,21
"2011","Cannock Chase 002A","E01029372","Total",538,59,117,294,68,290,19,17,197,57,248,40,100,97,11
"2011","Cannock Chase 002B","E01029373","Total",1066,79,221,606,160,573,20,44,383,126,493,59,177,223,34
"2011","Cannock Chase 002C","E01029401","Total",821,64,174,487,96,422,15,29,298,80,399,49,145,189,16
"2011","Cannock Chase 002D","E01029403","Total",745,55,167,438,85,402,21,38,277,66,343,34,129,161,19
"2011","Cannock Chase 002E","E01029404","Total",633,57,127,371,78,345,20,36,231,58,288,37,91,140,20
"2011","Cannock Chase 003A","E01029345","Total",816,62,156,492,106,419,11,25,292,91,397,51,131,200,15
"2011","Cannock Chase 003B","E01029346","Total",668,65,164,364,75,344,12,23,248,61,324,53,141,116,14
"2011","Cannock Chase 003C","E01029347","Total",697,56,136,422,83,366,8,33,255,70,331,48,103,167,13
"2011","Cannock Chase 003D","E01029348","Total",801,79,167,430,125,434,21,28,280,105,367,58,139,150,20
"2011","Cannock Chase 003E","E01029374","Total",1199,100,224,732,143,631,30,39,440,122,568,70,185,292,21
"2011","Cannock Chase 004A","E01029383","Total",883,90,171,498,124,467,27,34,304,102,416,63,137,194,22
"2011","Cannock Chase 004B","E01029385","Total",801,69,155,483,94,425,22,26,305,72,376,47,129,178,22
"2011","Cannock Chase 004C","E01029388","Total",604,53,115,358,78,332,14,19,234,65,272,39,96,124,13
"2011","Cannock Chase 004D","E01029390","Total",476,41,109,269,57,246,8,24,168,46,230,33,85,101,11
"2011","Cannock Chase 005A","E01029384","Total",985,82,183,608,112,523,15,43,375,90,462,67,140,233,22
"2011","Cannock Chase 005B","E01029386","Total",671,64,131,385,91,360,15,32,236,77,311,49,99,149,14
"2011","Cannock Chase 005C","E01029387","Total",691,63,129,392,107,382,21,31,251,79,309,42,98,141,28
"2011","Cannock Chase 005D","E01029389","Total",918,73,160,574,111,507,26,34,350,97,411,47,126,224,14
"2011","Cannock Chase 006A","E01029379","Total",994,74,162,609,149,525,25,23,356,121,469,49,139,253,28
"2011","Cannock Chase 006B","E01029398","Total",822,74,170,472,106,448,27,46,292,83,374,47,124,180,23
"2011","Cannock Chase 006C","E01029399","Total",834,63,174,486,111,446,22,39,296,89,388,41,135,190,22
"2011","Cannock Chase 006D","E01029400","Total",844,66,176,466,136,449,16,42,282,109,395,50,134,184,27
"2011","Cannock Chase 007A","E01029354","Total",694,60,164,391,79,367,13,38,245,71,327,47,126,146,8
"2011","Cannock Chase 007B","E01029355","Total",631,48,123,372,88,345,15,23,232,75,286,33,100,140,13
"2011","Cannock Chase 007C","E01029356","Total",577,57,121,325,74,327,21,30,213,63,250,36,91,112,11
"2011","Cannock Chase 007D","E01029357","Total",629,68,118,379,64,352,21,19,256,56,277,47,99,123,8
"2011","Cannock Chase 007E","E01029358","Total",426,57,96,230,43,204,11,17,140,36,222,46,79,90,7
"2011","Cannock Chase 008A","E01029349","Total",584,48,119,345,72,304,5,25,210,64,280,43,94,135,8
"2011","Cannock Chase 008B","E01029350","Total",614,52,127,363,72,339,18,32,236,53,275,34,95,127,19
"2011","Cannock Chase 008C","E01029351","Total",592,56,140,316,80,306,12,45,174,75,286,44,95,142,5
"2011","Cannock Chase 008D","E01029352","Total",733,61,146,447,79,396,9,34,284,69,337,52,112,163,10
"2011","Cannock Chase 008E","E01029393","Total",861,77,156,513,115,449,22,33,304,90,412,55,123,209,25
"2011","Cannock Chase 009A","E01029380","Total",929,67,184,540,138,495,14,34,334,113,434,53,150,206,25
"2011","Cannock Chase 009B","E01029381","Total",672,64,132,399,77,361,18,30,250,63,311,46,102,149,14
"2011","Cannock Chase 009C","E01029382","Total",802,65,146,476,115,432,17,34,291,90,370,48,112,185,25
"2011","Cannock Chase 009D","E01029391","Total",877,93,155,508,121,466,29,34,311,92,411,64,121,197,29
"2011","Cannock Chase 009E","E01029392","Total",1077,98,212,606,161,565,23,35,372,135,512,75,177,234,26
"2011","Cannock Chase 010A","E01029375","Total",1516,120,244,930,222,802,24,41,557,180,714,96,203,373,42
"2011","Cannock Chase 010B","E01029376","Total",1136,78,217,681,160,576,24,31,400,121,560,54,186,281,39
"2011","Cannock Chase 010C","E01029377","Total",901,67,174,531,129,456,17,24,309,106,445,50,150,222,23
"2011","Cannock Chase 010D","E01029378","Total",1039,80,192,637,130,554,23,33,390,108,485,57,159,247,22
"2011","Cannock Chase 011A","E01029353","Total",599,57,114,360,68,320,17,22,223,58,279,40,92,137,10
"2011","Cannock Chase 011B","E01029364","Total",807,91,166,417,133,423,30,38,245,110,384,61,128,172,23
"2011","Cannock Chase 011C","E01029365","Total",804,94,174,449,87,419,24,49,273,73,385,70,125,176,14
"2011","Cannock Chase 011D","E01029366","Total",734,101,143,380,110,393,35,42,235,81,341,66,101,145,29
"2011","Cannock Chase 011E","E01029367","Total",1017,82,205,579,151,548,26,44,349,129,469,56,161,230,22
"2011","Cannock Chase 012A","E01029359","Total",785,48,130,506,101,416,11,27,289,89,369,37,103,217,12
"2011","Cannock Chase 012B","E01029360","Total",633,54,116,387,76,339,16,19,240,64,294,38,97,147,12
"2011","Cannock Chase 012C","E01029361","Total",632,65,148,349,70,340,15,44,216,65,292,50,104,133,5
"2011","Cannock Chase 012D","E01029362","Total",656,52,123,414,67,337,15,23,243,56,319,37,100,171,11
"2011","Cannock Chase 012E","E01029363","Total",592,46,119,350,77,331,11,28,228,64,261,35,91,122,13
"2011","Cannock Chase 013A","E01029394","Total",668,69,150,371,78,352,16,34,238,64,316,53,116,133,14
"2011","Cannock Chase 013B","E01029395","Total",843,88,162,481,112,457,31,27,304,95,386,57,135,177,17
"2011","Cannock Chase 013C","E01029396","Total",927,77,198,537,115,490,27,32,342,89,437,50,166,195,26
"2011","Cannock Chase 013D","E01029397","Total",1212,101,226,720,165,617,25,35,423,134,595,76,191,297,31
"2011","East Staffordshire 001A","E01029405","Total",861,103,163,425,170,465,34,38,255,138,396,69,125,170,32
"2011","East Staffordshire 001B","E01029406","Total",698,76,109,320,193,378,21,21,183,153,320,55,88,137,40
"2011","East Staffordshire 001C","E01029422","Total",588,54,113,265,156,324,17,30,148,129,264,37,83,117,27
"2011","East Staffordshire 001D","E01029423","Total",780,70,160,445,105,416,21,36,264,95,364,49,124,181,10
"2011","East Staffordshire 001E","E01029467","Total",1076,116,189,565,206,590,26,47,345,172,486,90,142,220,34
"2011","East Staffordshire 002A","E01029430","Total",815,59,171,469,116,429,14,26,294,95,386,45,145,175,21
"2011","East Staffordshire 002B","E01029431","Total",778,80,153,471,74,397,21,25,284,67,381,59,128,187,7
"2011","East Staffordshire 002C","E01029432","Total",733,90,152,408,83,379,23,23,263,70,354,67,129,145,13
"2011","East Staffordshire 002D","E01029433","Total",795,76,188,424,107,435,33,47,270,85,360,43,141,154,22
"2011","East Staffordshire 003A","E01029459","Total",931,96,159,544,132,481,26,28,321,106,450,70,131,223,26
"2011","East Staffordshire 003B","E01029460","Total",894,91,178,467,158,478,30,40,271,137,416,61,138,196,21
"2011","East Staffordshire 003C","E01029461","Total",1002,93,177,593,139,549,31,43,360,115,453,62,134,233,24
"2011","East Staffordshire 003D","E01029462","Total",774,69,145,432,128,418,18,36,256,108,356,51,109,176,20
"2011","East Staffordshire 004A","E01029443","Total",799,83,170,395,151,433,22,30,261,120,366,61,140,134,31
"2011","East Staffordshire 004B","E01029444","Total",702,74,140,361,127,366,14,37,213,102,336,60,103,148,25
"2011","East Staffordshire 004C","E01029463","Total",608,57,116,310,125,327,16,29,177,105,281,41,87,133,20
"2011","East Staffordshire 004D","E01029464","Total",738,80,136,432,90,384,22,28,270,64,354,58,108,162,26
"2011","East Staffordshire 004E","E01029465","Total",790,84,145,440,121,411,26,30,266,89,379,58,115,174,32
"2011","East Staffordshire 004F","E01029466","Total",754,80,154,415,105,393,17,32,252,92,361,63,122,163,13
"2011","East Staffordshire 005A","E01029454","Total",839,102,159,461,117,435,33,18,289,95,404,69,141,172,22
"2011","East Staffordshire 005B","E01029455","Total",933,75,176,563,119,490,18,30,336,106,443,57,146,227,13
"2011","East Staffordshire 005C","E01029456","Total",711,56,132,426,97,366,20,19,256,71,345,36,113,170,26
"2011","East Staffordshire 005D","E01029457","Total",800,66,165,478,91,404,15,23,293,73,396,51,142,185,18
"2011","East Staffordshire 005E","E01029458","Total",727,69,144,432,82,387,19,29,268,71,340,50,115,164,11
"2011","East Staffordshire 006A","E01029411","Total",677,70,131,308,168,375,25,24,190,136,302,45,107,118,32
"2011","East Staffordshire 006B","E01029412","Total",661,74,129,319,139,348,23,31,193,101,313,51,98,126,38
"2011","East Staffordshire 006C","E01029424","Total",496,58,84,234,120,266,11,15,144,96,230,47,69,90,24
"2011","East Staffordshire 006D","E01029425","Total",960,142,226,413,179,591,86,107,252,146,369,56,119,161,33
"2011","East Staffordshire 006E","E01029473","Total",704,90,133,303,178,382,21,34,185,142,322,69,99,118,36
"2011","East Staffordshire 006F","E01029474","Total",541,60,105,277,99,294,17,26,170,81,247,43,79,107,18
"2011","East Staffordshire 007A","E01029434","Total",760,69,167,437,87,390,22,37,258,73,370,47,130,179,14
"2011","East Staffordshire 007B","E01029435","Total",721,76,147,425,73,377,20,32,263,62,344,56,115,162,11
"2011","East Staffordshire 007C","E01029436","Total",790,61,150,490,89,432,22,38,298,74,358,39,112,192,15
"2011","East Staffordshire 007D","E01029437","Total",1023,79,206,636,102,535,20,40,390,85,488,59,166,246,17
"2011","East Staffordshire 007E","E01029438","Total",706,70,156,408,72,375,16,29,263,67,331,54,127,145,5
"2011","East Staffordshire 008A","E01029426","Total",747,81,120,476,70,412,32,26,301,53,335,49,94,175,17
"2011","East Staffordshire 008B","E01029427","Total",571,53,130,348,40,306,13,39,221,33,265,40,91,127,7
"2011","East Staffordshire 008C","E01029428","Total",837,38,166,523,110,460,9,48,315,88,377,29,118,208,22
"2011","East Staffordshire 008D","E01029429","Total",579,57,129,344,49,317,21,41,219,36,262,36,88,125,13
"2011","East Staffordshire 009A","E01029445","Total",902,70,166,590,76,523,22,55,382,64,379,48,111,208,12
"2011","East Staffordshire 009B","E01029446","Total",832,52,185,495,100,429,12,39,297,81,403,40,146,198,19
"2011","East Staffordshire 009C","E01029447","Total",737,50,178,454,55,455,24,91,302,38,282,26,87,152,17
"2011","East Staffordshire 009D","E01029448","Total",699,59,130,439,71,398,21,42,270,65,301,38,88,169,6
"2011","East Staffordshire 010A","E01029468","Total",632,62,128,381,61,334,18,26,240,50,298,44,102,141,11
"2011","East Staffordshire 010B","E01029469","Total",871,88,169,501,113,445,21,40,289,95,426,67,129,212,18
"2011","East Staffordshire 010C","E01029470","Total",686,66,139,383,98,370,14,36,239,81,316,52,103,144,17
"2011","East Staffordshire 010D","E01029471","Total",867,70,168,517,112,453,18,35,316,84,414,52,133,201,28
"2011","East Staffordshire 010E","E01029472","Total",686,77,137,407,65,352,18,26,255,53,334,59,111,152,12
"2011","East Staffordshire 011A","E01029407","Total",629,55,115,399,60,375,18,41,262,54,254,37,74,137,6
"2011","East Staffordshire 011B","E01029408","Total",1047,61,169,704,113,611,23,56,441,91,436,38,113,263,22
"2011","East Staffordshire 011C","E01029409","Total",747,47,148,486,66,462,21,70,314,57,285,26,78,172,9
"2011","East Staffordshire 011D","E01029410","Total",713,51,140,444,78,420,24,59,273,64,293,27,81,171,14
"2011","East Staffordshire 011F","E01032896","Total",691,43,81,472,95,412,15,27,290,80,279,28,54,182,15
"2011","East Staffordshire 011G","E01032897","Total",662,51,97,433,81,352,11,28,246,67,310,40,69,187,14
"2011","East Staffordshire 011H","E01032898","Total",561,47,116,347,51,325,14,49,220,42,236,33,67,127,9
"2011","East Staffordshire 012A","E01029418","Total",1204,107,216,690,191,638,27,39,432,140,566,80,177,258,51
"2011","East Staffordshire 012B","E01029419","Total",826,64,158,482,122,445,26,30,294,95,381,38,128,188,27
"2011","East Staffordshire 012C","E01029420","Total",845,81,169,477,118,429,19,31,286,93,416,62,138,191,25
"2011","East Staffordshire 013A","E01029413","Total",816,84,147,499,86,430,29,25,306,70,386,55,122,193,16
"2011","East Staffordshire 013B","E01029414","Total",946,76,157,593,120,514,24,39,355,96,432,52,118,238,24
"2011","East Staffordshire 013C","E01029415","Total",957,61,157,606,133,502,16,25,357,104,455,45,132,249,29
"2011","East Staffordshire 013D","E01029416","Total",625,66,108,354,97,343,15,28,221,79,282,51,80,133,18
"2011","East Staffordshire 013E","E01029417","Total",561,49,108,331,73,299,15,22,208,54,262,34,86,123,19
"2011","East Staffordshire 014A","E01029449","Total",839,74,150,513,102,446,20,30,318,78,393,54,120,195,24
"2011","East Staffordshire 014B","E01029450","Total",627,57,133,369,68,350,18,30,244,58,277,39,103,125,10
"2011","East Staffordshire 014C","E01029451","Total",811,58,149,506,98,408,14,25,295,74,403,44,124,211,24
"2011","East Staffordshire 014D","E01029452","Total",716,67,137,427,85,386,15,24,273,74,330,52,113,154,11
"2011","East Staffordshire 014E","E01029453","Total",565,53,139,331,42,298,19,33,208,38,267,34,106,123,4
"2011","East Staffordshire 015A","E01029439","Total",675,89,112,374,100,353,24,29,224,76,322,65,83,150,24
"2011","East Staffordshire 015B","E01029440","Total",687,67,127,338,155,363,20,28,193,122,324,47,99,145,33
"2011","East Staffordshire 015C","E01029441","Total",729,73,156,374,126,375,16,34,227,98,354,57,122,147,28
"2011","East Staffordshire 015D","E01029442","Total",631,74,133,302,122,326,16,21,189,100,305,58,112,113,22
"2011","Lichfield 001A","E01029480","Total",976,57,178,586,155,538,12,37,367,122,438,45,141,219,33
"2011","Lichfield 001B","E01029481","Total",867,70,172,504,121,461,23,37,309,92,406,47,135,195,29
"2011","Lichfield 001C","E01029482","Total",782,75,158,445,104,416,16,41,280,79,366,59,117,165,25
"2011","Lichfield 001D","E01029498","Total",902,94,175,441,192,474,20,36,278,140,428,74,139,163,52
"2011","Lichfield 002A","E01029477","Total",766,97,133,365,171,388,18,28,218,124,378,79,105,147,47
"2011","Lichfield 002B","E01029478","Total",728,72,159,373,124,373,21,29,224,99,355,51,130,149,25
"2011","Lichfield 002C","E01029479","Total",1515,142,226,869,278,794,34,46,502,212,721,108,180,367,66
"2011","Lichfield 002D","E01029509","Total",833,87,165,386,195,436,26,37,214,159,397,61,128,172,36
"2011","Lichfield 003A","E01029486","Total",729,69,160,390,110,403,20,40,254,89,326,49,120,136,21
"2011","Lichfield 003B","E01029507","Total",935,84,179,529,143,489,24,41,310,114,446,60,138,219,29
"2011","Lichfield 003C","E01029508","Total",1198,114,220,657,207,631,32,35,397,167,567,82,185,260,40
"2011","Lichfield 003D","E01029515","Total",900,119,174,438,169,487,44,54,255,134,413,75,120,183,35
"2011","Lichfield 004A","E01029492","Total",816,90,190,453,83,437,26,37,302,72,379,64,153,151,11
"2011","Lichfield 004B","E01029499","Total",705,86,156,384,79,362,20,36,247,59,343,66,120,137,20
"2011","Lichfield 004C","E01029501","Total",650,68,161,314,107,332,15,38,198,81,318,53,123,116,26
"2011","Lichfield 004E","E01029526","Total",729,70,117,424,118,388,20,38,245,85,341,50,79,179,33
"2011","Lichfield 004F","E01032899","Total",583,48,83,347,105,328,13,21,212,82,255,35,62,135,23
"2011","Lichfield 004G","E01032900","Total",1177,75,177,725,200,605,21,28,415,141,572,54,149,310,59
"2011","Lichfield 005A","E01029483","Total",788,86,165,414,123,410,19,42,254,95,378,67,123,160,28
"2011","Lichfield 005B","E01029484","Total",936,96,150,557,133,497,23,43,328,103,439,73,107,229,30
"2011","Lichfield 005C","E01029485","Total",831,83,148,484,116,426,24,36,282,84,405,59,112,202,32
"2011","Lichfield 005D","E01029500","Total",912,115,187,488,122,499,40,48,310,101,413,75,139,178,21
"2011","Lichfield 005E","E01029520","Total",786,105,174,365,142,427,37,51,228,111,359,68,123,137,31
"2011","Lichfield 005F","E01029524","Total",829,90,137,502,100,452,30,38,312,72,377,60,99,190,28
"2011","Lichfield 005G","E01029525","Total",785,80,146,464,95,409,22,25,288,74,376,58,121,176,21
"2011","Lichfield 006A","E01029487","Total",683,74,137,384,88,357,21,24,238,74,326,53,113,146,14
"2011","Lichfield 006B","E01029493","Total",1094,107,196,658,133,560,35,32,381,112,534,72,164,277,21
"2011","Lichfield 006C","E01029494","Total",757,70,147,427,113,405,23,33,255,94,352,47,114,172,19
"2011","Lichfield 006D","E01029495","Total",882,86,185,505,106,442,15,37,307,83,440,71,148,198,23
"2011","Lichfield 006E","E01029497","Total",954,100,194,507,153,493,29,26,316,122,461,71,168,191,31
"2011","Lichfield 007A","E01029491","Total",855,108,148,493,106,452,29,35,303,85,403,79,113,190,21
"2011","Lichfield 007B","E01029511","Total",767,80,146,437,104,403,26,26,283,68,364,54,120,154,36
"2011","Lichfield 007C","E01029512","Total",946,107,172,497,170,484,24,47,285,128,462,83,125,212,42
"2011","Lichfield 007D","E01029518","Total",1442,117,236,837,252,741,33,49,468,191,701,84,187,369,61
"2011","Lichfield 007E","E01029519","Total",1067,100,168,649,150,556,28,31,389,108,511,72,137,260,42
"2011","Lichfield 008A","E01029516","Total",927,118,159,467,183,477,29,42,271,135,450,89,117,196,48
"2011","Lichfield 008B","E01029517","Total",832,92,146,414,180,473,27,40,255,151,359,65,106,159,29
"2011","Lichfield 008C","E01029530","Total",879,77,144,488,170,469,25,26,283,135,410,52,118,205,35
"2011","Lichfield 008D","E01029531","Total",805,84,156,425,140,430,18,31,272,109,375,66,125,153,31
"2011","Lichfield 009A","E01029475","Total",990,87,200,571,132,522,21,38,358,105,468,66,162,213,27
"2011","Lichfield 009B","E01029476","Total",650,63,130,393,64,340,12,31,246,51,310,51,99,147,13
"2011","Lichfield 009C","E01029489","Total",769,79,183,400,107,416,20,36,273,87,353,59,147,127,20
"2011","Lichfield 009D","E01029490","Total",801,74,156,470,101,425,19,30,288,88,376,55,126,182,13
"2011","Lichfield 009E","E01029505","Total",766,69,149,395,153,419,19,38,239,123,347,50,111,156,30
"2011","Lichfield 009F","E01029506","Total",888,114,193,484,97,478,26,56,310,86,410,88,137,174,11
"2011","Lichfield 010A","E01029496","Total",802,76,175,463,88,408,17,46,272,73,394,59,129,191,15
"2011","Lichfield 010B","E01029527","Total",540,47,109,326,58,286,13,26,202,45,254,34,83,124,13
"2011","Lichfield 010C","E01029528","Total",578,50,110,334,84,299,10,18,206,65,279,40,92,128,19
"2011","Lichfield 010D","E01029529","Total",660,55,133,382,90,347,17,24,233,73,313,38,109,149,17
"2011","Lichfield 011A","E01029513","Total",636,82,121,301,132,355,26,32,193,104,281,56,89,108,28
"2011","Lichfield 011B","E01029514","Total",693,100,123,321,149,379,35,36,195,113,314,65,87,126,36
"2011","Lichfield 011C","E01029521","Total",827,106,153,441,127,441,37,36,264,104,386,69,117,177,23
"2011","Lichfield 011D","E01029522","Total",729,94,141,365,129,387,31,42,216,98,342,63,99,149,31
"2011","Lichfield 011E","E01029523","Total",770,91,163,385,131,395,26,32,229,108,375,65,131,156,23
"2011","Lichfield 012A","E01029488","Total",1103,158,248,497,200,690,92,142,299,157,413,66,106,198,43
"2011","Lichfield 012B","E01029502","Total",799,59,163,473,104,433,8,40,299,86,366,51,123,174,18
"2011","Lichfield 012C","E01029503","Total",716,73,155,379,109,378,22,32,246,78,338,51,123,133,31
"2011","Lichfield 012D","E01029504","Total",751,59,128,450,114,399,14,27,270,88,352,45,101,180,26
"2011","Newcastle-under-Lyme 001A","E01029562","Total",730,60,131,450,89,367,16,23,264,64,363,44,108,186,25
"2011","Newcastle-under-Lyme 001B","E01029565","Total",751,64,136,464,87,390,18,16,288,68,361,46,120,176,19
"2011","Newcastle-under-Lyme 001C","E01029581","Total",823,73,151,506,93,443,19,25,322,77,380,54,126,184,16
"2011","Newcastle-under-Lyme 001D","E01029582","Total",926,69,199,538,120,510,26,61,325,98,416,43,138,213,22
"2011","Newcastle-under-Lyme 001E","E01029586","Total",640,63,115,410,52,332,25,28,240,39,308,38,87,170,13
"2011","Newcastle-under-Lyme 001F","E01029587","Total",628,57,129,380,62,327,15,27,236,49,301,42,102,144,13
"2011","Newcastle-under-Lyme 002A","E01029561","Total",619,50,178,332,59,321,10,45,218,48,298,40,133,114,11
"2011","Newcastle-under-Lyme 002B","E01029563","Total",683,64,130,427,62,361,20,32,258,51,322,44,98,169,11
"2011","Newcastle-under-Lyme 002C","E01029564","Total",588,54,129,355,50,312,14,35,222,41,276,40,94,133,9
"2011","Newcastle-under-Lyme 002D","E01029588","Total",790,70,147,484,89,413,18,37,292,66,377,52,110,192,23
"2011","Newcastle-under-Lyme 003A","E01029540","Total",631,61,139,378,53,327,14,32,242,39,304,47,107,136,14
"2011","Newcastle-under-Lyme 003B","E01029541","Total",674,50,140,416,68,357,12,31,260,54,317,38,109,156,14
"2011","Newcastle-under-Lyme 003C","E01029542","Total",668,56,110,430,72,358,24,28,251,55,310,32,82,179,17
"2011","Newcastle-under-Lyme 003D","E01029543","Total",481,44,105,288,44,261,10,32,184,35,220,34,73,104,9
"2011","Newcastle-under-Lyme 003E","E01029595","Total",612,58,113,372,69,335,11,30,232,62,277,47,83,140,7
"2011","Newcastle-under-Lyme 003F","E01029597","Total",649,47,148,402,52,353,18,45,248,42,296,29,103,154,10
"2011","Newcastle-under-Lyme 004A","E01029536","Total",754,67,148,459,80,409,25,30,292,62,345,42,118,167,18
"2011","Newcastle-under-Lyme 004B","E01029544","Total",782,69,151,477,85,416,25,37,288,66,366,44,114,189,19
"2011","Newcastle-under-Lyme 004C","E01029545","Total",811,60,154,504,93,443,18,31,320,74,368,42,123,184,19
"2011","Newcastle-under-Lyme 004D","E01029546","Total",871,76,158,517,120,459,24,31,303,101,412,52,127,214,19
"2011","Newcastle-under-Lyme 004E","E01029596","Total",456,33,100,268,55,245,5,23,170,47,211,28,77,98,8
"2011","Newcastle-under-Lyme 005A","E01029532","Total",755,69,136,444,106,398,25,39,257,77,357,44,97,187,29
"2011","Newcastle-under-Lyme 005B","E01029533","Total",758,61,134,468,95,401,13,31,281,76,357,48,103,187,19
"2011","Newcastle-under-Lyme 005C","E01029534","Total",783,79,142,481,81,411,23,30,300,58,372,56,112,181,23
"2011","Newcastle-under-Lyme 005D","E01029535","Total",621,44,114,401,62,315,9,17,238,51,306,35,97,163,11
"2011","Newcastle-under-Lyme 005E","E01029556","Total",1216,99,256,699,162,649,30,60,428,131,567,69,196,271,31
"2011","Newcastle-under-Lyme 006A","E01029537","Total",724,53,151,445,75,393,15,40,282,56,331,38,111,163,19
"2011","Newcastle-under-Lyme 006B","E01029538","Total",677,66,132,412,67,355,23,33,243,56,322,43,99,169,11
"2011","Newcastle-under-Lyme 006C","E01029539","Total",740,59,152,452,77,404,17,39,282,66,336,42,113,170,11
"2011","Newcastle-under-Lyme 006D","E01029552","Total",717,69,154,424,70,387,23,36,273,55,330,46,118,151,15
"2011","Newcastle-under-Lyme 006E","E01029558","Total",673,69,147,406,51,341,21,29,252,39,332,48,118,154,12
"2011","Newcastle-under-Lyme 007A","E01029547","Total",574,45,137,345,47,305,15,36,216,38,269,30,101,129,9
"2011","Newcastle-under-Lyme 007B","E01029548","Total",547,31,133,325,58,295,11,30,205,49,252,20,103,120,9
"2011","Newcastle-under-Lyme 007C","E01029559","Total",760,48,153,496,63,419,13,37,317,52,341,35,116,179,11
"2011","Newcastle-under-Lyme 007D","E01029560","Total",649,49,152,386,62,332,14,24,239,55,317,35,128,147,7
"2011","Newcastle-under-Lyme 007E","E01029568","Total",610,64,136,354,56,326,13,30,242,41,284,51,106,112,15
"2011","Newcastle-under-Lyme 008A","E01029583","Total",733,63,125,471,74,388,22,28,279,59,345,41,97,192,15
"2011","Newcastle-under-Lyme 008B","E01029584","Total",600,45,107,391,57,314,9,22,237,46,286,36,85,154,11
"2011","Newcastle-under-Lyme 008C","E01029585","Total",783,73,134,485,91,434,30,38,292,74,349,43,96,193,17
"2011","Newcastle-under-Lyme 008D","E01029609","Total",890,53,168,581,88,458,15,44,337,62,432,38,124,244,26
"2011","Newcastle-under-Lyme 008E","E01029611","Total",816,72,158,504,82,408,26,40,281,61,408,46,118,223,21
"2011","Newcastle-under-Lyme 009A","E01029577","Total",809,58,171,496,84,435,26,47,297,65,374,32,124,199,19
"2011","Newcastle-under-Lyme 009B","E01029579","Total",864,66,156,559,83,440,14,33,324,69,424,52,123,235,14
"2011","Newcastle-under-Lyme 009C","E01029580","Total",770,71,157,467,75,404,23,33,290,58,366,48,124,177,17
"2011","Newcastle-under-Lyme 009D","E01029610","Total",745,72,138,444,91,395,26,31,273,65,350,46,107,171,26
"2011","Newcastle-under-Lyme 009E","E01029612","Total",586,64,107,340,75,308,24,21,205,58,278,40,86,135,17
"2011","Newcastle-under-Lyme 010A","E01029553","Total",590,62,126,350,52,301,17,30,215,39,289,45,96,135,13
"2011","Newcastle-under-Lyme 010B","E01029554","Total",395,37,89,230,39,222,12,28,146,36,173,25,61,84,3
"2011","Newcastle-under-Lyme 010C","E01029566","Total",440,37,136,240,27,225,12,28,162,23,215,25,108,78,4
"2011","Newcastle-under-Lyme 010D","E01029567","Total",776,50,169,472,85,411,18,39,286,68,365,32,130,186,17
"2011","Newcastle-under-Lyme 010E","E01029598","Total",738,67,169,423,79,345,24,30,236,55,393,43,139,187,24
"2011","Newcastle-under-Lyme 010F","E01029599","Total",589,55,118,364,52,303,21,35,210,37,286,34,83,154,15
"2011","Newcastle-under-Lyme 011A","E01029555","Total",789,95,174,446,74,401,29,46,271,55,388,66,128,175,19
"2011","Newcastle-under-Lyme 011B","E01029578","Total",737,63,137,449,88,409,16,37,295,61,328,47,100,154,27
"2011","Newcastle-under-Lyme 011C","E01029602","Total",832,100,127,537,68,455,39,43,317,56,377,61,84,220,12
"2011","Newcastle-under-Lyme 011D","E01029603","Total",654,76,119,395,64,364,35,33,246,50,290,41,86,149,14
"2011","Newcastle-under-Lyme 011E","E01029604","Total",692,67,115,449,61,375,32,35,265,43,317,35,80,184,18
"2011","Newcastle-under-Lyme 012A","E01029576","Total",1167,486,183,365,133,556,184,65,211,96,611,302,118,154,37
"2011","Newcastle-under-Lyme 012B","E01029593","Total",710,68,154,401,87,371,18,36,249,68,339,50,118,152,19
"2011","Newcastle-under-Lyme 012C","E01029594","Total",879,65,199,527,88,460,17,44,331,68,419,48,155,196,20
"2011","Newcastle-under-Lyme 013A","E01029557","Total",620,76,111,333,100,330,29,33,194,74,290,47,78,139,26
"2011","Newcastle-under-Lyme 013B","E01029573","Total",735,70,140,401,124,382,29,27,235,91,353,41,113,166,33
"2011","Newcastle-under-Lyme 013C","E01029574","Total",637,60,135,338,104,337,17,33,215,72,300,43,102,123,32
"2011","Newcastle-under-Lyme 013D","E01029575","Total",486,53,96,270,67,252,19,19,165,49,234,34,77,105,18
"2011","Newcastle-under-Lyme 014A","E01029549","Total",674,50,159,400,65,387,21,50,263,53,287,29,109,137,12
"2011","Newcastle-under-Lyme 014B","E01029551","Total",845,69,172,513,91,440,23,38,313,66,405,46,134,200,25
"2011","Newcastle-under-Lyme 014C","E01029591","Total",605,61,149,340,55,301,13,30,212,46,304,48,119,128,9
"2011","Newcastle-under-Lyme 014D","E01029600","Total",651,69,131,381,70,350,30,28,240,52,301,39,103,141,18
"2011","Newcastle-under-Lyme 014E","E01029605","Total",619,70,116,338,95,319,27,27,196,69,300,43,89,142,26
"2011","Newcastle-under-Lyme 014F","E01029607","Total",622,59,136,368,59,314,17,25,226,46,308,42,111,142,13
"2011","Newcastle-under-Lyme 015B","E01029589","Total",644,64,115,383,82,342,16,32,232,62,302,48,83,151,20
"2011","Newcastle-under-Lyme 015C","E01029590","Total",613,65,137,343,68,325,21,42,208,54,288,44,95,135,14
"2011","Newcastle-under-Lyme 015E","E01029601","Total",610,76,108,337,89,315,26,29,195,65,295,50,79,142,24
"2011","Newcastle-under-Lyme 015F","E01029606","Total",767,94,155,413,105,399,24,28,273,74,368,70,127,140,31
"2011","Newcastle-under-Lyme 015G","E01029608","Total",622,71,122,324,105,327,21,27,195,84,295,50,95,129,21
"2011","Newcastle-under-Lyme 015H","E01033257","Total",1343,110,282,784,167,689,47,64,442,136,654,63,218,342,31
"2011","Newcastle-under-Lyme 016A","E01029569","Total",693,76,111,345,161,384,24,25,211,124,309,52,86,134,37
"2011","Newcastle-under-Lyme 016B","E01029570","Total",1171,132,234,547,258,640,39,67,334,200,531,93,167,213,58
"2011","Newcastle-under-Lyme 016C","E01029571","Total",634,66,120,323,125,341,22,36,190,93,293,44,84,133,32
"2011","Newcastle-under-Lyme 016D","E01029572","Total",820,85,155,423,157,433,19,36,244,134,387,66,119,179,23
"2011","South Staffordshire 001A","E01029655","Total",933,116,189,484,144,501,34,38,313,116,432,82,151,171,28
"2011","South Staffordshire 001B","E01029656","Total",913,92,163,473,185,508,29,47,280,152,405,63,116,193,33
"2011","South Staffordshire 001C","E01029657","Total",1045,107,221,562,155,524,29,43,331,121,521,78,178,231,34
"2011","South Staffordshire 001D","E01029658","Total",584,70,124,310,80,294,18,29,187,60,290,52,95,123,20
"2011","South Staffordshire 001E","E01029659","Total",680,69,147,379,85,345,19,35,222,69,335,50,112,157,16
"2011","South Staffordshire 001F","E01029660","Total",1059,101,224,563,171,575,29,53,367,126,484,72,171,196,45
"2011","South Staffordshire 002A","E01029621","Total",788,88,141,442,117,409,23,29,260,97,379,65,112,182,20
"2011","South Staffordshire 002B","E01029646","Total",697,63,143,380,111,380,20,24,248,88,317,43,119,132,23
"2011","South Staffordshire 002C","E01029647","Total",1198,91,209,693,205,618,19,35,407,157,580,72,174,286,48
"2011","South Staffordshire 002D","E01029648","Total",666,71,115,395,85,359,21,26,250,62,307,50,89,145,23
"2011","South Staffordshire 003A","E01029617","Total",799,84,160,409,146,428,20,35,253,120,371,64,125,156,26
"2011","South Staffordshire 003B","E01029618","Total",708,77,139,388,104,353,17,32,234,70,355,60,107,154,34
"2011","South Staffordshire 003C","E01029668","Total",612,51,118,325,118,336,14,40,194,88,276,37,78,131,30
"2011","South Staffordshire 003D","E01029669","Total",589,54,119,322,94,304,14,38,187,65,285,40,81,135,29
"2011","South Staffordshire 003E","E01029670","Total",851,76,168,435,172,460,25,33,270,132,391,51,135,165,40
"2011","South Staffordshire 004A","E01029620","Total",636,70,137,372,57,329,10,39,234,46,307,60,98,138,11
"2011","South Staffordshire 004B","E01029622","Total",765,70,150,465,80,405,12,29,294,70,360,58,121,171,10
"2011","South Staffordshire 004C","E01029623","Total",616,58,120,354,84,331,17,26,226,62,285,41,94,128,22
"2011","South Staffordshire 004D","E01029624","Total",871,81,164,521,105,441,28,25,297,91,430,53,139,224,14
"2011","South Staffordshire 004E","E01029625","Total",517,50,104,303,60,283,14,15,209,45,234,36,89,94,15
"2011","South Staffordshire 004F","E01029641","Total",926,86,160,576,104,492,21,34,346,91,434,65,126,230,13
"2011","South Staffordshire 004G","E01029642","Total",688,60,163,359,106,366,14,38,230,84,322,46,125,129,22
"2011","South Staffordshire 005A","E01029638","Total",904,88,169,521,126,496,26,40,326,104,408,62,129,195,22
"2011","South Staffordshire 005B","E01029639","Total",742,84,159,398,101,384,21,35,246,82,358,63,124,152,19
"2011","South Staffordshire 005C","E01029640","Total",808,62,161,491,94,411,13,26,297,75,397,49,135,194,19
"2011","South Staffordshire 005D","E01029643","Total",586,61,115,317,93,314,14,20,206,74,272,47,95,111,19
"2011","South Staffordshire 005E","E01029644","Total",694,64,152,405,73,363,8,33,257,65,331,56,119,148,8
"2011","South Staffordshire 006A","E01029616","Total",737,61,159,432,85,377,13,37,257,70,360,48,122,175,15
"2011","South Staffordshire 006B","E01029619","Total",940,101,187,544,108,485,21,41,332,91,455,80,146,212,17
"2011","South Staffordshire 006C","E01029636","Total",777,55,155,480,87,412,12,43,285,72,365,43,112,195,15
"2011","South Staffordshire 006D","E01029637","Total",1130,99,229,660,142,641,38,87,398,118,489,61,142,262,24
"2011","South Staffordshire 007A","E01029632","Total",896,88,166,512,130,464,29,38,302,95,432,59,128,210,35
"2011","South Staffordshire 007B","E01029633","Total",891,91,178,502,120,462,16,33,316,97,429,75,145,186,23
"2011","South Staffordshire 007C","E01029634","Total",657,72,126,397,62,336,16,24,251,45,321,56,102,146,17
"2011","South Staffordshire 007D","E01029635","Total",788,69,144,497,78,421,20,22,315,64,367,49,122,182,14
"2011","South Staffordshire 008A","E01029613","Total",672,60,137,408,67,360,24,27,255,54,312,36,110,153,13
"2011","South Staffordshire 008B","E01029614","Total",833,77,195,480,81,426,21,41,300,64,407,56,154,180,17
"2011","South Staffordshire 008C","E01029615","Total",494,51,113,286,44,240,12,30,169,29,254,39,83,117,15
"2011","South Staffordshire 008D","E01029627","Total",584,67,115,347,55,299,17,36,206,40,285,50,79,141,15
"2011","South Staffordshire 009A","E01029626","Total",701,77,135,376,113,365,27,32,228,78,336,50,103,148,35
"2011","South Staffordshire 009B","E01029628","Total",556,63,115,314,64,288,18,20,198,52,268,45,95,116,12
"2011","South Staffordshire 009C","E01029629","Total",568,68,123,291,86,301,26,27,178,70,267,42,96,113,16
"2011","South Staffordshire 009D","E01029630","Total",652,65,120,355,112,363,22,31,224,86,289,43,89,131,26
"2011","South Staffordshire 009E","E01029631","Total",762,66,142,462,92,394,15,40,269,70,368,51,102,193,22
"2011","South Staffordshire 010A","E01029654","Total",1144,124,220,634,166,616,38,48,393,137,528,86,172,241,29
"2011","South Staffordshire 010B","E01029661","Total",1121,108,234,665,114,578,37,51,403,87,543,71,183,262,27
"2011","South Staffordshire 010C","E01029663","Total",874,87,142,526,119,448,21,25,316,86,426,66,117,210,33
"2011","South Staffordshire 010D","E01029665","Total",1050,65,210,634,141,549,20,39,368,122,501,45,171,266,19
"2011","South Staffordshire 011A","E01029662","Total",1289,124,254,772,139,662,35,53,471,103,627,89,201,301,36
"2011","South Staffordshire 011B","E01029664","Total",916,76,178,549,113,478,26,36,320,96,438,50,142,229,17
"2011","South Staffordshire 011C","E01029666","Total",727,63,166,433,65,367,26,44,249,48,360,37,122,184,17
"2011","South Staffordshire 012A","E01029671","Total",629,55,124,354,96,328,15,23,210,80,301,40,101,144,16
"2011","South Staffordshire 012B","E01029673","Total",760,77,144,449,90,394,20,29,278,67,366,57,115,171,23
"2011","South Staffordshire 012C","E01029676","Total",456,53,96,252,55,241,14,23,163,41,215,39,73,89,14
"2011","South Staffordshire 012D","E01029679","Total",602,61,117,368,56,295,17,22,216,40,307,44,95,152,16
"2011","South Staffordshire 012E","E01029680","Total",789,80,180,427,102,406,28,33,265,80,383,52,147,162,22
"2011","South Staffordshire 013A","E01029645","Total",869,98,169,462,140,470,31,48,288,103,399,67,121,174,37
"2011","South Staffordshire 013B","E01029667","Total",1075,108,233,511,223,576,32,60,314,170,499,76,173,197,53
"2011","South Staffordshire 013C","E01029672","Total",825,91,144,419,171,453,24,41,256,132,372,67,103,163,39
"2011","South Staffordshire 013D","E01029674","Total",987,91,188,540,168,528,22,39,328,139,459,69,149,212,29
"2011","South Staffordshire 013E","E01029675","Total",593,73,119,335,66,316,19,27,214,56,277,54,92,121,10
"2011","South Staffordshire 013F","E01029677","Total",645,70,123,376,76,349,18,27,242,62,296,52,96,134,14
"2011","South Staffordshire 013G","E01029678","Total",1019,83,188,602,146,540,25,36,357,122,479,58,152,245,24
"2011","South Staffordshire 014A","E01029649","Total",512,52,105,270,85,262,13,29,157,63,250,39,76,113,22
"2011","South Staffordshire 014B","E01029650","Total",741,71,155,389,126,392,19,31,238,104,349,52,124,151,22
"2011","South Staffordshire 014C","E01029651","Total",702,95,156,344,107,358,30,39,203,86,344,65,117,141,21
"2011","South Staffordshire 014D","E01029652","Total",911,118,171,469,153,473,37,29,289,118,438,81,142,180,35
"2011","South Staffordshire 014E","E01029653","Total",579,59,136,307,77,297,15,30,191,61,282,44,106,116,16
"2011","Stafford 001A","E01029702","Total",653,68,142,347,96,338,22,45,196,75,315,46,97,151,21
"2011","Stafford 001B","E01029703","Total",800,74,157,406,163,423,22,45,235,121,377,52,112,171,42
"2011","Stafford 001C","E01029704","Total",624,56,110,371,87,328,15,31,212,70,296,41,79,159,17
"2011","Stafford 001D","E01029705","Total",631,58,131,350,92,317,13,29,204,71,314,45,102,146,21
"2011","Stafford 002A","E01029681","Total",569,53,111,311,94,301,13,29,184,75,268,40,82,127,19
"2011","Stafford 002B","E01029682","Total",707,88,127,382,110,392,30,33,243,86,315,58,94,139,24
"2011","Stafford 002C","E01029683","Total",620,65,128,298,129,317,12,37,166,102,303,53,91,132,27
"2011","Stafford 002D","E01029748","Total",719,68,157,354,140,377,19,37,213,108,342,49,120,141,32
"2011","Stafford 002E","E01029749","Total",784,94,148,390,152,421,26,44,227,124,363,68,104,163,28
"2011","Stafford 003A","E01029740","Total",739,71,158,426,84,377,26,31,257,63,362,45,127,169,21
"2011","Stafford 003B","E01029744","Total",1297,122,230,730,215,670,42,46,420,162,627,80,184,310,53
"2011","Stafford 003C","E01029745","Total",780,71,140,461,108,436,26,40,283,87,344,45,100,178,21
"2011","Stafford 003D","E01029746","Total",737,68,141,425,103,399,27,31,251,90,338,41,110,174,13
"2011","Stafford 003E","E01029753","Total",549,40,117,324,68,290,10,31,197,52,259,30,86,127,16
"2011","Stafford 003F","E01029756","Total",933,69,186,580,98,495,23,41,354,77,438,46,145,226,21
"2011","Stafford 004A","E01029733","Total",1028,110,215,449,254,568,29,56,279,204,460,81,159,170,50
"2011","Stafford 004B","E01029739","Total",910,91,179,484,156,458,26,37,278,117,452,65,142,206,39
"2011","Stafford 004C","E01029741","Total",978,84,177,584,133,498,22,40,337,99,480,62,137,247,34
"2011","Stafford 004D","E01029754","Total",670,61,131,392,86,353,17,26,246,64,317,44,105,146,22
"2011","Stafford 004E","E01029755","Total",679,86,129,376,88,357,29,35,224,69,322,57,94,152,19
"2011","Stafford 005A","E01029695","Total",967,108,172,508,179,510,34,43,290,143,457,74,129,218,36
"2011","Stafford 005B","E01029696","Total",779,78,138,377,186,440,21,40,230,149,339,57,98,147,37
"2011","Stafford 005C","E01029697","Total",787,78,142,374,193,401,26,25,208,142,386,52,117,166,51
"2011","Stafford 005D","E01029698","Total",796,81,146,416,153,418,30,27,247,114,378,51,119,169,39
"2011","Stafford 005E","E01029747","Total",773,73,142,426,132,408,25,31,249,103,365,48,111,177,29
"2011","Stafford 006A","E01029690","Total",851,89,158,513,91,425,23,27,305,70,426,66,131,208,21
"2011","Stafford 006B","E01029718","Total",1040,74,226,636,104,558,24,59,385,90,482,50,167,251,14
"2011","Stafford 006C","E01029743","Total",700,64,123,368,145,371,19,35,202,115,329,45,88,166,30
"2011","Stafford 006D","E01029751","Total",695,73,137,412,73,374,30,39,242,63,321,43,98,170,10
"2011","Stafford 007A","E01029719","Total",714,55,163,427,69,387,18,42,271,56,327,37,121,156,13
"2011","Stafford 007B","E01029720","Total",737,66,164,433,74,370,24,32,250,64,367,42,132,183,10
"2011","Stafford 007C","E01029721","Total",818,68,159,497,94,407,20,31,279,77,411,48,128,218,17
"2011","Stafford 007D","E01029750","Total",757,68,161,457,71,387,22,31,274,60,370,46,130,183,11
"2011","Stafford 007E","E01029752","Total",537,50,138,296,53,262,6,33,183,40,275,44,105,113,13
"2011","Stafford 008A","E01029687","Total",971,114,157,489,211,518,42,34,284,158,453,72,123,205,53
"2011","Stafford 008B","E01029710","Total",721,66,142,397,116,392,23,39,245,85,329,43,103,152,31
"2011","Stafford 008C","E01029711","Total",819,79,154,420,166,429,25,31,242,131,390,54,123,178,35
"2011","Stafford 008D","E01029712","Total",996,80,173,588,155,521,22,40,342,117,475,58,133,246,38
"2011","Stafford 008E","E01029713","Total",755,81,160,408,106,389,18,35,252,84,366,63,125,156,22
"2011","Stafford 009A","E01029692","Total",725,64,151,448,62,378,19,46,262,51,347,45,105,186,11
"2011","Stafford 009B","E01029693","Total",756,106,126,437,87,439,57,32,277,73,317,49,94,160,14
"2011","Stafford 009C","E01029722","Total",852,113,160,482,97,444,52,44,274,74,408,61,116,208,23
"2011","Stafford 009D","E01029725","Total",806,130,195,408,73,539,93,124,260,62,267,37,71,148,11
"2011","Stafford 010A","E01029689","Total",1010,77,145,667,121,546,33,45,368,100,464,44,100,299,21
"2011","Stafford 010B","E01029691","Total",586,43,114,364,65,330,21,41,219,49,256,22,73,145,16
"2011","Stafford 010C","E01029694","Total",834,78,139,507,110,459,38,41,298,82,375,40,98,209,28
"2011","Stafford 010D","E01029699","Total",1021,91,186,632,112,550,43,51,372,84,471,48,135,260,28
"2011","Stafford 010E","E01029701","Total",1056,76,153,697,130,635,40,65,437,93,421,36,88,260,37
"2011","Stafford 011A","E01029686","Total",707,68,128,417,94,385,21,25,255,84,322,47,103,162,10
"2011","Stafford 011B","E01029700","Total",761,65,127,474,95,384,22,30,263,69,377,43,97,211,26
"2011","Stafford 011C","E01029723","Total",845,75,169,525,76,467,23,44,336,64,378,52,125,189,12
"2011","Stafford 011D","E01029724","Total",955,95,175,597,88,489,38,29,357,65,466,57,146,240,23
"2011","Stafford 011E","E01029732","Total",1218,139,178,560,341,791,69,52,380,290,427,70,126,180,51
"2011","Stafford 012A","E01029714","Total",946,77,150,606,113,479,21,28,337,93,467,56,122,269,20
"2011","Stafford 012B","E01029736","Total",870,71,154,500,145,460,28,28,295,109,410,43,126,205,36
"2011","Stafford 012C","E01029737","Total",731,76,152,410,93,389,25,36,256,72,342,51,116,154,21
"2011","Stafford 012D","E01029738","Total",705,56,121,414,114,380,17,26,256,81,325,39,95,158,33
"2011","Stafford 012E","E01029742","Total",994,86,197,504,207,546,28,54,302,162,448,58,143,202,45
"2011","Stafford 013A","E01029715","Total",863,79,170,545,69,425,22,32,313,58,438,57,138,232,11
"2011","Stafford 013B","E01029716","Total",649,49,159,379,62,344,15,45,231,53,305,34,114,148,9
"2011","Stafford 013C","E01029717","Total",669,75,189,341,64,330,25,48,207,50,339,50,141,134,14
"2011","Stafford 013D","E01029727","Total",609,76,130,337,66,323,25,26,214,58,286,51,104,123,8
"2011","Stafford 013E","E01029728","Total",670,66,155,379,70,347,22,30,235,60,323,44,125,144,10
"2011","Stafford 014A","E01029684","Total",744,91,128,426,99,381,29,24,253,75,363,62,104,173,24
"2011","Stafford 014B","E01029685","Total",677,81,136,376,84,339,29,19,220,71,338,52,117,156,13
"2011","Stafford 014C","E01029730","Total",504,54,88,268,94,263,11,15,158,79,241,43,73,110,15
"2011","Stafford 014D","E01029731","Total",817,125,166,435,91,412,40,36,264,72,405,85,130,171,19
"2011","Stafford 014E","E01029757","Total",855,89,163,502,101,431,30,25,296,80,424,59,138,206,21
"2011","Stafford 014F","E01029758","Total",740,83,161,394,102,365,26,33,225,81,375,57,128,169,21
"2011","Stafford 014G","E01029759","Total",870,95,184,494,97,454,37,38,304,75,416,58,146,190,22
"2011","Stafford 014H","E01029760","Total",688,101,135,364,88,354,29,31,228,66,334,72,104,136,22
"2011","Stafford 015A","E01029688","Total",1114,125,221,534,234,622,39,58,334,191,492,86,163,200,43
"2011","Stafford 015B","E01029706","Total",826,75,155,424,172,437,18,37,251,131,389,57,118,173,41
"2011","Stafford 015C","E01029707","Total",674,63,130,379,102,365,18,31,235,81,309,45,99,144,21
"2011","Stafford 015D","E01029708","Total",1029,95,209,507,218,549,29,44,301,175,480,66,165,206,43
"2011","Stafford 015E","E01029709","Total",760,63,161,418,118,400,21,35,248,96,360,42,126,170,22
"2011","Stafford 016A","E01029726","Total",804,61,167,480,96,423,17,37,295,74,381,44,130,185,22
"2011","Stafford 016B","E01029729","Total",827,74,154,501,98,441,24,46,287,84,386,50,108,214,14
"2011","Stafford 016C","E01029734","Total",916,79,206,531,100,485,27,48,337,73,431,52,158,194,27
"2011","Stafford 016D","E01029735","Total",1191,112,216,691,172,636,38,49,407,142,555,74,167,284,30
"2011","Staffordshire Moorlands 001A","E01029797","Total",856,81,173,371,231,468,22,43,232,171,388,59,130,139,60
"2011","Staffordshire Moorlands 001B","E01029806","Total",710,92,159,382,77,367,24,45,242,56,343,68,114,140,21
"2011","Staffordshire Moorlands 001C","E01029808","Total",646,53,142,373,78,338,9,34,233,62,308,44,108,140,16
"2011","Staffordshire Moorlands 001D","E01029809","Total",622,62,154,346,60,311,15,35,210,51,311,47,119,136,9
"2011","Staffordshire Moorlands 001E","E01029810","Total",569,48,128,328,65,296,11,24,203,58,273,37,104,125,7
"2011","Staffordshire Moorlands 002A","E01029767","Total",859,88,155,463,153,466,24,41,287,114,393,64,114,176,39
"2011","Staffordshire Moorlands 002B","E01029769","Total",757,67,148,424,118,411,16,41,254,100,346,51,107,170,18
"2011","Staffordshire Moorlands 002C","E01029770","Total",1030,96,220,598,116,559,34,39,395,91,471,62,181,203,25
"2011","Staffordshire Moorlands 002D","E01029802","Total",952,99,198,423,232,516,20,57,253,186,436,79,141,170,46
"2011","Staffordshire Moorlands 003A","E01029763","Total",624,49,138,370,67,329,11,24,236,58,295,38,114,134,9
"2011","Staffordshire Moorlands 003B","E01029764","Total",965,80,179,584,122,486,16,26,348,96,479,64,153,236,26
"2011","Staffordshire Moorlands 003C","E01029765","Total",552,55,124,317,56,286,15,18,202,51,266,40,106,115,5
"2011","Staffordshire Moorlands 003D","E01029766","Total",669,60,136,402,71,344,14,24,248,58,325,46,112,154,13
"2011","Staffordshire Moorlands 003E","E01029774","Total",995,64,174,635,122,524,14,47,363,100,471,50,127,272,22
"2011","Staffordshire Moorlands 004A","E01029768","Total",639,68,148,360,63,334,18,29,236,51,305,50,119,124,12
"2011","Staffordshire Moorlands 004B","E01029771","Total",668,67,134,383,84,341,18,29,229,65,327,49,105,154,19
"2011","Staffordshire Moorlands 004C","E01029772","Total",890,69,185,544,92,482,22,40,347,73,408,47,145,197,19
"2011","Staffordshire Moorlands 004D","E01029773","Total",738,81,133,410,114,382,16,33,249,84,356,65,100,161,30
"2011","Staffordshire Moorlands 005A","E01029804","Total",937,59,183,574,121,488,18,50,334,86,449,41,133,240,35
"2011","Staffordshire Moorlands 005B","E01029807","Total",512,44,97,296,75,263,16,16,178,53,249,28,81,118,22
"2011","Staffordshire Moorlands 005C","E01029811","Total",720,80,158,408,74,371,23,43,243,62,349,57,115,165,12
"2011","Staffordshire Moorlands 005D","E01029812","Total",1008,83,170,660,95,539,22,54,386,77,469,61,116,274,18
"2011","Staffordshire Moorlands 005E","E01029814","Total",927,62,169,580,116,486,15,34,345,92,441,47,135,235,24
"2011","Staffordshire Moorlands 006A","E01029792","Total",1269,107,227,727,208,683,23,53,436,171,586,84,174,291,37
"2011","Staffordshire Moorlands 006B","E01029793","Total",806,80,171,447,108,426,20,39,282,85,380,60,132,165,23
"2011","Staffordshire Moorlands 006C","E01029805","Total",773,80,160,432,101,387,25,26,259,77,386,55,134,173,24
"2011","Staffordshire Moorlands 006D","E01029813","Total",1077,89,215,627,146,580,32,45,380,123,497,57,170,247,23
"2011","Staffordshire Moorlands 006E","E01029815","Total",723,76,157,412,78,380,24,39,255,62,343,52,118,157,16
"2011","Staffordshire Moorlands 006F","E01029816","Total",701,83,150,386,82,365,25,37,240,63,336,58,113,146,19
"2011","Staffordshire Moorlands 007A","E01029801","Total",966,97,188,465,216,516,22,51,272,171,450,75,137,193,45
"2011","Staffordshire Moorlands 007B","E01029803","Total",935,82,167,461,225,493,31,41,262,159,442,51,126,199,66
"2011","Staffordshire Moorlands 007C","E01029817","Total",1026,106,181,447,292,558,23,47,270,218,468,83,134,177,74
"2011","Staffordshire Moorlands 008A","E01029762","Total",793,90,163,395,145,421,24,40,244,113,372,66,123,151,32
"2011","Staffordshire Moorlands 008B","E01029775","Total",694,80,143,381,90,379,25,51,229,74,315,55,92,152,16
"2011","Staffordshire Moorlands 008C","E01029776","Total",857,104,179,436,138,443,25,50,260,108,414,79,129,176,30
"2011","Staffordshire Moorlands 008D","E01029777","Total",695,92,147,386,70,363,31,39,244,49,332,61,108,142,21
"2011","Staffordshire Moorlands 009A","E01029779","Total",749,76,151,431,91,386,20,38,256,72,363,56,113,175,19
"2011","Staffordshire Moorlands 009B","E01029780","Total",734,64,157,415,98,379,22,30,247,80,355,42,127,168,18
"2011","Staffordshire Moorlands 009C","E01029794","Total",734,71,160,368,135,390,28,39,214,109,344,43,121,154,26
"2011","Staffordshire Moorlands 009D","E01029818","Total",816,82,168,462,104,421,21,36,284,80,395,61,132,178,24
"2011","Staffordshire Moorlands 009E","E01029819","Total",829,70,169,486,104,438,23,30,299,86,391,47,139,187,18
"2011","Staffordshire Moorlands 010A","E01029761","Total",671,64,127,332,148,356,14,20,218,104,315,50,107,114,44
"2011","Staffordshire Moorlands 010B","E01029782","Total",900,91,169,524,116,492,21,32,341,98,408,70,137,183,18
"2011","Staffordshire Moorlands 010C","E01029795","Total",858,80,157,472,149,461,23,26,291,121,397,57,131,181,28
"2011","Staffordshire Moorlands 010D","E01029796","Total",760,73,141,437,109,400,24,32,255,89,360,49,109,182,20
"2011","Staffordshire Moorlands 011A","E01029781","Total",760,72,146,472,70,416,24,30,303,59,344,48,116,169,11
"2011","Staffordshire Moorlands 011B","E01029783","Total",625,75,136,341,73,321,20,34,202,65,304,55,102,139,8
"2011","Staffordshire Moorlands 011C","E01029786","Total",809,83,138,457,131,428,23,25,275,105,381,60,113,182,26
"2011","Staffordshire Moorlands 011D","E01029787","Total",733,70,126,436,101,391,20,29,258,84,342,50,97,178,17
"2011","Staffordshire Moorlands 012A","E01029778","Total",900,77,183,487,153,489,25,50,297,117,411,52,133,190,36
"2011","Staffordshire Moorlands 012B","E01029789","Total",503,42,90,278,93,278,10,24,167,77,225,32,66,111,16
"2011","Staffordshire Moorlands 012C","E01029798","Total",817,61,176,483,97,435,14,44,307,70,382,47,132,176,27
"2011","Staffordshire Moorlands 012D","E01029799","Total",894,74,171,529,120,486,24,41,321,100,408,50,130,208,20
"2011","Staffordshire Moorlands 012E","E01029800","Total",813,63,146,472,132,422,14,30,273,105,391,49,116,199,27
"2011","Staffordshire Moorlands 013A","E01029784","Total",1064,108,199,599,158,571,29,38,379,125,493,79,161,220,33
"2011","Staffordshire Moorlands 013B","E01029785","Total",958,82,155,580,141,509,23,33,336,117,449,59,122,244,24
"2011","Staffordshire Moorlands 013C","E01029788","Total",727,76,141,380,130,394,21,26,244,103,333,55,115,136,27
"2011","Staffordshire Moorlands 013D","E01029790","Total",965,82,204,532,147,511,25,39,330,117,454,57,165,202,30
"2011","Staffordshire Moorlands 013E","E01029791","Total",812,76,143,466,127,429,21,27,276,105,383,55,116,190,22
"2011","Tamworth 001A","E01029846","Total",582,59,125,332,66,301,17,28,204,52,281,42,97,128,14
"2011","Tamworth 001B","E01029847","Total",737,63,171,407,96,397,16,38,264,79,340,47,133,143,17
"2011","Tamworth 001C","E01029848","Total",631,71,132,352,76,325,19,27,212,67,306,52,105,140,9
"2011","Tamworth 001D","E01029852","Total",703,86,155,357,105,354,27,30,213,84,349,59,125,144,21
"2011","Tamworth 001E","E01029853","Total",765,61,153,453,98,398,18,24,282,74,367,43,129,171,24
"2011","Tamworth 001F","E01029854","Total",737,76,146,414,101,384,16,35,255,78,353,60,111,159,23
"2011","Tamworth 002A","E01029835","Total",630,55,85,400,90,358,18,25,250,65,272,37,60,150,25
"2011","Tamworth 002B","E01029836","Total",642,49,119,374,100,328,14,24,209,81,314,35,95,165,19
"2011","Tamworth 002C","E01029849","Total",544,46,128,299,71,281,11,27,185,58,263,35,101,114,13
"2011","Tamworth 002D","E01029850","Total",576,54,119,353,50,306,12,27,224,43,270,42,92,129,7
"2011","Tamworth 002E","E01029851","Total",1053,89,202,615,147,553,29,44,367,113,500,60,158,248,34
"2011","Tamworth 003A","E01029820","Total",749,72,147,435,95,404,13,36,278,77,345,59,111,157,18
"2011","Tamworth 003B","E01029821","Total",739,67,139,430,103,413,29,37,264,83,326,38,102,166,20
"2011","Tamworth 003C","E01029822","Total",906,87,157,525,137,473,18,23,326,106,433,69,134,199,31
"2011","Tamworth 003D","E01029824","Total",778,61,186,437,94,414,19,51,262,82,364,42,135,175,12
"2011","Tamworth 003E","E01029841","Total",746,72,137,445,92,405,19,30,279,77,341,53,107,166,15
"2011","Tamworth 004A","E01029823","Total",696,76,108,433,79,355,21,23,248,63,341,55,85,185,16
"2011","Tamworth 004B","E01029831","Total",669,46,120,422,81,350,10,30,250,60,319,36,90,172,21
"2011","Tamworth 004C","E01029832","Total",746,61,163,442,80,398,14,35,284,65,348,47,128,158,15
"2011","Tamworth 004D","E01029834","Total",685,75,137,411,62,362,18,29,260,55,323,57,108,151,7
"2011","Tamworth 004E","E01029844","Total",708,57,133,431,87,366,13,28,250,75,342,44,105,181,12
"2011","Tamworth 005A","E01029833","Total",1000,81,162,618,139,517,22,34,357,104,483,59,128,261,35
"2011","Tamworth 005B","E01029837","Total",841,76,140,507,118,444,18,22,310,94,397,58,118,197,24
"2011","Tamworth 005C","E01029838","Total",907,58,153,585,111,495,15,31,354,95,412,43,122,231,16
"2011","Tamworth 005D","E01029839","Total",737,58,127,458,94,396,19,21,281,75,341,39,106,177,19
"2011","Tamworth 006A","E01029825","Total",778,65,165,483,65,405,18,30,304,53,373,47,135,179,12
"2011","Tamworth 006B","E01029826","Total",790,62,163,466,99,443,20,45,295,83,347,42,118,171,16
"2011","Tamworth 006C","E01029827","Total",610,54,128,364,64,330,12,33,234,51,280,42,95,130,13
"2011","Tamworth 006D","E01029828","Total",541,47,128,304,62,279,9,20,200,50,262,38,108,104,12
"2011","Tamworth 006E","E01029830","Total",566,41,108,361,56,288,8,26,209,45,278,33,82,152,11
"2011","Tamworth 007A","E01029840","Total",492,40,124,282,46,279,14,34,192,39,213,26,90,90,7
"2011","Tamworth 007B","E01029842","Total",551,67,103,316,65,282,14,15,196,57,269,53,88,120,8
"2011","Tamworth 007C","E01029843","Total",631,48,142,375,66,340,16,30,238,56,291,32,112,137,10
"2011","Tamworth 007D","E01029845","Total",330,33,69,192,36,175,6,17,121,31,155,27,52,71,5
"2011","Tamworth 007E","E01029859","Total",760,69,165,438,88,404,16,45,266,77,356,53,120,172,11
"2011","Tamworth 008A","E01029855","Total",793,57,153,476,107,400,14,26,280,80,393,43,127,196,27
"2011","Tamworth 008B","E01029856","Total",912,78,135,575,124,472,17,29,322,104,440,61,106,253,20
"2011","Tamworth 008C","E01029857","Total",718,51,130,454,83,400,21,31,277,71,318,30,99,177,12
"2011","Tamworth 008D","E01029858","Total",923,77,170,557,119,486,15,35,337,99,437,62,135,220,20
"2011","Tamworth 008E","E01029865","Total",1018,98,171,595,154,538,24,36,361,117,480,74,135,234,37
"2011","Tamworth 009A","E01029860","Total",780,71,159,457,93,429,22,31,296,80,351,49,128,161,13
"2011","Tamworth 009B","E01029861","Total",639,67,134,367,71,334,17,35,225,57,305,50,99,142,14
"2011","Tamworth 009C","E01029862","Total",813,67,146,506,94,416,16,25,303,72,397,51,121,203,22
"2011","Tamworth 009D","E01029863","Total",968,94,144,608,122,515,27,31,361,96,453,67,113,247,26
"2011","Tamworth 009E","E01029864","Total",891,81,160,523,127,474,20,30,322,102,417,61,130,201,25
"2011","Tamworth 010A","E01029829","Total",1084,82,190,657,155,584,24,35,399,126,500,58,155,258,29
"2011","Tamworth 010C","E01029867","Total",766,60,144,455,107,401,18,35,265,83,365,42,109,190,24
"2011","Tamworth 010D","E01029868","Total",884,71,177,518,118,464,20,42,308,94,420,51,135,210,24
"2011","Tamworth 010E","E01029869","Total",799,68,160,474,97,419,21,29,288,81,380,47,131,186,16
"2011","Tamworth 010F","E01032901","Total",971,56,152,618,145,493,17,25,334,117,478,39,127,284,28
"2011","Tamworth 010G","E01032902","Total",766,49,128,494,95,386,12,19,282,73,380,37,109,212,22
"2011","North Warwickshire 001A","E01031035","Total",970,95,190,538,147,512,16,47,329,120,458,79,143,209,27
"2011","North Warwickshire 001B","E01031036","Total",780,82,147,398,153,402,24,34,230,114,378,58,113,168,39
"2011","North Warwickshire 001C","E01031037","Total",697,59,126,426,86,365,13,34,253,65,332,46,92,173,21
"2011","North Warwickshire 001D","E01031038","Total",981,112,200,542,127,516,29,31,354,102,465,83,169,188,25
"2011","North Warwickshire 001E","E01031039","Total",897,109,167,534,87,464,24,38,330,72,433,85,129,204,15
"2011","North Warwickshire 001F","E01031040","Total",1009,64,195,607,143,520,14,34,369,103,489,50,161,238,40
"2011","North Warwickshire 002A","E01031016","Total",677,41,140,390,106,360,14,21,241,84,317,27,119,149,22
"2011","North Warwickshire 002B","E01031025","Total",811,66,158,468,119,441,15,36,292,98,370,51,122,176,21
"2011","North Warwickshire 002C","E01031026","Total",777,60,165,461,91,416,17,38,293,68,361,43,127,168,23
"2011","North Warwickshire 002D","E01031031","Total",1319,116,248,777,178,723,36,51,485,151,596,80,197,292,27
"2011","North Warwickshire 002E","E01031032","Total",608,32,134,358,84,326,13,29,218,66,282,19,105,140,18
"2011","North Warwickshire 003A","E01031009","Total",1164,85,205,727,147,616,26,45,441,104,548,59,160,286,43
"2011","North Warwickshire 003B","E01031010","Total",810,50,150,512,98,448,16,41,317,74,362,34,109,195,24
"2011","North Warwickshire 003C","E01031011","Total",999,68,206,579,146,532,16,41,360,115,467,52,165,219,31
"2011","North Warwickshire 003D","E01031012","Total",577,51,125,336,65,302,8,33,205,56,275,43,92,131,9
"2011","North Warwickshire 003E","E01031013","Total",533,44,99,328,62,282,11,20,208,43,251,33,79,120,19
"2011","North Warwickshire 003F","E01031014","Total",600,49,107,349,95,327,15,22,216,74,273,34,85,133,21
"2011","North Warwickshire 003G","E01031015","Total",549,46,112,317,74,298,13,27,201,57,251,33,85,116,17
"2011","North Warwickshire 004A","E01031023","Total",795,94,138,423,140,433,23,37,265,108,362,71,101,158,32
"2011","North Warwickshire 004B","E01031024","Total",921,88,176,453,204,502,23,49,270,160,419,65,127,183,44
"2011","North Warwickshire 004C","E01031033","Total",854,81,160,514,99,450,17,32,314,87,404,64,128,200,12
"2011","North Warwickshire 004D","E01031034","Total",1063,83,192,652,136,553,15,40,391,107,510,68,152,261,29
"2011","North Warwickshire 005A","E01031005","Total",669,70,126,382,91,349,23,29,230,67,320,47,97,152,24
"2011","North Warwickshire 005B","E01031008","Total",653,55,138,377,83,355,20,31,238,66,298,35,107,139,17
"2011","North Warwickshire 005C","E01031017","Total",663,64,131,374,94,357,13,23,242,79,306,51,108,132,15
"2011","North Warwickshire 005D","E01031018","Total",584,48,109,332,95,315,9,27,198,81,269,39,82,134,14
"2011","North Warwickshire 005E","E01031029","Total",755,65,156,428,106,381,17,26,256,82,374,48,130,172,24
"2011","North Warwickshire 005F","E01031030","Total",1097,89,227,622,159,554,14,44,375,121,543,75,183,247,38
"2011","North Warwickshire 006A","E01031019","Total",973,79,182,609,103,481,22,35,347,77,492,57,147,262,26
"2011","North Warwickshire 006B","E01031020","Total",863,74,128,529,132,432,18,34,284,96,431,56,94,245,36
"2011","North Warwickshire 006C","E01031021","Total",797,66,130,493,108,402,14,35,274,79,395,52,95,219,29
"2011","North Warwickshire 006D","E01031022","Total",811,70,139,488,114,416,11,36,287,82,395,59,103,201,32
"2011","North Warwickshire 006E","E01031041","Total",953,66,154,599,134,489,18,40,340,91,464,48,114,259,43
"2011","North Warwickshire 006F","E01031042","Total",907,79,186,520,122,469,24,35,324,86,438,55,151,196,36
"2011","North Warwickshire 007A","E01031006","Total",730,57,160,405,108,393,23,41,246,83,337,34,119,159,25
"2011","North Warwickshire 007B","E01031007","Total",684,53,140,356,135,370,20,33,216,101,314,33,107,140,34
"2011","North Warwickshire 007C","E01031027","Total",748,81,118,404,145,401,29,33,229,110,347,52,85,175,35
"2011","North Warwickshire 007D","E01031028","Total",980,96,178,499,207,523,29,44,294,156,457,67,134,205,51
"2011","Nuneaton and Bedworth 001A","E01031110","Total",695,82,131,389,93,369,26,26,247,70,326,56,105,142,23
"2011","Nuneaton and Bedworth 001B","E01031111","Total",617,54,125,350,88,328,18,31,204,75,289,36,94,146,13
"2011","Nuneaton and Bedworth 001C","E01031112","Total",799,79,170,479,71,396,23,38,280,55,403,56,132,199,16
"2011","Nuneaton and Bedworth 001D","E01031113","Total",719,63,155,417,84,373,10,38,254,71,346,53,117,163,13
"2011","Nuneaton and Bedworth 001E","E01031114","Total",732,78,140,446,68,389,23,28,282,56,343,55,112,164,12
"2011","Nuneaton and Bedworth 002C","E01031073","Total",872,67,170,534,101,480,21,32,348,79,392,46,138,186,22
"2011","Nuneaton and Bedworth 002D","E01031074","Total",733,49,141,469,74,405,16,37,295,57,328,33,104,174,17
"2011","Nuneaton and Bedworth 002E","E01031075","Total",706,61,157,426,62,355,16,37,256,46,351,45,120,170,16
"2011","Nuneaton and Bedworth 002F","E01032890","Total",795,62,196,469,68,416,20,52,286,58,379,42,144,183,10
"2011","Nuneaton and Bedworth 003A","E01031100","Total",793,81,156,455,101,421,25,38,272,86,372,56,118,183,15
"2011","Nuneaton and Bedworth 003B","E01031101","Total",795,81,154,456,104,413,13,36,275,89,382,68,118,181,15
"2011","Nuneaton and Bedworth 003C","E01031102","Total",723,62,126,445,90,376,12,22,282,60,347,50,104,163,30
"2011","Nuneaton and Bedworth 003D","E01031103","Total",663,72,129,381,81,360,29,25,241,65,303,43,104,140,16
"2011","Nuneaton and Bedworth 003E","E01031104","Total",619,71,129,329,90,326,20,35,200,71,293,51,94,129,19
"2011","Nuneaton and Bedworth 004A","E01031081","Total",820,62,170,502,86,421,16,37,298,70,399,46,133,204,16
"2011","Nuneaton and Bedworth 004B","E01031082","Total",852,76,174,499,103,453,27,35,315,76,399,49,139,184,27
"2011","Nuneaton and Bedworth 004C","E01031083","Total",819,75,161,495,88,442,21,34,312,75,377,54,127,183,13
"2011","Nuneaton and Bedworth 004D","E01031084","Total",1267,76,248,780,163,645,21,41,457,126,622,55,207,323,37
"2011","Nuneaton and Bedworth 004E","E01031085","Total",816,59,150,511,96,429,14,30,301,84,387,45,120,210,12
"2011","Nuneaton and Bedworth 005A","E01031043","Total",751,60,146,466,79,425,22,57,279,67,326,38,89,187,12
"2011","Nuneaton and Bedworth 005B","E01031044","Total",749,78,164,443,64,386,22,35,282,47,363,56,129,161,17
"2011","Nuneaton and Bedworth 005C","E01031045","Total",844,69,144,548,83,457,22,38,337,60,387,47,106,211,23
"2011","Nuneaton and Bedworth 005D","E01031046","Total",829,73,168,517,71,477,22,63,332,60,352,51,105,185,11
"2011","Nuneaton and Bedworth 005E","E01031047","Total",968,87,172,623,86,526,25,48,381,72,442,62,124,242,14
"2011","Nuneaton and Bedworth 006A","E01031057","Total",526,40,132,313,41,292,14,44,205,29,234,26,88,108,12
"2011","Nuneaton and Bedworth 006B","E01031058","Total",659,49,152,413,45,336,13,36,247,40,323,36,116,166,5
"2011","Nuneaton and Bedworth 006C","E01031059","Total",752,51,138,491,72,419,18,32,313,56,333,33,106,178,16
"2011","Nuneaton and Bedworth 006D","E01031060","Total",687,53,150,412,72,373,11,26,273,63,314,42,124,139,9
"2011","Nuneaton and Bedworth 006E","E01031061","Total",851,66,167,524,94,444,12,31,328,73,407,54,136,196,21
"2011","Nuneaton and Bedworth 007A","E01031090","Total",551,45,127,323,56,288,12,24,205,47,263,33,103,118,9
"2011","Nuneaton and Bedworth 007B","E01031091","Total",709,48,162,426,73,365,10,29,269,57,344,38,133,157,16
"2011","Nuneaton and Bedworth 007C","E01031092","Total",638,59,137,390,52,329,13,22,253,41,309,46,115,137,11
"2011","Nuneaton and Bedworth 007D","E01031093","Total",647,56,127,390,74,344,15,18,251,60,303,41,109,139,14
"2011","Nuneaton and Bedworth 007E","E01031094","Total",565,36,101,376,52,296,11,12,236,37,269,25,89,140,15
"2011","Nuneaton and Bedworth 008A","E01031048","Total",701,56,133,442,70,356,10,32,259,55,345,46,101,183,15
"2011","Nuneaton and Bedworth 008B","E01031049","Total",1188,76,209,759,144,636,25,50,454,107,552,51,159,305,37
"2011","Nuneaton and Bedworth 008C","E01031050","Total",1049,69,181,686,113,585,15,49,428,93,464,54,132,258,20
"2011","Nuneaton and Bedworth 008D","E01031051","Total",666,65,118,422,61,342,13,21,254,54,324,52,97,168,7
"2011","Nuneaton and Bedworth 009A","E01031115","Total",816,60,148,535,73,461,18,51,331,61,355,42,97,204,12
"2011","Nuneaton and Bedworth 009B","E01031116","Total",583,57,128,347,51,315,16,32,225,42,268,41,96,122,9
"2011","Nuneaton and Bedworth 009C","E01031117","Total",616,58,122,372,64,320,15,26,228,51,296,43,96,144,13
"2011","Nuneaton and Bedworth 009D","E01031118","Total",485,43,115,295,32,261,15,27,192,27,224,28,88,103,5
"2011","Nuneaton and Bedworth 009E","E01031119","Total",664,63,179,367,55,379,25,61,248,45,285,38,118,119,10
"2011","Nuneaton and Bedworth 010A","E01031052","Total",790,58,160,490,82,404,11,29,303,61,386,47,131,187,21
"2011","Nuneaton and Bedworth 010B","E01031053","Total",591,57,120,357,57,309,14,29,224,42,282,43,91,133,15
"2011","Nuneaton and Bedworth 010C","E01031054","Total",737,58,150,441,88,382,17,36,263,66,355,41,114,178,22
"2011","Nuneaton and Bedworth 010D","E01031055","Total",954,56,160,614,124,491,9,29,359,94,463,47,131,255,30
"2011","Nuneaton and Bedworth 010E","E01031056","Total",676,47,132,407,90,357,11,31,252,63,319,36,101,155,27
"2011","Nuneaton and Bedworth 011A","E01031120","Total",797,53,158,491,95,408,13,25,303,67,389,40,133,188,28
"2011","Nuneaton and Bedworth 011B","E01031121","Total",671,48,129,400,94,343,14,21,232,76,328,34,108,168,18
"2011","Nuneaton and Bedworth 011C","E01031122","Total",770,82,154,444,90,393,25,31,270,67,377,57,123,174,23
"2011","Nuneaton and Bedworth 011D","E01031123","Total",665,61,136,366,102,354,19,27,231,77,311,42,109,135,25
"2011","Nuneaton and Bedworth 011E","E01031124","Total",739,88,134,417,100,396,30,35,256,75,343,58,99,161,25
"2011","Nuneaton and Bedworth 012A","E01031105","Total",691,61,146,403,81,354,16,32,247,59,337,45,114,156,22
"2011","Nuneaton and Bedworth 012B","E01031106","Total",662,62,115,397,88,356,16,26,242,72,306,46,89,155,16
"2011","Nuneaton and Bedworth 012C","E01031107","Total",654,42,126,422,64,350,7,19,271,53,304,35,107,151,11
"2011","Nuneaton and Bedworth 012D","E01031108","Total",823,71,158,508,86,427,24,31,301,71,396,47,127,207,15
"2011","Nuneaton and Bedworth 012E","E01031109","Total",755,60,146,467,82,391,14,27,287,63,364,46,119,180,19
"2011","Nuneaton and Bedworth 013A","E01031062","Total",580,61,155,317,47,305,13,36,218,38,275,48,119,99,9
"2011","Nuneaton and Bedworth 013B","E01031063","Total",516,59,115,278,64,263,21,23,168,51,253,38,92,110,13
"2011","Nuneaton and Bedworth 013C","E01031064","Total",522,53,101,328,40,269,17,21,199,32,253,36,80,129,8
"2011","Nuneaton and Bedworth 013D","E01031065","Total",679,56,151,411,61,363,14,35,262,52,316,42,116,149,9
"2011","Nuneaton and Bedworth 013E","E01031066","Total",525,37,131,311,46,273,10,30,196,37,252,27,101,115,9
"2011","Nuneaton and Bedworth 014A","E01031067","Total",633,50,128,382,73,321,8,29,230,54,312,42,99,152,19
"2011","Nuneaton and Bedworth 014B","E01031068","Total",731,47,136,472,76,390,11,18,301,60,341,36,118,171,16
"2011","Nuneaton and Bedworth 014C","E01031069","Total",581,61,113,327,80,324,22,32,209,61,257,39,81,118,19
"2011","Nuneaton and Bedworth 014D","E01031070","Total",700,64,141,425,70,363,20,36,257,50,337,44,105,168,20
"2011","Nuneaton and Bedworth 015A","E01031095","Total",524,43,107,325,49,277,14,15,205,43,247,29,92,120,6
"2011","Nuneaton and Bedworth 015B","E01031096","Total",766,57,134,487,88,374,10,26,266,72,392,47,108,221,16
"2011","Nuneaton and Bedworth 015C","E01031097","Total",713,50,132,450,81,367,14,22,267,64,346,36,110,183,17
"2011","Nuneaton and Bedworth 015D","E01031098","Total",729,66,127,470,66,399,16,29,300,54,330,50,98,170,12
"2011","Nuneaton and Bedworth 015E","E01031099","Total",1347,97,201,910,139,728,41,49,532,106,619,56,152,378,33
"2011","Nuneaton and Bedworth 016A","E01031086","Total",887,59,165,576,87,493,21,36,359,77,394,38,129,217,10
"2011","Nuneaton and Bedworth 016B","E01031087","Total",1036,71,192,640,133,528,18,28,373,109,508,53,164,267,24
"2011","Nuneaton and Bedworth 016C","E01031088","Total",982,63,199,612,108,512,15,38,379,80,470,48,161,233,28
"2011","Nuneaton and Bedworth 016D","E01031089","Total",701,60,122,454,65,364,17,27,271,49,337,43,95,183,16
"2011","Nuneaton and Bedworth 018A","E01031077","Total",676,41,125,453,57,349,7,24,272,46,327,34,101,181,11
"2011","Nuneaton and Bedworth 018B","E01031078","Total",1030,78,180,674,98,546,23,37,406,80,484,55,143,268,18
"2011","Nuneaton and Bedworth 018C","E01031079","Total",677,65,125,427,60,357,19,32,261,45,320,46,93,166,15
"2011","Nuneaton and Bedworth 018D","E01031080","Total",683,52,151,409,71,354,16,31,243,64,329,36,120,166,7
"2011","Nuneaton and Bedworth 018E","E01032588","Total",683,58,128,431,66,351,22,30,246,53,332,36,98,185,13
"2011","Rugby 001B","E01031129","Total",578,63,101,305,109,304,21,26,174,83,274,42,75,131,26
"2011","Rugby 001C","E01031159","Total",828,82,152,454,140,434,25,34,271,104,394,57,118,183,36
"2011","Rugby 001D","E01031160","Total",1122,110,185,616,211,597,22,47,373,155,525,88,138,243,56
"2011","Rugby 001E","E01031182","Total",1360,110,195,675,380,848,31,42,447,328,512,79,153,228,52
"2011","Rugby 001F","E01032891","Total",1104,50,117,729,208,610,15,21,419,155,494,35,96,310,53
"2011","Rugby 001G","E01032892","Total",1034,86,179,534,235,548,15,45,306,182,486,71,134,228,53
"2011","Rugby 002A","E01031137","Total",708,43,114,465,86,370,19,23,263,65,338,24,91,202,21
"2011","Rugby 002B","E01031138","Total",708,68,111,441,88,366,20,12,266,68,342,48,99,175,20
"2011","Rugby 002C","E01031139","Total",1129,91,190,683,165,582,29,31,399,123,547,62,159,284,42
"2011","Rugby 002D","E01031140","Total",690,54,124,444,68,358,15,31,260,52,332,39,93,184,16
"2011","Rugby 002E","E01031141","Total",980,56,150,656,118,520,10,28,392,90,460,46,122,264,28
"2011","Rugby 002F","E01031142","Total",748,55,137,470,86,385,11,20,281,73,363,44,117,189,13
"2011","Rugby 003A","E01031171","Total",774,64,156,460,94,403,17,32,286,68,371,47,124,174,26
"2011","Rugby 003B","E01031172","Total",740,67,143,453,77,377,19,26,272,60,363,48,117,181,17
"2011","Rugby 003C","E01031173","Total",810,63,114,524,109,472,26,35,328,83,338,37,79,196,26
"2011","Rugby 003D","E01031174","Total",837,54,140,546,97,479,24,43,340,72,358,30,97,206,25
"2011","Rugby 004A","E01031151","Total",772,86,167,427,92,412,30,34,274,74,360,56,133,153,18
"2011","Rugby 004B","E01031152","Total",561,40,119,350,52,298,11,26,217,44,263,29,93,133,8
"2011","Rugby 004C","E01031153","Total",687,65,122,400,100,350,16,18,245,71,337,49,104,155,29
"2011","Rugby 004D","E01031154","Total",953,84,155,573,141,494,21,37,330,106,459,63,118,243,35
"2011","Rugby 004E","E01031181","Total",958,77,166,560,155,494,17,35,324,118,464,60,131,236,37
"2011","Rugby 005A","E01031130","Total",1058,74,156,719,109,594,21,47,446,80,464,53,109,273,29
"2011","Rugby 005B","E01031131","Total",886,60,149,592,85,525,26,50,380,69,361,34,99,212,16
"2011","Rugby 005C","E01031132","Total",1098,97,167,708,126,610,36,48,433,93,488,61,119,275,33
"2011","Rugby 005D","E01031133","Total",791,65,154,486,86,422,22,29,308,63,369,43,125,178,23
"2011","Rugby 006A","E01031167","Total",711,60,112,445,94,378,16,22,264,76,333,44,90,181,18
"2011","Rugby 006B","E01031168","Total",1445,102,235,954,154,749,28,50,550,121,696,74,185,404,33
"2011","Rugby 006C","E01031169","Total",1170,61,152,814,143,653,17,28,488,120,517,44,124,326,23
"2011","Rugby 006D","E01031170","Total",828,57,155,535,81,460,17,37,343,63,368,40,118,192,18
"2011","Rugby 007A","E01031125","Total",796,57,144,502,93,434,10,31,314,79,362,47,113,188,14
"2011","Rugby 007C","E01031127","Total",701,65,157,406,73,349,12,26,254,57,352,53,131,152,16
"2011","Rugby 007D","E01031164","Total",1110,70,183,710,147,573,20,31,403,119,537,50,152,307,28
"2011","Rugby 007E","E01031165","Total",730,52,148,404,126,393,18,29,250,96,337,34,119,154,30
"2011","Rugby 007F","E01032893","Total",994,91,195,544,164,511,27,19,331,134,483,64,176,213,30
"2011","Rugby 007G","E01032894","Total",734,42,114,458,120,376,11,10,268,87,358,31,104,190,33
"2011","Rugby 007H","E01032895","Total",804,71,157,473,103,426,16,22,303,85,378,55,135,170,18
"2011","Rugby 008A","E01031155","Total",740,79,137,438,86,391,28,23,272,68,349,51,114,166,18
"2011","Rugby 008B","E01031156","Total",809,78,138,504,89,425,27,20,304,74,384,51,118,200,15
"2011","Rugby 008C","E01031157","Total",1056,80,186,663,127,558,19,41,400,98,498,61,145,263,29
"2011","Rugby 008D","E01031158","Total",489,36,114,280,59,259,11,13,192,43,230,25,101,88,16
"2011","Rugby 009A","E01031143","Total",790,83,145,452,110,410,22,31,277,80,380,61,114,175,30
"2011","Rugby 009B","E01031144","Total",674,49,109,405,111,370,15,25,250,80,304,34,84,155,31
"2011","Rugby 009C","E01031145","Total",458,41,52,243,122,259,7,17,161,74,199,34,35,82,48
"2011","Rugby 009D","E01031146","Total",642,52,134,378,78,342,19,43,223,57,300,33,91,155,21
"2011","Rugby 010A","E01031161","Total",975,71,190,591,123,538,23,39,374,102,437,48,151,217,21
"2011","Rugby 010B","E01031162","Total",872,80,160,519,113,452,18,23,317,94,420,62,137,202,19
"2011","Rugby 010C","E01031163","Total",666,63,132,402,69,358,21,26,259,52,308,42,106,143,17
"2011","Rugby 010D","E01031179","Total",922,82,182,541,117,466,24,34,321,87,456,58,148,220,30
"2011","Rugby 010E","E01031180","Total",998,88,192,596,122,542,27,29,380,106,456,61,163,216,16
"2011","Rugby 011A","E01031134","Total",746,85,147,413,101,395,21,32,257,85,351,64,115,156,16
"2011","Rugby 011B","E01031135","Total",686,80,136,391,79,347,22,22,241,62,339,58,114,150,17
"2011","Rugby 011C","E01031136","Total",802,70,129,502,101,431,19,22,316,74,371,51,107,186,27
"2011","Rugby 011D","E01031175","Total",567,66,111,325,65,304,22,25,203,54,263,44,86,122,11
"2011","Rugby 011E","E01031176","Total",692,41,141,438,72,366,12,35,260,59,326,29,106,178,13
"2011","Rugby 011F","E01031177","Total",679,44,136,425,74,340,7,23,257,53,339,37,113,168,21
"2011","Rugby 011G","E01031178","Total",595,52,118,352,73,310,18,22,208,62,285,34,96,144,11
"2011","Rugby 012A","E01031147","Total",630,69,135,292,134,329,22,33,170,104,301,47,102,122,30
"2011","Rugby 012B","E01031148","Total",727,74,126,384,143,391,17,32,240,102,336,57,94,144,41
"2011","Rugby 012C","E01031149","Total",768,85,134,412,137,403,28,30,236,109,365,57,104,176,28
"2011","Rugby 012D","E01031150","Total",560,61,118,280,101,286,16,28,169,73,274,45,90,111,28
"2011","Rugby 012E","E01031166","Total",1005,109,200,445,251,525,38,43,264,180,480,71,157,181,71
"2011","Stratford-on-Avon 001A","E01031213","Total",967,93,173,490,211,523,23,46,291,163,444,70,127,199,48
"2011","Stratford-on-Avon 001B","E01031243","Total",957,118,188,440,211,527,32,51,273,171,430,86,137,167,40
"2011","Stratford-on-Avon 001C","E01031244","Total",946,100,180,451,215,517,34,43,276,164,429,66,137,175,51
"2011","Stratford-on-Avon 002A","E01031195","Total",1047,134,217,490,206,560,35,56,304,165,487,99,161,186,41
"2011","Stratford-on-Avon 002B","E01031202","Total",749,67,145,383,154,388,18,38,212,120,361,49,107,171,34
"2011","Stratford-on-Avon 002C","E01031203","Total",705,90,138,363,114,370,24,47,209,90,335,66,91,154,24
"2011","Stratford-on-Avon 002D","E01031204","Total",552,69,118,283,82,297,15,33,181,68,255,54,85,102,14
"2011","Stratford-on-Avon 003A","E01031239","Total",818,75,143,488,112,423,23,33,283,84,395,52,110,205,28
"2011","Stratford-on-Avon 003B","E01031240","Total",630,62,114,383,71,329,18,30,224,57,301,44,84,159,14
"2011","Stratford-on-Avon 003C","E01031241","Total",706,77,158,383,88,365,16,34,245,70,341,61,124,138,18
"2011","Stratford-on-Avon 003D","E01031242","Total",667,77,144,366,80,346,22,34,230,60,321,55,110,136,20
"2011","Stratford-on-Avon 004A","E01031219","Total",744,76,154,404,110,391,21,24,251,95,353,55,130,153,15
"2011","Stratford-on-Avon 004B","E01031220","Total",787,90,156,469,72,406,26,28,295,57,381,64,128,174,15
"2011","Stratford-on-Avon 004C","E01031221","Total",762,73,159,443,87,375,7,29,275,64,387,66,130,168,23
"2011","Stratford-on-Avon 004D","E01031222","Total",1036,96,182,598,160,552,23,31,370,128,484,73,151,228,32
"2011","Stratford-on-Avon 004E","E01031223","Total",725,86,120,422,97,395,28,19,272,76,330,58,101,150,21
"2011","Stratford-on-Avon 004F","E01031224","Total",610,74,113,304,119,324,18,22,187,97,286,56,91,117,22
"2011","Stratford-on-Avon 005A","E01031197","Total",641,71,108,307,155,346,17,21,190,118,295,54,87,117,37
"2011","Stratford-on-Avon 005B","E01031198","Total",682,57,125,348,152,359,10,16,219,114,323,47,109,129,38
"2011","Stratford-on-Avon 005C","E01031199","Total",757,105,150,371,131,401,26,45,227,103,356,79,105,144,28
"2011","Stratford-on-Avon 005D","E01031200","Total",924,81,158,566,119,488,25,26,342,95,436,56,132,224,24
"2011","Stratford-on-Avon 005E","E01031201","Total",746,93,150,375,128,393,23,33,243,94,353,70,117,132,34
"2011","Stratford-on-Avon 005F","E01031210","Total",634,72,132,309,121,333,20,27,195,91,301,52,105,114,30
"2011","Stratford-on-Avon 005G","E01031211","Total",533,45,120,284,84,271,10,23,172,66,262,35,97,112,18
"2011","Stratford-on-Avon 006A","E01031183","Total",888,72,131,509,176,469,18,27,286,138,419,54,104,223,38
"2011","Stratford-on-Avon 006B","E01031184","Total",771,92,136,396,147,404,24,24,242,114,367,68,112,154,33
"2011","Stratford-on-Avon 006C","E01031185","Total",658,58,128,409,63,325,12,20,244,49,333,46,108,165,14
"2011","Stratford-on-Avon 006D","E01031186","Total",686,84,143,392,67,353,24,31,244,54,333,60,112,148,13
"2011","Stratford-on-Avon 007A","E01031187","Total",943,112,202,439,190,485,26,63,246,150,458,86,139,193,40
"2011","Stratford-on-Avon 007B","E01031188","Total",1113,147,223,525,218,594,36,65,328,165,519,111,158,197,53
"2011","Stratford-on-Avon 007C","E01031208","Total",1017,126,187,528,176,538,35,45,325,133,479,91,142,203,43
"2011","Stratford-on-Avon 008A","E01031217","Total",554,62,122,263,107,297,23,24,165,85,257,39,98,98,22
"2011","Stratford-on-Avon 008B","E01031218","Total",672,70,105,342,155,364,19,23,201,121,308,51,82,141,34
"2011","Stratford-on-Avon 008C","E01031249","Total",650,64,131,380,75,316,14,28,214,60,334,50,103,166,15
"2011","Stratford-on-Avon 008D","E01031250","Total",733,87,144,411,91,372,28,33,239,72,361,59,111,172,19
"2011","Stratford-on-Avon 008E","E01031251","Total",572,53,105,345,69,293,12,23,201,57,279,41,82,144,12
"2011","Stratford-on-Avon 008F","E01031252","Total",683,89,142,321,131,353,26,40,181,106,330,63,102,140,25
"2011","Stratford-on-Avon 008G","E01031253","Total",731,65,149,396,121,381,16,33,232,100,350,49,116,164,21
"2011","Stratford-on-Avon 009A","E01031228","Total",791,97,159,426,109,412,31,41,260,80,379,66,118,166,29
"2011","Stratford-on-Avon 009B","E01031229","Total",1002,87,154,605,156,527,29,45,338,115,475,58,109,267,41
"2011","Stratford-on-Avon 009C","E01031230","Total",1389,136,258,800,195,730,39,64,477,150,659,97,194,323,45
"2011","Stratford-on-Avon 009D","E01031231","Total",1141,72,218,725,126,589,22,49,420,98,552,50,169,305,28
"2011","Stratford-on-Avon 009E","E01031236","Total",911,108,187,515,101,474,27,60,305,82,437,81,127,210,19
"2011","Stratford-on-Avon 009F","E01031238","Total",640,58,148,359,75,332,20,38,215,59,308,38,110,144,16
"2011","Stratford-on-Avon 010A","E01031225","Total",772,99,134,379,160,406,29,28,231,118,366,70,106,148,42
"2011","Stratford-on-Avon 010C","E01031227","Total",961,120,165,525,151,505,30,47,312,116,456,90,118,213,35
"2011","Stratford-on-Avon 010D","E01033250","Total",759,62,122,428,147,399,18,19,244,118,360,44,103,184,29
"2011","Stratford-on-Avon 010E","E01033251","Total",639,59,101,362,117,344,16,15,223,90,295,43,86,139,27
"2011","Stratford-on-Avon 010F","E01033252","Total",584,88,134,265,97,302,24,38,161,79,282,64,96,104,18
"2011","Stratford-on-Avon 011A","E01031232","Total",1201,144,272,594,191,594,46,70,343,135,607,98,202,251,56
"2011","Stratford-on-Avon 011B","E01031233","Total",818,89,165,452,112,417,37,41,256,83,401,52,124,196,29
"2011","Stratford-on-Avon 011C","E01031234","Total",844,82,155,462,145,434,32,42,260,100,410,50,113,202,45
"2011","Stratford-on-Avon 011D","E01031235","Total",853,92,157,472,132,437,22,45,277,93,416,70,112,195,39
"2011","Stratford-on-Avon 011E","E01031237","Total",749,68,161,421,99,388,19,43,257,69,361,49,118,164,30
"2011","Stratford-on-Avon 012A","E01031189","Total",773,75,164,409,125,407,15,34,254,104,366,60,130,155,21
"2011","Stratford-on-Avon 012B","E01031190","Total",863,71,169,506,117,441,18,24,311,88,422,53,145,195,29
"2011","Stratford-on-Avon 012C","E01031191","Total",955,113,185,491,166,523,31,37,316,139,432,82,148,175,27
"2011","Stratford-on-Avon 012D","E01031192","Total",1020,102,197,568,153,510,23,43,325,119,510,79,154,243,34
"2011","Stratford-on-Avon 012E","E01031248","Total",1036,156,211,483,186,566,46,52,314,154,470,110,159,169,32
"2011","Stratford-on-Avon 013A","E01031194","Total",1352,126,188,763,275,736,30,41,458,207,616,96,147,305,68
"2011","Stratford-on-Avon 013B","E01031205","Total",859,88,174,450,147,454,30,38,274,112,405,58,136,176,35
"2011","Stratford-on-Avon 013C","E01031206","Total",714,70,149,368,127,385,26,33,223,103,329,44,116,145,24
"2011","Stratford-on-Avon 013D","E01031207","Total",659,72,118,367,102,343,20,33,217,73,316,52,85,150,29
"2011","Stratford-on-Avon 013E","E01031247","Total",1181,152,221,575,233,610,38,51,346,175,571,114,170,229,58
"2011","Stratford-on-Avon 014A","E01031196","Total",1209,145,241,568,255,637,37,55,340,205,572,108,186,228,50
"2011","Stratford-on-Avon 014B","E01031212","Total",1386,150,248,729,259,716,42,49,425,200,670,108,199,304,59
"2011","Stratford-on-Avon 014C","E01031245","Total",552,64,115,251,122,285,14,33,140,98,267,50,82,111,24
"2011","Stratford-on-Avon 014D","E01031246","Total",580,60,118,283,119,305,15,18,172,100,275,45,100,111,19
"2011","Stratford-on-Avon 015A","E01031193","Total",1090,132,223,501,234,584,35,50,313,186,506,97,173,188,48
"2011","Stratford-on-Avon 015B","E01031209","Total",1027,136,179,470,242,558,34,51,283,190,469,102,128,187,52
"2011","Stratford-on-Avon 015C","E01031214","Total",858,85,172,443,158,450,22,39,265,124,408,63,133,178,34
"2011","Stratford-on-Avon 015D","E01031215","Total",884,78,161,497,148,457,25,42,280,110,427,53,119,217,38
"2011","Stratford-on-Avon 015E","E01031216","Total",717,80,129,410,98,378,17,28,247,86,339,63,101,163,12
"2011","Warwick 001A","E01031254","Total",794,98,163,407,126,411,31,45,238,97,383,67,118,169,29
"2011","Warwick 001B","E01031255","Total",708,84,140,361,123,371,30,29,217,95,337,54,111,144,28
"2011","Warwick 001C","E01031256","Total",731,75,129,387,140,382,28,39,208,107,349,47,90,179,33
"2011","Warwick 001D","E01031257","Total",764,70,136,465,93,376,13,36,263,64,388,57,100,202,29
"2011","Warwick 001E","E01031258","Total",729,72,104,429,124,381,22,24,239,96,348,50,80,190,28
"2011","Warwick 002A","E01031296","Total",913,83,172,531,127,476,24,41,310,101,437,59,131,221,26
"2011","Warwick 002B","E01031297","Total",1012,88,184,599,141,561,29,44,377,111,451,59,140,222,30
"2011","Warwick 002C","E01031298","Total",812,71,132,504,105,415,21,30,282,82,397,50,102,222,23
"2011","Warwick 002D","E01031299","Total",681,113,131,321,116,365,35,28,209,93,316,78,103,112,23
"2011","Warwick 002E","E01031300","Total",943,105,161,526,151,471,24,30,308,109,472,81,131,218,42
"2011","Warwick 003A","E01031303","Total",699,61,141,405,92,361,25,31,241,64,338,36,110,164,28
"2011","Warwick 003B","E01031304","Total",704,92,145,390,77,368,30,23,255,60,336,62,122,135,17
"2011","Warwick 003C","E01031305","Total",659,93,139,308,119,362,34,41,190,97,297,59,98,118,22
"2011","Warwick 003D","E01031306","Total",746,85,145,408,108,396,33,27,251,85,350,52,118,157,23
"2011","Warwick 003E","E01031307","Total",690,90,122,380,98,378,23,31,253,71,312,67,91,127,27
"2011","Warwick 004A","E01031281","Total",803,111,130,381,181,450,34,36,236,144,353,77,94,145,37
"2011","Warwick 004B","E01031282","Total",757,112,126,360,159,407,33,33,218,123,350,79,93,142,36
"2011","Warwick 004C","E01031283","Total",707,79,113,366,149,369,26,23,206,114,338,53,90,160,35
"2011","Warwick 004D","E01031284","Total",675,75,128,337,135,360,23,40,190,107,315,52,88,147,28
"2011","Warwick 005A","E01031277","Total",762,70,150,432,110,395,19,35,257,84,367,51,115,175,26
"2011","Warwick 005B","E01031278","Total",727,73,145,396,113,382,23,28,238,93,345,50,117,158,20
"2011","Warwick 005C","E01031279","Total",617,58,121,358,80,322,18,24,216,64,295,40,97,142,16
"2011","Warwick 005D","E01031280","Total",735,85,120,390,140,372,26,24,222,100,363,59,96,168,40
"2011","Warwick 005E","E01031301","Total",747,89,135,409,114,394,29,31,246,88,353,60,104,163,26
"2011","Warwick 005F","E01031302","Total",562,45,97,353,67,289,13,23,204,49,273,32,74,149,18
"2011","Warwick 005G","E01031308","Total",1132,243,163,526,200,592,93,31,313,155,540,150,132,213,45
"2011","Warwick 006A","E01031273","Total",610,51,153,368,38,331,24,42,235,30,279,27,111,133,8
"2011","Warwick 006B","E01031274","Total",666,66,156,385,59,334,19,35,239,41,332,47,121,146,18
"2011","Warwick 006C","E01031275","Total",604,69,118,343,74,313,18,27,212,56,291,51,91,131,18
"2011","Warwick 006D","E01031276","Total",737,71,168,431,67,374,22,33,268,51,363,49,135,163,16
"2011","Warwick 007B","E01031272","Total",946,116,128,544,158,493,38,37,321,97,453,78,91,223,61
"2011","Warwick 007C","E01031285","Total",1061,107,134,611,209,588,29,44,358,157,473,78,90,253,52
"2011","Warwick 007D","E01031286","Total",724,64,128,432,100,369,16,26,256,71,355,48,102,176,29
"2011","Warwick 007E","E01031287","Total",808,93,165,461,89,421,25,32,294,70,387,68,133,167,19
"2011","Warwick 007F","E01031288","Total",758,85,137,391,145,401,29,39,222,111,357,56,98,169,34
"2011","Warwick 007G","E01031289","Total",779,67,147,484,81,397,21,27,295,54,382,46,120,189,27
"2011","Warwick 007H","E01033253","Total",817,83,92,510,132,475,34,33,305,103,342,49,59,205,29
"2011","Warwick 007I","E01033256","Total",671,55,59,446,111,398,24,17,280,77,273,31,42,166,34
"2011","Warwick 008A","E01031309","Total",882,63,171,560,88,471,22,48,332,69,411,41,123,228,19
"2011","Warwick 008B","E01031310","Total",682,55,148,394,85,360,23,28,243,66,322,32,120,151,19
"2011","Warwick 008C","E01031311","Total",643,58,142,376,67,323,12,38,225,48,320,46,104,151,19
"2011","Warwick 008D","E01031312","Total",636,57,127,397,55,322,16,30,236,40,314,41,97,161,15
"2011","Warwick 008E","E01031313","Total",726,62,155,442,67,381,16,44,269,52,345,46,111,173,15
"2011","Warwick 008F","E01031314","Total",776,66,140,514,56,400,20,31,307,42,376,46,109,207,14
"2011","Warwick 009A","E01031290","Total",1006,82,119,629,176,574,31,30,379,134,432,51,89,250,42
"2011","Warwick 009B","E01031291","Total",779,93,87,484,115,435,41,37,285,72,344,52,50,199,43
"2011","Warwick 009C","E01031292","Total",853,79,144,517,113,438,27,35,300,76,415,52,109,217,37
"2011","Warwick 009D","E01031293","Total",827,78,136,485,128,430,23,35,287,85,397,55,101,198,43
"2011","Warwick 009E","E01031294","Total",726,69,121,404,132,416,24,32,259,101,310,45,89,145,31
"2011","Warwick 009F","E01031295","Total",510,75,96,249,90,267,20,32,148,67,243,55,64,101,23
"2011","Warwick 010A","E01031271","Total",830,96,126,475,133,420,34,32,269,85,410,62,94,206,48
"2011","Warwick 010B","E01031332","Total",633,66,120,406,41,352,23,38,262,29,281,43,82,144,12
"2011","Warwick 010C","E01031333","Total",673,75,126,420,52,358,26,31,259,42,315,49,95,161,10
"2011","Warwick 010D","E01031334","Total",845,72,135,571,67,423,16,31,326,50,422,56,104,245,17
"2011","Warwick 010E","E01031335","Total",801,80,95,494,132,432,23,29,298,82,369,57,66,196,50
"2011","Warwick 010F","E01031336","Total",934,200,122,497,115,518,94,47,300,77,416,106,75,197,38
"2011","Warwick 010G","E01031337","Total",856,89,128,508,131,459,39,39,300,81,397,50,89,208,50
"2011","Warwick 011A","E01031321","Total",620,72,126,348,74,323,22,26,221,54,297,50,100,127,20
"2011","Warwick 011B","E01031322","Total",1069,76,167,683,143,574,22,36,401,115,495,54,131,282,28
"2011","Warwick 011C","E01031323","Total",854,74,122,537,121,449,22,27,314,86,405,52,95,223,35
"2011","Warwick 011D","E01031324","Total",1250,62,129,857,202,670,23,38,474,135,580,39,91,383,67
"2011","Warwick 011E","E01031325","Total",691,59,154,393,85,342,16,31,236,59,349,43,123,157,26
"2011","Warwick 011G","E01033254","Total",905,46,112,591,156,471,13,21,320,117,434,33,91,271,39
"2011","Warwick 011H","E01033255","Total",913,99,154,533,127,474,29,29,311,105,439,70,125,222,22
"2011","Warwick 012A","E01031315","Total",1195,138,211,662,184,618,48,43,393,134,577,90,168,269,50
"2011","Warwick 012B","E01031316","Total",678,63,116,409,90,355,24,26,236,69,323,39,90,173,21
"2011","Warwick 012C","E01031317","Total",720,79,118,379,144,368,26,39,201,102,352,53,79,178,42
"2011","Warwick 012D","E01031318","Total",1042,79,162,633,168,561,20,30,374,137,481,59,132,259,31
"2011","Warwick 012E","E01031319","Total",1055,98,200,596,161,536,27,40,358,111,519,71,160,238,50
"2011","Warwick 012F","E01031320","Total",790,77,142,457,114,430,23,34,287,86,360,54,108,170,28
"2011","Warwick 013A","E01031261","Total",665,91,133,400,41,359,39,46,244,30,306,52,87,156,11
"2011","Warwick 013B","E01031262","Total",705,60,100,479,66,394,20,27,297,50,311,40,73,182,16
"2011","Warwick 013C","E01031263","Total",744,100,119,458,67,397,39,25,287,46,347,61,94,171,21
"2011","Warwick 013D","E01031264","Total",730,75,143,470,42,386,22,37,297,30,344,53,106,173,12
"2011","Warwick 013E","E01031265","Total",634,75,137,385,37,324,18,35,243,28,310,57,102,142,9
"2011","Warwick 013F","E01031266","Total",913,136,113,565,99,524,62,39,355,68,389,74,74,210,31
"2011","Warwick 014A","E01031259","Total",767,66,140,461,100,403,22,24,277,80,364,44,116,184,20
"2011","Warwick 014B","E01031260","Total",602,54,136,335,77,325,20,31,216,58,277,34,105,119,19
"2011","Warwick 014C","E01031267","Total",928,107,190,495,136,483,27,53,302,101,445,80,137,193,35
"2011","Warwick 014D","E01031268","Total",1592,138,281,884,289,839,46,46,520,227,753,92,235,364,62
"2011","Warwick 014E","E01031269","Total",864,92,153,450,169,471,39,46,267,119,393,53,107,183,50
"2011","Warwick 015A","E01031327","Total",711,66,135,448,62,363,27,27,265,44,348,39,108,183,18
"2011","Warwick 015B","E01031328","Total",1203,90,224,783,106,604,19,50,458,77,599,71,174,325,29
"2011","Warwick 015C","E01031329","Total",1368,103,247,820,198,723,29,56,495,143,645,74,191,325,55
"2011","Warwick 015D","E01031330","Total",801,57,148,523,73,422,22,31,309,60,379,35,117,214,13
"2011","Warwick 015E","E01031331","Total",991,94,189,618,90,521,30,26,396,69,470,64,163,222,21
"2011","Birmingham 001A","E01009417","Total",672,72,131,383,86,353,22,35,228,68,319,50,96,155,18
"2011","Birmingham 001B","E01009418","Total",654,62,122,387,83,326,18,24,221,63,328,44,98,166,20
"2011","Birmingham 001C","E01009419","Total",597,68,98,346,85,315,24,24,207,60,282,44,74,139,25
"2011","Birmingham 001D","E01009433","Total",836,76,154,469,137,435,19,35,273,108,401,57,119,196,29
"2011","Birmingham 002A","E01009415","Total",782,77,145,428,132,413,15,30,268,100,369,62,115,160,32
"2011","Birmingham 002B","E01009422","Total",864,75,150,497,142,459,24,37,295,103,405,51,113,202,39
"2011","Birmingham 002C","E01009423","Total",770,83,133,441,113,395,23,32,258,82,375,60,101,183,31
"2011","Birmingham 002D","E01009425","Total",690,76,134,368,112,362,16,39,218,89,328,60,95,150,23
"2011","Birmingham 003A","E01009416","Total",1408,120,252,814,222,701,26,45,466,164,707,94,207,348,58
"2011","Birmingham 003B","E01009420","Total",758,70,138,453,97,390,22,34,261,73,368,48,104,192,24
"2011","Birmingham 003C","E01009426","Total",662,89,144,339,90,350,30,27,224,69,312,59,117,115,21
"2011","Birmingham 003D","E01009429","Total",698,91,125,372,110,375,28,34,234,79,323,63,91,138,31
"2011","Birmingham 003E","E01009431","Total",712,76,137,392,107,367,13,33,237,84,345,63,104,155,23
"2011","Birmingham 004A","E01009421","Total",766,89,143,377,157,413,24,33,228,128,353,65,110,149,29
"2011","Birmingham 004B","E01009424","Total",789,67,126,472,124,421,24,42,267,88,368,43,84,205,36
"2011","Birmingham 004C","E01009427","Total",752,84,129,390,149,426,27,49,234,116,326,57,80,156,33
"2011","Birmingham 004D","E01009428","Total",735,97,159,374,105,373,33,40,216,84,362,64,119,158,21
"2011","Birmingham 004E","E01009430","Total",745,104,141,335,165,409,39,37,204,129,336,65,104,131,36
"2011","Birmingham 004F","E01009468","Total",693,79,132,370,112,376,20,36,234,86,317,59,96,136,26
"2011","Birmingham 005A","E01009445","Total",639,59,146,356,78,301,12,34,191,64,338,47,112,165,14
"2011","Birmingham 005B","E01009446","Total",1281,101,259,767,154,622,30,53,426,113,659,71,206,341,41
"2011","Birmingham 005C","E01009447","Total",722,50,148,438,86,375,17,34,255,69,347,33,114,183,17
"2011","Birmingham 005D","E01009448","Total",696,67,159,403,67,335,24,31,230,50,361,43,128,173,17
"2011","Birmingham 005E","E01009452","Total",788,66,147,505,70,388,25,32,281,50,400,41,115,224,20
"2011","Birmingham 005F","E01009455","Total",592,52,113,378,49,297,21,27,215,34,295,31,86,163,15
"2011","Birmingham 006A","E01009432","Total",676,55,121,407,93,357,17,33,238,69,319,38,88,169,24
"2011","Birmingham 006B","E01009435","Total",1063,80,178,634,171,530,22,42,343,123,533,58,136,291,48
"2011","Birmingham 006C","E01009437","Total",851,68,152,501,130,441,20,36,285,100,410,48,116,216,30
"2011","Birmingham 006D","E01009444","Total",705,77,142,376,110,377,21,36,236,84,328,56,106,140,26
"2011","Birmingham 006E","E01009454","Total",835,80,156,507,92,435,33,37,300,65,400,47,119,207,27
"2011","Birmingham 007A","E01009221","Total",680,42,133,424,81,367,17,31,248,71,313,25,102,176,10
"2011","Birmingham 007B","E01009464","Total",704,55,158,410,81,365,19,32,240,74,339,36,126,170,7
"2011","Birmingham 007C","E01009465","Total",718,62,143,438,75,365,12,38,259,56,353,50,105,179,19
"2011","Birmingham 007D","E01009467","Total",771,79,157,449,86,376,15,45,257,59,395,64,112,192,27
"2011","Birmingham 008A","E01009220","Total",723,63,156,446,58,362,19,31,269,43,361,44,125,177,15
"2011","Birmingham 008B","E01009222","Total",587,62,130,344,51,294,19,34,203,38,293,43,96,141,13
"2011","Birmingham 008C","E01009224","Total",642,43,131,420,48,326,15,32,241,38,316,28,99,179,10
"2011","Birmingham 008D","E01009233","Total",604,39,115,401,49,319,8,24,245,42,285,31,91,156,7
"2011","Birmingham 009A","E01009449","Total",991,67,132,607,185,514,33,34,322,125,477,34,98,285,60
"2011","Birmingham 009B","E01009451","Total",761,50,111,484,116,407,13,27,288,79,354,37,84,196,37
"2011","Birmingham 009C","E01009453","Total",768,69,156,463,80,413,25,43,280,65,355,44,113,183,15
"2011","Birmingham 009D","E01009466","Total",855,73,138,498,146,453,21,40,292,100,402,52,98,206,46
"2011","Birmingham 009E","E01009471","Total",940,89,167,536,148,475,23,40,300,112,465,66,127,236,36
"2011","Birmingham 010A","E01009135","Total",743,48,141,471,83,382,18,44,269,51,361,30,97,202,32
"2011","Birmingham 010B","E01009469","Total",696,64,142,404,86,364,18,42,250,54,332,46,100,154,32
"2011","Birmingham 010C","E01009470","Total",721,63,163,398,97,374,17,43,243,71,347,46,120,155,26
"2011","Birmingham 010D","E01009472","Total",794,77,149,453,115,424,17,33,281,93,370,60,116,172,22
"2011","Birmingham 010E","E01009473","Total",816,57,138,517,104,426,27,37,286,76,390,30,101,231,28
"2011","Birmingham 010F","E01009474","Total",795,73,146,457,119,415,21,31,275,88,380,52,115,182,31
"2011","Birmingham 011A","E01009127","Total",533,59,140,298,36,252,15,33,174,30,281,44,107,124,6
"2011","Birmingham 011B","E01009128","Total",479,39,123,289,28,237,10,30,175,22,242,29,93,114,6
"2011","Birmingham 011C","E01009130","Total",555,51,124,338,42,299,17,38,208,36,256,34,86,130,6
"2011","Birmingham 011D","E01009131","Total",554,54,113,337,50,297,20,26,218,33,257,34,87,119,17
"2011","Birmingham 011E","E01009133","Total",488,49,113,293,33,227,17,30,159,21,261,32,83,134,12
"2011","Birmingham 011F","E01009134","Total",540,46,121,331,42,275,13,35,199,28,265,33,86,132,14
"2011","Birmingham 011G","E01009137","Total",583,55,132,343,53,292,20,40,197,35,291,35,92,146,18
"2011","Birmingham 012A","E01009434","Total",851,86,129,511,125,428,29,24,282,93,423,57,105,229,32
"2011","Birmingham 012B","E01009436","Total",737,68,154,410,105,384,16,33,252,83,353,52,121,158,22
"2011","Birmingham 012C","E01009438","Total",818,61,143,513,101,429,16,27,304,82,389,45,116,209,19
"2011","Birmingham 012D","E01009440","Total",758,83,139,446,90,393,25,39,261,68,365,58,100,185,22
"2011","Birmingham 012E","E01009450","Total",842,71,139,520,112,441,25,32,298,86,401,46,107,222,26
"2011","Birmingham 013A","E01009223","Total",765,55,134,513,63,400,20,35,295,50,365,35,99,218,13
"2011","Birmingham 013B","E01009225","Total",618,53,123,385,57,319,15,44,212,48,299,38,79,173,9
"2011","Birmingham 013C","E01009227","Total",854,55,164,563,72,450,15,46,334,55,404,40,118,229,17
"2011","Birmingham 013D","E01009228","Total",784,67,145,506,66,397,20,38,286,53,387,47,107,220,13
"2011","Birmingham 014A","E01009121","Total",897,68,204,545,80,422,23,47,291,61,475,45,157,254,19
"2011","Birmingham 014B","E01009122","Total",536,51,112,328,45,278,15,32,193,38,258,36,80,135,7
"2011","Birmingham 014C","E01009129","Total",514,43,117,317,37,253,13,30,177,33,261,30,87,140,4
"2011","Birmingham 014D","E01009132","Total",531,61,125,301,44,272,21,31,187,33,259,40,94,114,11
"2011","Birmingham 014E","E01009136","Total",574,43,113,379,39,283,13,29,215,26,291,30,84,164,13
"2011","Birmingham 015A","E01009457","Total",745,89,150,407,99,401,36,35,261,69,344,53,115,146,30
"2011","Birmingham 015B","E01009459","Total",831,86,154,466,125,422,29,39,259,95,409,57,115,207,30
"2011","Birmingham 015C","E01009461","Total",663,70,112,378,103,333,18,17,216,82,330,52,95,162,21
"2011","Birmingham 015D","E01009463","Total",714,55,111,409,139,392,16,35,244,97,322,39,76,165,42
"2011","Birmingham 016A","E01009235","Total",751,72,136,483,60,367,24,42,255,46,384,48,94,228,14
"2011","Birmingham 016B","E01009243","Total",719,50,151,444,74,374,19,46,254,55,345,31,105,190,19
"2011","Birmingham 016C","E01009245","Total",684,70,119,436,59,362,28,31,259,44,322,42,88,177,15
"2011","Birmingham 016D","E01009246","Total",757,72,138,487,60,378,15,37,278,48,379,57,101,209,12
"2011","Birmingham 016E","E01009247","Total",741,72,140,460,69,377,24,34,266,53,364,48,106,194,16
"2011","Birmingham 017A","E01009226","Total",715,50,143,440,82,357,17,33,252,55,358,33,110,188,27
"2011","Birmingham 017B","E01009229","Total",786,61,140,509,76,402,20,32,294,56,384,41,108,215,20
"2011","Birmingham 017C","E01009230","Total",745,62,129,477,77,392,19,30,283,60,353,43,99,194,17
"2011","Birmingham 017D","E01009231","Total",885,61,180,576,68,473,20,60,334,59,412,41,120,242,9
"2011","Birmingham 018A","E01009001","Total",753,58,141,472,82,391,19,48,271,53,362,39,93,201,29
"2011","Birmingham 018B","E01009003","Total",777,70,133,480,94,421,25,46,288,62,356,45,87,192,32
"2011","Birmingham 018C","E01009456","Total",872,59,157,523,133,449,15,42,300,92,423,44,115,223,41
"2011","Birmingham 018D","E01009458","Total",565,44,108,353,60,304,13,32,216,43,261,31,76,137,17
"2011","Birmingham 018E","E01009460","Total",927,53,148,610,116,498,19,48,346,85,429,34,100,264,31
"2011","Birmingham 018F","E01009462","Total",912,64,161,550,137,463,21,41,305,96,449,43,120,245,41
"2011","Birmingham 019A","E01009234","Total",780,58,116,532,74,385,11,30,289,55,395,47,86,243,19
"2011","Birmingham 019B","E01009236","Total",737,51,152,485,49,362,12,41,273,36,375,39,111,212,13
"2011","Birmingham 019C","E01009244","Total",709,52,120,472,65,341,15,25,257,44,368,37,95,215,21
"2011","Birmingham 019D","E01009248","Total",910,69,158,611,72,452,19,33,345,55,458,50,125,266,17
"2011","Birmingham 020A","E01009403","Total",597,67,122,377,31,292,14,30,220,28,305,53,92,157,3
"2011","Birmingham 020B","E01009404","Total",620,37,139,403,41,286,9,32,217,28,334,28,107,186,13
"2011","Birmingham 020C","E01009405","Total",598,48,130,352,68,312,19,37,206,50,286,29,93,146,18
"2011","Birmingham 020D","E01009406","Total",670,47,137,430,56,353,14,39,257,43,317,33,98,173,13
"2011","Birmingham 020E","E01009407","Total",700,50,123,466,61,369,16,42,273,38,331,34,81,193,23
"2011","Birmingham 021A","E01009439","Total",627,54,116,370,87,321,14,28,211,68,306,40,88,159,19
"2011","Birmingham 021B","E01009441","Total",755,70,134,470,81,385,13,23,279,70,370,57,111,191,11
"2011","Birmingham 021C","E01009442","Total",699,72,112,450,65,360,20,23,270,47,339,52,89,180,18
"2011","Birmingham 021D","E01009443","Total",682,49,106,452,75,339,15,24,246,54,343,34,82,206,21
"2011","Birmingham 022A","E01009123","Total",571,44,126,350,51,277,13,27,197,40,294,31,99,153,11
"2011","Birmingham 022B","E01009124","Total",457,40,138,250,29,222,11,45,147,19,235,29,93,103,10
"2011","Birmingham 022C","E01009125","Total",651,51,152,395,53,343,23,48,229,43,308,28,104,166,10
"2011","Birmingham 022D","E01009232","Total",711,60,150,442,59,351,17,39,253,42,360,43,111,189,17
"2011","Birmingham 023A","E01009002","Total",478,39,105,286,48,240,13,33,162,32,238,26,72,124,16
"2011","Birmingham 023C","E01009006","Total",876,51,125,615,85,453,21,34,338,60,423,30,91,277,25
"2011","Birmingham 023D","E01009007","Total",768,42,131,529,66,398,18,38,297,45,370,24,93,232,21
"2011","Birmingham 023F","E01033632","Total",877,68,183,514,112,447,19,43,302,83,430,49,140,212,29
"2011","Birmingham 024A","E01009237","Total",583,56,122,356,49,288,23,40,189,36,295,33,82,167,13
"2011","Birmingham 024B","E01009238","Total",720,65,154,430,71,392,22,58,253,59,328,43,96,177,12
"2011","Birmingham 024C","E01009240","Total",732,66,142,457,67,382,22,48,262,50,350,44,94,195,17
"2011","Birmingham 024D","E01009241","Total",727,54,138,483,52,377,22,50,268,37,350,32,88,215,15
"2011","Birmingham 024E","E01009242","Total",754,107,160,436,51,406,50,66,252,38,348,57,94,184,13
"2011","Birmingham 025A","E01009005","Total",619,47,97,419,56,321,15,32,229,45,298,32,65,190,11
"2011","Birmingham 025B","E01009009","Total",725,62,142,437,84,363,22,33,246,62,362,40,109,191,22
"2011","Birmingham 025C","E01009098","Total",907,77,157,569,104,444,22,38,314,70,463,55,119,255,34
"2011","Birmingham 025D","E01009100","Total",923,68,173,588,94,456,17,44,329,66,467,51,129,259,28
"2011","Birmingham 025E","E01009105","Total",741,50,142,484,65,381,13,32,285,51,360,37,110,199,14
"2011","Birmingham 026A","E01009126","Total",707,69,148,428,62,356,24,44,242,46,351,45,104,186,16
"2011","Birmingham 026B","E01009408","Total",666,51,149,411,55,335,18,45,226,46,331,33,104,185,9
"2011","Birmingham 026C","E01009409","Total",725,49,130,485,61,362,19,43,259,41,363,30,87,226,20
"2011","Birmingham 026D","E01009410","Total",766,58,161,475,72,411,23,56,281,51,355,35,105,194,21
"2011","Birmingham 028A","E01009008","Total",721,70,136,424,91,359,19,35,247,58,362,51,101,177,33
"2011","Birmingham 028B","E01009011","Total",834,75,155,519,85,452,38,38,309,67,382,37,117,210,18
"2011","Birmingham 028C","E01009012","Total",738,58,118,493,69,392,19,32,291,50,346,39,86,202,19
"2011","Birmingham 028D","E01009102","Total",595,36,137,377,45,308,8,45,217,38,287,28,92,160,7
"2011","Birmingham 028E","E01009104","Total",562,56,143,307,56,277,13,46,173,45,285,43,97,134,11
"2011","Birmingham 029A","E01009096","Total",646,41,145,407,53,334,10,44,235,45,312,31,101,172,8
"2011","Birmingham 029B","E01009097","Total",662,68,143,409,42,314,20,27,232,35,348,48,116,177,7
"2011","Birmingham 029C","E01009099","Total",652,46,177,401,28,285,13,34,217,21,367,33,143,184,7
"2011","Birmingham 029D","E01009101","Total",560,47,149,329,35,246,11,26,181,28,314,36,123,148,7
"2011","Birmingham 029E","E01009103","Total",514,30,127,329,28,241,10,21,192,18,273,20,106,137,10
"2011","Birmingham 029F","E01009106","Total",588,51,110,377,50,303,17,31,213,42,285,34,79,164,8
"2011","Birmingham 030A","E01008915","Total",528,61,119,308,40,299,20,54,192,33,229,41,65,116,7
"2011","Birmingham 030B","E01009411","Total",982,52,189,647,94,488,22,59,339,68,494,30,130,308,26
"2011","Birmingham 030C","E01009412","Total",699,75,148,421,55,381,32,54,255,40,318,43,94,166,15
"2011","Birmingham 030D","E01009413","Total",724,72,146,439,67,390,29,50,262,49,334,43,96,177,18
"2011","Birmingham 030E","E01009414","Total",894,65,174,581,74,464,31,62,324,47,430,34,112,257,27
"2011","Birmingham 031A","E01008998","Total",645,49,150,403,43,336,20,54,233,29,309,29,96,170,14
"2011","Birmingham 031B","E01008999","Total",607,58,147,351,51,325,22,54,215,34,282,36,93,136,17
"2011","Birmingham 031C","E01009000","Total",765,54,119,517,75,425,18,45,307,55,340,36,74,210,20
"2011","Birmingham 031D","E01009013","Total",871,70,173,549,79,429,18,55,299,57,442,52,118,250,22
"2011","Birmingham 031E","E01009400","Total",549,63,117,326,43,276,18,35,190,33,273,45,82,136,10
"2011","Birmingham 031F","E01009401","Total",604,81,112,357,54,317,33,38,206,40,287,48,74,151,14
"2011","Birmingham 031H","E01033630","Total",630,37,94,418,81,312,7,25,225,55,318,30,69,193,26
"2011","Birmingham 031I","E01033646","Total",677,49,121,438,69,373,19,43,255,56,304,30,78,183,13
"2011","Birmingham 032A","E01009049","Total",644,78,140,383,43,356,41,69,216,30,288,37,71,167,13
"2011","Birmingham 032B","E01009056","Total",757,77,165,434,81,410,29,81,242,58,347,48,84,192,23
"2011","Birmingham 032C","E01009263","Total",685,70,155,393,67,319,25,58,188,48,366,45,97,205,19
"2011","Birmingham 032D","E01009264","Total",678,82,106,419,71,318,28,45,201,44,360,54,61,218,27
"2011","Birmingham 032E","E01009265","Total",746,59,154,444,89,393,25,60,252,56,353,34,94,192,33
"2011","Birmingham 033A","E01009051","Total",481,85,141,233,22,302,45,89,151,17,179,40,52,82,5
"2011","Birmingham 033B","E01009053","Total",393,54,127,196,16,271,33,89,137,12,122,21,38,59,4
"2011","Birmingham 033C","E01009054","Total",551,57,162,305,27,338,18,94,208,18,213,39,68,97,9
"2011","Birmingham 033D","E01009058","Total",476,77,163,224,12,310,42,102,154,12,166,35,61,70,0
"2011","Birmingham 033E","E01009061","Total",500,84,149,250,17,337,42,104,177,14,163,42,45,73,3
"2011","Birmingham 033F","E01009239","Total",584,178,132,238,36,275,62,50,135,28,309,116,82,103,8
"2011","Birmingham 034A","E01009266","Total",706,67,173,417,49,376,24,77,238,37,330,43,96,179,12
"2011","Birmingham 034B","E01009269","Total",562,45,129,345,43,305,20,61,196,28,257,25,68,149,15
"2011","Birmingham 034C","E01009270","Total",636,67,166,364,39,366,27,79,235,25,270,40,87,129,14
"2011","Birmingham 034D","E01009271","Total",516,57,126,299,34,280,26,57,174,23,236,31,69,125,11
"2011","Birmingham 034E","E01009273","Total",575,54,142,342,37,327,22,64,212,29,248,32,78,130,8
"2011","Birmingham 035A","E01009050","Total",629,90,163,336,40,371,44,91,207,29,258,46,72,129,11
"2011","Birmingham 035D","E01009057","Total",550,81,144,284,41,321,29,88,175,29,229,52,56,109,12
"2011","Birmingham 035E","E01009059","Total",477,57,153,239,28,286,22,91,150,23,191,35,62,89,5
"2011","Birmingham 035F","E01009060","Total",459,62,148,224,25,275,25,81,152,17,184,37,67,72,8
"2011","Birmingham 035G","E01033621","Total",884,150,258,426,50,506,68,136,266,36,378,82,122,160,14
"2011","Birmingham 036A","E01009268","Total",657,66,125,400,66,349,19,49,236,45,308,47,76,164,21
"2011","Birmingham 036B","E01009272","Total",501,46,131,291,33,243,19,41,160,23,258,27,90,131,10
"2011","Birmingham 036C","E01009274","Total",777,94,194,445,44,426,39,88,268,31,351,55,106,177,13
"2011","Birmingham 036D","E01009349","Total",551,48,163,296,44,276,19,64,161,32,275,29,99,135,12
"2011","Birmingham 036E","E01009351","Total",566,68,160,290,48,320,25,92,164,39,246,43,68,126,9
"2011","Birmingham 036F","E01009354","Total",490,55,126,283,26,259,21,58,164,16,231,34,68,119,10
"2011","Birmingham 037A","E01008899","Total",324,48,97,160,19,177,17,49,96,15,147,31,48,64,4
"2011","Birmingham 037C","E01008901","Total",477,54,156,242,25,264,21,84,142,17,213,33,72,100,8
"2011","Birmingham 037E","E01008916","Total",375,35,140,176,24,245,16,92,115,22,130,19,48,61,2
"2011","Birmingham 037F","E01033636","Total",809,127,273,371,38,545,69,189,254,33,264,58,84,117,5
"2011","Birmingham 038A","E01009079","Total",517,45,129,311,32,269,16,43,182,28,248,29,86,129,4
"2011","Birmingham 038B","E01009080","Total",340,36,87,193,24,163,12,24,108,19,177,24,63,85,5
"2011","Birmingham 038C","E01009081","Total",426,42,94,260,30,239,18,38,159,24,187,24,56,101,6
"2011","Birmingham 038D","E01009083","Total",448,51,127,235,35,207,13,38,129,27,241,38,89,106,8
"2011","Birmingham 039A","E01009275","Total",527,59,151,291,26,308,26,82,181,19,219,33,69,110,7
"2011","Birmingham 039B","E01009350","Total",460,58,132,244,26,261,21,72,153,15,199,37,60,91,11
"2011","Birmingham 039C","E01009352","Total",495,47,152,261,35,300,25,88,161,26,195,22,64,100,9
"2011","Birmingham 039D","E01009353","Total",490,53,135,273,29,304,24,85,177,18,186,29,50,96,11
"2011","Birmingham 039E","E01009355","Total",525,51,149,295,30,305,21,69,194,21,220,30,80,101,9
"2011","Birmingham 039H","E01033635","Total",1018,107,275,569,67,585,40,145,354,46,433,67,130,215,21
"2011","Birmingham 040A","E01008905","Total",448,73,151,206,18,287,27,99,147,14,161,46,52,59,4
"2011","Birmingham 040B","E01008907","Total",443,69,143,202,29,268,30,91,123,24,175,39,52,79,5
"2011","Birmingham 040C","E01009047","Total",515,69,157,261,28,336,38,93,183,22,179,31,64,78,6
"2011","Birmingham 040D","E01009048","Total",565,64,148,314,39,359,31,87,213,28,206,33,61,101,11
"2011","Birmingham 040E","E01009062","Total",454,68,155,208,23,268,27,89,136,16,186,41,66,72,7
"2011","Birmingham 041D","E01008909","Total",455,49,161,227,18,231,22,72,127,10,224,27,89,100,8
"2011","Birmingham 041F","E01033628","Total",623,79,232,281,31,389,34,152,180,23,234,45,80,101,8
"2011","Birmingham 041G","E01033637","Total",726,86,245,361,34,434,37,155,217,25,292,49,90,144,9
"2011","Birmingham 042A","E01009084","Total",610,61,137,362,50,337,19,61,225,32,273,42,76,137,18
"2011","Birmingham 042B","E01009085","Total",654,82,191,329,52,412,27,112,227,46,242,55,79,102,6
"2011","Birmingham 042C","E01009087","Total",614,51,138,375,50,359,19,58,242,40,255,32,80,133,10
"2011","Birmingham 042D","E01009089","Total",578,61,130,353,34,336,21,54,233,28,242,40,76,120,6
"2011","Birmingham 042E","E01009090","Total",661,74,196,337,54,383,33,92,213,45,278,41,104,124,9
"2011","Birmingham 043A","E01009201","Total",515,38,148,293,36,275,14,62,173,26,240,24,86,120,10
"2011","Birmingham 043B","E01009202","Total",475,37,156,265,17,256,10,78,152,16,219,27,78,113,1
"2011","Birmingham 043C","E01009203","Total",672,65,245,330,32,358,28,103,200,27,314,37,142,130,5
"2011","Birmingham 044A","E01009082","Total",507,42,126,299,40,249,14,31,176,28,258,28,95,123,12
"2011","Birmingham 044B","E01009086","Total",691,53,179,387,72,414,20,84,253,57,277,33,95,134,15
"2011","Birmingham 044C","E01009480","Total",535,57,163,274,41,307,19,74,180,34,228,38,89,94,7
"2011","Birmingham 044D","E01009481","Total",659,63,189,363,44,417,23,112,249,33,242,40,77,114,11
"2011","Birmingham 044E","E01009486","Total",614,68,180,322,44,408,28,106,241,33,206,40,74,81,11
"2011","Birmingham 044F","E01009487","Total",638,73,200,329,36,427,35,125,237,30,211,38,75,92,6
"2011","Birmingham 045A","E01009088","Total",598,49,128,375,46,300,15,36,212,37,298,34,92,163,9
"2011","Birmingham 045B","E01009091","Total",637,50,132,396,59,309,14,32,220,43,328,36,100,176,16
"2011","Birmingham 045C","E01009305","Total",599,45,145,366,43,307,18,34,218,37,292,27,111,148,6
"2011","Birmingham 045D","E01009307","Total",530,41,116,316,57,271,14,25,184,48,259,27,91,132,9
"2011","Birmingham 045E","E01009309","Total",482,45,105,297,35,229,10,16,182,21,253,35,89,115,14
"2011","Birmingham 046A","E01009304","Total",716,51,149,453,63,355,16,34,256,49,361,35,115,197,14
"2011","Birmingham 046B","E01009306","Total",581,51,126,343,61,294,17,23,206,48,287,34,103,137,13
"2011","Birmingham 046C","E01009308","Total",671,42,144,433,52,330,11,24,261,34,341,31,120,172,18
"2011","Birmingham 046D","E01009310","Total",701,50,158,430,63,333,8,31,244,50,368,42,127,186,13
"2011","Birmingham 047A","E01009348","Total",817,91,187,482,57,402,34,66,260,42,415,57,121,222,15
"2011","Birmingham 047B","E01009358","Total",648,67,172,362,47,371,32,81,222,36,277,35,91,140,11
"2011","Birmingham 047C","E01009359","Total",648,82,177,346,43,386,49,87,216,34,262,33,90,130,9
"2011","Birmingham 047D","E01009360","Total",861,84,240,480,57,433,37,106,259,31,428,47,134,221,26
"2011","Birmingham 047E","E01009361","Total",637,72,203,324,38,357,41,104,186,26,280,31,99,138,12
"2011","Birmingham 048A","E01009478","Total",532,65,156,289,22,309,29,81,184,15,223,36,75,105,7
"2011","Birmingham 048B","E01009479","Total",507,56,166,266,19,325,23,103,182,17,182,33,63,84,2
"2011","Birmingham 048C","E01009482","Total",384,46,133,188,17,266,22,87,143,14,118,24,46,45,3
"2011","Birmingham 048D","E01009484","Total",384,58,133,177,16,245,30,82,119,14,139,28,51,58,2
"2011","Birmingham 048E","E01009485","Total",432,55,151,207,19,280,20,108,139,13,152,35,43,68,6
"2011","Birmingham 049A","E01008906","Total",417,54,166,178,19,270,26,109,119,16,147,28,57,59,3
"2011","Birmingham 049B","E01008911","Total",405,43,126,213,23,216,17,56,122,21,189,26,70,91,2
"2011","Birmingham 049D","E01009347","Total",554,69,167,278,40,256,24,58,146,28,298,45,109,132,12
"2011","Birmingham 049E","E01033559","Total",946,69,84,616,177,554,33,39,368,114,392,36,45,248,63
"2011","Birmingham 049F","E01033638","Total",453,52,132,229,40,259,27,64,139,29,194,25,68,90,11
"2011","Birmingham 050A","E01008910","Total",461,57,157,226,21,265,17,89,142,17,196,40,68,84,4
"2011","Birmingham 050B","E01008913","Total",453,69,157,201,26,226,31,61,118,16,227,38,96,83,10
"2011","Birmingham 050C","E01008914","Total",847,240,186,377,44,470,108,90,240,32,377,132,96,137,12
"2011","Birmingham 050E","E01033561","Total",702,360,138,180,24,342,158,67,98,19,360,202,71,82,5
"2011","Birmingham 050F","E01033617","Total",697,429,95,145,28,304,155,48,81,20,393,274,47,64,8
"2011","Birmingham 051A","E01009194","Total",691,88,218,356,29,473,43,151,256,23,218,45,67,100,6
"2011","Birmingham 051B","E01009483","Total",398,39,166,174,19,274,15,117,128,14,124,24,49,46,5
"2011","Birmingham 051C","E01009488","Total",501,56,158,260,27,307,20,101,164,22,194,36,57,96,5
"2011","Birmingham 051D","E01009489","Total",437,53,169,202,13,308,35,111,151,11,129,18,58,51,2
"2011","Birmingham 051E","E01009491","Total",388,43,116,203,26,284,19,85,158,22,104,24,31,45,4
"2011","Birmingham 052B","E01009192","Total",656,87,217,319,33,473,55,157,233,28,183,32,60,86,5
"2011","Birmingham 052D","E01009199","Total",569,39,145,343,42,317,15,72,200,30,252,24,73,143,12
"2011","Birmingham 052E","E01009204","Total",506,71,169,229,37,278,27,78,143,30,228,44,91,86,7
"2011","Birmingham 052F","E01033644","Total",659,87,209,330,33,415,41,124,224,26,244,46,85,106,7
"2011","Birmingham 053A","E01009151","Total",632,71,192,334,35,381,32,103,219,27,251,39,89,115,8
"2011","Birmingham 053B","E01009152","Total",670,63,182,377,48,428,20,105,266,37,242,43,77,111,11
"2011","Birmingham 053C","E01009153","Total",846,108,198,467,73,452,44,83,266,59,394,64,115,201,14
"2011","Birmingham 053D","E01009345","Total",536,48,167,287,34,314,22,81,182,29,222,26,86,105,5
"2011","Birmingham 053E","E01009346","Total",492,56,147,249,40,256,23,70,137,26,236,33,77,112,14
"2011","Birmingham 054A","E01009092","Total",532,42,160,288,42,230,10,37,150,33,302,32,123,138,9
"2011","Birmingham 054B","E01009093","Total",569,36,148,346,39,279,15,33,200,31,290,21,115,146,8
"2011","Birmingham 054C","E01009094","Total",504,45,135,290,34,255,13,53,160,29,249,32,82,130,5
"2011","Birmingham 054D","E01009298","Total",580,49,131,369,31,279,16,32,204,27,301,33,99,165,4
"2011","Birmingham 054E","E01009311","Total",602,55,140,363,44,297,23,35,203,36,305,32,105,160,8
"2011","Birmingham 054F","E01009511","Total",418,40,110,237,31,238,15,47,152,24,180,25,63,85,7
"2011","Birmingham 055A","E01009475","Total",517,55,199,235,28,298,32,105,136,25,219,23,94,99,3
"2011","Birmingham 055B","E01009476","Total",440,44,141,231,24,302,31,94,155,22,138,13,47,76,2
"2011","Birmingham 055C","E01009477","Total",509,58,141,279,31,282,24,67,166,25,227,34,74,113,6
"2011","Birmingham 055D","E01009490","Total",567,61,187,296,23,352,32,108,192,20,215,29,79,104,3
"2011","Birmingham 055E","E01009492","Total",442,50,146,224,22,263,20,81,145,17,179,30,65,79,5
"2011","Birmingham 056A","E01009095","Total",662,63,156,389,54,360,29,64,227,40,302,34,92,162,14
"2011","Birmingham 056B","E01009507","Total",497,42,102,313,40,302,16,56,198,32,195,26,46,115,8
"2011","Birmingham 056C","E01009508","Total",655,46,159,397,53,350,15,68,231,36,305,31,91,166,17
"2011","Birmingham 056D","E01009509","Total",681,63,168,391,59,391,24,78,241,48,290,39,90,150,11
"2011","Birmingham 056E","E01009510","Total",468,39,123,281,25,248,11,42,176,19,220,28,81,105,6
"2011","Birmingham 057A","E01009297","Total",648,44,154,413,37,314,11,43,232,28,334,33,111,181,9
"2011","Birmingham 057B","E01009299","Total",601,48,151,354,48,290,18,42,192,38,311,30,109,162,10
"2011","Birmingham 057C","E01009300","Total",634,49,143,410,32,322,22,41,232,27,312,27,102,178,5
"2011","Birmingham 057D","E01009301","Total",577,49,108,373,47,296,14,38,207,37,281,35,70,166,10
"2011","Birmingham 057E","E01009303","Total",629,47,115,416,51,338,12,32,252,42,291,35,83,164,9
"2011","Birmingham 058A","E01009195","Total",600,92,198,273,37,401,51,131,187,32,199,41,67,86,5
"2011","Birmingham 058C","E01009197","Total",446,64,145,215,22,278,32,93,136,17,168,32,52,79,5
"2011","Birmingham 058D","E01009198","Total",371,37,147,165,22,252,15,103,118,16,119,22,44,47,6
"2011","Birmingham 058E","E01033647","Total",360,35,126,192,7,227,17,79,126,5,133,18,47,66,2
"2011","Birmingham 058F","E01033649","Total",450,64,164,200,22,290,37,102,131,20,160,27,62,69,2
"2011","Birmingham 060A","E01009138","Total",715,81,131,437,66,406,35,58,262,51,309,46,73,175,15
"2011","Birmingham 060B","E01009139","Total",762,95,137,445,85,422,40,58,261,63,340,55,79,184,22
"2011","Birmingham 060C","E01009140","Total",849,81,163,476,129,486,35,77,282,92,363,46,86,194,37
"2011","Birmingham 060D","E01009145","Total",923,80,172,543,128,527,30,79,327,91,396,50,93,216,37
"2011","Birmingham 060E","E01009147","Total",821,84,124,502,111,464,35,60,288,81,357,49,64,214,30
"2011","Birmingham 062A","E01009512","Total",647,62,146,385,54,306,15,37,212,42,341,47,109,173,12
"2011","Birmingham 062B","E01009514","Total",504,56,107,297,44,265,20,39,173,33,239,36,68,124,11
"2011","Birmingham 062C","E01009516","Total",568,37,145,328,58,304,13,48,202,41,264,24,97,126,17
"2011","Birmingham 062D","E01009517","Total",718,62,167,430,59,378,20,47,267,44,340,42,120,163,15
"2011","Birmingham 063A","E01009325","Total",441,53,155,201,32,274,23,91,136,24,167,30,64,65,8
"2011","Birmingham 063D","E01009342","Total",533,68,172,257,36,342,34,105,169,34,191,34,67,88,2
"2011","Birmingham 063E","E01009343","Total",431,48,137,224,22,282,27,82,155,18,149,21,55,69,4
"2011","Birmingham 063F","E01033642","Total",744,109,256,346,33,484,48,167,243,26,260,61,89,103,7
"2011","Birmingham 064A","E01008986","Total",934,77,150,585,122,507,41,64,313,89,427,36,86,272,33
"2011","Birmingham 064B","E01008987","Total",623,145,150,292,36,302,50,70,156,26,321,95,80,136,10
"2011","Birmingham 064C","E01008988","Total",1120,86,148,722,164,631,28,74,411,118,489,58,74,311,46
"2011","Birmingham 064D","E01008989","Total",863,81,137,529,116,487,33,64,307,83,376,48,73,222,33
"2011","Birmingham 064E","E01008990","Total",576,68,71,328,109,305,21,20,182,82,271,47,51,146,27
"2011","Birmingham 064F","E01008991","Total",726,62,127,377,160,399,24,44,198,133,327,38,83,179,27
"2011","Birmingham 066A","E01008882","Total",561,42,162,319,38,304,13,85,181,25,257,29,77,138,13
"2011","Birmingham 066B","E01008896","Total",505,53,115,307,30,263,19,46,178,20,242,34,69,129,10
"2011","Birmingham 066C","E01008898","Total",533,44,158,299,32,272,13,64,171,24,261,31,94,128,8
"2011","Birmingham 066D","E01009326","Total",569,65,184,290,30,358,36,109,190,23,211,29,75,100,7
"2011","Birmingham 066E","E01009341","Total",425,41,125,234,25,249,19,60,152,18,176,22,65,82,7
"2011","Birmingham 066F","E01009513","Total",574,58,127,352,37,314,21,49,211,33,260,37,78,141,4
"2011","Birmingham 067A","E01008881","Total",585,52,138,351,44,309,14,50,209,36,276,38,88,142,8
"2011","Birmingham 067B","E01008897","Total",643,54,140,405,44,368,23,70,237,38,275,31,70,168,6
"2011","Birmingham 067C","E01009515","Total",618,48,142,371,57,341,21,54,226,40,277,27,88,145,17
"2011","Birmingham 067D","E01009518","Total",734,47,137,467,83,393,19,47,270,57,341,28,90,197,26
"2011","Birmingham 067E","E01009521","Total",848,88,189,498,73,469,32,62,313,62,379,56,127,185,11
"2011","Birmingham 069A","E01009302","Total",655,56,133,409,57,340,13,38,239,50,315,43,95,170,7
"2011","Birmingham 069B","E01009314","Total",641,58,138,397,48,330,19,39,233,39,311,39,99,164,9
"2011","Birmingham 069C","E01009321","Total",550,37,161,310,42,271,9,41,188,33,279,28,120,122,9
"2011","Birmingham 069D","E01009322","Total",506,52,117,290,47,257,17,34,168,38,249,35,83,122,9
"2011","Birmingham 069E","E01009323","Total",569,53,124,355,37,300,24,35,212,29,269,29,89,143,8
"2011","Birmingham 070A","E01009329","Total",620,98,213,270,39,437,55,160,188,34,183,43,53,82,5
"2011","Birmingham 070B","E01009334","Total",486,80,168,199,39,332,41,114,144,33,154,39,54,55,6
"2011","Birmingham 070C","E01009337","Total",483,74,189,190,30,326,38,129,139,20,157,36,60,51,10
"2011","Birmingham 070D","E01009338","Total",429,73,155,179,22,285,38,101,130,16,144,35,54,49,6
"2011","Birmingham 070E","E01009380","Total",402,61,138,176,27,276,32,93,126,25,126,29,45,50,2
"2011","Birmingham 071A","E01009362","Total",329,46,105,154,24,197,23,56,101,17,132,23,49,53,7
"2011","Birmingham 071B","E01009363","Total",460,57,126,254,23,277,23,82,155,17,183,34,44,99,6
"2011","Birmingham 071C","E01009364","Total",358,47,114,185,12,219,21,66,123,9,139,26,48,62,3
"2011","Birmingham 071D","E01009365","Total",412,57,140,192,23,263,24,89,133,17,149,33,51,59,6
"2011","Birmingham 071E","E01009379","Total",382,38,119,190,35,251,18,74,131,28,131,20,45,59,7
"2011","Birmingham 072A","E01009312","Total",762,59,154,466,83,384,11,43,266,64,378,48,111,200,19
"2011","Birmingham 072B","E01009324","Total",772,59,133,504,76,395,25,22,289,59,377,34,111,215,17
"2011","Birmingham 072C","E01009519","Total",748,54,139,501,54,399,15,29,314,41,349,39,110,187,13
"2011","Birmingham 072D","E01009520","Total",869,76,169,531,93,463,22,50,320,71,406,54,119,211,22
"2011","Birmingham 073A","E01009066","Total",782,72,147,404,159,410,21,33,241,115,372,51,114,163,44
"2011","Birmingham 073B","E01009070","Total",841,55,139,493,154,422,22,31,272,97,419,33,108,221,57
"2011","Birmingham 073C","E01009252","Total",834,63,108,507,156,429,16,34,278,101,405,47,74,229,55
"2011","Birmingham 073D","E01009260","Total",720,54,117,422,127,389,12,33,247,97,331,42,84,175,30
"2011","Birmingham 073E","E01009261","Total",805,59,133,497,116,406,19,37,268,82,399,40,96,229,34
"2011","Birmingham 074A","E01008984","Total",616,153,110,284,69,318,36,51,176,55,298,117,59,108,14
"2011","Birmingham 074B","E01008994","Total",776,102,117,395,162,421,36,47,224,114,355,66,70,171,48
"2011","Birmingham 074C","E01008996","Total",444,58,109,241,36,239,26,47,141,25,205,32,62,100,11
"2011","Birmingham 074D","E01008997","Total",639,71,118,326,124,333,27,43,178,85,306,44,75,148,39
"2011","Birmingham 075A","E01009065","Total",868,59,134,495,180,446,20,33,273,120,422,39,101,222,60
"2011","Birmingham 075B","E01009067","Total",813,62,110,454,187,390,18,26,227,119,423,44,84,227,68
"2011","Birmingham 075C","E01009068","Total",903,71,100,542,190,428,26,33,252,117,475,45,67,290,73
"2011","Birmingham 075D","E01009069","Total",978,66,112,573,227,494,28,34,291,141,484,38,78,282,86
"2011","Birmingham 075E","E01009072","Total",928,44,101,610,173,452,17,29,296,110,476,27,72,314,63
"2011","Birmingham 076A","E01008885","Total",659,65,146,388,60,327,29,33,221,44,332,36,113,167,16
"2011","Birmingham 076B","E01008886","Total",730,45,147,484,54,372,14,46,274,38,358,31,101,210,16
"2011","Birmingham 076C","E01008888","Total",845,62,178,544,61,443,16,46,327,54,402,46,132,217,7
"2011","Birmingham 076D","E01009313","Total",728,63,141,453,71,386,19,27,281,59,342,44,114,172,12
"2011","Birmingham 077A","E01009368","Total",370,49,110,188,23,253,26,71,139,17,117,23,39,49,6
"2011","Birmingham 077D","E01009371","Total",396,47,148,182,19,274,27,104,128,15,122,20,44,54,4
"2011","Birmingham 077E","E01009397","Total",428,56,149,210,13,283,26,106,139,12,145,30,43,71,1
"2011","Birmingham 077F","E01033650","Total",582,70,197,285,30,418,29,149,219,21,164,41,48,66,9
"2011","Birmingham 078A","E01008883","Total",673,61,146,413,53,386,20,66,255,45,287,41,80,158,8
"2011","Birmingham 078B","E01008884","Total",686,57,166,415,48,392,24,83,248,37,294,33,83,167,11
"2011","Birmingham 078C","E01008887","Total",619,39,128,404,48,321,16,49,218,38,298,23,79,186,10
"2011","Birmingham 078D","E01008889","Total",700,63,131,439,67,399,28,59,273,39,301,35,72,166,28
"2011","Birmingham 079A","E01008982","Total",739,70,109,431,129,401,35,40,252,74,338,35,69,179,55
"2011","Birmingham 079C","E01008992","Total",703,147,98,319,139,368,52,40,177,99,335,95,58,142,40
"2011","Birmingham 079E","E01009283","Total",723,76,91,428,128,388,29,39,241,79,335,47,52,187,49
"2011","Birmingham 079F","E01033631","Total",1414,448,194,555,217,688,166,70,306,146,726,282,124,249,71
"2011","Birmingham 080A","E01009249","Total",735,62,146,454,73,363,16,36,253,58,372,46,110,201,15
"2011","Birmingham 080B","E01009250","Total",758,51,148,465,94,377,17,37,261,62,381,34,111,204,32
"2011","Birmingham 080C","E01009251","Total",774,48,141,511,74,393,15,35,291,52,381,33,106,220,22
"2011","Birmingham 080D","E01009253","Total",733,54,136,464,79,360,16,35,255,54,373,38,101,209,25
"2011","Birmingham 080E","E01009255","Total",662,48,159,401,54,338,17,38,240,43,324,31,121,161,11
"2011","Birmingham 080F","E01009257","Total",577,52,115,356,54,290,20,27,200,43,287,32,88,156,11
"2011","Birmingham 081A","E01009315","Total",677,47,129,441,60,355,15,28,272,40,322,32,101,169,20
"2011","Birmingham 081B","E01009316","Total",790,75,154,498,63,388,17,37,283,51,402,58,117,215,12
"2011","Birmingham 081C","E01009317","Total",685,41,144,432,68,363,6,40,265,52,322,35,104,167,16
"2011","Birmingham 081D","E01009318","Total",810,67,151,512,80,428,25,33,316,54,382,42,118,196,26
"2011","Birmingham 081E","E01009319","Total",857,71,154,549,83,459,22,43,335,59,398,49,111,214,24
"2011","Birmingham 081F","E01009320","Total",723,52,128,474,69,386,15,29,293,49,337,37,99,181,20
"2011","Birmingham 082A","E01009372","Total",445,67,156,205,17,304,26,115,151,12,141,41,41,54,5
"2011","Birmingham 082B","E01009373","Total",411,61,165,173,12,271,26,112,125,8,140,35,53,48,4
"2011","Birmingham 082D","E01009396","Total",576,67,183,287,39,417,40,124,216,37,159,27,59,71,2
"2011","Birmingham 082F","E01033643","Total",754,93,259,372,30,512,52,178,261,21,242,41,81,111,9
"2011","Birmingham 083A","E01009367","Total",440,56,121,247,16,271,28,67,165,11,169,28,54,82,5
"2011","Birmingham 083B","E01009375","Total",452,46,143,240,23,305,22,94,170,19,147,24,49,70,4
"2011","Birmingham 083C","E01009377","Total",284,38,106,125,15,161,15,62,72,12,123,23,44,53,3
"2011","Birmingham 083D","E01009383","Total",452,62,99,250,41,294,29,64,171,30,158,33,35,79,11
"2011","Birmingham 083E","E01009399","Total",379,48,128,184,19,255,26,78,135,16,124,22,50,49,3
"2011","Birmingham 084A","E01009366","Total",447,43,147,235,22,258,17,84,139,18,189,26,63,96,4
"2011","Birmingham 084B","E01009374","Total",305,33,96,155,21,170,8,52,95,15,135,25,44,60,6
"2011","Birmingham 084C","E01009376","Total",445,48,155,208,34,275,30,85,136,24,170,18,70,72,10
"2011","Birmingham 084F","E01033648","Total",788,95,218,420,55,487,41,132,276,38,301,54,86,144,17
"2011","Birmingham 085A","E01009073","Total",429,43,109,246,31,205,17,27,144,17,224,26,82,102,14
"2011","Birmingham 085B","E01009074","Total",579,40,132,354,53,279,15,42,185,37,300,25,90,169,16
"2011","Birmingham 085C","E01009254","Total",690,60,140,428,62,347,24,42,239,42,343,36,98,189,20
"2011","Birmingham 085D","E01009256","Total",707,64,133,448,62,354,14,37,257,46,353,50,96,191,16
"2011","Birmingham 085E","E01009258","Total",539,39,113,342,45,271,17,34,188,32,268,22,79,154,13
"2011","Birmingham 087B","E01009071","Total",696,83,77,419,117,387,40,28,237,82,309,43,49,182,35
"2011","Birmingham 087C","E01009075","Total",572,79,96,329,68,297,28,38,187,44,275,51,58,142,24
"2011","Birmingham 087E","E01009078","Total",593,72,93,365,63,299,25,30,205,39,294,47,63,160,24
"2011","Birmingham 087F","E01033562","Total",948,116,159,555,118,494,48,66,304,76,454,68,93,251,42
"2011","Birmingham 088C","E01009183","Total",820,66,126,479,149,468,27,53,285,103,352,39,73,194,46
"2011","Birmingham 088D","E01009186","Total",864,55,139,538,132,480,27,45,312,96,384,28,94,226,36
"2011","Birmingham 088E","E01033645","Total",1012,132,261,567,52,646,65,159,385,37,366,67,102,182,15
"2011","Birmingham 089A","E01008890","Total",818,55,183,498,82,447,21,71,293,62,371,34,112,205,20
"2011","Birmingham 089B","E01008891","Total",773,67,138,490,78,405,21,37,295,52,368,46,101,195,26
"2011","Birmingham 089C","E01008892","Total",592,52,146,359,35,307,18,52,213,24,285,34,94,146,11
"2011","Birmingham 089D","E01008893","Total",869,70,149,568,82,476,21,50,341,64,393,49,99,227,18
"2011","Birmingham 089E","E01008894","Total",591,35,95,398,63,320,10,43,225,42,271,25,52,173,21
"2011","Birmingham 089F","E01008895","Total",978,68,161,646,103,484,23,38,352,71,494,45,123,294,32
"2011","Birmingham 089G","E01009015","Total",820,54,144,545,77,444,17,49,315,63,376,37,95,230,14
"2011","Birmingham 090A","E01009014","Total",727,72,187,416,52,412,22,88,262,40,315,50,99,154,12
"2011","Birmingham 090B","E01009018","Total",701,60,147,425,69,379,27,52,252,48,322,33,95,173,21
"2011","Birmingham 090C","E01009026","Total",503,34,148,290,31,260,8,48,176,28,243,26,100,114,3
"2011","Birmingham 090D","E01009028","Total",574,60,138,337,39,334,20,65,215,34,240,40,73,122,5
"2011","Birmingham 090E","E01009029","Total",565,43,136,348,38,310,14,52,211,33,255,29,84,137,5
"2011","Birmingham 092A","E01009182","Total",630,65,131,365,69,384,37,71,231,45,246,28,60,134,24
"2011","Birmingham 092B","E01009184","Total",868,68,135,537,128,467,24,69,298,76,401,44,66,239,52
"2011","Birmingham 092C","E01009187","Total",747,87,133,398,129,395,31,49,232,83,352,56,84,166,46
"2011","Birmingham 092D","E01009188","Total",758,56,127,446,129,388,29,38,242,79,370,27,89,204,50
"2011","Birmingham 092E","E01009384","Total",603,61,96,378,68,338,23,40,228,47,265,38,56,150,21
"2011","Birmingham 092F","E01009385","Total",664,48,97,431,88,392,22,44,263,63,272,26,53,168,25
"2011","Birmingham 093A","E01009185","Total",868,64,132,533,139,478,26,52,307,93,390,38,80,226,46
"2011","Birmingham 093B","E01009389","Total",577,73,144,315,45,367,34,86,220,27,210,39,58,95,18
"2011","Birmingham 093C","E01009390","Total",667,53,112,431,71,408,23,57,281,47,259,30,55,150,24
"2011","Birmingham 093D","E01009394","Total",849,45,149,538,117,484,24,82,300,78,365,21,67,238,39
"2011","Birmingham 094A","E01008918","Total",575,51,128,355,41,277,15,37,196,29,298,36,91,159,12
"2011","Birmingham 094B","E01008920","Total",670,49,141,425,55,327,18,30,240,39,343,31,111,185,16
"2011","Birmingham 094C","E01008921","Total",639,53,129,408,49,325,14,34,238,39,314,39,95,170,10
"2011","Birmingham 094D","E01008931","Total",537,35,111,352,39,241,6,21,182,32,296,29,90,170,7
"2011","Birmingham 094E","E01009259","Total",523,46,113,332,32,249,16,29,182,22,274,30,84,150,10
"2011","Birmingham 095A","E01008919","Total",686,61,144,413,68,347,23,45,228,51,339,38,99,185,17
"2011","Birmingham 095B","E01009064","Total",636,58,112,402,64,331,23,32,235,41,305,35,80,167,23
"2011","Birmingham 095C","E01009077","Total",728,79,147,432,70,366,40,45,235,46,362,39,102,197,24
"2011","Birmingham 095D","E01009291","Total",640,54,107,418,61,303,14,27,223,39,337,40,80,195,22
"2011","Birmingham 095E","E01009500","Total",514,38,107,338,31,230,12,29,166,23,284,26,78,172,8
"2011","Birmingham 096A","E01009284","Total",655,177,134,305,39,302,56,54,175,17,353,121,80,130,22
"2011","Birmingham 096C","E01009286","Total",601,351,79,144,27,293,152,44,79,18,308,199,35,65,9
"2011","Birmingham 096E","E01009289","Total",589,328,120,123,18,260,119,52,77,12,329,209,68,46,6
"2011","Birmingham 096F","E01009290","Total",555,325,91,118,21,265,129,44,77,15,290,196,47,41,6
"2011","Birmingham 096G","E01033634","Total",915,583,150,154,28,400,232,64,84,20,515,351,86,70,8
"2011","Birmingham 097A","E01009017","Total",599,53,162,350,34,349,21,73,232,23,250,32,89,118,11
"2011","Birmingham 097B","E01009043","Total",684,71,172,381,60,390,32,87,224,47,294,39,85,157,13
"2011","Birmingham 097C","E01009044","Total",515,68,143,254,50,316,24,90,170,32,199,44,53,84,18
"2011","Birmingham 097D","E01009045","Total",593,61,143,337,52,356,25,71,222,38,237,36,72,115,14
"2011","Birmingham 097E","E01009046","Total",738,76,161,426,75,414,26,66,269,53,324,50,95,157,22
"2011","Birmingham 097F","E01009395","Total",614,68,172,318,56,381,35,112,193,41,233,33,60,125,15
"2011","Birmingham 098A","E01009016","Total",575,48,118,355,54,311,15,38,216,42,264,33,80,139,12
"2011","Birmingham 098B","E01009022","Total",735,69,153,450,63,399,18,65,269,47,336,51,88,181,16
"2011","Birmingham 098C","E01009023","Total",772,61,171,471,69,414,23,61,276,54,358,38,110,195,15
"2011","Birmingham 098D","E01009030","Total",606,66,135,341,64,344,28,55,208,53,262,38,80,133,11
"2011","Birmingham 099A","E01009281","Total",615,53,108,370,84,297,18,27,192,60,318,35,81,178,24
"2011","Birmingham 099B","E01009292","Total",808,81,163,474,90,424,33,42,284,65,384,48,121,190,25
"2011","Birmingham 099C","E01009294","Total",791,54,148,484,105,417,19,39,274,85,374,35,109,210,20
"2011","Birmingham 099D","E01009295","Total",684,138,128,349,69,345,51,51,195,48,339,87,77,154,21
"2011","Birmingham 100A","E01009280","Total",638,78,116,379,65,327,35,25,223,44,311,43,91,156,21
"2011","Birmingham 100B","E01009282","Total",717,92,116,416,93,388,31,39,247,71,329,61,77,169,22
"2011","Birmingham 100C","E01009288","Total",475,62,90,232,91,267,24,27,151,65,208,38,63,81,26
"2011","Birmingham 100D","E01009293","Total",672,98,121,371,82,379,49,46,225,59,293,49,75,146,23
"2011","Birmingham 100E","E01009296","Total",698,92,116,420,70,380,46,51,240,43,318,46,65,180,27
"2011","Birmingham 101A","E01008924","Total",652,48,122,408,74,332,16,41,213,62,320,32,81,195,12
"2011","Birmingham 101B","E01009501","Total",609,58,142,362,47,279,17,33,190,39,330,41,109,172,8
"2011","Birmingham 101C","E01009502","Total",596,50,138,350,58,284,20,28,187,49,312,30,110,163,9
"2011","Birmingham 101D","E01009503","Total",610,38,146,359,67,292,12,33,197,50,318,26,113,162,17
"2011","Birmingham 101E","E01009505","Total",611,46,135,377,53,301,11,38,211,41,310,35,97,166,12
"2011","Birmingham 102A","E01008917","Total",679,51,161,397,70,358,17,34,250,57,321,34,127,147,13
"2011","Birmingham 102B","E01008923","Total",480,41,112,299,28,233,13,23,171,26,247,28,89,128,2
"2011","Birmingham 102C","E01008925","Total",692,55,142,442,53,344,20,35,253,36,348,35,107,189,17
"2011","Birmingham 102D","E01008927","Total",557,44,117,354,42,292,16,33,208,35,265,28,84,146,7
"2011","Birmingham 102E","E01008928","Total",543,48,132,316,47,231,17,24,161,29,312,31,108,155,18
"2011","Birmingham 103A","E01009019","Total",580,54,173,314,39,286,14,55,191,26,294,40,118,123,13
"2011","Birmingham 103B","E01009020","Total",604,52,150,358,44,315,23,44,217,31,289,29,106,141,13
"2011","Birmingham 103C","E01009021","Total",610,60,139,363,48,305,14,47,208,36,305,46,92,155,12
"2011","Birmingham 103D","E01009024","Total",600,63,130,359,48,317,24,35,224,34,283,39,95,135,14
"2011","Birmingham 103E","E01009025","Total",585,47,152,345,41,283,15,45,190,33,302,32,107,155,8
"2011","Birmingham 103F","E01009033","Total",671,50,152,393,76,361,16,66,220,59,310,34,86,173,17
"2011","Birmingham 104A","E01009175","Total",802,61,141,497,103,430,31,63,267,69,372,30,78,230,34
"2011","Birmingham 104B","E01009177","Total",820,64,156,502,98,411,23,63,267,58,409,41,93,235,40
"2011","Birmingham 104C","E01009178","Total",834,53,163,505,113,430,21,58,283,68,404,32,105,222,45
"2011","Birmingham 104D","E01009179","Total",833,83,146,500,104,438,27,52,290,69,395,56,94,210,35
"2011","Birmingham 104E","E01009189","Total",776,75,143,465,93,397,32,46,261,58,379,43,97,204,35
"2011","Birmingham 105A","E01008933","Total",670,75,161,385,49,345,21,58,227,39,325,54,103,158,10
"2011","Birmingham 105B","E01008934","Total",622,63,110,385,64,319,21,39,208,51,303,42,71,177,13
"2011","Birmingham 105C","E01009031","Total",716,72,131,423,90,392,26,51,244,71,324,46,80,179,19
"2011","Birmingham 105D","E01009037","Total",715,58,126,434,97,383,20,38,258,67,332,38,88,176,30
"2011","Birmingham 105E","E01009176","Total",702,53,132,439,78,366,15,50,248,53,336,38,82,191,25
"2011","Birmingham 106C","E01008929","Total",544,43,122,337,42,253,9,27,185,32,291,34,95,152,10
"2011","Birmingham 106D","E01008930","Total",721,65,129,461,66,344,20,28,256,40,377,45,101,205,26
"2011","Birmingham 106E","E01009495","Total",440,30,111,273,26,213,12,31,151,19,227,18,80,122,7
"2011","Birmingham 106F","E01033629","Total",1003,147,228,563,65,485,47,55,327,56,518,100,173,236,9
"2011","Birmingham 107A","E01008953","Total",727,70,134,450,73,372,16,46,259,51,355,54,88,191,22
"2011","Birmingham 107B","E01008963","Total",644,49,134,401,60,338,19,36,243,40,306,30,98,158,20
"2011","Birmingham 107C","E01008964","Total",616,50,145,371,50,305,19,33,216,37,311,31,112,155,13
"2011","Birmingham 107D","E01008965","Total",805,56,158,504,87,405,17,44,287,57,400,39,114,217,30
"2011","Birmingham 107E","E01008966","Total",658,55,132,405,66,341,26,43,226,46,317,29,89,179,20
"2011","Birmingham 108A","E01009032","Total",798,101,173,450,74,439,35,61,286,57,359,66,112,164,17
"2011","Birmingham 108B","E01009034","Total",737,66,142,440,89,413,26,62,265,60,324,40,80,175,29
"2011","Birmingham 108C","E01009035","Total",800,70,187,469,74,419,25,53,284,57,381,45,134,185,17
"2011","Birmingham 108D","E01009036","Total",685,53,139,409,84,373,18,43,255,57,312,35,96,154,27
"2011","Birmingham 109A","E01009494","Total",477,44,126,272,35,226,12,37,149,28,251,32,89,123,7
"2011","Birmingham 109B","E01009496","Total",691,56,149,411,75,346,16,36,235,59,345,40,113,176,16
"2011","Birmingham 109C","E01009497","Total",792,70,138,517,67,398,22,36,296,44,394,48,102,221,23
"2011","Birmingham 109D","E01009504","Total",592,61,105,363,63,319,25,22,225,47,273,36,83,138,16
"2011","Birmingham 109E","E01009506","Total",645,50,138,388,69,337,14,42,229,52,308,36,96,159,17
"2011","Birmingham 110A","E01008967","Total",771,73,163,462,73,407,24,49,280,54,364,49,114,182,19
"2011","Birmingham 110B","E01008968","Total",802,70,155,463,114,418,24,46,271,77,384,46,109,192,37
"2011","Birmingham 110C","E01008970","Total",590,45,129,372,44,292,20,27,215,30,298,25,102,157,14
"2011","Birmingham 110D","E01008981","Total",704,77,141,395,91,354,29,42,225,58,350,48,99,170,33
"2011","Birmingham 111A","E01008932","Total",594,56,130,350,58,323,19,47,213,44,271,37,83,137,14
"2011","Birmingham 111B","E01008935","Total",560,46,121,345,48,312,17,46,212,37,248,29,75,133,11
"2011","Birmingham 111C","E01008936","Total",649,51,114,406,78,344,19,30,241,54,305,32,84,165,24
"2011","Birmingham 111D","E01008938","Total",590,59,139,347,45,308,15,51,206,36,282,44,88,141,9
"2011","Birmingham 111E","E01008939","Total",677,48,147,426,56,341,14,40,246,41,336,34,107,180,15
"2011","Birmingham 112A","E01008951","Total",703,41,132,438,92,346,12,24,249,61,357,29,108,189,31
"2011","Birmingham 112B","E01008952","Total",935,56,135,645,99,473,23,39,353,58,462,33,96,292,41
"2011","Birmingham 112C","E01008955","Total",856,49,157,564,86,430,14,35,330,51,426,35,122,234,35
"2011","Birmingham 112D","E01008956","Total",712,73,130,400,109,370,27,42,235,66,342,46,88,165,43
"2011","Birmingham 112E","E01008957","Total",858,50,162,564,82,432,13,57,307,55,426,37,105,257,27
"2011","Birmingham 113A","E01008950","Total",545,53,117,328,47,265,18,29,188,30,280,35,88,140,17
"2011","Birmingham 113B","E01008954","Total",559,52,117,331,59,273,12,25,193,43,286,40,92,138,16
"2011","Birmingham 113C","E01008958","Total",572,46,122,348,56,275,19,27,189,40,297,27,95,159,16
"2011","Birmingham 113D","E01009493","Total",598,47,109,370,72,345,22,45,225,53,253,25,64,145,19
"2011","Birmingham 115A","E01008937","Total",562,49,113,362,38,294,20,36,210,28,268,29,77,152,10
"2011","Birmingham 115B","E01008940","Total",548,54,128,329,37,284,16,43,194,31,264,38,85,135,6
"2011","Birmingham 115C","E01008941","Total",554,48,141,314,51,273,11,42,185,35,281,37,99,129,16
"2011","Birmingham 115D","E01008944","Total",721,63,149,448,61,354,23,43,242,46,367,40,106,206,15
"2011","Birmingham 116A","E01008959","Total",756,67,163,426,100,373,21,41,237,74,383,46,122,189,26
"2011","Birmingham 116B","E01008960","Total",843,72,146,527,98,428,26,32,310,60,415,46,114,217,38
"2011","Birmingham 116C","E01008961","Total",790,56,130,511,93,415,20,33,295,67,375,36,97,216,26
"2011","Birmingham 116D","E01008962","Total",697,45,170,409,73,346,14,53,227,52,351,31,117,182,21
"2011","Birmingham 117A","E01008942","Total",689,56,154,420,59,346,15,38,243,50,343,41,116,177,9
"2011","Birmingham 117B","E01008943","Total",609,44,128,366,71,289,5,40,194,50,320,39,88,172,21
"2011","Birmingham 117C","E01008969","Total",840,67,148,541,84,414,19,41,299,55,426,48,107,242,29
"2011","Birmingham 117D","E01008971","Total",823,79,176,476,92,404,33,41,267,63,419,46,135,209,29
"2011","Birmingham 118A","E01008972","Total",695,47,148,449,51,337,14,40,242,41,358,33,108,207,10
"2011","Birmingham 118B","E01008973","Total",956,74,175,604,103,471,23,42,329,77,485,51,133,275,26
"2011","Birmingham 118C","E01008974","Total",1458,114,221,937,186,759,45,55,525,134,699,69,166,412,52
"2011","Birmingham 118D","E01008975","Total",785,62,146,495,82,404,19,31,294,60,381,43,115,201,22
"2011","Birmingham 119A","E01009172","Total",557,42,132,339,44,257,9,34,178,36,300,33,98,161,8
"2011","Birmingham 119B","E01009173","Total",660,56,158,393,53,321,20,36,223,42,339,36,122,170,11
"2011","Birmingham 119C","E01009174","Total",526,39,124,312,51,252,8,37,173,34,274,31,87,139,17
"2011","Birmingham 119D","E01009498","Total",630,49,144,394,43,312,16,40,221,35,318,33,104,173,8
"2011","Birmingham 119E","E01009499","Total",740,54,154,476,56,364,16,39,269,40,376,38,115,207,16
"2011","Birmingham 120A","E01009205","Total",757,71,137,472,77,391,24,30,291,46,366,47,107,181,31
"2011","Birmingham 120B","E01009206","Total",772,69,154,465,84,406,24,36,278,68,366,45,118,187,16
"2011","Birmingham 120C","E01009211","Total",846,62,132,594,58,440,22,38,341,39,406,40,94,253,19
"2011","Birmingham 120D","E01009218","Total",669,64,132,368,105,332,17,21,223,71,337,47,111,145,34
"2011","Birmingham 120E","E01009219","Total",694,58,150,424,62,340,18,25,252,45,354,40,125,172,17
"2011","Birmingham 121A","E01008976","Total",589,53,121,381,34,275,15,27,212,21,314,38,94,169,13
"2011","Birmingham 121B","E01008978","Total",319,33,93,174,19,174,15,41,102,16,145,18,52,72,3
"2011","Birmingham 121C","E01008979","Total",604,61,131,375,37,283,20,24,210,29,321,41,107,165,8
"2011","Birmingham 121D","E01008980","Total",516,41,151,285,39,260,9,46,176,29,256,32,105,109,10
"2011","Birmingham 122A","E01008945","Total",869,67,156,574,72,458,25,41,340,52,411,42,115,234,20
"2011","Birmingham 122B","E01008946","Total",666,56,147,412,51,345,13,37,256,39,321,43,110,156,12
"2011","Birmingham 122C","E01008947","Total",689,55,151,429,54,341,19,31,251,40,348,36,120,178,14
"2011","Birmingham 122D","E01008948","Total",711,44,145,453,69,370,7,34,268,61,341,37,111,185,8
"2011","Birmingham 122E","E01008949","Total",671,47,112,458,54,354,14,20,277,43,317,33,92,181,11
"2011","Birmingham 123A","E01008977","Total",775,42,145,517,71,380,11,26,286,57,395,31,119,231,14
"2011","Birmingham 123B","E01009109","Total",370,46,85,214,25,163,13,20,112,18,207,33,65,102,7
"2011","Birmingham 123C","E01009119","Total",666,55,110,419,82,343,18,29,241,55,323,37,81,178,27
"2011","Birmingham 123D","E01009120","Total",686,30,126,480,50,355,7,30,284,34,331,23,96,196,16
"2011","Birmingham 124A","E01009162","Total",788,57,153,502,76,405,20,34,294,57,383,37,119,208,19
"2011","Birmingham 124B","E01009207","Total",839,64,163,542,70,440,24,43,321,52,399,40,120,221,18
"2011","Birmingham 124C","E01009208","Total",815,62,139,542,72,418,20,25,316,57,397,42,114,226,15
"2011","Birmingham 124D","E01009209","Total",1046,71,218,651,106,520,25,58,364,73,526,46,160,287,33
"2011","Birmingham 124E","E01009213","Total",605,39,134,388,44,315,15,37,234,29,290,24,97,154,15
"2011","Birmingham 125B","E01009155","Total",513,37,99,328,49,265,10,27,189,39,248,27,72,139,10
"2011","Birmingham 125D","E01009157","Total",547,43,128,334,42,267,12,36,185,34,280,31,92,149,8
"2011","Birmingham 125E","E01009160","Total",514,45,130,311,28,246,14,29,183,20,268,31,101,128,8
"2011","Birmingham 125F","E01009161","Total",591,40,125,374,52,287,9,28,205,45,304,31,97,169,7
"2011","Birmingham 125G","E01033633","Total",908,63,201,579,65,458,17,52,339,50,450,46,149,240,15
"2011","Birmingham 126A","E01009117","Total",627,39,172,377,39,317,14,47,223,33,310,25,125,154,6
"2011","Birmingham 126B","E01009210","Total",822,69,170,525,58,407,19,51,295,42,415,50,119,230,16
"2011","Birmingham 126C","E01009212","Total",708,53,165,438,52,351,16,35,261,39,357,37,130,177,13
"2011","Birmingham 126D","E01009214","Total",615,44,139,387,45,288,18,25,214,31,327,26,114,173,14
"2011","Birmingham 126E","E01009215","Total",626,50,138,386,52,327,16,47,223,41,299,34,91,163,11
"2011","Birmingham 127A","E01009108","Total",605,58,131,363,53,303,16,36,214,37,302,42,95,149,16
"2011","Birmingham 127B","E01009111","Total",709,59,139,450,61,359,26,28,257,48,350,33,111,193,13
"2011","Birmingham 127C","E01009112","Total",605,46,114,395,50,298,15,26,224,33,307,31,88,171,17
"2011","Birmingham 127D","E01009116","Total",637,69,122,350,96,336,21,40,207,68,301,48,82,143,28
"2011","Birmingham 127E","E01009118","Total",656,47,107,428,74,330,14,30,233,53,326,33,77,195,21
"2011","Birmingham 128A","E01009107","Total",594,49,105,390,50,294,11,15,233,35,300,38,90,157,15
"2011","Birmingham 128B","E01009110","Total",645,52,111,417,65,323,25,22,226,50,322,27,89,191,15
"2011","Birmingham 128C","E01009113","Total",429,46,106,248,29,232,20,32,153,27,197,26,74,95,2
"2011","Birmingham 128D","E01009114","Total",591,47,122,374,48,289,10,29,212,38,302,37,93,162,10
"2011","Birmingham 128E","E01009115","Total",524,54,106,323,41,261,17,27,183,34,263,37,79,140,7
"2011","Birmingham 129A","E01009158","Total",833,47,170,532,84,405,11,45,285,64,428,36,125,247,20
"2011","Birmingham 129B","E01009163","Total",583,50,136,339,58,270,14,35,178,43,313,36,101,161,15
"2011","Birmingham 129C","E01009165","Total",594,36,113,394,51,292,9,33,212,38,302,27,80,182,13
"2011","Birmingham 129D","E01009169","Total",808,61,157,522,68,409,13,43,305,48,399,48,114,217,20
"2011","Birmingham 130A","E01009159","Total",927,52,144,588,143,473,17,34,323,99,454,35,110,265,44
"2011","Birmingham 130B","E01009164","Total",713,45,127,470,71,363,16,30,261,56,350,29,97,209,15
"2011","Birmingham 130C","E01009167","Total",764,66,152,480,66,379,17,32,279,51,385,49,120,201,15
"2011","Birmingham 130D","E01009171","Total",699,40,154,453,52,360,16,36,269,39,339,24,118,184,13
"2011","Birmingham 131A","E01009166","Total",622,36,109,430,47,315,11,19,245,40,307,25,90,185,7
"2011","Birmingham 131B","E01009168","Total",745,57,142,488,58,390,17,44,285,44,355,40,98,203,14
"2011","Birmingham 131C","E01009170","Total",791,62,155,510,64,409,17,42,304,46,382,45,113,206,18
"2011","Birmingham 131D","E01009216","Total",879,61,167,574,77,449,20,50,322,57,430,41,117,252,20
"2011","Birmingham 131E","E01009217","Total",800,45,173,506,76,423,13,39,315,56,377,32,134,191,20
"2011","Birmingham 132A","E01009039","Total",806,56,149,523,78,426,23,39,307,57,380,33,110,216,21
"2011","Birmingham 132B","E01009040","Total",848,79,176,500,93,456,34,47,309,66,392,45,129,191,27
"2011","Birmingham 132C","E01009041","Total",818,50,168,500,100,425,15,40,296,74,393,35,128,204,26
"2011","Birmingham 132D","E01009042","Total",708,51,123,465,69,357,16,22,271,48,351,35,101,194,21
"2011","Birmingham 132E","E01032589","Total",619,52,119,376,72,315,22,33,206,54,304,30,86,170,18
"2011","Birmingham 133A","E01009262","Total",912,68,172,559,113,463,19,70,291,83,449,49,102,268,30
"2011","Birmingham 133B","E01009267","Total",804,72,148,487,97,432,26,55,278,73,372,46,93,209,24
"2011","Birmingham 133C","E01009276","Total",753,60,170,465,58,391,26,56,260,49,362,34,114,205,9
"2011","Birmingham 133D","E01009278","Total",834,78,147,530,79,433,29,45,296,63,401,49,102,234,16
"2011","Birmingham 133E","E01009279","Total",680,72,120,427,61,345,18,43,238,46,335,54,77,189,15
"2011","Birmingham 133F","E01032591","Total",751,59,151,466,75,406,19,60,275,52,345,40,91,191,23
"2011","Birmingham 134A","E01008995","Total",558,113,139,277,29,299,50,60,166,23,259,63,79,111,6
"2011","Birmingham 134B","E01033557","Total",1208,203,148,689,168,657,72,55,415,115,551,131,93,274,53
"2011","Birmingham 134C","E01033624","Total",509,52,82,308,67,268,27,34,160,47,241,25,48,148,20
"2011","Birmingham 134D","E01033626","Total",522,57,67,326,72,286,29,26,187,44,236,28,41,139,28
"2011","Birmingham 134E","E01033640","Total",454,44,122,243,45,242,13,58,134,37,212,31,64,109,8
"2011","Birmingham 135A","E01009378","Total",1016,79,166,662,109,574,41,71,385,77,442,38,95,277,32
"2011","Birmingham 135B","E01033567","Total",680,44,67,479,90,417,24,34,297,62,263,20,33,182,28
"2011","Birmingham 135C","E01033615","Total",665,38,53,435,139,424,13,27,280,104,241,25,26,155,35
"2011","Birmingham 135D","E01033616","Total",495,49,74,315,57,335,30,45,215,45,160,19,29,100,12
"2011","Birmingham 136A","E01009143","Total",397,54,89,227,27,231,19,41,150,21,166,35,48,77,6
"2011","Birmingham 136B","E01009146","Total",625,114,158,302,51,344,43,82,181,38,281,71,76,121,13
"2011","Birmingham 136C","E01033564","Total",814,30,96,539,149,478,20,48,316,94,336,10,48,223,55
"2011","Birmingham 136D","E01033639","Total",737,68,161,420,88,403,20,65,252,66,334,48,96,168,22
"2011","Birmingham 137A","E01009141","Total",611,38,163,359,51,317,11,66,208,32,294,27,97,151,19
"2011","Birmingham 137B","E01033565","Total",779,39,55,531,154,460,15,29,310,106,319,24,26,221,48
"2011","Birmingham 137C","E01033618","Total",916,50,68,572,226,546,28,34,342,142,370,22,34,230,84
"2011","Birmingham 137D","E01033619","Total",759,45,74,502,138,430,15,27,277,111,329,30,47,225,27
"2011","Birmingham 137E","E01033627","Total",518,35,91,302,90,304,15,45,183,61,214,20,46,119,29
"2011","Birmingham 138A","E01033620","Total",550,44,43,356,107,322,22,21,211,68,228,22,22,145,39
"2011","Birmingham 138B","E01033622","Total",1117,80,95,710,232,649,30,46,423,150,468,50,49,287,82
"2011","Birmingham 138C","E01033623","Total",741,33,52,481,175,468,24,21,288,135,273,9,31,193,40
"2011","Birmingham 138D","E01033625","Total",1122,52,50,759,261,664,25,26,445,168,458,27,24,314,93
"2011","Birmingham 139A","E01009200","Total",560,63,160,297,40,310,26,73,179,32,250,37,87,118,8
"2011","Birmingham 139B","E01009327","Total",359,40,127,160,32,248,17,85,117,29,111,23,42,43,3
"2011","Birmingham 139C","E01009328","Total",578,83,180,284,31,425,58,132,207,28,153,25,48,77,3
"2011","Birmingham 139D","E01009331","Total",564,83,189,268,24,386,42,122,202,20,178,41,67,66,4
"2011","Birmingham 139E","E01009332","Total",436,57,131,216,32,263,31,71,137,24,173,26,60,79,8
"2011","Birmingham 139F","E01009333","Total",351,56,147,137,11,258,41,112,95,10,93,15,35,42,1
"2011","Birmingham 139G","E01009335","Total",510,70,184,236,20,340,34,129,160,17,170,36,55,76,3
"2011","Birmingham 139H","E01009344","Total",400,50,147,182,21,270,27,94,131,18,130,23,53,51,3
"2011","Birmingham 140A","E01009339","Total",390,48,139,181,22,254,22,90,124,18,136,26,49,57,4
"2011","Birmingham 140B","E01009340","Total",968,86,250,580,52,592,35,134,387,36,376,51,116,193,16
"2011","Birmingham 140C","E01009382","Total",483,47,153,254,29,348,25,106,192,25,135,22,47,62,4
"2011","Birmingham 140D","E01009391","Total",493,56,169,231,37,333,24,105,177,27,160,32,64,54,10
"2011","Birmingham 140E","E01009392","Total",569,76,159,299,35,353,41,96,185,31,216,35,63,114,4
"2011","Birmingham 140F","E01009393","Total",438,41,136,231,30,288,24,76,167,21,150,17,60,64,9
"2011","Birmingham 140G","E01033641","Total",950,104,298,493,55,613,53,173,346,41,337,51,125,147,14
"2011","Coventry 001A","E01009589","Total",693,61,139,437,56,345,18,35,250,42,348,43,104,187,14
"2011","Coventry 001F","E01032536","Total",964,54,173,632,105,500,16,31,370,83,464,38,142,262,22
"2011","Coventry 001G","E01032537","Total",865,65,182,535,83,436,25,41,302,68,429,40,141,233,15
"2011","Coventry 001H","E01032538","Total",975,78,193,603,101,496,31,42,349,74,479,47,151,254,27
"2011","Coventry 002A","E01009590","Total",642,51,137,376,78,329,12,22,234,61,313,39,115,142,17
"2011","Coventry 002B","E01009591","Total",749,56,150,484,59,389,21,34,287,47,360,35,116,197,12
"2011","Coventry 002C","E01009593","Total",782,59,186,476,61,405,23,52,285,45,377,36,134,191,16
"2011","Coventry 002D","E01009598","Total",746,77,139,466,64,405,35,34,280,56,341,42,105,186,8
"2011","Coventry 004A","E01009604","Total",622,47,129,391,55,335,15,32,243,45,287,32,97,148,10
"2011","Coventry 004B","E01009605","Total",541,47,107,341,46,287,13,28,211,35,254,34,79,130,11
"2011","Coventry 004C","E01009607","Total",515,49,138,300,28,260,24,33,178,25,255,25,105,122,3
"2011","Coventry 004D","E01009608","Total",650,52,146,398,54,346,18,30,251,47,304,34,116,147,7
"2011","Coventry 004E","E01009610","Total",583,61,142,338,42,302,18,31,219,34,281,43,111,119,8
"2011","Coventry 005A","E01009564","Total",543,57,128,325,33,316,29,44,221,22,227,28,84,104,11
"2011","Coventry 005B","E01009575","Total",490,40,107,302,41,248,10,26,180,32,242,30,81,122,9
"2011","Coventry 005C","E01009606","Total",648,63,137,405,43,352,26,36,251,39,296,37,101,154,4
"2011","Coventry 005D","E01009609","Total",586,51,162,346,27,295,20,52,204,19,291,31,110,142,8
"2011","Coventry 006A","E01009524","Total",654,68,142,394,50,322,23,28,236,35,332,45,114,158,15
"2011","Coventry 006B","E01009525","Total",667,51,133,432,51,347,19,23,263,42,320,32,110,169,9
"2011","Coventry 006C","E01009527","Total",828,60,180,529,59,425,10,37,341,37,403,50,143,188,22
"2011","Coventry 006D","E01009594","Total",691,53,137,442,59,345,21,25,252,47,346,32,112,190,12
"2011","Coventry 007A","E01009577","Total",394,39,94,224,37,212,16,22,142,32,182,23,72,82,5
"2011","Coventry 007B","E01009579","Total",526,49,133,306,38,264,21,28,188,27,262,28,105,118,11
"2011","Coventry 007C","E01009581","Total",525,36,135,318,36,270,12,28,205,25,255,24,107,113,11
"2011","Coventry 007D","E01009584","Total",585,48,132,360,45,310,22,32,225,31,275,26,100,135,14
"2011","Coventry 007E","E01009585","Total",264,27,65,155,17,134,7,14,98,15,130,20,51,57,2
"2011","Coventry 007F","E01009709","Total",265,26,76,153,10,141,6,25,103,7,124,20,51,50,3
"2011","Coventry 008A","E01009576","Total",805,46,167,522,70,400,14,34,297,55,405,32,133,225,15
"2011","Coventry 008B","E01009578","Total",794,62,155,522,55,418,22,34,322,40,376,40,121,200,15
"2011","Coventry 008C","E01009582","Total",880,71,168,560,81,426,11,38,316,61,454,60,130,244,20
"2011","Coventry 008D","E01009583","Total",741,67,153,464,57,375,31,37,264,43,366,36,116,200,14
"2011","Coventry 008E","E01009586","Total",812,56,181,509,66,419,20,40,307,52,393,36,141,202,14
"2011","Coventry 009A","E01009565","Total",498,53,125,296,24,316,22,62,212,20,182,31,63,84,4
"2011","Coventry 009B","E01009566","Total",548,37,133,342,36,320,14,52,223,31,228,23,81,119,5
"2011","Coventry 009C","E01009567","Total",568,82,121,326,39,358,32,65,230,31,210,50,56,96,8
"2011","Coventry 009D","E01009568","Total",575,71,128,339,37,359,32,64,233,30,216,39,64,106,7
"2011","Coventry 010A","E01009523","Total",722,83,143,368,128,378,26,38,213,101,344,57,105,155,27
"2011","Coventry 010B","E01009526","Total",757,70,181,406,100,391,23,37,260,71,366,47,144,146,29
"2011","Coventry 010C","E01009528","Total",740,78,158,425,79,384,22,40,261,61,356,56,118,164,18
"2011","Coventry 010D","E01009531","Total",683,61,137,397,88,350,20,30,241,59,333,41,107,156,29
"2011","Coventry 011A","E01009587","Total",632,58,128,409,37,339,26,42,239,32,293,32,86,170,5
"2011","Coventry 011B","E01009624","Total",732,53,156,460,63,382,23,40,272,47,350,30,116,188,16
"2011","Coventry 011C","E01009625","Total",1071,86,221,670,94,592,28,71,422,71,479,58,150,248,23
"2011","Coventry 011D","E01009626","Total",782,51,178,479,74,412,18,53,286,55,370,33,125,193,19
"2011","Coventry 012A","E01009622","Total",665,66,157,405,37,315,15,38,234,28,350,51,119,171,9
"2011","Coventry 012B","E01009623","Total",653,49,137,416,51,342,13,47,237,45,311,36,90,179,6
"2011","Coventry 012C","E01009627","Total",706,53,146,451,56,360,15,47,256,42,346,38,99,195,14
"2011","Coventry 012D","E01009628","Total",700,64,121,453,62,355,20,23,269,43,345,44,98,184,19
"2011","Coventry 013A","E01009599","Total",521,48,117,326,30,269,15,30,199,25,252,33,87,127,5
"2011","Coventry 013B","E01009663","Total",570,56,104,367,43,314,19,28,234,33,256,37,76,133,10
"2011","Coventry 013C","E01009710","Total",722,53,126,492,51,381,19,30,297,35,341,34,96,195,16
"2011","Coventry 013D","E01009711","Total",609,44,115,380,70,337,17,25,241,54,272,27,90,139,16
"2011","Coventry 014A","E01009522","Total",591,46,124,371,50,309,23,29,221,36,282,23,95,150,14
"2011","Coventry 014B","E01009529","Total",798,67,154,519,58,404,24,28,308,44,394,43,126,211,14
"2011","Coventry 014C","E01009530","Total",719,65,147,442,65,364,18,29,267,50,355,47,118,175,15
"2011","Coventry 014D","E01009645","Total",759,68,145,477,69,399,22,34,290,53,360,46,111,187,16
"2011","Coventry 015A","E01009569","Total",471,71,101,270,29,267,29,49,165,24,204,42,52,105,5
"2011","Coventry 015B","E01009570","Total",557,67,138,315,37,351,23,78,221,29,206,44,60,94,8
"2011","Coventry 015C","E01009571","Total",473,47,138,261,27,290,21,74,171,24,183,26,64,90,3
"2011","Coventry 015D","E01009572","Total",643,72,178,364,29,388,36,87,241,24,255,36,91,123,5
"2011","Coventry 015E","E01009573","Total",460,51,124,267,18,292,22,66,191,13,168,29,58,76,5
"2011","Coventry 015F","E01009574","Total",467,64,145,228,30,290,33,77,158,22,177,31,68,70,8
"2011","Coventry 016A","E01009655","Total",817,56,169,544,48,417,24,52,302,39,400,32,117,242,9
"2011","Coventry 016B","E01009656","Total",667,39,148,420,60,359,9,46,255,49,308,30,102,165,11
"2011","Coventry 016C","E01009659","Total",664,80,135,399,50,358,40,44,239,35,306,40,91,160,15
"2011","Coventry 016D","E01009662","Total",672,62,124,442,44,362,22,44,264,32,310,40,80,178,12
"2011","Coventry 016E","E01009664","Total",686,54,155,424,53,372,17,49,263,43,314,37,106,161,10
"2011","Coventry 017A","E01009643","Total",811,57,159,503,92,415,21,29,293,72,396,36,130,210,20
"2011","Coventry 017B","E01009644","Total",866,81,142,559,84,439,17,26,326,70,427,64,116,233,14
"2011","Coventry 017C","E01009647","Total",868,69,125,576,98,441,15,42,316,68,427,54,83,260,30
"2011","Coventry 017D","E01009648","Total",823,63,146,526,88,426,25,34,305,62,397,38,112,221,26
"2011","Coventry 017E","E01009652","Total",690,59,144,420,67,365,16,33,265,51,325,43,111,155,16
"2011","Coventry 017F","E01009653","Total",744,63,112,487,82,389,19,16,296,58,355,44,96,191,24
"2011","Coventry 018A","E01009613","Total",672,54,141,431,46,340,15,33,260,32,332,39,108,171,14
"2011","Coventry 018B","E01009657","Total",838,60,175,525,78,425,23,37,298,67,413,37,138,227,11
"2011","Coventry 018C","E01009712","Total",779,49,170,501,59,401,13,44,305,39,378,36,126,196,20
"2011","Coventry 018D","E01009714","Total",780,53,175,474,78,384,19,32,267,66,396,34,143,207,12
"2011","Coventry 018E","E01009716","Total",830,69,208,476,77,427,24,48,294,61,403,45,160,182,16
"2011","Coventry 019A","E01009580","Total",560,40,116,347,57,292,17,35,196,44,268,23,81,151,13
"2011","Coventry 019B","E01009713","Total",703,67,137,444,55,355,19,30,261,45,348,48,107,183,10
"2011","Coventry 019C","E01009715","Total",645,63,136,411,35,323,19,40,234,30,322,44,96,177,5
"2011","Coventry 019D","E01009717","Total",749,54,146,495,54,402,16,36,305,45,347,38,110,190,9
"2011","Coventry 019E","E01009718","Total",651,54,132,422,43,325,18,20,250,37,326,36,112,172,6
"2011","Coventry 020A","E01009629","Total",1262,89,227,845,101,689,37,84,487,81,573,52,143,358,20
"2011","Coventry 020B","E01009630","Total",740,61,160,471,48,379,13,41,285,40,361,48,119,186,8
"2011","Coventry 020C","E01009631","Total",503,47,109,309,38,253,19,24,188,22,250,28,85,121,16
"2011","Coventry 020D","E01009632","Total",688,73,137,430,48,386,39,60,254,33,302,34,77,176,15
"2011","Coventry 020E","E01009650","Total",711,130,128,409,44,389,64,44,247,34,322,66,84,162,10
"2011","Coventry 021A","E01009614","Total",715,57,148,455,55,335,12,22,259,42,380,45,126,196,13
"2011","Coventry 021B","E01009654","Total",925,76,192,603,54,480,22,47,367,44,445,54,145,236,10
"2011","Coventry 021C","E01009658","Total",740,64,131,492,53,415,32,37,301,45,325,32,94,191,8
"2011","Coventry 021D","E01009660","Total",786,80,147,504,55,445,31,64,308,42,341,49,83,196,13
"2011","Coventry 022A","E01009646","Total",807,68,134,520,85,422,22,26,319,55,385,46,108,201,30
"2011","Coventry 022B","E01009692","Total",529,56,119,319,35,267,22,23,196,26,262,34,96,123,9
"2011","Coventry 022C","E01009693","Total",733,54,132,473,74,383,22,35,275,51,350,32,97,198,23
"2011","Coventry 022D","E01009694","Total",685,68,135,419,63,353,28,31,244,50,332,40,104,175,13
"2011","Coventry 023A","E01009695","Total",677,70,137,405,65,355,19,33,251,52,322,51,104,154,13
"2011","Coventry 023B","E01009696","Total",721,72,122,458,69,389,25,38,270,56,332,47,84,188,13
"2011","Coventry 023C","E01009704","Total",784,80,132,487,85,396,32,27,280,57,388,48,105,207,28
"2011","Coventry 023D","E01009705","Total",742,90,138,429,85,378,19,20,271,68,364,71,118,158,17
"2011","Coventry 024A","E01009636","Total",927,131,210,524,62,502,58,86,312,46,425,73,124,212,16
"2011","Coventry 024B","E01009637","Total",387,38,147,191,11,228,15,77,131,5,159,23,70,60,6
"2011","Coventry 024C","E01009638","Total",401,46,97,240,18,259,21,50,171,17,142,25,47,69,1
"2011","Coventry 024D","E01009639","Total",557,76,156,295,30,354,31,100,200,23,203,45,56,95,7
"2011","Coventry 024E","E01009640","Total",542,69,150,295,28,297,30,68,181,18,245,39,82,114,10
"2011","Coventry 024F","E01009641","Total",794,277,186,304,27,439,131,101,185,22,355,146,85,119,5
"2011","Coventry 025A","E01009697","Total",722,49,133,468,72,378,20,30,271,57,344,29,103,197,15
"2011","Coventry 025B","E01009698","Total",791,78,133,504,76,413,22,36,295,60,378,56,97,209,16
"2011","Coventry 025C","E01009703","Total",1432,100,218,952,162,707,35,33,523,116,725,65,185,429,46
"2011","Coventry 025D","E01009706","Total",712,63,123,456,70,360,26,26,258,50,352,37,97,198,20
"2011","Coventry 026A","E01009649","Total",694,58,136,434,66,364,17,31,267,49,330,41,105,167,17
"2011","Coventry 026B","E01009684","Total",636,59,116,410,51,318,21,21,243,33,318,38,95,167,18
"2011","Coventry 026C","E01009685","Total",856,72,167,539,78,430,27,44,301,58,426,45,123,238,20
"2011","Coventry 026D","E01009686","Total",886,91,155,552,88,428,27,37,303,61,458,64,118,249,27
"2011","Coventry 026E","E01009687","Total",761,57,140,496,68,396,29,31,291,45,365,28,109,205,23
"2011","Coventry 027A","E01009615","Total",845,88,159,520,78,462,22,63,322,55,383,66,96,198,23
"2011","Coventry 027B","E01009616","Total",783,71,161,493,58,390,34,38,280,38,393,37,123,213,20
"2011","Coventry 027C","E01009617","Total",623,69,111,394,49,330,26,27,241,36,293,43,84,153,13
"2011","Coventry 027D","E01009618","Total",812,55,153,535,69,425,12,32,335,46,387,43,121,200,23
"2011","Coventry 027E","E01009620","Total",688,45,139,436,68,362,9,40,266,47,326,36,99,170,21
"2011","Coventry 027F","E01009621","Total",606,48,130,389,39,316,15,33,238,30,290,33,97,151,9
"2011","Coventry 028A","E01009633","Total",730,86,185,414,45,407,43,74,258,32,323,43,111,156,13
"2011","Coventry 028B","E01009634","Total",693,124,144,384,41,387,62,62,231,32,306,62,82,153,9
"2011","Coventry 028C","E01009635","Total",1038,374,244,385,35,583,161,135,264,23,455,213,109,121,12
"2011","Coventry 028D","E01009661","Total",773,96,157,467,53,428,42,60,287,39,345,54,97,180,14
"2011","Coventry 029A","E01009674","Total",642,55,125,402,60,303,11,26,224,42,339,44,99,178,18
"2011","Coventry 029B","E01009699","Total",633,54,118,401,60,325,19,29,230,47,308,35,89,171,13
"2011","Coventry 029C","E01009700","Total",612,59,127,384,42,318,20,40,228,30,294,39,87,156,12
"2011","Coventry 029D","E01009701","Total",664,53,141,401,69,342,13,26,249,54,322,40,115,152,15
"2011","Coventry 029E","E01009702","Total",569,53,129,345,42,299,19,25,222,33,270,34,104,123,9
"2011","Coventry 030A","E01009688","Total",627,82,112,378,55,334,35,34,227,38,293,47,78,151,17
"2011","Coventry 030B","E01009689","Total",768,83,91,518,76,421,46,33,291,51,347,37,58,227,25
"2011","Coventry 030C","E01009690","Total",672,66,104,423,79,372,29,40,248,55,300,37,64,175,24
"2011","Coventry 030D","E01009691","Total",692,81,105,425,81,364,45,36,233,50,328,36,69,192,31
"2011","Coventry 031A","E01009548","Total",1051,90,159,701,101,584,40,46,425,73,467,50,113,276,28
"2011","Coventry 031B","E01009553","Total",688,195,125,312,56,398,103,66,190,39,290,92,59,122,17
"2011","Coventry 031C","E01009642","Total",685,205,132,289,59,428,128,61,194,45,257,77,71,95,14
"2011","Coventry 031D","E01009651","Total",611,71,151,361,28,342,28,62,233,19,269,43,89,128,9
"2011","Coventry 032A","E01009676","Total",771,68,120,507,76,400,23,25,291,61,371,45,95,216,15
"2011","Coventry 032B","E01009681","Total",621,62,100,407,52,327,20,29,244,34,294,42,71,163,18
"2011","Coventry 032C","E01009682","Total",756,67,142,465,82,401,22,38,274,67,355,45,104,191,15
"2011","Coventry 032D","E01009683","Total",650,44,121,431,54,327,13,34,239,41,323,31,87,192,13
"2011","Coventry 033A","E01009532","Total",652,44,133,419,56,331,8,33,252,38,321,36,100,167,18
"2011","Coventry 033B","E01009535","Total",603,48,134,376,45,329,16,27,246,40,274,32,107,130,5
"2011","Coventry 033C","E01009536","Total",691,65,126,439,61,378,16,28,287,47,313,49,98,152,14
"2011","Coventry 033D","E01009543","Total",1082,98,185,662,137,580,30,37,404,109,502,68,148,258,28
"2011","Coventry 033E","E01009707","Total",1005,70,175,645,115,515,21,35,375,84,490,49,140,270,31
"2011","Coventry 033F","E01009708","Total",761,51,149,501,60,380,18,29,289,44,381,33,120,212,16
"2011","Coventry 034A","E01009554","Total",703,72,139,404,88,373,40,44,232,57,330,32,95,172,31
"2011","Coventry 034B","E01009555","Total",737,82,126,410,119,408,35,33,254,86,329,47,93,156,33
"2011","Coventry 034C","E01009556","Total",762,88,129,443,102,408,37,39,254,78,354,51,90,189,24
"2011","Coventry 034D","E01009557","Total",628,77,111,342,98,320,25,31,188,76,308,52,80,154,22
"2011","Coventry 034E","E01009558","Total",862,102,125,536,99,445,38,45,297,65,417,64,80,239,34
"2011","Coventry 034F","E01009559","Total",533,62,88,291,92,286,25,21,173,67,247,37,67,118,25
"2011","Coventry 035C","E01009537","Total",635,43,133,412,47,329,11,30,249,39,306,32,103,163,8
"2011","Coventry 035D","E01009538","Total",622,39,125,397,61,308,11,23,223,51,314,28,102,174,10
"2011","Coventry 035E","E01009611","Total",773,64,180,475,54,401,17,48,301,35,372,47,132,174,19
"2011","Coventry 035F","E01009612","Total",527,42,123,334,28,291,17,43,210,21,236,25,80,124,7
"2011","Coventry 035G","E01032527","Total",741,56,186,441,58,370,17,40,267,46,371,39,146,174,12
"2011","Coventry 035H","E01032528","Total",603,47,120,383,53,314,19,33,227,35,289,28,87,156,18
"2011","Coventry 036C","E01009679","Total",476,60,108,270,38,249,30,28,160,31,227,30,80,110,7
"2011","Coventry 036E","E01032531","Total",906,92,222,513,79,447,29,49,313,56,459,63,173,200,23
"2011","Coventry 036F","E01032532","Total",604,54,125,347,78,317,16,27,218,56,287,38,98,129,22
"2011","Coventry 036G","E01032533","Total",986,95,157,508,226,521,39,42,276,164,465,56,115,232,62
"2011","Coventry 037B","E01009549","Total",778,89,140,471,78,407,37,31,279,60,371,52,109,192,18
"2011","Coventry 037C","E01009550","Total",928,59,176,616,77,487,21,42,370,54,441,38,134,246,23
"2011","Coventry 037E","E01009552","Total",698,64,142,424,68,380,23,38,265,54,318,41,104,159,14
"2011","Coventry 037F","E01032534","Total",728,63,166,451,48,386,23,56,268,39,342,40,110,183,9
"2011","Coventry 037G","E01032535","Total",618,61,95,396,66,331,25,26,230,50,287,36,69,166,16
"2011","Coventry 038A","E01009544","Total",695,50,116,456,73,381,22,26,276,57,314,28,90,180,16
"2011","Coventry 038D","E01009619","Total",924,85,163,613,63,540,48,67,374,51,384,37,96,239,12
"2011","Coventry 038E","E01032529","Total",648,45,96,440,67,347,11,25,265,46,301,34,71,175,21
"2011","Coventry 038F","E01032530","Total",937,62,158,651,66,508,25,38,395,50,429,37,120,256,16
"2011","Coventry 039A","E01009539","Total",540,44,115,337,44,271,13,10,211,37,269,31,105,126,7
"2011","Coventry 039B","E01009540","Total",637,49,159,370,59,331,7,52,229,43,306,42,107,141,16
"2011","Coventry 039C","E01009541","Total",648,52,142,403,51,339,20,42,239,38,309,32,100,164,13
"2011","Coventry 039D","E01009542","Total",607,43,136,386,42,342,13,31,263,35,265,30,105,123,7
"2011","Coventry 040A","E01009560","Total",739,77,133,410,119,406,29,27,253,97,333,48,106,157,22
"2011","Coventry 040B","E01009561","Total",681,39,149,415,78,357,11,30,258,58,324,28,119,157,20
"2011","Coventry 040C","E01009562","Total",728,60,144,455,69,393,17,40,281,55,335,43,104,174,14
"2011","Coventry 040D","E01009563","Total",824,84,174,481,85,436,36,44,293,63,388,48,130,188,22
"2011","Coventry 040E","E01009672","Total",954,89,208,543,114,497,21,49,336,91,457,68,159,207,23
"2011","Coventry 041A","E01009666","Total",649,76,135,370,68,329,23,30,227,49,320,53,105,143,19
"2011","Coventry 041B","E01009667","Total",536,67,108,309,52,279,28,25,185,41,257,39,83,124,11
"2011","Coventry 041C","E01009668","Total",825,70,155,525,75,414,24,27,301,62,411,46,128,224,13
"2011","Coventry 041D","E01009670","Total",846,76,159,531,80,448,23,35,331,59,398,53,124,200,21
"2011","Coventry 042A","E01009665","Total",527,78,97,274,78,292,33,25,178,56,235,45,72,96,22
"2011","Coventry 042B","E01009669","Total",658,69,131,390,68,334,23,28,232,51,324,46,103,158,17
"2011","Coventry 042C","E01009671","Total",961,318,138,376,129,491,131,39,210,111,470,187,99,166,18
"2011","Coventry 042F","E01033058","Total",833,175,164,417,77,444,75,58,251,60,389,100,106,166,17
"2011","Coventry 043A","E01009588","Total",586,49,124,372,41,283,11,32,210,30,303,38,92,162,11
"2011","Coventry 043B","E01009592","Total",711,42,163,454,52,356,12,35,267,42,355,30,128,187,10
"2011","Coventry 043C","E01009596","Total",637,60,139,400,38,338,25,43,241,29,299,35,96,159,9
"2011","Coventry 043D","E01009597","Total",751,63,181,440,67,391,21,44,274,52,360,42,137,166,15
"2011","Coventry 043E","E01032587","Total",755,49,158,489,59,398,18,44,292,44,357,31,114,197,15
"2011","Dudley 001A","E01009763","Total",776,72,172,461,71,386,13,27,290,56,390,59,145,171,15
"2011","Dudley 001B","E01009764","Total",682,54,143,428,57,368,14,30,278,46,314,40,113,150,11
"2011","Dudley 001C","E01009767","Total",662,78,113,407,64,342,18,27,250,47,320,60,86,157,17
"2011","Dudley 001D","E01009769","Total",567,39,130,343,55,307,9,33,218,47,260,30,97,125,8
"2011","Dudley 001E","E01009770","Total",603,43,140,361,59,310,11,33,217,49,293,32,107,144,10
"2011","Dudley 002A","E01009773","Total",638,63,136,376,63,327,13,25,239,50,311,50,111,137,13
"2011","Dudley 002B","E01009777","Total",647,65,138,372,72,342,17,25,245,55,305,48,113,127,17
"2011","Dudley 002C","E01009778","Total",803,66,169,488,80,424,14,34,314,62,379,52,135,174,18
"2011","Dudley 002D","E01009895","Total",623,64,142,354,63,309,17,25,218,49,314,47,117,136,14
"2011","Dudley 003A","E01009896","Total",679,78,127,403,71,345,16,32,239,58,334,62,95,164,13
"2011","Dudley 003B","E01009897","Total",645,54,142,388,61,351,10,25,267,49,294,44,117,121,12
"2011","Dudley 003C","E01009898","Total",640,65,113,396,66,345,22,23,249,51,295,43,90,147,15
"2011","Dudley 003D","E01009901","Total",635,77,124,359,75,344,21,27,237,59,291,56,97,122,16
"2011","Dudley 003E","E01009902","Total",629,72,138,348,71,329,20,29,224,56,300,52,109,124,15
"2011","Dudley 004A","E01009765","Total",781,74,148,494,65,402,14,25,312,51,379,60,123,182,14
"2011","Dudley 004B","E01009766","Total",736,59,125,492,60,391,11,27,304,49,345,48,98,188,11
"2011","Dudley 004C","E01009768","Total",624,62,128,365,69,326,17,24,226,59,298,45,104,139,10
"2011","Dudley 004D","E01009771","Total",580,42,121,366,51,302,6,29,230,37,278,36,92,136,14
"2011","Dudley 004E","E01009775","Total",651,57,137,385,72,364,18,35,250,61,287,39,102,135,11
"2011","Dudley 004F","E01009776","Total",724,67,144,437,76,390,22,34,273,61,334,45,110,164,15
"2011","Dudley 005A","E01009758","Total",641,66,150,360,65,340,12,31,239,58,301,54,119,121,7
"2011","Dudley 005B","E01009760","Total",584,58,147,330,49,314,15,39,217,43,270,43,108,113,6
"2011","Dudley 005C","E01009772","Total",579,59,138,341,41,285,13,33,208,31,294,46,105,133,10
"2011","Dudley 005D","E01009774","Total",697,59,163,396,79,363,15,31,254,63,334,44,132,142,16
"2011","Dudley 005E","E01009788","Total",684,73,130,412,69,352,16,33,243,60,332,57,97,169,9
"2011","Dudley 006B","E01009756","Total",535,41,141,303,50,269,9,28,192,40,266,32,113,111,10
"2011","Dudley 006C","E01009757","Total",739,86,136,430,87,397,23,46,266,62,342,63,90,164,25
"2011","Dudley 006D","E01009759","Total",592,60,121,362,49,310,17,30,224,39,282,43,91,138,10
"2011","Dudley 006F","E01009762","Total",395,32,101,226,36,200,10,21,136,33,195,22,80,90,3
"2011","Dudley 006G","E01033187","Total",657,58,154,380,65,355,16,40,243,56,302,42,114,137,9
"2011","Dudley 007A","E01009781","Total",896,68,176,553,99,476,22,29,342,83,420,46,147,211,16
"2011","Dudley 007B","E01009786","Total",632,59,153,356,64,323,13,29,227,54,309,46,124,129,10
"2011","Dudley 007C","E01009789","Total",801,78,172,461,90,417,21,34,292,70,384,57,138,169,20
"2011","Dudley 007D","E01009790","Total",708,63,147,432,66,373,16,38,265,54,335,47,109,167,12
"2011","Dudley 008A","E01009779","Total",656,57,137,394,68,342,14,32,248,48,314,43,105,146,20
"2011","Dudley 008B","E01009782","Total",649,52,131,404,62,346,9,25,258,54,303,43,106,146,8
"2011","Dudley 008C","E01009783","Total",623,65,136,360,62,333,19,20,240,54,290,46,116,120,8
"2011","Dudley 008D","E01009785","Total",671,73,152,378,68,350,20,29,243,58,321,53,123,135,10
"2011","Dudley 008E","E01009899","Total",647,68,145,373,61,353,23,28,253,49,294,45,117,120,12
"2011","Dudley 008F","E01009900","Total",616,83,137,349,47,320,18,24,236,42,296,65,113,113,5
"2011","Dudley 009A","E01009780","Total",1262,106,240,762,154,655,22,40,471,122,607,84,200,291,32
"2011","Dudley 009B","E01009784","Total",1023,86,190,641,106,528,21,30,393,84,495,65,160,248,22
"2011","Dudley 009C","E01009787","Total",867,91,180,495,101,453,27,36,308,82,414,64,144,187,19
"2011","Dudley 009D","E01009880","Total",824,64,157,517,86,426,23,34,301,68,398,41,123,216,18
"2011","Dudley 009E","E01009882","Total",644,61,124,386,73,326,13,22,235,56,318,48,102,151,17
"2011","Dudley 010A","E01009891","Total",602,58,145,352,47,311,9,44,219,39,291,49,101,133,8
"2011","Dudley 010B","E01009892","Total",499,53,126,291,29,281,23,56,180,22,218,30,70,111,7
"2011","Dudley 010C","E01009893","Total",511,37,156,283,35,283,8,62,185,28,228,29,94,98,7
"2011","Dudley 010D","E01009894","Total",792,78,174,453,87,411,18,53,266,74,381,60,121,187,13
"2011","Dudley 011A","E01009844","Total",503,30,119,306,48,293,9,42,204,38,210,21,77,102,10
"2011","Dudley 011B","E01009879","Total",963,58,176,625,104,514,21,46,372,75,449,37,130,253,29
"2011","Dudley 011C","E01009881","Total",776,50,132,495,99,470,23,46,332,69,306,27,86,163,30
"2011","Dudley 011D","E01009885","Total",590,47,113,369,61,336,16,39,227,54,254,31,74,142,7
"2011","Dudley 012A","E01009816","Total",730,77,142,439,72,374,24,21,273,56,356,53,121,166,16
"2011","Dudley 012B","E01009817","Total",565,56,134,308,67,278,7,25,196,50,287,49,109,112,17
"2011","Dudley 012C","E01009819","Total",902,86,197,531,88,473,25,39,333,76,429,61,158,198,12
"2011","Dudley 012D","E01009820","Total",755,66,149,448,92,396,15,28,278,75,359,51,121,170,17
"2011","Dudley 013A","E01009748","Total",587,42,137,333,75,313,6,34,206,67,274,36,103,127,8
"2011","Dudley 013B","E01009839","Total",630,77,117,374,62,365,29,30,254,52,265,48,87,120,10
"2011","Dudley 013C","E01009883","Total",550,54,107,343,46,304,12,25,227,40,246,42,82,116,6
"2011","Dudley 013D","E01009884","Total",654,46,126,408,74,376,15,37,265,59,278,31,89,143,15
"2011","Dudley 013E","E01009886","Total",572,56,126,348,42,315,18,31,231,35,257,38,95,117,7
"2011","Dudley 014A","E01009814","Total",622,71,148,336,67,317,21,28,216,52,305,50,120,120,15
"2011","Dudley 014B","E01009815","Total",706,83,158,386,79,362,23,28,248,63,344,60,130,138,16
"2011","Dudley 014C","E01009818","Total",503,55,102,278,68,282,19,25,181,57,221,36,77,97,11
"2011","Dudley 014D","E01009821","Total",610,63,132,329,86,322,17,32,208,65,288,46,100,121,21
"2011","Dudley 014E","E01009822","Total",662,75,129,377,81,364,23,29,247,65,298,52,100,130,16
"2011","Dudley 015A","E01009887","Total",723,66,166,438,53,391,25,54,267,45,332,41,112,171,8
"2011","Dudley 015B","E01009888","Total",741,53,156,454,78,390,13,34,287,56,351,40,122,167,22
"2011","Dudley 015C","E01009889","Total",577,46,125,356,50,349,19,59,236,35,228,27,66,120,15
"2011","Dudley 015D","E01009890","Total",617,43,160,367,47,335,10,50,234,41,282,33,110,133,6
"2011","Dudley 016A","E01009749","Total",743,74,156,429,84,397,20,32,277,68,346,54,124,152,16
"2011","Dudley 016B","E01009750","Total",656,62,128,396,70,358,11,28,258,61,298,51,100,138,9
"2011","Dudley 016C","E01009823","Total",733,50,138,455,90,402,13,24,289,76,331,37,114,166,14
"2011","Dudley 016D","E01009824","Total",712,54,156,419,83,379,14,39,256,70,333,40,117,163,13
"2011","Dudley 017A","E01009751","Total",644,46,145,397,56,351,6,42,256,47,293,40,103,141,9
"2011","Dudley 017B","E01009752","Total",591,51,134,352,54,315,14,34,221,46,276,37,100,131,8
"2011","Dudley 017C","E01009753","Total",568,47,138,323,60,302,12,27,212,51,266,35,111,111,9
"2011","Dudley 017D","E01009754","Total",752,72,147,456,77,403,16,36,284,67,349,56,111,172,10
"2011","Dudley 017E","E01009841","Total",564,54,117,351,42,302,17,27,221,37,262,37,90,130,5
"2011","Dudley 018A","E01009840","Total",515,34,105,332,44,306,12,40,218,36,209,22,65,114,8
"2011","Dudley 018B","E01009842","Total",741,50,174,464,53,441,19,71,305,46,300,31,103,159,7
"2011","Dudley 018C","E01009843","Total",751,65,144,479,63,395,18,29,298,50,356,47,115,181,13
"2011","Dudley 018D","E01009871","Total",913,71,137,595,110,516,23,38,373,82,397,48,99,222,28
"2011","Dudley 018E","E01009875","Total",644,48,140,397,59,341,16,21,255,49,303,32,119,142,10
"2011","Dudley 019A","E01009825","Total",687,61,143,415,68,361,15,29,259,58,326,46,114,156,10
"2011","Dudley 019B","E01009826","Total",689,78,163,372,76,375,34,36,242,63,314,44,127,130,13
"2011","Dudley 019C","E01009827","Total",768,82,150,433,103,399,14,27,277,81,369,68,123,156,22
"2011","Dudley 019D","E01009828","Total",622,60,135,384,43,326,17,28,247,34,296,43,107,137,9
"2011","Dudley 019E","E01009829","Total",761,75,167,432,87,395,17,27,280,71,366,58,140,152,16
"2011","Dudley 019F","E01009830","Total",733,89,159,404,81,383,25,30,264,64,350,64,129,140,17
"2011","Dudley 020A","E01009872","Total",615,55,119,390,51,351,12,22,273,44,264,43,97,117,7
"2011","Dudley 020B","E01009873","Total",708,57,159,419,73,391,23,33,272,63,317,34,126,147,10
"2011","Dudley 020C","E01009874","Total",664,49,149,406,60,356,11,37,258,50,308,38,112,148,10
"2011","Dudley 020D","E01009876","Total",709,67,163,418,61,369,17,42,263,47,340,50,121,155,14
"2011","Dudley 020E","E01009877","Total",581,58,126,346,51,312,16,30,223,43,269,42,96,123,8
"2011","Dudley 021A","E01009911","Total",691,54,149,417,71,357,11,23,262,61,334,43,126,155,10
"2011","Dudley 021B","E01009912","Total",880,78,154,529,119,438,13,28,303,94,442,65,126,226,25
"2011","Dudley 021C","E01009913","Total",692,59,149,405,79,362,12,30,255,65,330,47,119,150,14
"2011","Dudley 021D","E01009914","Total",680,68,149,378,85,343,13,28,231,71,337,55,121,147,14
"2011","Dudley 021E","E01009915","Total",914,85,147,558,124,464,32,28,315,89,450,53,119,243,35
"2011","Dudley 021F","E01009916","Total",850,68,154,544,84,460,18,31,338,73,390,50,123,206,11
"2011","Dudley 022A","E01009741","Total",951,88,175,604,84,557,35,61,396,65,394,53,114,208,19
"2011","Dudley 022B","E01009744","Total",840,63,150,543,84,459,23,44,324,68,381,40,106,219,16
"2011","Dudley 022C","E01009746","Total",630,41,150,384,55,382,20,62,252,48,248,21,88,132,7
"2011","Dudley 022D","E01009747","Total",748,62,148,466,72,383,17,31,278,57,365,45,117,188,15
"2011","Dudley 023A","E01009731","Total",908,55,162,584,107,488,17,35,353,83,420,38,127,231,24
"2011","Dudley 023B","E01009740","Total",773,58,160,484,71,397,11,27,301,58,376,47,133,183,13
"2011","Dudley 023C","E01009742","Total",626,52,146,361,67,333,16,35,223,59,293,36,111,138,8
"2011","Dudley 023D","E01009743","Total",658,74,139,394,51,346,13,34,251,48,312,61,105,143,3
"2011","Dudley 023E","E01009745","Total",928,81,177,565,105,474,15,41,337,81,454,66,136,228,24
"2011","Dudley 024A","E01009917","Total",643,57,144,393,49,334,12,24,255,43,309,45,120,138,6
"2011","Dudley 024B","E01009918","Total",612,49,159,347,57,298,18,33,199,48,314,31,126,148,9
"2011","Dudley 024C","E01009919","Total",605,59,132,347,67,327,15,26,227,59,278,44,106,120,8
"2011","Dudley 024D","E01009920","Total",824,54,139,555,76,431,12,25,332,62,393,42,114,223,14
"2011","Dudley 025A","E01009864","Total",761,61,182,440,78,401,9,39,283,70,360,52,143,157,8
"2011","Dudley 025B","E01009865","Total",581,61,124,332,64,315,17,30,216,52,266,44,94,116,12
"2011","Dudley 025C","E01009866","Total",825,69,176,508,72,436,18,43,316,59,389,51,133,192,13
"2011","Dudley 025D","E01009867","Total",771,70,183,442,76,409,20,46,282,61,362,50,137,160,15
"2011","Dudley 025E","E01009878","Total",986,71,191,614,110,528,14,42,383,89,458,57,149,231,21
"2011","Dudley 026A","E01009791","Total",726,63,147,442,74,380,25,25,274,56,346,38,122,168,18
"2011","Dudley 026B","E01009792","Total",667,57,122,428,60,362,19,36,258,49,305,38,86,170,11
"2011","Dudley 026C","E01009795","Total",789,70,153,485,81,404,25,40,278,61,385,45,113,207,20
"2011","Dudley 026D","E01009796","Total",746,65,154,468,59,416,16,51,296,53,330,49,103,172,6
"2011","Dudley 026E","E01009798","Total",815,45,156,524,90,451,8,44,323,76,364,37,112,201,14
"2011","Dudley 027A","E01009719","Total",747,69,148,474,56,386,10,30,298,48,361,59,118,176,8
"2011","Dudley 027B","E01009722","Total",716,47,170,435,64,372,14,33,270,55,344,33,137,165,9
"2011","Dudley 027C","E01009727","Total",791,70,170,463,88,418,20,30,293,75,373,50,140,170,13
"2011","Dudley 027D","E01009728","Total",735,71,145,457,62,404,17,26,308,53,331,54,119,149,9
"2011","Dudley 027E","E01009729","Total",737,71,150,436,80,396,18,36,274,68,341,53,114,162,12
"2011","Dudley 028A","E01009720","Total",842,90,183,471,98,436,22,36,297,81,406,68,147,174,17
"2011","Dudley 028B","E01009723","Total",744,62,159,447,76,392,21,32,277,62,352,41,127,170,14
"2011","Dudley 028C","E01009724","Total",894,71,186,551,86,469,13,40,341,75,425,58,146,210,11
"2011","Dudley 028D","E01009730","Total",906,69,159,558,120,465,10,31,337,87,441,59,128,221,33
"2011","Dudley 029A","E01009903","Total",667,52,141,380,94,362,14,33,244,71,305,38,108,136,23
"2011","Dudley 029B","E01009904","Total",681,60,135,388,98,368,17,31,237,83,313,43,104,151,15
"2011","Dudley 029C","E01009909","Total",628,53,136,376,63,309,12,22,223,52,319,41,114,153,11
"2011","Dudley 029D","E01009910","Total",648,60,155,363,70,346,16,35,233,62,302,44,120,130,8
"2011","Dudley 030A","E01009793","Total",698,62,141,420,75,360,23,30,245,62,338,39,111,175,13
"2011","Dudley 030B","E01009794","Total",644,68,124,386,66,325,21,24,233,47,319,47,100,153,19
"2011","Dudley 030C","E01009797","Total",589,57,115,360,57,299,20,26,214,39,290,37,89,146,18
"2011","Dudley 030D","E01009801","Total",810,69,162,478,101,402,21,27,278,76,408,48,135,200,25
"2011","Dudley 031A","E01009721","Total",950,61,160,622,107,505,15,35,372,83,445,46,125,250,24
"2011","Dudley 031B","E01009725","Total",584,50,136,341,57,283,13,34,190,46,301,37,102,151,11
"2011","Dudley 031C","E01009726","Total",708,68,172,398,70,371,16,33,259,63,337,52,139,139,7
"2011","Dudley 031D","E01009834","Total",694,60,139,416,79,379,15,42,260,62,315,45,97,156,17
"2011","Dudley 032A","E01009833","Total",470,42,115,280,33,290,26,55,184,25,180,16,60,96,8
"2011","Dudley 032B","E01009835","Total",648,52,142,382,72,363,16,50,243,54,285,36,92,139,18
"2011","Dudley 032C","E01009869","Total",865,65,174,534,92,450,19,38,321,72,415,46,136,213,20
"2011","Dudley 032D","E01009870","Total",908,68,178,565,97,508,28,48,346,86,400,40,130,219,11
"2011","Dudley 033A","E01009809","Total",635,47,125,395,68,340,20,30,234,56,295,27,95,161,12
"2011","Dudley 033B","E01009813","Total",657,59,160,370,68,338,19,37,233,49,319,40,123,137,19
"2011","Dudley 033C","E01009861","Total",713,54,134,455,70,373,20,27,277,49,340,34,107,178,21
"2011","Dudley 033D","E01009862","Total",778,65,147,508,58,407,15,37,303,52,371,50,110,205,6
"2011","Dudley 033E","E01009863","Total",863,68,160,541,94,452,23,30,330,69,411,45,130,211,25
"2011","Dudley 033F","E01009868","Total",708,41,162,433,72,375,13,38,265,59,333,28,124,168,13
"2011","Dudley 034A","E01009734","Total",664,50,142,399,73,363,14,34,259,56,301,36,108,140,17
"2011","Dudley 034B","E01009735","Total",840,71,164,516,89,443,21,36,318,68,397,50,128,198,21
"2011","Dudley 034C","E01009736","Total",676,62,137,417,60,349,9,25,265,50,327,53,112,152,10
"2011","Dudley 034D","E01009737","Total",754,66,138,459,91,374,13,26,263,72,380,53,112,196,19
"2011","Dudley 034E","E01009738","Total",649,49,133,403,64,345,15,25,252,53,304,34,108,151,11
"2011","Dudley 035A","E01009856","Total",905,93,167,501,144,474,21,42,303,108,431,72,125,198,36
"2011","Dudley 035B","E01009905","Total",749,78,153,426,92,385,27,35,256,67,364,51,118,170,25
"2011","Dudley 035C","E01009906","Total",721,68,139,446,68,408,21,40,289,58,313,47,99,157,10
"2011","Dudley 035D","E01009907","Total",740,69,137,428,106,380,18,41,240,81,360,51,96,188,25
"2011","Dudley 035E","E01009908","Total",867,78,185,487,117,451,26,38,293,94,416,52,147,194,23
"2011","Dudley 036A","E01009800","Total",708,55,156,408,89,358,17,35,234,72,350,38,121,174,17
"2011","Dudley 036B","E01009802","Total",771,73,178,433,87,393,17,42,269,65,378,56,136,164,22
"2011","Dudley 036C","E01009803","Total",815,81,168,474,92,429,29,34,297,69,386,52,134,177,23
"2011","Dudley 036D","E01009804","Total",718,63,137,414,104,377,19,25,251,82,341,44,112,163,22
"2011","Dudley 037A","E01009831","Total",586,47,135,346,58,325,10,35,231,49,261,37,100,115,9
"2011","Dudley 037B","E01009836","Total",588,41,119,363,65,344,8,44,235,57,244,33,75,128,8
"2011","Dudley 037C","E01009837","Total",668,50,142,407,69,390,19,53,264,54,278,31,89,143,15
"2011","Dudley 037D","E01009838","Total",675,53,136,424,62,376,14,37,273,52,299,39,99,151,10
"2011","Dudley 038A","E01009847","Total",685,73,167,379,66,350,24,41,233,52,335,49,126,146,14
"2011","Dudley 038B","E01009848","Total",662,61,138,382,81,348,16,31,238,63,314,45,107,144,18
"2011","Dudley 038C","E01009849","Total",729,71,158,419,81,383,26,33,265,59,346,45,125,154,22
"2011","Dudley 038D","E01009851","Total",701,72,159,377,93,373,27,43,233,70,328,45,116,144,23
"2011","Dudley 039A","E01009732","Total",782,65,174,457,86,413,16,46,287,64,369,49,128,170,22
"2011","Dudley 039B","E01009733","Total",618,56,126,382,54,324,18,34,227,45,294,38,92,155,9
"2011","Dudley 039C","E01009739","Total",724,75,144,425,80,375,20,26,265,64,349,55,118,160,16
"2011","Dudley 039D","E01009799","Total",680,74,143,383,80,362,15,33,254,60,318,59,110,129,20
"2011","Dudley 039E","E01009805","Total",725,75,129,448,73,373,27,38,257,51,352,48,91,191,22
"2011","Dudley 039F","E01009806","Total",762,56,136,478,92,394,14,36,268,76,368,42,100,210,16
"2011","Dudley 040A","E01009854","Total",722,107,130,373,112,379,28,41,219,91,343,79,89,154,21
"2011","Dudley 040B","E01009857","Total",685,72,145,399,69,362,24,39,244,55,323,48,106,155,14
"2011","Dudley 040C","E01009858","Total",578,47,104,339,88,312,18,31,201,62,266,29,73,138,26
"2011","Dudley 040D","E01009859","Total",834,80,168,455,131,459,22,47,287,103,375,58,121,168,28
"2011","Dudley 041A","E01009845","Total",717,97,135,370,115,371,18,27,238,88,346,79,108,132,27
"2011","Dudley 041B","E01009846","Total",690,84,153,360,93,362,27,36,223,76,328,57,117,137,17
"2011","Dudley 041C","E01009850","Total",701,75,147,362,117,369,19,32,233,85,332,56,115,129,32
"2011","Dudley 041D","E01009852","Total",666,81,137,343,105,357,17,29,231,80,309,64,108,112,25
"2011","Dudley 042A","E01009832","Total",616,56,162,327,71,309,19,35,199,56,307,37,127,128,15
"2011","Dudley 042B","E01009853","Total",588,72,108,316,92,317,24,24,205,64,271,48,84,111,28
"2011","Dudley 042C","E01009855","Total",715,81,157,352,125,392,22,40,231,99,323,59,117,121,26
"2011","Dudley 042D","E01009860","Total",674,64,159,369,82,351,12,39,237,63,323,52,120,132,19
"2011","Dudley 043A","E01009807","Total",832,84,184,484,80,434,22,38,310,64,398,62,146,174,16
"2011","Dudley 043B","E01009808","Total",787,89,175,451,72,405,23,44,279,59,382,66,131,172,13
"2011","Dudley 043C","E01009810","Total",777,69,165,450,93,392,29,43,256,64,385,40,122,194,29
"2011","Dudley 043D","E01009811","Total",727,85,139,418,85,385,23,27,260,75,342,62,112,158,10
"2011","Dudley 043E","E01009812","Total",796,75,166,448,107,414,24,33,275,82,382,51,133,173,25
"2011","Sandwell 001A","E01010085","Total",752,71,123,484,74,407,16,35,299,57,345,55,88,185,17
"2011","Sandwell 001B","E01010086","Total",710,50,165,432,63,365,18,40,257,50,345,32,125,175,13
"2011","Sandwell 001C","E01010087","Total",700,60,165,425,50,358,13,50,252,43,342,47,115,173,7
"2011","Sandwell 001D","E01010088","Total",684,57,149,420,58,379,25,41,265,48,305,32,108,155,10
"2011","Sandwell 001E","E01010089","Total",719,44,172,449,54,372,12,43,268,49,347,32,129,181,5
"2011","Sandwell 002A","E01009969","Total",841,48,186,537,70,409,19,46,293,51,432,29,140,244,19
"2011","Sandwell 002B","E01009970","Total",634,40,143,394,57,338,7,38,246,47,296,33,105,148,10
"2011","Sandwell 002C","E01009971","Total",669,43,156,419,51,328,10,34,244,40,341,33,122,175,11
"2011","Sandwell 002D","E01009973","Total",1165,90,237,736,102,624,25,81,436,82,541,65,156,300,20
"2011","Sandwell 003A","E01009960","Total",605,47,141,373,44,330,10,30,254,36,275,37,111,119,8
"2011","Sandwell 003B","E01009961","Total",607,54,110,390,53,303,13,14,231,45,304,41,96,159,8
"2011","Sandwell 003C","E01009966","Total",480,35,97,319,29,250,5,24,197,24,230,30,73,122,5
"2011","Sandwell 003D","E01009967","Total",820,60,170,507,83,437,18,48,300,71,383,42,122,207,12
"2011","Sandwell 003E","E01010092","Total",799,60,165,500,74,417,20,42,298,57,382,40,123,202,17
"2011","Sandwell 004A","E01009962","Total",485,42,114,290,39,247,11,20,179,37,238,31,94,111,2
"2011","Sandwell 004B","E01009963","Total",496,42,115,309,30,247,7,26,190,24,249,35,89,119,6
"2011","Sandwell 004C","E01009964","Total",539,51,125,320,43,297,17,31,212,37,242,34,94,108,6
"2011","Sandwell 004D","E01009965","Total",462,38,112,273,39,242,5,27,177,33,220,33,85,96,6
"2011","Sandwell 005A","E01010090","Total",645,44,130,417,54,354,11,39,256,48,291,33,91,161,6
"2011","Sandwell 005B","E01010091","Total",634,55,126,392,61,347,19,37,239,52,287,36,89,153,9
"2011","Sandwell 005C","E01010096","Total",590,48,111,386,45,309,11,27,234,37,281,37,84,152,8
"2011","Sandwell 005D","E01010097","Total",712,69,146,428,69,387,18,37,273,59,325,51,109,155,10
"2011","Sandwell 006A","E01009968","Total",724,62,117,430,115,393,29,32,244,88,331,33,85,186,27
"2011","Sandwell 006B","E01009972","Total",845,64,166,511,104,449,19,45,304,81,396,45,121,207,23
"2011","Sandwell 006C","E01009974","Total",728,65,130,441,92,390,19,43,263,65,338,46,87,178,27
"2011","Sandwell 006D","E01009975","Total",803,61,149,510,83,439,22,43,309,65,364,39,106,201,18
"2011","Sandwell 007A","E01010030","Total",476,47,115,277,37,251,16,26,175,34,225,31,89,102,3
"2011","Sandwell 007B","E01010034","Total",866,65,163,561,77,447,17,26,339,65,419,48,137,222,12
"2011","Sandwell 007C","E01010035","Total",673,48,126,436,63,373,17,23,280,53,300,31,103,156,10
"2011","Sandwell 007D","E01010036","Total",714,43,149,464,58,383,13,32,287,51,331,30,117,177,7
"2011","Sandwell 009A","E01009982","Total",610,55,123,384,48,335,14,35,246,40,275,41,88,138,8
"2011","Sandwell 009B","E01009983","Total",566,44,128,348,46,294,9,33,213,39,272,35,95,135,7
"2011","Sandwell 009C","E01010029","Total",398,30,87,252,29,216,3,27,161,25,182,27,60,91,4
"2011","Sandwell 009D","E01010037","Total",375,36,85,216,38,197,15,18,132,32,178,21,67,84,6
"2011","Sandwell 010A","E01009991","Total",875,57,195,533,90,459,13,63,309,74,416,44,132,224,16
"2011","Sandwell 010B","E01009994","Total",641,58,126,405,52,337,15,28,250,44,304,43,98,155,8
"2011","Sandwell 010C","E01009995","Total",684,45,148,437,54,362,12,31,272,47,322,33,117,165,7
"2011","Sandwell 010D","E01009996","Total",587,54,136,355,42,304,13,28,229,34,283,41,108,126,8
"2011","Sandwell 010E","E01009997","Total",708,72,152,418,66,362,15,45,245,57,346,57,107,173,9
"2011","Sandwell 010F","E01009998","Total",755,52,157,488,58,403,24,41,289,49,352,28,116,199,9
"2011","Sandwell 011A","E01010008","Total",664,54,124,434,52,338,17,30,249,42,326,37,94,185,10
"2011","Sandwell 011B","E01010010","Total",584,40,127,378,39,279,8,31,212,28,305,32,96,166,11
"2011","Sandwell 011C","E01010011","Total",820,67,143,530,80,446,20,32,334,60,374,47,111,196,20
"2011","Sandwell 011D","E01010012","Total",664,48,125,437,54,336,14,28,251,43,328,34,97,186,11
"2011","Sandwell 012A","E01010007","Total",569,48,114,367,40,281,12,28,207,34,288,36,86,160,6
"2011","Sandwell 012B","E01010009","Total",615,59,119,384,53,296,14,26,216,40,319,45,93,168,13
"2011","Sandwell 012C","E01010013","Total",534,44,106,333,51,282,18,31,203,30,252,26,75,130,21
"2011","Sandwell 012D","E01010014","Total",761,53,130,482,96,387,8,29,276,74,374,45,101,206,22
"2011","Sandwell 013A","E01010093","Total",477,34,77,324,42,252,11,19,189,33,225,23,58,135,9
"2011","Sandwell 013B","E01010094","Total",669,62,128,410,69,352,22,47,230,53,317,40,81,180,16
"2011","Sandwell 013C","E01010095","Total",549,43,124,328,54,297,11,29,212,45,252,32,95,116,9
"2011","Sandwell 013D","E01010098","Total",582,46,139,358,39,300,10,38,218,34,282,36,101,140,5
"2011","Sandwell 013E","E01010099","Total",744,63,138,488,55,392,16,29,301,46,352,47,109,187,9
"2011","Sandwell 013F","E01010100","Total",839,59,151,564,65,463,14,47,349,53,376,45,104,215,12
"2011","Sandwell 014A","E01009978","Total",676,65,144,397,70,375,17,36,259,63,301,48,108,138,7
"2011","Sandwell 014B","E01010031","Total",565,49,113,352,51,293,7,25,221,40,272,42,88,131,11
"2011","Sandwell 014C","E01010032","Total",418,33,103,258,24,222,6,23,173,20,196,27,80,85,4
"2011","Sandwell 014D","E01010033","Total",587,42,107,391,47,328,15,25,250,38,259,27,82,141,9
"2011","Sandwell 014E","E01010074","Total",1049,59,169,719,102,552,13,43,418,78,497,46,126,301,24
"2011","Sandwell 015A","E01010066","Total",489,45,128,277,39,281,15,54,177,35,208,30,74,100,4
"2011","Sandwell 015B","E01010067","Total",549,31,134,340,44,326,8,66,217,35,223,23,68,123,9
"2011","Sandwell 015C","E01010068","Total",684,52,123,443,66,355,16,27,261,51,329,36,96,182,15
"2011","Sandwell 015D","E01010070","Total",750,50,133,497,70,380,9,22,295,54,370,41,111,202,16
"2011","Sandwell 015E","E01010075","Total",729,45,161,448,75,385,11,52,261,61,344,34,109,187,14
"2011","Sandwell 015F","E01010076","Total",437,32,89,274,42,246,12,27,173,34,191,20,62,101,8
"2011","Sandwell 016A","E01009976","Total",1396,78,222,928,168,717,19,56,518,124,679,59,166,410,44
"2011","Sandwell 016B","E01009977","Total",851,56,139,575,81,457,16,35,336,70,394,40,104,239,11
"2011","Sandwell 016C","E01009979","Total",515,41,108,325,41,282,14,30,205,33,233,27,78,120,8
"2011","Sandwell 016D","E01009980","Total",1002,48,174,683,97,547,7,53,406,81,455,41,121,277,16
"2011","Sandwell 016E","E01010069","Total",906,69,173,576,88,477,12,59,340,66,429,57,114,236,22
"2011","Sandwell 016F","E01010071","Total",733,57,154,460,62,389,20,53,271,45,344,37,101,189,17
"2011","Sandwell 017A","E01009947","Total",865,69,151,542,103,456,23,34,321,78,409,46,117,221,25
"2011","Sandwell 017B","E01009992","Total",705,52,156,455,42,367,12,39,279,37,338,40,117,176,5
"2011","Sandwell 017C","E01009993","Total",664,61,138,419,46,349,19,48,243,39,315,42,90,176,7
"2011","Sandwell 017D","E01010103","Total",745,59,132,494,60,397,25,46,281,45,348,34,86,213,15
"2011","Sandwell 017E","E01010104","Total",650,40,124,429,57,369,11,40,274,44,281,29,84,155,13
"2011","Sandwell 017F","E01010105","Total",692,56,132,449,55,376,23,53,258,42,316,33,79,191,13
"2011","Sandwell 018A","E01009981","Total",703,46,152,440,65,398,14,50,280,54,305,32,102,160,11
"2011","Sandwell 018C","E01009985","Total",613,64,160,351,38,341,23,72,215,31,272,41,88,136,7
"2011","Sandwell 018E","E01032887","Total",966,82,216,595,73,562,33,103,367,59,404,49,113,228,14
"2011","Sandwell 019A","E01009986","Total",483,43,127,278,35,291,18,58,185,30,192,25,69,93,5
"2011","Sandwell 019B","E01009987","Total",405,43,96,226,40,245,18,41,149,37,160,25,55,77,3
"2011","Sandwell 019C","E01009989","Total",608,42,129,395,42,365,13,56,257,39,243,29,73,138,3
"2011","Sandwell 019D","E01010106","Total",573,53,153,323,44,366,21,84,224,37,207,32,69,99,7
"2011","Sandwell 020A","E01009988","Total",626,52,139,375,60,340,20,30,240,50,286,32,109,135,10
"2011","Sandwell 020B","E01010101","Total",721,47,161,457,56,424,12,64,301,47,297,35,97,156,9
"2011","Sandwell 020C","E01010102","Total",634,62,135,395,42,367,21,56,257,33,267,41,79,138,9
"2011","Sandwell 020D","E01010107","Total",611,47,133,385,46,348,22,57,230,39,263,25,76,155,7
"2011","Sandwell 021A","E01010015","Total",748,52,163,465,68,418,19,57,284,58,330,33,106,181,10
"2011","Sandwell 021B","E01010016","Total",664,58,130,415,61,374,21,50,257,46,290,37,80,158,15
"2011","Sandwell 021C","E01010018","Total",983,59,174,658,92,498,15,46,367,70,485,44,128,291,22
"2011","Sandwell 021D","E01010072","Total",1048,40,175,715,118,558,10,67,394,87,490,30,108,321,31
"2011","Sandwell 021E","E01010073","Total",690,50,136,442,62,368,12,36,268,52,322,38,100,174,10
"2011","Sandwell 022A","E01010077","Total",601,58,133,362,48,306,12,28,222,44,295,46,105,140,4
"2011","Sandwell 022B","E01010079","Total",804,65,146,515,78,415,24,23,304,64,389,41,123,211,14
"2011","Sandwell 022C","E01010080","Total",651,52,144,410,45,349,8,42,258,41,302,44,102,152,4
"2011","Sandwell 022D","E01010081","Total",820,89,157,511,63,430,21,40,319,50,390,68,117,192,13
"2011","Sandwell 022E","E01010082","Total",1215,77,228,794,116,664,23,45,501,95,551,54,183,293,21
"2011","Sandwell 022F","E01010083","Total",762,56,177,456,73,401,11,36,295,59,361,45,141,161,14
"2011","Sandwell 022G","E01010084","Total",547,37,121,341,48,284,11,30,199,44,263,26,91,142,4
"2011","Sandwell 023A","E01010046","Total",606,44,215,308,39,356,13,127,191,25,250,31,88,117,14
"2011","Sandwell 023B","E01010047","Total",649,55,150,396,48,375,19,74,241,41,274,36,76,155,7
"2011","Sandwell 023C","E01010048","Total",638,54,157,375,52,392,22,87,237,46,246,32,70,138,6
"2011","Sandwell 023D","E01010049","Total",619,54,132,364,69,361,22,62,225,52,258,32,70,139,17
"2011","Sandwell 023E","E01010050","Total",617,65,123,370,59,355,24,57,229,45,262,41,66,141,14
"2011","Sandwell 023F","E01010052","Total",456,53,139,242,22,263,18,80,150,15,193,35,59,92,7
"2011","Sandwell 023G","E01010053","Total",553,62,158,306,27,312,26,79,186,21,241,36,79,120,6
"2011","Sandwell 024A","E01010017","Total",726,62,150,451,63,411,22,65,275,49,315,40,85,176,14
"2011","Sandwell 024B","E01010019","Total",594,47,149,335,63,357,23,78,212,44,237,24,71,123,19
"2011","Sandwell 024C","E01010020","Total",707,76,161,433,37,389,28,63,269,29,318,48,98,164,8
"2011","Sandwell 024D","E01010021","Total",699,71,141,428,59,370,27,38,260,45,329,44,103,168,14
"2011","Sandwell 025A","E01010039","Total",505,34,109,314,48,273,9,25,201,38,232,25,84,113,10
"2011","Sandwell 025B","E01010043","Total",729,57,147,459,66,386,17,25,289,55,343,40,122,170,11
"2011","Sandwell 025C","E01010044","Total",567,42,104,353,68,282,6,17,203,56,285,36,87,150,12
"2011","Sandwell 025D","E01010078","Total",605,51,117,374,63,334,15,34,234,51,271,36,83,140,12
"2011","Sandwell 026A","E01010059","Total",710,75,170,413,52,429,39,87,258,45,281,36,83,155,7
"2011","Sandwell 026B","E01010061","Total",583,74,155,310,44,377,42,97,200,38,206,32,58,110,6
"2011","Sandwell 026C","E01010062","Total",509,47,149,281,32,262,16,52,167,27,247,31,97,114,5
"2011","Sandwell 026D","E01010063","Total",528,69,149,283,27,283,32,57,170,24,245,37,92,113,3
"2011","Sandwell 026E","E01010064","Total",617,48,169,355,45,320,19,74,191,36,297,29,95,164,9
"2011","Sandwell 026F","E01010065","Total",996,84,225,608,79,528,23,97,349,59,468,61,128,259,20
"2011","Sandwell 027A","E01009934","Total",559,53,108,349,49,287,17,27,205,38,272,36,81,144,11
"2011","Sandwell 027B","E01009935","Total",713,81,130,448,54,402,37,34,282,49,311,44,96,166,5
"2011","Sandwell 027C","E01009936","Total",772,67,167,477,61,401,23,43,285,50,371,44,124,192,11
"2011","Sandwell 027D","E01010004","Total",698,57,125,459,57,380,21,34,279,46,318,36,91,180,11
"2011","Sandwell 028A","E01010054","Total",588,52,140,347,49,327,24,69,205,29,261,28,71,142,20
"2011","Sandwell 028B","E01010055","Total",727,66,133,477,51,405,26,56,281,42,322,40,77,196,9
"2011","Sandwell 028C","E01010056","Total",596,48,137,363,48,329,19,46,225,39,267,29,91,138,9
"2011","Sandwell 028D","E01010057","Total",628,72,158,364,34,371,27,79,238,27,257,45,79,126,7
"2011","Sandwell 028E","E01010060","Total",682,67,164,417,34,402,25,73,276,28,280,42,91,141,6
"2011","Sandwell 029A","E01010038","Total",739,67,155,460,57,394,19,38,292,45,345,48,117,168,12
"2011","Sandwell 029B","E01010040","Total",617,46,133,381,57,310,13,27,229,41,307,33,106,152,16
"2011","Sandwell 029C","E01010041","Total",618,37,145,390,46,332,14,31,249,38,286,23,114,141,8
"2011","Sandwell 029D","E01010045","Total",674,48,142,426,58,348,14,28,258,48,326,34,114,168,10
"2011","Sandwell 030A","E01010000","Total",728,45,133,477,73,395,14,39,282,60,333,31,94,195,13
"2011","Sandwell 030B","E01010002","Total",1071,77,222,675,97,562,18,55,414,75,509,59,167,261,22
"2011","Sandwell 030C","E01010003","Total",600,40,119,387,54,305,13,29,227,36,295,27,90,160,18
"2011","Sandwell 030D","E01010005","Total",680,57,135,424,64,362,21,30,261,50,318,36,105,163,14
"2011","Sandwell 030E","E01010006","Total",809,78,143,506,82,426,26,37,300,63,383,52,106,206,19
"2011","Sandwell 031A","E01009938","Total",726,46,152,479,49,371,13,30,289,39,355,33,122,190,10
"2011","Sandwell 031B","E01009943","Total",526,53,131,288,54,260,20,35,167,38,266,33,96,121,16
"2011","Sandwell 031C","E01009944","Total",562,50,121,353,38,290,12,33,214,31,272,38,88,139,7
"2011","Sandwell 031D","E01010051","Total",516,54,118,302,42,254,20,26,173,35,262,34,92,129,7
"2011","Sandwell 031E","E01010058","Total",664,65,166,395,38,326,15,53,228,30,338,50,113,167,8
"2011","Sandwell 032A","E01009937","Total",633,51,145,407,30,334,14,42,253,25,299,37,103,154,5
"2011","Sandwell 032B","E01009939","Total",819,57,167,518,77,428,24,43,304,57,391,33,124,214,20
"2011","Sandwell 032C","E01009940","Total",592,38,125,391,38,309,14,35,231,29,283,24,90,160,9
"2011","Sandwell 032D","E01009941","Total",657,50,116,425,66,346,13,36,239,58,311,37,80,186,8
"2011","Sandwell 032E","E01009942","Total",663,61,152,394,56,340,14,51,231,44,323,47,101,163,12
"2011","Sandwell 033A","E01009929","Total",644,55,151,396,42,342,9,37,261,35,302,46,114,135,7
"2011","Sandwell 033B","E01009930","Total",623,54,139,378,52,325,18,27,239,41,298,36,112,139,11
"2011","Sandwell 033C","E01009931","Total",1223,76,214,788,145,651,26,53,470,102,572,50,161,318,43
"2011","Sandwell 033D","E01009932","Total",686,48,138,431,69,382,15,49,266,52,304,33,89,165,17
"2011","Sandwell 033E","E01009999","Total",594,44,126,375,49,311,16,20,235,40,283,28,106,140,9
"2011","Sandwell 034A","E01009921","Total",873,51,163,587,72,446,21,48,325,52,427,30,115,262,20
"2011","Sandwell 034B","E01009922","Total",591,61,129,341,60,297,15,33,208,41,294,46,96,133,19
"2011","Sandwell 034C","E01009924","Total",758,43,119,490,106,374,19,25,261,69,384,24,94,229,37
"2011","Sandwell 034D","E01009925","Total",765,55,140,458,112,390,18,48,246,78,375,37,92,212,34
"2011","Sandwell 034E","E01009926","Total",749,47,137,487,78,365,15,32,264,54,384,32,105,223,24
"2011","Sandwell 034F","E01009927","Total",868,51,144,566,107,468,15,57,325,71,400,36,87,241,36
"2011","Sandwell 034G","E01009928","Total",894,54,156,607,77,452,20,41,340,51,442,34,115,267,26
"2011","Sandwell 035A","E01009933","Total",628,48,140,375,65,340,14,48,228,50,288,34,92,147,15
"2011","Sandwell 035B","E01009952","Total",774,58,158,500,58,416,27,37,305,47,358,31,121,195,11
"2011","Sandwell 035C","E01009955","Total",789,58,140,512,79,457,24,50,319,64,332,34,90,193,15
"2011","Sandwell 035D","E01009956","Total",695,57,141,435,62,379,20,35,272,52,316,37,106,163,10
"2011","Sandwell 035E","E01009959","Total",765,60,139,495,71,398,17,25,301,55,367,43,114,194,16
"2011","Sandwell 035F","E01010042","Total",771,65,163,480,63,415,19,43,296,57,356,46,120,184,6
"2011","Sandwell 036A","E01009923","Total",693,54,138,442,59,341,19,44,234,44,352,35,94,208,15
"2011","Sandwell 036B","E01010024","Total",754,68,166,432,88,384,17,56,245,66,370,51,110,187,22
"2011","Sandwell 036C","E01010026","Total",763,61,155,480,67,385,18,42,273,52,378,43,113,207,15
"2011","Sandwell 036D","E01010027","Total",737,66,167,433,71,385,22,55,252,56,352,44,112,181,15
"2011","Sandwell 037A","E01010001","Total",662,55,132,426,49,319,8,23,251,37,343,47,109,175,12
"2011","Sandwell 037B","E01010022","Total",730,59,150,445,76,368,20,31,254,63,362,39,119,191,13
"2011","Sandwell 037C","E01010023","Total",858,78,162,531,87,462,22,55,318,67,396,56,107,213,20
"2011","Sandwell 037D","E01010025","Total",619,46,125,401,47,325,17,34,238,36,294,29,91,163,11
"2011","Sandwell 037E","E01010028","Total",602,49,109,400,44,305,12,24,234,35,297,37,85,166,9
"2011","Sandwell 038A","E01009953","Total",773,65,158,469,81,407,19,33,288,67,366,46,125,181,14
"2011","Sandwell 038B","E01009954","Total",666,62,125,404,75,347,13,31,246,57,319,49,94,158,18
"2011","Sandwell 038C","E01009957","Total",605,58,140,362,45,307,17,45,209,36,298,41,95,153,9
"2011","Sandwell 038D","E01009958","Total",802,83,167,468,84,418,17,45,298,58,384,66,122,170,26
"2011","Sandwell 039A","E01009946","Total",802,71,160,479,92,415,27,30,291,67,387,44,130,188,25
"2011","Sandwell 039B","E01009948","Total",743,76,152,457,58,395,33,30,283,49,348,43,122,174,9
"2011","Sandwell 039C","E01009949","Total",764,59,166,439,100,412,16,52,266,78,352,43,114,173,22
"2011","Sandwell 039D","E01009950","Total",745,60,143,474,68,404,19,40,285,60,341,41,103,189,8
"2011","Sandwell 039E","E01009951","Total",764,52,140,503,69,440,16,34,328,62,324,36,106,175,7
"2011","Sandwell 039F","E01032592","Total",808,76,152,498,82,421,21,32,305,63,387,55,120,193,19
"2011","Solihull 001A","E01010118","Total",678,70,136,403,69,355,29,27,243,56,323,41,109,160,13
"2011","Solihull 001B","E01010120","Total",648,54,131,405,58,321,18,25,228,50,327,36,106,177,8
"2011","Solihull 001C","E01010121","Total",679,63,101,435,80,377,19,28,263,67,302,44,73,172,13
"2011","Solihull 001D","E01010122","Total",666,52,134,408,72,339,17,24,239,59,327,35,110,169,13
"2011","Solihull 002A","E01010235","Total",578,64,135,318,61,296,12,34,196,54,282,52,101,122,7
"2011","Solihull 002B","E01010236","Total",556,47,138,332,39,255,13,21,188,33,301,34,117,144,6
"2011","Solihull 002C","E01010239","Total",652,73,140,389,50,317,20,22,233,42,335,53,118,156,8
"2011","Solihull 002D","E01010240","Total",542,48,142,308,44,252,12,30,175,35,290,36,112,133,9
"2011","Solihull 003A","E01010117","Total",795,69,143,514,69,417,18,27,312,60,378,51,116,202,9
"2011","Solihull 003B","E01010119","Total",729,79,150,440,60,376,21,36,269,50,353,58,114,171,10
"2011","Solihull 003C","E01010123","Total",717,65,156,421,75,376,22,32,265,57,341,43,124,156,18
"2011","Solihull 003D","E01010124","Total",781,67,153,481,80,416,25,37,288,66,365,42,116,193,14
"2011","Solihull 004A","E01010146","Total",681,59,150,414,58,327,18,22,243,44,354,41,128,171,14
"2011","Solihull 004B","E01010234","Total",441,31,105,274,31,224,7,24,168,25,217,24,81,106,6
"2011","Solihull 004C","E01010237","Total",827,63,190,507,67,407,13,36,307,51,420,50,154,200,16
"2011","Solihull 004D","E01010238","Total",574,40,138,361,35,286,13,31,214,28,288,27,107,147,7
"2011","Solihull 005A","E01010145","Total",645,42,132,407,64,359,12,33,270,44,286,30,99,137,20
"2011","Solihull 005B","E01010147","Total",528,43,118,340,27,246,13,20,194,19,282,30,98,146,8
"2011","Solihull 005C","E01010148","Total",660,45,174,387,54,322,14,43,224,41,338,31,131,163,13
"2011","Solihull 005D","E01010149","Total",701,61,144,439,57,361,16,35,265,45,340,45,109,174,12
"2011","Solihull 006A","E01010125","Total",522,40,127,314,41,271,16,37,187,31,251,24,90,127,10
"2011","Solihull 006B","E01010129","Total",585,48,143,343,51,281,13,21,205,42,304,35,122,138,9
"2011","Solihull 006C","E01010139","Total",461,47,93,277,44,234,18,17,159,40,227,29,76,118,4
"2011","Solihull 006D","E01010141","Total",509,38,101,305,65,270,9,22,181,58,239,29,79,124,7
"2011","Solihull 007A","E01010140","Total",598,48,146,361,43,294,18,27,212,37,304,30,119,149,6
"2011","Solihull 007B","E01010142","Total",488,42,111,310,25,251,14,23,192,22,237,28,88,118,3
"2011","Solihull 007C","E01010143","Total",540,55,122,318,45,268,20,22,187,39,272,35,100,131,6
"2011","Solihull 007D","E01010144","Total",748,42,138,509,59,388,11,28,302,47,360,31,110,207,12
"2011","Solihull 008A","E01010111","Total",569,45,120,356,48,290,13,29,208,40,279,32,91,148,8
"2011","Solihull 008B","E01010126","Total",553,49,114,335,55,298,13,32,206,47,255,36,82,129,8
"2011","Solihull 008C","E01010127","Total",794,50,154,520,70,407,15,32,303,57,387,35,122,217,13
"2011","Solihull 008D","E01010128","Total",618,54,150,365,49,304,10,36,213,45,314,44,114,152,4
"2011","Solihull 008E","E01010130","Total",645,39,125,419,62,333,4,32,246,51,312,35,93,173,11
"2011","Solihull 008F","E01010131","Total",548,52,132,314,50,254,15,24,173,42,294,37,108,141,8
"2011","Solihull 009A","E01010109","Total",740,67,132,439,102,383,19,37,253,74,357,48,95,186,28
"2011","Solihull 009B","E01010110","Total",759,57,157,435,110,386,20,44,241,81,373,37,113,194,29
"2011","Solihull 009C","E01010112","Total",818,49,148,556,65,413,12,31,317,53,405,37,117,239,12
"2011","Solihull 009D","E01010113","Total",550,44,109,351,46,271,10,24,195,42,279,34,85,156,4
"2011","Solihull 009E","E01010114","Total",877,72,171,541,93,452,23,38,315,76,425,49,133,226,17
"2011","Solihull 010A","E01010157","Total",766,57,138,495,76,403,16,38,292,57,363,41,100,203,19
"2011","Solihull 010B","E01010159","Total",676,68,112,429,67,357,23,28,252,54,319,45,84,177,13
"2011","Solihull 010C","E01010162","Total",751,75,136,468,72,406,26,32,296,52,345,49,104,172,20
"2011","Solihull 010D","E01010163","Total",736,70,140,438,88,381,21,34,254,72,355,49,106,184,16
"2011","Solihull 011A","E01010132","Total",629,57,123,399,50,312,17,29,227,39,317,40,94,172,11
"2011","Solihull 011B","E01010133","Total",606,65,128,350,63,325,16,36,220,53,281,49,92,130,10
"2011","Solihull 011C","E01010134","Total",658,46,111,449,52,340,10,17,269,44,318,36,94,180,8
"2011","Solihull 011D","E01010135","Total",722,75,136,436,75,365,23,31,250,61,357,52,105,186,14
"2011","Solihull 011E","E01010138","Total",713,70,130,434,79,375,19,24,267,65,338,51,106,167,14
"2011","Solihull 012A","E01010136","Total",642,48,118,401,75,329,14,23,230,62,313,34,95,171,13
"2011","Solihull 012B","E01010137","Total",571,48,126,342,55,299,13,35,205,46,272,35,91,137,9
"2011","Solihull 012C","E01010158","Total",588,37,130,365,56,291,7,38,206,40,297,30,92,159,16
"2011","Solihull 012D","E01010160","Total",727,76,139,451,61,381,20,28,283,50,346,56,111,168,11
"2011","Solihull 012E","E01010161","Total",748,65,151,449,83,395,22,30,283,60,353,43,121,166,23
"2011","Solihull 013A","E01010174","Total",803,77,147,498,81,414,22,33,294,65,389,55,114,204,16
"2011","Solihull 013B","E01010175","Total",808,84,131,449,144,430,25,38,265,102,378,59,93,184,42
"2011","Solihull 013C","E01010177","Total",663,61,116,415,71,340,17,26,241,56,323,44,90,174,15
"2011","Solihull 013D","E01010178","Total",779,74,139,476,90,418,26,39,286,67,361,48,100,190,23
"2011","Solihull 014A","E01010172","Total",777,69,151,450,107,395,22,36,265,72,382,47,115,185,35
"2011","Solihull 014B","E01010173","Total",714,76,140,385,113,358,18,32,216,92,356,58,108,169,21
"2011","Solihull 014C","E01010176","Total",680,65,120,380,115,365,21,25,233,86,315,44,95,147,29
"2011","Solihull 014D","E01010179","Total",716,52,125,436,103,377,14,35,254,74,339,38,90,182,29
"2011","Solihull 015A","E01010115","Total",794,70,176,436,112,414,30,41,264,79,380,40,135,172,33
"2011","Solihull 015B","E01010116","Total",795,83,153,449,110,409,22,41,263,83,386,61,112,186,27
"2011","Solihull 015C","E01010227","Total",959,96,190,518,155,504,33,48,304,119,455,63,142,214,36
"2011","Solihull 015D","E01010228","Total",815,80,171,468,96,419,22,39,282,76,396,58,132,186,20
"2011","Solihull 015E","E01010232","Total",1025,77,172,650,126,534,25,43,378,88,491,52,129,272,38
"2011","Solihull 016A","E01010195","Total",712,79,126,366,141,413,37,35,227,114,299,42,91,139,27
"2011","Solihull 016B","E01010226","Total",648,65,88,408,87,371,16,21,270,64,277,49,67,138,23
"2011","Solihull 016C","E01010229","Total",686,73,116,372,125,372,25,21,231,95,314,48,95,141,30
"2011","Solihull 016D","E01010230","Total",823,66,156,498,103,419,17,31,290,81,404,49,125,208,22
"2011","Solihull 016E","E01010231","Total",754,91,129,413,121,389,24,32,236,97,365,67,97,177,24
"2011","Solihull 016F","E01010233","Total",909,41,165,580,123,486,15,36,343,92,423,26,129,237,31
"2011","Solihull 017A","E01010108","Total",989,112,156,502,219,532,37,41,281,173,457,75,115,221,46
"2011","Solihull 017B","E01010164","Total",795,93,138,443,121,430,31,41,269,89,365,62,97,174,32
"2011","Solihull 017C","E01010165","Total",707,63,140,401,103,367,19,42,227,79,340,44,98,174,24
"2011","Solihull 017D","E01010167","Total",817,74,162,410,171,429,23,35,244,127,388,51,127,166,44
"2011","Solihull 018A","E01010199","Total",866,82,167,518,99,472,28,33,337,74,394,54,134,181,25
"2011","Solihull 018B","E01010200","Total",553,46,120,312,75,280,16,36,172,56,273,30,84,140,19
"2011","Solihull 018C","E01010201","Total",804,93,161,451,99,419,29,37,278,75,385,64,124,173,24
"2011","Solihull 018D","E01010204","Total",574,53,111,358,52,288,22,21,204,41,286,31,90,154,11
"2011","Solihull 018E","E01010205","Total",731,81,150,393,107,359,18,28,231,82,372,63,122,162,25
"2011","Solihull 018F","E01010206","Total",837,79,160,504,94,425,28,36,288,73,412,51,124,216,21
"2011","Solihull 019A","E01010192","Total",797,78,148,425,146,435,17,38,266,114,362,61,110,159,32
"2011","Solihull 019B","E01010196","Total",790,94,159,390,147,428,34,33,242,119,362,60,126,148,28
"2011","Solihull 019C","E01010197","Total",750,103,147,350,150,396,29,29,224,114,354,74,118,126,36
"2011","Solihull 019D","E01010198","Total",734,92,123,376,143,408,29,30,236,113,326,63,93,140,30
"2011","Solihull 021A","E01010218","Total",550,40,109,354,47,284,13,25,209,37,266,27,84,145,10
"2011","Solihull 021B","E01010219","Total",816,64,168,504,80,417,20,39,296,62,399,44,129,208,18
"2011","Solihull 021C","E01010221","Total",714,59,143,458,54,347,18,34,255,40,367,41,109,203,14
"2011","Solihull 021D","E01010222","Total",768,64,174,458,72,395,19,38,283,55,373,45,136,175,17
"2011","Solihull 022A","E01010191","Total",911,78,159,530,144,477,23,35,307,112,434,55,124,223,32
"2011","Solihull 022B","E01010202","Total",765,73,142,461,89,386,18,35,264,69,379,55,107,197,20
"2011","Solihull 022C","E01010203","Total",867,69,156,536,106,462,29,37,317,79,405,40,119,219,27
"2011","Solihull 022D","E01010209","Total",901,108,166,503,124,471,26,34,317,94,430,82,132,186,30
"2011","Solihull 022E","E01010213","Total",752,79,149,443,81,389,20,34,280,55,363,59,115,163,26
"2011","Solihull 023A","E01010208","Total",738,88,148,407,95,392,32,32,258,70,346,56,116,149,25
"2011","Solihull 023B","E01010210","Total",822,104,178,446,94,419,28,46,269,76,403,76,132,177,18
"2011","Solihull 023C","E01010211","Total",636,74,141,347,74,302,22,30,195,55,334,52,111,152,19
"2011","Solihull 023D","E01010217","Total",802,64,168,481,89,427,25,36,302,64,375,39,132,179,25
"2011","Solihull 024A","E01010190","Total",881,100,161,461,159,453,23,24,280,126,428,77,137,181,33
"2011","Solihull 024B","E01010193","Total",750,90,153,379,128,391,22,29,236,104,359,68,124,143,24
"2011","Solihull 024C","E01010194","Total",909,84,178,530,117,455,25,30,308,92,454,59,148,222,25
"2011","Solihull 024D","E01010207","Total",779,78,160,425,116,393,24,40,238,91,386,54,120,187,25
"2011","Solihull 025A","E01010166","Total",685,104,126,316,139,357,30,23,196,108,328,74,103,120,31
"2011","Solihull 025B","E01010168","Total",984,97,174,523,190,499,33,31,296,139,485,64,143,227,51
"2011","Solihull 025C","E01010169","Total",767,84,143,397,143,410,23,28,248,111,357,61,115,149,32
"2011","Solihull 025D","E01010170","Total",805,90,162,417,136,424,22,44,255,103,381,68,118,162,33
"2011","Solihull 025E","E01010171","Total",676,74,133,333,136,356,19,24,203,110,320,55,109,130,26
"2011","Solihull 026A","E01010151","Total",741,77,142,406,116,379,21,38,230,90,362,56,104,176,26
"2011","Solihull 026B","E01010152","Total",710,91,149,366,104,363,22,26,230,85,347,69,123,136,19
"2011","Solihull 026C","E01010153","Total",659,64,118,340,137,362,16,28,210,108,297,48,90,130,29
"2011","Solihull 026D","E01010154","Total",726,105,145,360,116,395,39,33,230,93,331,66,112,130,23
"2011","Solihull 026E","E01010155","Total",729,94,141,382,112,403,35,39,236,93,326,59,102,146,19
"2011","Solihull 026F","E01010156","Total",759,97,149,394,119,387,25,30,237,95,372,72,119,157,24
"2011","Solihull 027A","E01010212","Total",748,91,151,382,124,404,23,37,238,106,344,68,114,144,18
"2011","Solihull 027B","E01010214","Total",683,66,126,414,77,345,19,25,243,58,338,47,101,171,19
"2011","Solihull 027C","E01010215","Total",864,89,153,496,126,446,29,40,282,95,418,60,113,214,31
"2011","Solihull 027D","E01010216","Total",890,63,150,550,127,449,28,39,287,95,441,35,111,263,32
"2011","Solihull 028A","E01010150","Total",795,111,176,376,132,411,31,32,246,102,384,80,144,130,30
"2011","Solihull 028B","E01010184","Total",682,75,153,363,91,350,24,34,228,64,332,51,119,135,27
"2011","Solihull 028C","E01010185","Total",694,76,136,345,137,378,25,31,212,110,316,51,105,133,27
"2011","Solihull 028D","E01010186","Total",964,91,202,516,155,477,24,34,298,121,487,67,168,218,34
"2011","Solihull 028E","E01010187","Total",793,95,156,374,168,417,21,33,226,137,376,74,123,148,31
"2011","Solihull 028F","E01010188","Total",775,128,166,302,179,428,36,44,194,154,347,92,122,108,25
"2011","Solihull 029A","E01010180","Total",654,68,131,372,83,328,18,22,219,69,326,50,109,153,14
"2011","Solihull 029B","E01010181","Total",1050,100,174,578,198,544,20,28,349,147,506,80,146,229,51
"2011","Solihull 029D","E01010183","Total",697,66,140,396,95,357,20,29,235,73,340,46,111,161,22
"2011","Solihull 029E","E01010189","Total",822,87,154,444,137,436,24,35,270,107,386,63,119,174,30
"2011","Solihull 029F","E01032885","Total",877,39,76,571,191,497,21,22,308,146,380,18,54,263,45
"2011","Solihull 029G","E01032886","Total",1162,87,175,658,242,636,25,39,375,197,526,62,136,283,45
"2011","Solihull 030A","E01010220","Total",834,59,162,507,106,434,17,35,303,79,400,42,127,204,27
"2011","Solihull 030B","E01010223","Total",592,43,114,363,72,304,10,26,213,55,288,33,88,150,17
"2011","Solihull 030C","E01010225","Total",781,85,149,475,72,392,20,27,294,51,389,65,122,181,21
"2011","Solihull 030D","E01032590","Total",845,74,157,501,113,451,18,32,310,91,394,56,125,191,22
"2011","Walsall 001A","E01010301","Total",610,49,137,345,79,329,11,42,205,71,281,38,95,140,8
"2011","Walsall 001B","E01010303","Total",729,73,166,403,87,386,17,48,254,67,343,56,118,149,20
"2011","Walsall 001C","E01010306","Total",1006,79,174,607,146,523,21,35,347,120,483,58,139,260,26
"2011","Walsall 001D","E01010307","Total",956,87,189,557,123,506,19,32,357,98,450,68,157,200,25
"2011","Walsall 002A","E01010302","Total",614,67,132,359,56,335,21,29,241,44,279,46,103,118,12
"2011","Walsall 002B","E01010304","Total",744,73,148,436,87,394,18,35,273,68,350,55,113,163,19
"2011","Walsall 002C","E01010305","Total",534,52,104,317,61,301,16,29,200,56,233,36,75,117,5
"2011","Walsall 002D","E01010308","Total",486,51,97,290,48,266,20,28,178,40,220,31,69,112,8
"2011","Walsall 003A","E01010345","Total",520,58,101,289,72,269,14,26,170,59,251,44,75,119,13
"2011","Walsall 003B","E01010346","Total",738,60,171,427,80,376,18,30,256,72,362,42,141,171,8
"2011","Walsall 003C","E01010347","Total",556,40,121,348,47,297,6,32,217,42,259,34,89,131,5
"2011","Walsall 003D","E01010350","Total",754,71,155,453,75,366,16,30,267,53,388,55,125,186,22
"2011","Walsall 004A","E01010249","Total",860,63,162,532,103,461,19,30,334,78,399,44,132,198,25
"2011","Walsall 004B","E01010250","Total",622,53,125,351,93,323,8,28,210,77,299,45,97,141,16
"2011","Walsall 004C","E01010252","Total",767,50,162,457,98,425,10,40,294,81,342,40,122,163,17
"2011","Walsall 004D","E01010254","Total",682,61,131,419,71,363,13,35,263,52,319,48,96,156,19
"2011","Walsall 005A","E01010348","Total",627,47,136,376,68,320,12,25,229,54,307,35,111,147,14
"2011","Walsall 005B","E01010349","Total",510,35,91,322,62,289,13,14,208,54,221,22,77,114,8
"2011","Walsall 005C","E01010351","Total",753,66,146,451,90,391,16,35,264,76,362,50,111,187,14
"2011","Walsall 005D","E01010352","Total",705,79,130,428,68,390,25,40,270,55,315,54,90,158,13
"2011","Walsall 006A","E01010284","Total",613,48,136,368,61,314,15,33,218,48,299,33,103,150,13
"2011","Walsall 006B","E01010285","Total",720,66,152,419,83,396,16,44,272,64,324,50,108,147,19
"2011","Walsall 006C","E01010286","Total",545,41,132,331,41,287,10,42,199,36,258,31,90,132,5
"2011","Walsall 006D","E01010290","Total",610,55,134,359,62,321,18,33,220,50,289,37,101,139,12
"2011","Walsall 007A","E01010251","Total",782,74,144,447,117,400,21,27,263,89,382,53,117,184,28
"2011","Walsall 007B","E01010253","Total",524,36,116,309,63,271,11,24,180,56,253,25,92,129,7
"2011","Walsall 007C","E01010255","Total",577,63,112,321,81,291,16,27,187,61,286,47,85,134,20
"2011","Walsall 007D","E01010256","Total",736,60,121,462,93,387,11,27,269,80,349,49,94,193,13
"2011","Walsall 007E","E01010257","Total",590,61,134,323,72,312,17,36,199,60,278,44,98,124,12
"2011","Walsall 008A","E01010292","Total",623,42,129,382,70,323,12,23,238,50,300,30,106,144,20
"2011","Walsall 008B","E01010294","Total",566,41,124,352,49,305,9,23,230,43,261,32,101,122,6
"2011","Walsall 008C","E01010296","Total",870,68,181,527,94,432,13,21,325,73,438,55,160,202,21
"2011","Walsall 008D","E01010297","Total",719,55,135,433,96,388,15,23,274,76,331,40,112,159,20
"2011","Walsall 009A","E01010291","Total",497,34,137,287,39,257,11,33,183,30,240,23,104,104,9
"2011","Walsall 009B","E01010293","Total",577,49,124,353,51,302,14,24,222,42,275,35,100,131,9
"2011","Walsall 009C","E01010298","Total",552,51,108,337,56,300,14,26,218,42,252,37,82,119,14
"2011","Walsall 009D","E01010299","Total",567,38,135,337,57,296,8,21,216,51,271,30,114,121,6
"2011","Walsall 009E","E01010300","Total",516,35,129,303,49,279,7,34,195,43,237,28,95,108,6
"2011","Walsall 010A","E01010319","Total",779,71,154,449,105,402,21,42,265,74,377,50,112,184,31
"2011","Walsall 010B","E01010321","Total",668,69,140,378,81,346,16,30,235,65,322,53,110,143,16
"2011","Walsall 010C","E01010353","Total",624,54,138,353,79,322,15,27,214,66,302,39,111,139,13
"2011","Walsall 010D","E01010354","Total",650,64,122,388,76,360,19,25,251,65,290,45,97,137,11
"2011","Walsall 011A","E01010395","Total",782,73,171,454,84,403,19,36,278,70,379,54,135,176,14
"2011","Walsall 011B","E01010397","Total",578,57,129,334,58,306,17,31,213,45,272,40,98,121,13
"2011","Walsall 011C","E01010398","Total",917,74,181,569,93,475,23,29,346,77,442,51,152,223,16
"2011","Walsall 011D","E01010399","Total",858,76,182,523,77,443,26,42,314,61,415,50,140,209,16
"2011","Walsall 012A","E01010282","Total",488,41,103,301,43,263,13,31,181,38,225,28,72,120,5
"2011","Walsall 012B","E01010287","Total",588,58,122,344,64,315,15,25,222,53,273,43,97,122,11
"2011","Walsall 012C","E01010288","Total",600,47,126,376,51,334,6,34,251,43,266,41,92,125,8
"2011","Walsall 012D","E01010289","Total",535,59,121,311,44,284,13,37,197,37,251,46,84,114,7
"2011","Walsall 013B","E01010277","Total",599,57,126,360,56,317,9,36,224,48,282,48,90,136,8
"2011","Walsall 013D","E01010283","Total",697,56,153,413,75,361,14,40,248,59,336,42,113,165,16
"2011","Walsall 013E","E01032889","Total",606,62,136,354,54,315,9,31,230,45,291,53,105,124,9
"2011","Walsall 014A","E01010393","Total",697,72,148,403,74,377,22,36,256,63,320,50,112,147,11
"2011","Walsall 014B","E01010394","Total",732,66,155,441,70,406,21,44,283,58,326,45,111,158,12
"2011","Walsall 014C","E01010396","Total",711,56,139,447,69,371,12,24,280,55,340,44,115,167,14
"2011","Walsall 014D","E01010400","Total",753,51,146,502,54,397,14,36,303,44,356,37,110,199,10
"2011","Walsall 015A","E01010241","Total",1042,72,200,618,152,552,24,43,371,114,490,48,157,247,38
"2011","Walsall 015B","E01010242","Total",656,60,130,405,61,357,15,26,263,53,299,45,104,142,8
"2011","Walsall 015C","E01010243","Total",633,66,143,351,73,326,18,30,221,57,307,48,113,130,16
"2011","Walsall 015D","E01010244","Total",561,52,124,328,57,282,11,19,211,41,279,41,105,117,16
"2011","Walsall 016A","E01010320","Total",620,50,137,357,76,322,14,32,215,61,298,36,105,142,15
"2011","Walsall 016B","E01010322","Total",732,51,159,450,72,387,8,34,292,53,345,43,125,158,19
"2011","Walsall 016C","E01010323","Total",645,50,137,394,64,337,9,36,243,49,308,41,101,151,15
"2011","Walsall 016D","E01010324","Total",734,60,120,458,96,381,18,24,265,74,353,42,96,193,22
"2011","Walsall 017A","E01010271","Total",703,68,166,400,69,380,17,45,262,56,323,51,121,138,13
"2011","Walsall 017B","E01010272","Total",530,51,103,327,49,294,21,25,208,40,236,30,78,119,9
"2011","Walsall 017C","E01010273","Total",532,46,131,312,43,284,10,29,212,33,248,36,102,100,10
"2011","Walsall 017D","E01010295","Total",548,49,133,319,47,284,11,22,207,44,264,38,111,112,3
"2011","Walsall 018B","E01010279","Total",603,57,114,368,64,313,9,39,209,56,290,48,75,159,8
"2011","Walsall 018D","E01010374","Total",582,50,138,347,47,341,18,69,215,39,241,32,69,132,8
"2011","Walsall 018E","E01010375","Total",746,53,162,451,80,434,17,79,273,65,312,36,83,178,15
"2011","Walsall 018F","E01032888","Total",830,72,182,514,62,447,15,51,328,53,383,57,131,186,9
"2011","Walsall 019A","E01010378","Total",644,54,145,392,53,337,16,31,248,42,307,38,114,144,11
"2011","Walsall 019B","E01010379","Total",613,63,107,386,57,329,16,21,244,48,284,47,86,142,9
"2011","Walsall 019C","E01010382","Total",669,53,132,422,62,352,10,36,256,50,317,43,96,166,12
"2011","Walsall 019D","E01010383","Total",578,35,122,371,50,309,11,27,229,42,269,24,95,142,8
"2011","Walsall 020A","E01010376","Total",763,69,129,488,77,396,18,16,298,64,367,51,113,190,13
"2011","Walsall 020B","E01010377","Total",694,47,142,431,74,386,8,32,281,65,308,39,110,150,9
"2011","Walsall 020C","E01010380","Total",686,63,120,432,71,362,12,33,262,55,324,51,87,170,16
"2011","Walsall 020D","E01010381","Total",645,40,127,402,76,352,11,34,248,59,293,29,93,154,17
"2011","Walsall 021A","E01010267","Total",831,50,145,550,86,441,10,36,325,70,390,40,109,225,16
"2011","Walsall 021B","E01010268","Total",553,38,130,347,38,344,16,71,229,28,209,22,59,118,10
"2011","Walsall 021C","E01010274","Total",546,55,122,330,39,287,12,25,215,35,259,43,97,115,4
"2011","Walsall 021D","E01010275","Total",538,46,119,327,46,281,12,29,201,39,257,34,90,126,7
"2011","Walsall 022A","E01010245","Total",702,74,170,376,82,370,17,48,243,62,332,57,122,133,20
"2011","Walsall 022B","E01010246","Total",759,59,169,458,73,406,16,40,295,55,353,43,129,163,18
"2011","Walsall 022C","E01010247","Total",698,70,131,425,72,372,18,27,270,57,326,52,104,155,15
"2011","Walsall 022D","E01010248","Total",777,74,148,437,118,407,20,33,264,90,370,54,115,173,28
"2011","Walsall 022E","E01010388","Total",757,78,146,408,125,402,26,35,241,100,355,52,111,167,25
"2011","Walsall 023A","E01010258","Total",589,50,123,365,51,297,8,36,214,39,292,42,87,151,12
"2011","Walsall 023B","E01010259","Total",727,55,171,446,55,372,17,39,272,44,355,38,132,174,11
"2011","Walsall 023C","E01010260","Total",652,60,140,389,63,339,18,30,236,55,313,42,110,153,8
"2011","Walsall 023D","E01010266","Total",537,38,121,334,44,284,9,30,207,38,253,29,91,127,6
"2011","Walsall 024A","E01010317","Total",721,74,125,419,103,388,29,36,257,66,333,45,89,162,37
"2011","Walsall 024B","E01010318","Total",619,45,127,383,64,323,10,38,225,50,296,35,89,158,14
"2011","Walsall 024C","E01010325","Total",796,86,161,442,107,426,29,62,260,75,370,57,99,182,32
"2011","Walsall 024D","E01010369","Total",747,75,133,475,64,442,30,58,313,41,305,45,75,162,23
"2011","Walsall 025A","E01010401","Total",553,63,110,345,35,300,17,33,219,31,253,46,77,126,4
"2011","Walsall 025B","E01010403","Total",739,52,149,455,83,375,18,29,264,64,364,34,120,191,19
"2011","Walsall 025C","E01010404","Total",770,64,157,474,75,406,18,46,278,64,364,46,111,196,11
"2011","Walsall 025D","E01010407","Total",707,54,148,441,64,362,17,41,254,50,345,37,107,187,14
"2011","Walsall 025E","E01010408","Total",668,45,121,440,62,378,10,31,283,54,290,35,90,157,8
"2011","Walsall 026A","E01010269","Total",457,32,127,268,30,293,9,79,179,26,164,23,48,89,4
"2011","Walsall 026B","E01010270","Total",737,55,153,470,59,411,16,55,292,48,326,39,98,178,11
"2011","Walsall 026C","E01010362","Total",588,54,146,360,28,311,15,52,222,22,277,39,94,138,6
"2011","Walsall 026D","E01010363","Total",735,59,157,454,65,426,19,63,291,53,309,40,94,163,12
"2011","Walsall 027A","E01010402","Total",821,52,162,520,87,438,14,35,318,71,383,38,127,202,16
"2011","Walsall 027B","E01010405","Total",773,74,132,481,86,419,20,31,299,69,354,54,101,182,17
"2011","Walsall 027C","E01010406","Total",1126,69,200,745,112,607,21,62,430,94,519,48,138,315,18
"2011","Walsall 027D","E01010409","Total",696,52,142,435,67,363,14,30,263,56,333,38,112,172,11
"2011","Walsall 028A","E01010385","Total",767,81,128,438,120,422,29,30,266,97,345,52,98,172,23
"2011","Walsall 028B","E01010386","Total",722,64,149,418,91,377,24,34,247,72,345,40,115,171,19
"2011","Walsall 028C","E01010387","Total",757,85,136,451,85,402,28,32,278,64,355,57,104,173,21
"2011","Walsall 028D","E01010392","Total",754,72,145,417,120,392,17,45,237,93,362,55,100,180,27
"2011","Walsall 029A","E01010326","Total",767,85,161,406,115,419,20,60,247,92,348,65,101,159,23
"2011","Walsall 029B","E01010327","Total",665,68,162,375,60,358,25,71,216,46,307,43,91,159,14
"2011","Walsall 029C","E01010328","Total",671,51,143,380,97,366,18,41,226,81,305,33,102,154,16
"2011","Walsall 029D","E01010330","Total",611,61,129,350,71,352,22,59,212,59,259,39,70,138,12
"2011","Walsall 030A","E01010368","Total",738,65,150,438,85,446,34,77,269,66,292,31,73,169,19
"2011","Walsall 030B","E01010370","Total",722,50,168,433,71,422,18,86,267,51,300,32,82,166,20
"2011","Walsall 030C","E01010371","Total",676,68,188,366,54,447,40,120,250,37,229,28,68,116,17
"2011","Walsall 030D","E01010372","Total",566,53,133,327,53,324,25,56,202,41,242,28,77,125,12
"2011","Walsall 030E","E01010373","Total",790,157,145,374,114,392,49,56,201,86,398,108,89,173,28
"2011","Walsall 031A","E01010361","Total",711,43,151,445,72,398,13,57,272,56,313,30,94,173,16
"2011","Walsall 031B","E01010364","Total",490,55,129,274,32,288,20,69,178,21,202,35,60,96,11
"2011","Walsall 031C","E01010365","Total",474,37,150,250,37,278,15,66,167,30,196,22,84,83,7
"2011","Walsall 031D","E01010366","Total",568,51,158,313,46,307,16,56,199,36,261,35,102,114,10
"2011","Walsall 031E","E01010367","Total",545,51,146,306,42,310,15,55,201,39,235,36,91,105,3
"2011","Walsall 032A","E01010384","Total",766,74,162,450,80,394,21,30,281,62,372,53,132,169,18
"2011","Walsall 032B","E01010389","Total",678,71,136,345,126,358,20,34,210,94,320,51,102,135,32
"2011","Walsall 032C","E01010390","Total",893,69,161,551,112,461,22,28,319,92,432,47,133,232,20
"2011","Walsall 032D","E01010391","Total",1031,82,198,617,134,526,19,41,358,108,505,63,157,259,26
"2011","Walsall 033A","E01010261","Total",640,46,147,398,49,323,11,30,240,42,317,35,117,158,7
"2011","Walsall 033B","E01010263","Total",553,45,139,321,48,369,11,86,229,43,184,34,53,92,5
"2011","Walsall 033C","E01010264","Total",625,49,157,364,55,344,14,53,230,47,281,35,104,134,8
"2011","Walsall 033D","E01010265","Total",665,62,176,378,49,376,15,78,239,44,289,47,98,139,5
"2011","Walsall 034A","E01010336","Total",601,58,142,357,44,355,23,66,231,35,246,35,76,126,9
"2011","Walsall 034B","E01010340","Total",484,62,155,236,31,327,33,106,162,26,157,29,49,74,5
"2011","Walsall 034C","E01010341","Total",451,54,152,215,30,303,28,95,158,22,148,26,57,57,8
"2011","Walsall 034D","E01010342","Total",496,75,155,238,28,298,40,92,145,21,198,35,63,93,7
"2011","Walsall 034E","E01010343","Total",482,53,151,247,31,314,27,97,170,20,168,26,54,77,11
"2011","Walsall 034F","E01010344","Total",496,65,126,267,38,305,25,83,163,34,191,40,43,104,4
"2011","Walsall 035A","E01010331","Total",720,53,141,430,96,392,20,43,260,69,328,33,98,170,27
"2011","Walsall 035B","E01010332","Total",848,74,164,481,129,468,27,53,292,96,380,47,111,189,33
"2011","Walsall 035C","E01010333","Total",728,62,137,437,92,390,15,39,266,70,338,47,98,171,22
"2011","Walsall 035D","E01010334","Total",720,64,159,384,113,391,22,54,232,83,329,42,105,152,30
"2011","Walsall 036A","E01010262","Total",721,70,149,429,73,379,12,31,273,63,342,58,118,156,10
"2011","Walsall 036B","E01010309","Total",786,56,181,483,66,409,14,45,297,53,377,42,136,186,13
"2011","Walsall 036C","E01010311","Total",634,60,135,378,61,375,28,44,256,47,259,32,91,122,14
"2011","Walsall 036D","E01010316","Total",610,51,142,367,50,323,7,41,234,41,287,44,101,133,9
"2011","Walsall 037A","E01010335","Total",621,63,162,355,41,319,12,54,220,33,302,51,108,135,8
"2011","Walsall 037B","E01010337","Total",624,68,142,365,49,343,23,52,233,35,281,45,90,132,14
"2011","Walsall 037C","E01010338","Total",672,78,186,347,61,401,36,90,226,49,271,42,96,121,12
"2011","Walsall 037D","E01010339","Total",674,54,129,417,74,366,15,39,251,61,308,39,90,166,13
"2011","Walsall 038A","E01010310","Total",656,58,122,417,59,354,10,29,273,42,302,48,93,144,17
"2011","Walsall 038B","E01010312","Total",702,55,142,435,70,382,19,38,273,52,320,36,104,162,18
"2011","Walsall 038C","E01010313","Total",577,50,136,355,36,315,19,33,233,30,262,31,103,122,6
"2011","Walsall 038D","E01010314","Total",566,48,125,350,43,304,16,32,225,31,262,32,93,125,12
"2011","Walsall 038E","E01010315","Total",537,41,99,347,50,284,10,23,211,40,253,31,76,136,10
"2011","Walsall 039A","E01010329","Total",727,54,156,430,87,373,23,40,255,55,354,31,116,175,32
"2011","Walsall 039B","E01010355","Total",628,47,133,377,71,322,11,20,236,55,306,36,113,141,16
"2011","Walsall 039C","E01010356","Total",733,49,152,436,96,396,8,30,281,77,337,41,122,155,19
"2011","Walsall 039D","E01010357","Total",980,60,170,627,123,508,17,48,347,96,472,43,122,280,27
"2011","Walsall 039E","E01010358","Total",744,66,160,466,52,374,14,37,282,41,370,52,123,184,11
"2011","Walsall 039F","E01010359","Total",769,64,150,496,59,376,17,17,296,46,393,47,133,200,13
"2011","Walsall 039G","E01010360","Total",711,69,135,442,65,388,22,25,288,53,323,47,110,154,12
"2011","Wolverhampton 001A","E01010434","Total",764,65,135,497,67,386,16,24,291,55,378,49,111,206,12
"2011","Wolverhampton 001B","E01010436","Total",766,68,168,460,70,394,26,32,279,57,372,42,136,181,13
"2011","Wolverhampton 001C","E01010437","Total",756,67,140,498,51,389,20,26,300,43,367,47,114,198,8
"2011","Wolverhampton 001D","E01010438","Total",633,66,129,379,59,334,24,37,224,49,299,42,92,155,10
"2011","Wolverhampton 001E","E01010439","Total",519,48,125,312,34,253,11,22,193,27,266,37,103,119,7
"2011","Wolverhampton 001F","E01010440","Total",559,56,120,348,35,270,15,23,204,28,289,41,97,144,7
"2011","Wolverhampton 001G","E01010441","Total",527,43,125,325,34,263,10,26,198,29,264,33,99,127,5
"2011","Wolverhampton 002A","E01010495","Total",705,60,150,437,58,376,15,33,278,50,329,45,117,159,8
"2011","Wolverhampton 002B","E01010497","Total",674,58,118,404,94,358,14,27,245,72,316,44,91,159,22
"2011","Wolverhampton 002C","E01010499","Total",647,50,142,390,65,349,20,31,245,53,298,30,111,145,12
"2011","Wolverhampton 002D","E01010500","Total",501,54,125,288,34,246,12,21,184,29,255,42,104,104,5
"2011","Wolverhampton 003A","E01010496","Total",639,43,138,405,53,311,15,29,227,40,328,28,109,178,13
"2011","Wolverhampton 003B","E01010498","Total",886,72,151,586,77,450,25,38,333,54,436,47,113,253,23
"2011","Wolverhampton 003C","E01010541","Total",558,41,136,348,33,294,13,47,209,25,264,28,89,139,8
"2011","Wolverhampton 003D","E01010543","Total",535,47,127,319,42,270,22,27,186,35,265,25,100,133,7
"2011","Wolverhampton 004A","E01010456","Total",388,42,115,206,25,196,15,33,125,23,192,27,82,81,2
"2011","Wolverhampton 004B","E01010457","Total",721,59,127,455,80,395,13,22,297,63,326,46,105,158,17
"2011","Wolverhampton 004C","E01010462","Total",598,53,140,357,48,304,15,28,218,43,294,38,112,139,5
"2011","Wolverhampton 004D","E01010481","Total",504,55,121,290,38,266,17,32,184,33,238,38,89,106,5
"2011","Wolverhampton 005A","E01010555","Total",558,53,142,314,49,293,12,34,208,39,265,41,108,106,10
"2011","Wolverhampton 005B","E01010556","Total",685,52,154,416,63,355,13,33,262,47,330,39,121,154,16
"2011","Wolverhampton 005C","E01010557","Total",651,63,138,403,47,348,20,26,259,43,303,43,112,144,4
"2011","Wolverhampton 005D","E01010559","Total",541,40,100,356,45,283,11,23,211,38,258,29,77,145,7
"2011","Wolverhampton 005E","E01010560","Total",647,65,144,383,55,348,16,26,256,50,299,49,118,127,5
"2011","Wolverhampton 006A","E01010435","Total",517,51,109,316,41,274,17,39,186,32,243,34,70,130,9
"2011","Wolverhampton 006B","E01010501","Total",607,42,128,358,79,315,17,26,216,56,292,25,102,142,23
"2011","Wolverhampton 006C","E01010502","Total",656,64,118,418,56,336,23,31,244,38,320,41,87,174,18
"2011","Wolverhampton 006D","E01010503","Total",632,59,130,380,63,322,17,40,219,46,310,42,90,161,17
"2011","Wolverhampton 007A","E01010482","Total",435,40,111,248,36,217,10,14,163,30,218,30,97,85,6
"2011","Wolverhampton 007B","E01010483","Total",425,43,128,230,24,206,12,24,151,19,219,31,104,79,5
"2011","Wolverhampton 007C","E01010484","Total",475,53,128,255,39,232,12,29,161,30,243,41,99,94,9
"2011","Wolverhampton 007D","E01010485","Total",560,47,119,351,43,289,19,34,202,34,271,28,85,149,9
"2011","Wolverhampton 008A","E01010458","Total",789,88,150,488,63,403,19,27,304,53,386,69,123,184,10
"2011","Wolverhampton 008B","E01010459","Total",795,65,165,491,74,414,20,32,308,54,381,45,133,183,20
"2011","Wolverhampton 008C","E01010460","Total",790,62,175,499,54,404,16,30,310,48,386,46,145,189,6
"2011","Wolverhampton 008D","E01010461","Total",776,67,159,479,71,396,11,33,293,59,380,56,126,186,12
"2011","Wolverhampton 008E","E01010566","Total",725,51,166,445,63,386,12,37,282,55,339,39,129,163,8
"2011","Wolverhampton 009A","E01010539","Total",800,66,159,467,108,405,23,35,267,80,395,43,124,200,28
"2011","Wolverhampton 009B","E01010540","Total",645,71,110,358,106,353,26,26,225,76,292,45,84,133,30
"2011","Wolverhampton 009C","E01010542","Total",745,59,152,462,72,379,19,34,267,59,366,40,118,195,13
"2011","Wolverhampton 009D","E01010544","Total",674,46,136,403,89,364,9,43,242,70,310,37,93,161,19
"2011","Wolverhampton 009E","E01010545","Total",814,64,170,507,73,425,21,47,299,58,389,43,123,208,15
"2011","Wolverhampton 010A","E01010554","Total",634,54,131,390,59,336,15,22,254,45,298,39,109,136,14
"2011","Wolverhampton 010B","E01010558","Total",737,62,146,468,61,405,22,31,299,53,332,40,115,169,8
"2011","Wolverhampton 010C","E01010562","Total",636,47,124,410,55,339,14,37,245,43,297,33,87,165,12
"2011","Wolverhampton 010D","E01010563","Total",618,70,123,385,40,318,19,26,244,29,300,51,97,141,11
"2011","Wolverhampton 010E","E01010567","Total",625,53,132,374,66,332,15,19,243,55,293,38,113,131,11
"2011","Wolverhampton 011A","E01010478","Total",490,40,123,279,48,275,10,51,176,38,215,30,72,103,10
"2011","Wolverhampton 011B","E01010479","Total",641,57,153,383,48,312,21,34,220,37,329,36,119,163,11
"2011","Wolverhampton 011C","E01010480","Total",555,40,108,350,57,302,12,33,214,43,253,28,75,136,14
"2011","Wolverhampton 011D","E01010486","Total",499,57,137,275,30,249,16,28,180,25,250,41,109,95,5
"2011","Wolverhampton 012A","E01010474","Total",659,66,156,394,43,332,11,39,247,35,327,55,117,147,8
"2011","Wolverhampton 012B","E01010561","Total",771,75,166,461,69,400,13,46,290,51,371,62,120,171,18
"2011","Wolverhampton 012C","E01010564","Total",899,60,165,575,99,488,17,51,345,75,411,43,114,230,24
"2011","Wolverhampton 012D","E01010565","Total",925,68,177,590,90,497,18,46,357,76,428,50,131,233,14
"2011","Wolverhampton 013A","E01010522","Total",634,60,137,385,52,342,18,59,230,35,292,42,78,155,17
"2011","Wolverhampton 013B","E01010523","Total",746,60,139,481,66,413,23,57,295,38,333,37,82,186,28
"2011","Wolverhampton 013C","E01010524","Total",519,50,120,305,44,277,17,43,183,34,242,33,77,122,10
"2011","Wolverhampton 013D","E01010525","Total",555,51,133,324,47,280,21,42,184,33,275,30,91,140,14
"2011","Wolverhampton 014A","E01010546","Total",666,64,114,355,133,359,18,32,205,104,307,46,82,150,29
"2011","Wolverhampton 014B","E01010547","Total",671,60,94,414,103,361,23,27,244,67,310,37,67,170,36
"2011","Wolverhampton 014C","E01010548","Total",550,49,112,310,79,290,18,28,183,61,260,31,84,127,18
"2011","Wolverhampton 014D","E01010549","Total",696,61,154,392,89,362,20,49,228,65,334,41,105,164,24
"2011","Wolverhampton 014E","E01010553","Total",690,71,133,382,104,361,24,26,226,85,329,47,107,156,19
"2011","Wolverhampton 015A","E01010471","Total",636,49,169,370,48,385,26,66,258,35,251,23,103,112,13
"2011","Wolverhampton 015B","E01010472","Total",762,64,174,455,69,391,13,60,261,57,371,51,114,194,12
"2011","Wolverhampton 015C","E01010473","Total",725,101,162,416,46,468,65,87,284,32,257,36,75,132,14
"2011","Wolverhampton 015D","E01010475","Total",780,66,154,471,89,430,24,35,294,77,350,42,119,177,12
"2011","Wolverhampton 015E","E01010476","Total",813,60,143,534,76,451,12,51,326,62,362,48,92,208,14
"2011","Wolverhampton 015F","E01010477","Total",713,63,155,426,69,356,15,50,241,50,357,48,105,185,19
"2011","Wolverhampton 016A","E01010526","Total",539,83,137,291,28,335,46,78,187,24,204,37,59,104,4
"2011","Wolverhampton 016B","E01010527","Total",667,79,191,343,54,414,46,92,228,48,253,33,99,115,6
"2011","Wolverhampton 016C","E01010528","Total",530,178,106,214,32,325,94,61,144,26,205,84,45,70,6
"2011","Wolverhampton 016D","E01010529","Total",575,112,139,282,42,357,63,80,182,32,218,49,59,100,10
"2011","Wolverhampton 017A","E01010506","Total",904,85,120,587,112,531,38,43,361,89,373,47,77,226,23
"2011","Wolverhampton 017B","E01010508","Total",679,66,124,431,58,421,30,72,281,38,258,36,52,150,20
"2011","Wolverhampton 017C","E01010510","Total",844,52,165,543,84,458,22,57,316,63,386,30,108,227,21
"2011","Wolverhampton 017D","E01010511","Total",656,75,144,386,51,363,32,73,223,35,293,43,71,163,16
"2011","Wolverhampton 017E","E01010512","Total",663,58,116,423,66,374,28,41,253,52,289,30,75,170,14
"2011","Wolverhampton 018A","E01010442","Total",505,35,124,301,45,251,11,32,175,33,254,24,92,126,12
"2011","Wolverhampton 018B","E01010443","Total",539,54,130,327,28,277,11,39,202,25,262,43,91,125,3
"2011","Wolverhampton 018C","E01010444","Total",560,39,112,358,51,302,10,32,218,42,258,29,80,140,9
"2011","Wolverhampton 018D","E01010445","Total",452,52,109,260,31,235,11,32,165,27,217,41,77,95,4
"2011","Wolverhampton 018E","E01010447","Total",779,58,180,478,63,441,18,66,306,51,338,40,114,172,12
"2011","Wolverhampton 018F","E01010448","Total",643,46,147,395,55,338,17,38,237,46,305,29,109,158,9
"2011","Wolverhampton 019A","E01010509","Total",646,64,108,423,51,326,25,20,243,38,320,39,88,180,13
"2011","Wolverhampton 019B","E01010550","Total",773,98,154,380,141,423,29,34,250,110,350,69,120,130,31
"2011","Wolverhampton 019C","E01010551","Total",786,68,139,465,114,429,25,39,275,90,357,43,100,190,24
"2011","Wolverhampton 019D","E01010552","Total",821,77,170,465,109,409,19,37,271,82,412,58,133,194,27
"2011","Wolverhampton 020A","E01010463","Total",679,51,112,435,81,380,20,38,264,58,299,31,74,171,23
"2011","Wolverhampton 020B","E01010464","Total",484,46,105,294,39,267,16,38,185,28,217,30,67,109,11
"2011","Wolverhampton 020C","E01010465","Total",656,43,158,405,50,325,8,50,228,39,331,35,108,177,11
"2011","Wolverhampton 020D","E01010466","Total",544,47,124,317,56,294,18,54,178,44,250,29,70,139,12
"2011","Wolverhampton 020E","E01010470","Total",541,39,106,351,45,307,16,43,215,33,234,23,63,136,12
"2011","Wolverhampton 020F","E01010521","Total",1062,191,215,580,76,606,80,111,361,54,456,111,104,219,22
"2011","Wolverhampton 021A","E01010487","Total",759,66,136,460,97,392,25,29,270,68,367,41,107,190,29
"2011","Wolverhampton 021B","E01010488","Total",634,65,135,376,58,326,15,34,228,49,308,50,101,148,9
"2011","Wolverhampton 021C","E01010493","Total",728,75,135,406,112,376,18,34,234,90,352,57,101,172,22
"2011","Wolverhampton 021D","E01010504","Total",574,79,88,301,106,318,33,35,177,73,256,46,53,124,33
"2011","Wolverhampton 021E","E01010505","Total",660,61,105,404,90,326,19,30,213,64,334,42,75,191,26
"2011","Wolverhampton 021F","E01010507","Total",639,55,123,374,87,360,20,36,236,68,279,35,87,138,19
"2011","Wolverhampton 022A","E01010418","Total",797,74,131,537,55,404,18,22,325,39,393,56,109,212,16
"2011","Wolverhampton 022B","E01010421","Total",495,37,131,297,30,236,5,30,175,26,259,32,101,122,4
"2011","Wolverhampton 022C","E01010423","Total",548,55,125,327,41,280,14,26,203,37,268,41,99,124,4
"2011","Wolverhampton 022D","E01010424","Total",750,53,125,499,73,402,12,31,305,54,348,41,94,194,19
"2011","Wolverhampton 023A","E01010417","Total",589,52,131,358,48,304,12,31,228,33,285,40,100,130,15
"2011","Wolverhampton 023B","E01010419","Total",575,52,125,350,48,310,10,41,219,40,265,42,84,131,8
"2011","Wolverhampton 023C","E01010420","Total",511,46,112,319,34,271,11,32,201,27,240,35,80,118,7
"2011","Wolverhampton 023D","E01010425","Total",572,56,122,354,40,300,14,38,216,32,272,42,84,138,8
"2011","Wolverhampton 023E","E01010446","Total",674,39,142,417,76,370,12,37,261,60,304,27,105,156,16
"2011","Wolverhampton 026A","E01010467","Total",691,68,135,423,65,368,24,39,258,47,323,44,96,165,18
"2011","Wolverhampton 026B","E01010468","Total",720,64,142,446,68,363,20,40,258,45,357,44,102,188,23
"2011","Wolverhampton 026C","E01010469","Total",751,82,130,469,70,373,32,24,270,47,378,50,106,199,23
"2011","Wolverhampton 026D","E01010516","Total",720,61,137,446,76,376,16,30,273,57,344,45,107,173,19
"2011","Wolverhampton 026E","E01010518","Total",749,77,135,453,84,405,24,48,271,62,344,53,87,182,22
"2011","Wolverhampton 027A","E01010414","Total",699,60,145,432,62,365,13,42,257,53,334,47,103,175,9
"2011","Wolverhampton 027B","E01010415","Total",602,49,132,364,57,308,20,34,208,46,294,29,98,156,11
"2011","Wolverhampton 027C","E01010416","Total",547,29,135,326,57,287,9,48,186,44,260,20,87,140,13
"2011","Wolverhampton 027D","E01010422","Total",705,71,147,410,77,379,19,43,258,59,326,52,104,152,18
"2011","Wolverhampton 028A","E01010489","Total",630,74,145,361,50,327,22,38,225,42,303,52,107,136,8
"2011","Wolverhampton 028B","E01010490","Total",687,45,177,421,44,373,12,51,271,39,314,33,126,150,5
"2011","Wolverhampton 028C","E01010491","Total",628,55,141,375,57,295,12,27,218,38,333,43,114,157,19
"2011","Wolverhampton 028D","E01010492","Total",740,66,137,461,76,388,20,29,281,58,352,46,108,180,18
"2011","Wolverhampton 028E","E01010494","Total",769,69,144,451,105,404,29,33,262,80,365,40,111,189,25
"2011","Wolverhampton 029A","E01010449","Total",939,70,181,602,86,480,13,62,343,62,459,57,119,259,24
"2011","Wolverhampton 029B","E01010450","Total",586,53,114,375,44,319,16,41,230,32,267,37,73,145,12
"2011","Wolverhampton 029C","E01010451","Total",765,59,124,504,78,422,22,38,296,66,343,37,86,208,12
"2011","Wolverhampton 029D","E01010452","Total",607,59,121,364,63,335,17,45,220,53,272,42,76,144,10
"2011","Wolverhampton 029E","E01010455","Total",590,64,130,340,56,296,20,47,182,47,294,44,83,158,9
"2011","Wolverhampton 030A","E01010427","Total",686,62,125,429,70,385,24,52,249,60,301,38,73,180,10
"2011","Wolverhampton 030B","E01010431","Total",756,74,164,451,67,406,28,69,258,51,350,46,95,193,16
"2011","Wolverhampton 030C","E01010432","Total",740,80,127,452,81,393,30,49,252,62,347,50,78,200,19
"2011","Wolverhampton 030D","E01010519","Total",768,68,117,496,87,434,40,42,286,66,334,28,75,210,21
"2011","Wolverhampton 030E","E01010520","Total",782,64,124,515,79,409,21,36,299,53,373,43,88,216,26
"2011","Wolverhampton 031A","E01010513","Total",626,61,123,356,86,325,22,29,208,66,301,39,94,148,20
"2011","Wolverhampton 031B","E01010514","Total",889,58,172,574,85,465,24,44,333,64,424,34,128,241,21
"2011","Wolverhampton 031C","E01010515","Total",839,63,147,542,87,435,14,36,321,64,404,49,111,221,23
"2011","Wolverhampton 031D","E01010517","Total",743,64,142,469,68,378,20,39,264,55,365,44,103,205,13
"2011","Wolverhampton 032A","E01010533","Total",675,66,128,425,56,368,24,37,260,47,307,42,91,165,9
"2011","Wolverhampton 032B","E01010535","Total",557,43,123,350,41,275,9,27,205,34,282,34,96,145,7
"2011","Wolverhampton 032C","E01010536","Total",727,65,161,439,62,388,14,40,279,55,339,51,121,160,7
"2011","Wolverhampton 032D","E01010537","Total",671,55,122,426,68,360,14,29,265,52,311,41,93,161,16
"2011","Wolverhampton 033A","E01010410","Total",581,45,128,358,50,319,9,29,240,41,262,36,99,118,9
"2011","Wolverhampton 033B","E01010411","Total",667,54,144,407,62,375,13,29,279,54,292,41,115,128,8
"2011","Wolverhampton 033C","E01010412","Total",904,60,200,560,84,482,13,56,344,69,422,47,144,216,15
"2011","Wolverhampton 033D","E01010413","Total",575,48,130,348,49,308,12,32,222,42,267,36,98,126,7
"2011","Wolverhampton 034A","E01010531","Total",690,62,151,407,70,344,20,25,242,57,346,42,126,165,13
"2011","Wolverhampton 034B","E01010532","Total",650,49,134,404,63,350,13,30,252,55,300,36,104,152,8
"2011","Wolverhampton 034C","E01010534","Total",780,54,159,495,72,420,18,48,301,53,360,36,111,194,19
"2011","Wolverhampton 034D","E01010538","Total",710,75,147,432,56,365,19,39,264,43,345,56,108,168,13
"2011","Wolverhampton 035A","E01010426","Total",655,55,129,408,63,358,28,52,227,51,297,27,77,181,12
"2011","Wolverhampton 035B","E01010428","Total",561,51,125,330,55,329,20,50,218,41,232,31,75,112,14
"2011","Wolverhampton 035C","E01010429","Total",480,55,93,290,42,267,19,43,176,29,213,36,50,114,13
"2011","Wolverhampton 035D","E01010430","Total",657,78,130,392,57,361,35,47,233,46,296,43,83,159,11
"2011","Wolverhampton 035E","E01010433","Total",380,40,99,214,27,223,17,47,138,21,157,23,52,76,6
"2011","Wolverhampton 035F","E01010453","Total",659,45,158,401,55,325,13,40,228,44,334,32,118,173,11
"2011","Wolverhampton 035G","E01010454","Total",547,71,108,321,47,303,29,35,204,35,244,42,73,117,12
"2011","Wolverhampton 035H","E01010530","Total",505,50,97,316,42,288,29,39,192,28,217,21,58,124,14
"2011","Bromsgrove 001A","E01032138","Total",642,91,112,312,127,344,27,22,196,99,298,64,90,116,28
"2011","Bromsgrove 001B","E01032139","Total",787,87,156,411,133,399,25,24,246,104,388,62,132,165,29
"2011","Bromsgrove 001C","E01032140","Total",754,94,155,390,115,370,25,29,227,89,384,69,126,163,26
"2011","Bromsgrove 001D","E01032141","Total",708,82,123,343,160,377,24,27,202,124,331,58,96,141,36
"2011","Bromsgrove 002A","E01032136","Total",655,70,122,314,149,350,18,29,191,112,305,52,93,123,37
"2011","Bromsgrove 002B","E01032137","Total",741,70,137,406,128,410,26,30,246,108,331,44,107,160,20
"2011","Bromsgrove 002C","E01032168","Total",507,60,107,271,69,269,25,26,167,51,238,35,81,104,18
"2011","Bromsgrove 002D","E01032169","Total",576,69,100,289,118,310,20,25,170,95,266,49,75,119,23
"2011","Bromsgrove 002E","E01032176","Total",1175,155,226,580,214,607,44,51,351,161,568,111,175,229,53
"2011","Bromsgrove 003A","E01032126","Total",960,102,220,537,101,488,37,52,313,86,472,65,168,224,15
"2011","Bromsgrove 003B","E01032170","Total",784,71,155,480,78,383,17,26,285,55,401,54,129,195,23
"2011","Bromsgrove 003C","E01032171","Total",672,55,140,414,63,357,20,28,256,53,315,35,112,158,10
"2011","Bromsgrove 003D","E01032172","Total",734,62,155,440,77,379,21,39,256,63,355,41,116,184,14
"2011","Bromsgrove 004A","E01032133","Total",733,75,163,412,83,385,27,35,257,66,348,48,128,155,17
"2011","Bromsgrove 004B","E01032135","Total",885,96,172,497,120,438,24,29,291,94,447,72,143,206,26
"2011","Bromsgrove 004C","E01032145","Total",733,79,138,434,82,388,29,26,265,68,345,50,112,169,14
"2011","Bromsgrove 004D","E01032147","Total",508,51,109,288,60,270,14,23,183,50,238,37,86,105,10
"2011","Bromsgrove 005A","E01032134","Total",800,83,170,415,132,425,26,38,260,101,375,57,132,155,31
"2011","Bromsgrove 005B","E01032146","Total",822,86,168,462,106,405,21,31,273,80,417,65,137,189,26
"2011","Bromsgrove 005C","E01032177","Total",593,61,107,343,82,312,19,27,207,59,281,42,80,136,23
"2011","Bromsgrove 005D","E01032178","Total",607,78,131,306,92,315,16,31,191,77,292,62,100,115,15
"2011","Bromsgrove 006A","E01032142","Total",810,66,173,463,108,409,23,36,272,78,401,43,137,191,30
"2011","Bromsgrove 006B","E01032143","Total",705,78,129,357,141,380,26,32,210,112,325,52,97,147,29
"2011","Bromsgrove 006C","E01032144","Total",820,88,164,377,191,439,23,40,224,152,381,65,124,153,39
"2011","Bromsgrove 006D","E01032149","Total",627,73,114,289,151,328,19,27,172,110,299,54,87,117,41
"2011","Bromsgrove 007A","E01032127","Total",859,72,181,505,101,446,22,35,306,83,413,50,146,199,18
"2011","Bromsgrove 007B","E01032128","Total",727,55,159,417,96,362,13,35,234,80,365,42,124,183,16
"2011","Bromsgrove 007C","E01032129","Total",694,67,172,375,80,338,23,30,225,60,356,44,142,150,20
"2011","Bromsgrove 007D","E01032152","Total",617,47,142,352,76,321,13,35,211,62,296,34,107,141,14
"2011","Bromsgrove 008A","E01032148","Total",569,51,115,293,110,300,17,32,174,77,269,34,83,119,33
"2011","Bromsgrove 008B","E01032150","Total",747,92,142,406,107,386,26,35,239,86,361,66,107,167,21
"2011","Bromsgrove 008C","E01032151","Total",738,69,164,401,104,374,13,41,242,78,364,56,123,159,26
"2011","Bromsgrove 008D","E01032153","Total",757,67,143,456,91,373,20,24,262,67,384,47,119,194,24
"2011","Bromsgrove 008E","E01032155","Total",931,88,191,512,140,478,19,31,326,102,453,69,160,186,38
"2011","Bromsgrove 009A","E01032122","Total",989,100,193,499,197,537,23,51,302,161,452,77,142,197,36
"2011","Bromsgrove 009B","E01032123","Total",753,80,135,370,168,402,22,36,222,122,351,58,99,148,46
"2011","Bromsgrove 009C","E01032124","Total",749,80,144,426,99,373,22,30,251,70,376,58,114,175,29
"2011","Bromsgrove 009D","E01032125","Total",731,82,142,398,109,359,22,23,234,80,372,60,119,164,29
"2011","Bromsgrove 010A","E01032154","Total",1062,78,213,616,155,546,23,42,362,119,516,55,171,254,36
"2011","Bromsgrove 010B","E01032159","Total",855,81,184,495,95,422,26,35,292,69,433,55,149,203,26
"2011","Bromsgrove 010C","E01032160","Total",888,84,168,543,93,450,31,35,325,59,438,53,133,218,34
"2011","Bromsgrove 010D","E01032161","Total",653,58,161,355,79,331,14,38,227,52,322,44,123,128,27
"2011","Bromsgrove 011A","E01032156","Total",766,62,118,456,130,395,20,25,267,83,371,42,93,189,47
"2011","Bromsgrove 011B","E01032157","Total",635,60,120,366,89,335,19,35,219,62,300,41,85,147,27
"2011","Bromsgrove 011C","E01032173","Total",923,82,207,538,96,473,25,39,334,75,450,57,168,204,21
"2011","Bromsgrove 011D","E01032175","Total",851,82,180,498,91,430,27,29,305,69,421,55,151,193,22
"2011","Bromsgrove 012A","E01032158","Total",725,75,139,421,90,360,20,42,234,64,365,55,97,187,26
"2011","Bromsgrove 012B","E01032162","Total",902,94,186,495,127,462,31,43,288,100,440,63,143,207,27
"2011","Bromsgrove 012D","E01033059","Total",919,72,148,551,148,469,12,23,321,113,450,60,125,230,35
"2011","Bromsgrove 012E","E01033061","Total",980,99,210,539,132,501,21,43,330,107,479,78,167,209,25
"2011","Bromsgrove 013A","E01032130","Total",1533,124,256,940,213,783,39,41,535,168,750,85,215,405,45
"2011","Bromsgrove 013B","E01032131","Total",731,86,163,399,83,368,25,34,247,62,363,61,129,152,21
"2011","Bromsgrove 013C","E01032132","Total",974,87,230,573,84,496,16,45,367,68,478,71,185,206,16
"2011","Bromsgrove 013D","E01032174","Total",750,70,157,418,105,377,23,21,258,75,373,47,136,160,30
"2011","Bromsgrove 014C","E01032166","Total",1054,97,177,607,173,560,22,39,365,134,494,75,138,242,39
"2011","Bromsgrove 014E","E01033060","Total",709,105,118,356,130,411,44,37,228,102,298,61,81,128,28
"2011","Bromsgrove 014F","E01033062","Total",1398,125,280,786,207,723,38,51,470,164,675,87,229,316,43
"2011","Bromsgrove 014G","E01033243","Total",744,65,143,433,103,379,20,35,250,74,365,45,108,183,29
"2011","Malvern Hills 001A","E01032193","Total",1052,124,203,529,196,576,33,51,336,156,476,91,152,193,40
"2011","Malvern Hills 001B","E01032212","Total",976,125,189,461,201,529,37,40,299,153,447,88,149,162,48
"2011","Malvern Hills 001C","E01032213","Total",765,105,143,352,165,425,31,38,224,132,340,74,105,128,33
"2011","Malvern Hills 001D","E01032214","Total",971,99,189,550,133,499,25,47,323,104,472,74,142,227,29
"2011","Malvern Hills 002A","E01032181","Total",970,92,206,460,212,526,27,54,280,165,444,65,152,180,47
"2011","Malvern Hills 002B","E01032190","Total",871,113,177,412,169,474,32,41,269,132,397,81,136,143,37
"2011","Malvern Hills 002C","E01032199","Total",818,121,166,376,155,439,43,41,231,124,379,78,125,145,31
"2011","Malvern Hills 002D","E01032223","Total",1046,124,201,467,254,555,30,49,281,195,491,94,152,186,59
"2011","Malvern Hills 003A","E01032179","Total",850,95,177,414,164,462,26,47,259,130,388,69,130,155,34
"2011","Malvern Hills 003B","E01032180","Total",886,99,149,470,168,477,32,33,284,128,409,67,116,186,40
"2011","Malvern Hills 003C","E01032182","Total",989,124,202,483,180,520,37,45,298,140,469,87,157,185,40
"2011","Malvern Hills 003D","E01032183","Total",683,91,166,315,111,353,27,37,195,94,330,64,129,120,17
"2011","Malvern Hills 004A","E01032194","Total",643,62,138,364,79,321,13,30,220,58,322,49,108,144,21
"2011","Malvern Hills 004B","E01032195","Total",758,63,160,438,97,404,22,35,280,67,354,41,125,158,30
"2011","Malvern Hills 004C","E01032196","Total",755,78,151,436,90,405,27,39,266,73,350,51,112,170,17
"2011","Malvern Hills 004D","E01032197","Total",694,67,154,397,76,366,25,46,240,55,328,42,108,157,21
"2011","Malvern Hills 005A","E01032205","Total",487,50,109,231,97,272,24,28,146,74,215,26,81,85,23
"2011","Malvern Hills 005B","E01032206","Total",530,58,100,298,74,278,13,22,186,57,252,45,78,112,17
"2011","Malvern Hills 005C","E01032207","Total",732,78,153,390,111,379,21,44,229,85,353,57,109,161,26
"2011","Malvern Hills 005D","E01032217","Total",701,91,150,340,120,337,23,36,196,82,364,68,114,144,38
"2011","Malvern Hills 006A","E01032188","Total",936,87,242,519,88,478,21,52,335,70,458,66,190,184,18
"2011","Malvern Hills 006B","E01032189","Total",949,93,192,549,115,501,32,44,340,85,448,61,148,209,30
"2011","Malvern Hills 006C","E01032220","Total",809,95,159,429,126,440,30,40,285,85,369,65,119,144,41
"2011","Malvern Hills 006D","E01032221","Total",686,104,166,314,102,370,42,48,203,77,316,62,118,111,25
"2011","Malvern Hills 006E","E01032222","Total",726,76,174,381,95,368,24,42,231,71,358,52,132,150,24
"2011","Malvern Hills 007A","E01032201","Total",619,53,148,350,68,314,17,31,207,59,305,36,117,143,9
"2011","Malvern Hills 007B","E01032202","Total",664,73,164,375,52,362,26,44,253,39,302,47,120,122,13
"2011","Malvern Hills 007C","E01032203","Total",713,87,165,396,65,376,27,44,253,52,337,60,121,143,13
"2011","Malvern Hills 007D","E01032204","Total",560,54,161,290,55,291,14,46,184,47,269,40,115,106,8
"2011","Malvern Hills 008A","E01032191","Total",1167,114,263,580,210,602,31,58,346,167,565,83,205,234,43
"2011","Malvern Hills 008B","E01032192","Total",692,69,129,382,112,359,20,32,220,87,333,49,97,162,25
"2011","Malvern Hills 008C","E01032211","Total",824,105,155,376,188,435,31,42,220,142,389,74,113,156,46
"2011","Malvern Hills 009A","E01032184","Total",599,64,115,343,77,310,17,22,210,61,289,47,93,133,16
"2011","Malvern Hills 009B","E01032185","Total",566,69,147,282,68,295,27,41,176,51,271,42,106,106,17
"2011","Malvern Hills 009C","E01032186","Total",544,55,107,305,77,298,19,37,185,57,246,36,70,120,20
"2011","Malvern Hills 009D","E01032187","Total",712,85,160,401,66,368,27,39,248,54,344,58,121,153,12
"2011","Malvern Hills 010A","E01032208","Total",665,65,131,365,104,359,23,45,214,77,306,42,86,151,27
"2011","Malvern Hills 010B","E01032209","Total",496,47,74,267,108,270,17,26,159,68,226,30,48,108,40
"2011","Malvern Hills 010C","E01032210","Total",466,53,94,269,50,231,13,27,158,33,235,40,67,111,17
"2011","Malvern Hills 010D","E01032218","Total",720,85,132,372,131,384,29,33,228,94,336,56,99,144,37
"2011","Malvern Hills 010E","E01032219","Total",826,121,156,440,109,447,39,48,280,80,379,82,108,160,29
"2011","Malvern Hills 011A","E01032198","Total",999,110,183,494,212,532,29,40,303,160,467,81,143,191,52
"2011","Malvern Hills 011B","E01032200","Total",988,108,186,507,187,516,30,54,300,132,472,78,132,207,55
"2011","Malvern Hills 011C","E01032215","Total",465,54,102,247,62,239,13,23,153,50,226,41,79,94,12
"2011","Malvern Hills 011D","E01032216","Total",793,69,156,417,151,403,16,37,239,111,390,53,119,178,40
"2011","Redditch 001A","E01032226","Total",1107,110,208,660,129,576,35,50,396,95,531,75,158,264,34
"2011","Redditch 001B","E01032227","Total",561,76,104,315,66,302,26,32,191,53,259,50,72,124,13
"2011","Redditch 001C","E01032243","Total",850,87,169,492,102,437,26,37,289,85,413,61,132,203,17
"2011","Redditch 001D","E01032244","Total",667,55,134,416,62,341,15,27,248,51,326,40,107,168,11
"2011","Redditch 002A","E01032240","Total",671,41,122,457,51,352,10,17,286,39,319,31,105,171,12
"2011","Redditch 002B","E01032241","Total",671,50,123,440,58,356,12,28,266,50,315,38,95,174,8
"2011","Redditch 002C","E01032242","Total",733,40,113,508,72,390,9,21,306,54,343,31,92,202,18
"2011","Redditch 002D","E01032245","Total",603,48,112,400,43,332,16,30,249,37,271,32,82,151,6
"2011","Redditch 003A","E01032232","Total",764,70,163,458,73,397,15,40,284,58,367,55,123,174,15
"2011","Redditch 003B","E01032233","Total",1772,107,293,1093,279,928,28,53,644,203,844,79,240,449,76
"2011","Redditch 003C","E01032234","Total",699,69,128,441,61,370,21,28,275,46,329,48,100,166,15
"2011","Redditch 003D","E01032235","Total",683,69,125,434,55,356,26,36,250,44,327,43,89,184,11
"2011","Redditch 004A","E01032224","Total",847,74,132,559,82,505,30,49,362,64,342,44,83,197,18
"2011","Redditch 004B","E01032225","Total",465,43,92,297,33,247,17,26,175,29,218,26,66,122,4
"2011","Redditch 004C","E01032239","Total",885,56,133,611,85,534,28,52,392,62,351,28,81,219,23
"2011","Redditch 004D","E01032262","Total",974,77,192,630,75,549,29,59,404,57,425,48,133,226,18
"2011","Redditch 005A","E01032273","Total",804,74,152,486,92,435,19,30,313,73,369,55,122,173,19
"2011","Redditch 005B","E01032275","Total",749,53,147,468,81,393,18,29,280,66,356,35,118,188,15
"2011","Redditch 005C","E01032277","Total",699,55,128,451,65,372,14,31,274,53,327,41,97,177,12
"2011","Redditch 005D","E01032278","Total",706,44,112,503,47,379,8,26,305,40,327,36,86,198,7
"2011","Redditch 006A","E01032236","Total",884,79,142,597,66,502,29,57,362,54,382,50,85,235,12
"2011","Redditch 006B","E01032237","Total",820,65,141,531,83,422,17,30,311,64,398,48,111,220,19
"2011","Redditch 006C","E01032238","Total",719,42,147,454,76,385,18,41,267,59,334,24,106,187,17
"2011","Redditch 006D","E01032264","Total",849,79,177,527,66,444,24,33,331,56,405,55,144,196,10
"2011","Redditch 007A","E01032255","Total",722,68,134,438,82,377,15,27,268,67,345,53,107,170,15
"2011","Redditch 007B","E01032263","Total",850,81,168,511,90,446,24,37,318,67,404,57,131,193,23
"2011","Redditch 007C","E01032266","Total",891,67,145,556,123,465,19,26,329,91,426,48,119,227,32
"2011","Redditch 007D","E01032274","Total",770,65,164,457,84,411,11,41,283,76,359,54,123,174,8
"2011","Redditch 008A","E01032259","Total",742,68,156,429,89,381,23,31,260,67,361,45,125,169,22
"2011","Redditch 008B","E01032269","Total",882,59,161,571,91,465,13,27,352,73,417,46,134,219,18
"2011","Redditch 008C","E01032270","Total",737,79,142,425,91,373,20,22,259,72,364,59,120,166,19
"2011","Redditch 008D","E01032271","Total",761,74,142,422,123,393,21,26,248,98,368,53,116,174,25
"2011","Redditch 008E","E01032272","Total",688,80,134,405,69,357,19,32,255,51,331,61,102,150,18
"2011","Redditch 009A","E01032253","Total",722,69,130,424,99,382,23,29,256,74,340,46,101,168,25
"2011","Redditch 009B","E01032265","Total",678,60,133,410,75,348,18,25,239,66,330,42,108,171,9
"2011","Redditch 009C","E01032267","Total",831,74,148,532,77,432,15,27,328,62,399,59,121,204,15
"2011","Redditch 009D","E01032268","Total",723,59,153,446,65,370,18,31,269,52,353,41,122,177,13
"2011","Redditch 009E","E01032276","Total",872,68,149,575,80,452,21,23,348,60,420,47,126,227,20
"2011","Redditch 010A","E01032250","Total",588,39,110,376,63,321,6,27,235,53,267,33,83,141,10
"2011","Redditch 010B","E01032251","Total",889,80,168,565,76,467,22,28,353,64,422,58,140,212,12
"2011","Redditch 010C","E01032252","Total",521,48,103,330,40,274,15,20,201,38,247,33,83,129,2
"2011","Redditch 010D","E01032254","Total",781,73,156,476,76,425,23,38,299,65,356,50,118,177,11
"2011","Redditch 011A","E01032256","Total",743,90,139,455,59,393,40,30,275,48,350,50,109,180,11
"2011","Redditch 011B","E01032257","Total",842,88,159,490,105,438,27,41,287,83,404,61,118,203,22
"2011","Redditch 011C","E01032258","Total",743,62,132,479,70,386,14,29,289,54,357,48,103,190,16
"2011","Redditch 011D","E01032260","Total",601,46,120,380,55,295,12,25,212,46,306,34,95,168,9
"2011","Redditch 012A","E01032246","Total",747,81,152,424,90,396,27,30,267,72,351,54,122,157,18
"2011","Redditch 012B","E01032247","Total",735,62,136,439,98,370,17,21,254,78,365,45,115,185,20
"2011","Redditch 012C","E01032248","Total",843,62,155,502,124,447,22,36,297,92,396,40,119,205,32
"2011","Redditch 012D","E01032249","Total",899,72,152,576,99,467,18,34,338,77,432,54,118,238,22
"2011","Redditch 012E","E01032261","Total",705,72,152,403,78,378,25,29,258,66,327,47,123,145,12
"2011","Redditch 013A","E01032228","Total",771,68,138,409,156,431,22,31,257,121,340,46,107,152,35
"2011","Redditch 013B","E01032229","Total",800,85,137,470,108,420,25,33,281,81,380,60,104,189,27
"2011","Redditch 013C","E01032230","Total",797,101,145,423,128,414,28,31,251,104,383,73,114,172,24
"2011","Redditch 013D","E01032231","Total",866,69,164,509,124,445,24,32,293,96,421,45,132,216,28
"2011","Worcester 001A","E01032296","Total",886,75,172,514,125,451,24,46,302,79,435,51,126,212,46
"2011","Worcester 001B","E01032297","Total",836,94,151,489,102,445,34,33,299,79,391,60,118,190,23
"2011","Worcester 001C","E01032298","Total",859,92,188,470,109,464,27,38,312,87,395,65,150,158,22
"2011","Worcester 001D","E01032299","Total",879,68,175,510,126,450,14,36,295,105,429,54,139,215,21
"2011","Worcester 001E","E01032300","Total",754,81,159,414,100,403,28,40,262,73,351,53,119,152,27
"2011","Worcester 002A","E01032303","Total",447,42,100,257,48,242,5,21,179,37,205,37,79,78,11
"2011","Worcester 002B","E01032304","Total",564,49,131,326,58,297,8,21,217,51,267,41,110,109,7
"2011","Worcester 002C","E01032331","Total",574,48,114,349,63,307,13,17,227,50,267,35,97,122,13
"2011","Worcester 002D","E01032332","Total",450,55,101,253,41,230,12,28,154,36,220,43,73,99,5
"2011","Worcester 003A","E01032330","Total",719,42,113,483,81,385,15,27,278,65,334,27,86,205,16
"2011","Worcester 003B","E01032334","Total",1436,100,270,880,186,748,35,54,522,137,688,65,216,358,49
"2011","Worcester 003C","E01032335","Total",935,86,169,524,156,489,21,27,318,123,446,65,142,206,33
"2011","Worcester 003D","E01032336","Total",976,77,145,613,141,491,24,21,339,107,485,53,124,274,34
"2011","Worcester 004A","E01032279","Total",671,47,155,395,74,357,12,42,248,55,314,35,113,147,19
"2011","Worcester 004B","E01032312","Total",841,53,161,535,92,446,17,46,314,69,395,36,115,221,23
"2011","Worcester 004C","E01032327","Total",863,67,154,540,102,435,20,34,308,73,428,47,120,232,29
"2011","Worcester 004D","E01032328","Total",768,88,162,429,89,393,26,36,261,70,375,62,126,168,19
"2011","Worcester 004E","E01032329","Total",1048,95,216,605,132,544,32,44,365,103,504,63,172,240,29
"2011","Worcester 005A","E01032301","Total",686,53,150,417,66,366,18,41,253,54,320,35,109,164,12
"2011","Worcester 005B","E01032302","Total",510,46,107,311,46,282,13,31,207,31,228,33,76,104,15
"2011","Worcester 005C","E01032310","Total",739,78,149,432,80,395,26,33,273,63,344,52,116,159,17
"2011","Worcester 005D","E01032311","Total",626,56,149,372,49,325,18,37,233,37,301,38,112,139,12
"2011","Worcester 005E","E01032313","Total",521,54,113,307,47,268,10,24,196,38,253,44,89,111,9
"2011","Worcester 005F","E01032333","Total",800,76,192,471,61,396,20,38,287,51,404,56,154,184,10
"2011","Worcester 006A","E01032314","Total",590,96,121,311,62,299,38,31,179,51,291,58,90,132,11
"2011","Worcester 006B","E01032315","Total",781,270,148,310,53,367,84,46,197,40,414,186,102,113,13
"2011","Worcester 006C","E01032316","Total",534,77,109,279,69,275,26,23,179,47,259,51,86,100,22
"2011","Worcester 006D","E01032317","Total",734,107,169,383,75,376,33,42,239,62,358,74,127,144,13
"2011","Worcester 007A","E01032280","Total",903,66,153,551,133,495,15,37,343,100,408,51,116,208,33
"2011","Worcester 007B","E01032281","Total",822,68,149,526,79,411,19,46,294,52,411,49,103,232,27
"2011","Worcester 007C","E01032282","Total",1043,94,154,676,119,577,40,57,402,78,466,54,97,274,41
"2011","Worcester 007E","E01033246","Total",612,55,90,348,119,327,17,22,198,90,285,38,68,150,29
"2011","Worcester 007F","E01033247","Total",658,89,91,393,85,380,45,33,240,62,278,44,58,153,23
"2011","Worcester 008A","E01032337","Total",1152,92,199,722,139,597,28,40,418,111,555,64,159,304,28
"2011","Worcester 008B","E01032338","Total",1222,102,215,739,166,618,32,32,427,127,604,70,183,312,39
"2011","Worcester 008C","E01032339","Total",934,63,190,541,140,484,21,34,320,109,450,42,156,221,31
"2011","Worcester 009A","E01032318","Total",571,62,179,282,48,255,13,45,158,39,316,49,134,124,9
"2011","Worcester 009B","E01032319","Total",814,127,176,441,70,422,39,42,288,53,392,88,134,153,17
"2011","Worcester 009C","E01032320","Total",891,152,188,452,99,442,51,44,273,74,449,101,144,179,25
"2011","Worcester 009D","E01032321","Total",664,76,163,354,71,348,24,41,227,56,316,52,122,127,15
"2011","Worcester 009E","E01032322","Total",844,139,162,455,88,436,49,37,284,66,408,90,125,171,22
"2011","Worcester 010A","E01032305","Total",915,78,177,566,94,473,25,32,346,70,442,53,145,220,24
"2011","Worcester 010B","E01032306","Total",769,74,169,458,68,405,26,40,279,60,364,48,129,179,8
"2011","Worcester 010C","E01032307","Total",747,81,162,441,63,390,18,42,283,47,357,63,120,158,16
"2011","Worcester 010D","E01032309","Total",683,76,161,385,61,354,26,39,244,45,329,50,122,141,16
"2011","Worcester 011A","E01032285","Total",911,93,174,536,108,485,35,44,325,81,426,58,130,211,27
"2011","Worcester 011B","E01032292","Total",778,65,139,500,74,446,28,56,310,52,332,37,83,190,22
"2011","Worcester 011D","E01032294","Total",715,61,133,441,80,404,18,48,280,58,311,43,85,161,22
"2011","Worcester 011E","E01033248","Total",566,55,79,343,89,307,21,24,200,62,259,34,55,143,27
"2011","Worcester 011F","E01033249","Total",654,60,98,397,99,344,25,34,219,66,310,35,64,178,33
"2011","Worcester 012A","E01032286","Total",888,83,200,478,127,467,31,44,290,102,421,52,156,188,25
"2011","Worcester 012B","E01032287","Total",849,88,181,481,99,458,32,42,307,77,391,56,139,174,22
"2011","Worcester 012C","E01032288","Total",773,97,150,409,117,400,26,27,259,88,373,71,123,150,29
"2011","Worcester 012D","E01032289","Total",705,86,174,355,90,377,24,48,237,68,328,62,126,118,22
"2011","Worcester 012E","E01032290","Total",743,85,162,409,87,377,22,30,257,68,366,63,132,152,19
"2011","Worcester 013A","E01032283","Total",749,67,159,444,79,393,22,43,272,56,356,45,116,172,23
"2011","Worcester 013B","E01032284","Total",962,117,181,518,146,509,43,59,305,102,453,74,122,213,44
"2011","Worcester 013C","E01032295","Total",1428,102,208,906,212,778,30,63,536,149,650,72,145,370,63
"2011","Worcester 013D","E01032308","Total",779,83,171,428,97,397,27,28,267,75,382,56,143,161,22
"2011","Worcester 014A","E01032323","Total",787,69,153,446,119,410,26,28,258,98,377,43,125,188,21
"2011","Worcester 014B","E01032324","Total",844,73,154,505,112,420,26,17,293,84,424,47,137,212,28
"2011","Worcester 014C","E01032325","Total",967,92,180,577,118,484,29,24,345,86,483,63,156,232,32
"2011","Worcester 014D","E01032326","Total",732,73,167,419,73,368,18,34,259,57,364,55,133,160,16
"2011","Wychavon 001A","E01032354","Total",1252,116,239,702,195,654,27,69,413,145,598,89,170,289,50
"2011","Wychavon 001B","E01032386","Total",708,74,119,361,154,368,20,25,207,116,340,54,94,154,38
"2011","Wychavon 001C","E01032387","Total",696,81,120,362,133,377,25,28,217,107,319,56,92,145,26
"2011","Wychavon 001D","E01032401","Total",711,82,143,325,161,384,25,37,196,126,327,57,106,129,35
"2011","Wychavon 002A","E01032368","Total",523,36,115,335,37,280,9,21,215,35,243,27,94,120,2
"2011","Wychavon 002B","E01032369","Total",681,50,128,432,71,353,12,33,255,53,328,38,95,177,18
"2011","Wychavon 002C","E01032370","Total",626,61,110,375,80,327,13,14,240,60,299,48,96,135,20
"2011","Wychavon 002D","E01032371","Total",659,61,118,409,71,323,16,22,233,52,336,45,96,176,19
"2011","Wychavon 003A","E01032359","Total",738,57,129,461,91,389,18,37,265,69,349,39,92,196,22
"2011","Wychavon 003B","E01032360","Total",889,86,191,508,104,445,20,51,297,77,444,66,140,211,27
"2011","Wychavon 003C","E01032361","Total",936,99,185,520,132,480,23,40,305,112,456,76,145,215,20
"2011","Wychavon 004A","E01032357","Total",580,64,132,319,65,295,20,26,194,55,285,44,106,125,10
"2011","Wychavon 004B","E01032358","Total",683,63,145,398,77,358,19,38,245,56,325,44,107,153,21
"2011","Wychavon 004C","E01032365","Total",791,81,187,440,83,398,19,39,269,71,393,62,148,171,12
"2011","Wychavon 004D","E01032367","Total",685,72,144,371,98,362,19,34,239,70,323,53,110,132,28
"2011","Wychavon 005A","E01032362","Total",1013,100,200,557,156,519,24,40,332,123,494,76,160,225,33
"2011","Wychavon 005B","E01032363","Total",855,80,158,499,118,442,20,34,299,89,413,60,124,200,29
"2011","Wychavon 005C","E01032364","Total",914,96,174,491,153,472,24,25,303,120,442,72,149,188,33
"2011","Wychavon 005D","E01032366","Total",766,86,158,424,98,395,31,28,259,77,371,55,130,165,21
"2011","Wychavon 006A","E01032399","Total",834,73,168,465,128,433,21,37,270,105,401,52,131,195,23
"2011","Wychavon 006B","E01032400","Total",1143,127,226,574,216,610,31,44,368,167,533,96,182,206,49
"2011","Wychavon 006C","E01032404","Total",1165,126,237,582,220,640,33,62,375,170,525,93,175,207,50
"2011","Wychavon 007A","E01032345","Total",768,87,149,384,148,395,24,33,221,117,373,63,116,163,31
"2011","Wychavon 007B","E01032346","Total",691,64,154,329,144,361,23,34,194,110,330,41,120,135,34
"2011","Wychavon 007C","E01032395","Total",645,78,113,308,146,335,22,23,175,115,310,56,90,133,31
"2011","Wychavon 007D","E01032417","Total",747,82,158,373,134,390,19,37,224,110,357,63,121,149,24
"2011","Wychavon 008A","E01032392","Total",754,89,146,340,179,406,26,38,205,137,348,63,108,135,42
"2011","Wychavon 008B","E01032393","Total",777,87,134,412,144,418,28,36,251,103,359,59,98,161,41
"2011","Wychavon 008C","E01032394","Total",613,73,126,275,139,317,13,35,159,110,296,60,91,116,29
"2011","Wychavon 008D","E01032416","Total",563,69,126,254,114,309,20,37,164,88,254,49,89,90,26
"2011","Wychavon 009A","E01032355","Total",653,87,124,307,135,345,22,32,193,98,308,65,92,114,37
"2011","Wychavon 009B","E01032356","Total",602,61,129,333,79,307,18,24,202,63,295,43,105,131,16
"2011","Wychavon 009C","E01032402","Total",833,74,155,470,134,428,16,25,287,100,405,58,130,183,34
"2011","Wychavon 009D","E01032403","Total",775,74,143,422,136,410,23,26,257,104,365,51,117,165,32
"2011","Wychavon 010A","E01032375","Total",516,56,120,261,79,276,14,24,167,71,240,42,96,94,8
"2011","Wychavon 010B","E01032382","Total",641,73,138,319,111,331,16,38,186,91,310,57,100,133,20
"2011","Wychavon 010C","E01032383","Total",714,92,127,368,127,383,37,32,213,101,331,55,95,155,26
"2011","Wychavon 010D","E01032410","Total",637,71,131,321,114,356,26,33,203,94,281,45,98,118,20
"2011","Wychavon 010E","E01032411","Total",685,84,143,347,111,356,26,33,214,83,329,58,110,133,28
"2011","Wychavon 011A","E01032390","Total",696,81,144,327,144,380,20,40,207,113,316,61,104,120,31
"2011","Wychavon 011B","E01032391","Total",560,52,109,314,85,290,9,19,184,78,270,43,90,130,7
"2011","Wychavon 011C","E01032414","Total",700,94,118,368,120,375,22,27,226,100,325,72,91,142,20
"2011","Wychavon 011D","E01032415","Total",823,83,233,395,112,484,31,122,238,93,339,52,111,157,19
"2011","Wychavon 012A","E01032405","Total",619,85,116,332,86,324,24,28,204,68,295,61,88,128,18
"2011","Wychavon 012B","E01032406","Total",631,76,130,334,91,341,22,36,210,73,290,54,94,124,18
"2011","Wychavon 012C","E01032407","Total",672,66,118,385,103,359,14,30,237,78,313,52,88,148,25
"2011","Wychavon 012D","E01032408","Total",640,77,155,315,93,322,18,30,198,76,318,59,125,117,17
"2011","Wychavon 012E","E01032409","Total",717,95,142,395,85,386,30,38,247,71,331,65,104,148,14
"2011","Wychavon 013A","E01032340","Total",662,74,120,363,105,360,17,24,233,86,302,57,96,130,19
"2011","Wychavon 013B","E01032341","Total",712,101,129,369,113,383,26,35,233,89,329,75,94,136,24
"2011","Wychavon 013C","E01032349","Total",828,88,162,445,133,431,19,36,265,111,397,69,126,180,22
"2011","Wychavon 013D","E01032350","Total",562,50,120,307,85,294,10,24,190,70,268,40,96,117,15
"2011","Wychavon 013E","E01032388","Total",656,82,108,332,134,360,21,23,214,102,296,61,85,118,32
"2011","Wychavon 013F","E01032389","Total",577,57,130,295,95,308,13,34,182,79,269,44,96,113,16
"2011","Wychavon 014A","E01032343","Total",1387,99,217,915,156,749,30,58,536,125,638,69,159,379,31
"2011","Wychavon 014B","E01032377","Total",890,77,182,536,95,471,18,45,335,73,419,59,137,201,22
"2011","Wychavon 014C","E01032378","Total",815,85,153,476,101,434,25,28,298,83,381,60,125,178,18
"2011","Wychavon 015A","E01032376","Total",775,86,142,449,98,418,31,33,278,76,357,55,109,171,22
"2011","Wychavon 015B","E01032384","Total",676,72,124,379,101,371,22,35,233,81,305,50,89,146,20
"2011","Wychavon 015C","E01032385","Total",483,52,107,254,70,246,9,30,146,61,237,43,77,108,9
"2011","Wychavon 015D","E01032396","Total",947,87,194,543,123,484,15,34,333,102,463,72,160,210,21
"2011","Wychavon 016A","E01032342","Total",796,60,157,489,90,430,12,32,313,73,366,48,125,176,17
"2011","Wychavon 016B","E01032344","Total",724,69,132,412,111,391,25,25,253,88,333,44,107,159,23
"2011","Wychavon 016C","E01032379","Total",1107,116,227,614,150,584,33,43,377,131,523,83,184,237,19
"2011","Wychavon 016D","E01032380","Total",747,78,141,430,98,400,23,30,268,79,347,55,111,162,19
"2011","Wychavon 017A","E01032381","Total",1015,93,211,579,132,523,21,34,349,119,492,72,177,230,13
"2011","Wychavon 017B","E01032397","Total",835,88,158,497,92,456,22,36,323,75,379,66,122,174,17
"2011","Wychavon 017C","E01032398","Total",1073,80,178,687,128,562,21,26,409,106,511,59,152,278,22
"2011","Wychavon 018A","E01032351","Total",644,70,108,318,148,350,17,33,197,103,294,53,75,121,45
"2011","Wychavon 018B","E01032352","Total",767,95,132,425,115,398,26,40,249,83,369,69,92,176,32
"2011","Wychavon 018C","E01032353","Total",712,70,139,370,133,375,22,25,230,98,337,48,114,140,35
"2011","Wychavon 018D","E01032374","Total",644,74,131,342,97,346,27,23,222,74,298,47,108,120,23
"2011","Wychavon 019A","E01032347","Total",647,92,124,340,91,343,27,27,214,75,304,65,97,126,16
"2011","Wychavon 019B","E01032348","Total",609,74,120,328,87,311,19,19,204,69,298,55,101,124,18
"2011","Wychavon 019C","E01032372","Total",704,74,133,360,137,388,14,37,227,110,316,60,96,133,27
"2011","Wychavon 019D","E01032373","Total",631,62,111,340,118,347,21,28,204,94,284,41,83,136,24
"2011","Wychavon 019E","E01032412","Total",617,67,120,315,115,328,21,28,194,85,289,46,92,121,30
"2011","Wychavon 019F","E01032413","Total",506,51,102,263,90,263,17,23,160,63,243,34,79,103,27
"2011","Wyre Forest 001A","E01032431","Total",755,94,156,336,169,414,26,54,194,140,341,68,102,142,29
"2011","Wyre Forest 001B","E01032432","Total",580,56,117,310,97,310,21,28,192,69,270,35,89,118,28
"2011","Wyre Forest 001C","E01032433","Total",642,66,103,338,135,341,17,23,201,100,301,49,80,137,35
"2011","Wyre Forest 001D","E01032439","Total",613,66,140,311,96,322,22,31,191,78,291,44,109,120,18
"2011","Wyre Forest 001E","E01032440","Total",513,43,106,288,76,253,12,24,167,50,260,31,82,121,26
"2011","Wyre Forest 001F","E01032479","Total",936,118,202,465,151,498,41,50,289,118,438,77,152,176,33
"2011","Wyre Forest 002A","E01032441","Total",648,79,138,368,63,338,22,35,228,53,310,57,103,140,10
"2011","Wyre Forest 002B","E01032442","Total",837,80,203,457,97,431,25,42,284,80,406,55,161,173,17
"2011","Wyre Forest 002C","E01032443","Total",612,64,130,359,59,325,18,32,227,48,287,46,98,132,11
"2011","Wyre Forest 002D","E01032444","Total",630,61,136,378,55,317,18,22,232,45,313,43,114,146,10
"2011","Wyre Forest 002E","E01032445","Total",642,58,160,355,69,348,21,43,229,55,294,37,117,126,14
"2011","Wyre Forest 003A","E01032436","Total",776,64,156,468,88,410,17,28,300,65,366,47,128,168,23
"2011","Wyre Forest 003B","E01032438","Total",836,63,175,504,94,437,23,44,300,70,399,40,131,204,24
"2011","Wyre Forest 003C","E01032446","Total",704,67,148,397,92,365,20,31,240,74,339,47,117,157,18
"2011","Wyre Forest 003D","E01032447","Total",852,63,154,533,102,443,15,36,312,80,409,48,118,221,22
"2011","Wyre Forest 003E","E01032448","Total",628,70,140,348,70,319,17,36,217,49,309,53,104,131,21
"2011","Wyre Forest 004A","E01032434","Total",655,59,172,334,90,341,20,49,197,75,314,39,123,137,15
"2011","Wyre Forest 004B","E01032435","Total",652,57,156,361,78,351,21,46,223,61,301,36,110,138,17
"2011","Wyre Forest 004C","E01032437","Total",798,59,174,475,90,407,11,34,294,68,391,48,140,181,22
"2011","Wyre Forest 004D","E01032450","Total",1144,80,206,736,122,626,27,63,451,85,518,53,143,285,37
"2011","Wyre Forest 005A","E01032430","Total",817,77,160,427,153,460,23,46,275,116,357,54,114,152,37
"2011","Wyre Forest 005B","E01032480","Total",875,86,197,469,123,459,16,51,305,87,416,70,146,164,36
"2011","Wyre Forest 005C","E01032481","Total",724,68,174,398,84,380,15,43,248,74,344,53,131,150,10
"2011","Wyre Forest 005D","E01032482","Total",699,87,135,373,104,369,29,37,225,78,330,58,98,148,26
"2011","Wyre Forest 006A","E01032451","Total",745,72,151,412,110,404,26,30,263,85,341,46,121,149,25
"2011","Wyre Forest 006B","E01032452","Total",729,81,171,390,87,384,22,39,257,66,345,59,132,133,21
"2011","Wyre Forest 006C","E01032453","Total",642,70,148,370,54,334,19,30,238,47,308,51,118,132,7
"2011","Wyre Forest 006D","E01032454","Total",839,78,167,469,125,439,20,37,282,100,400,58,130,187,25
"2011","Wyre Forest 007A","E01032449","Total",858,68,163,540,87,454,20,45,320,69,404,48,118,220,18
"2011","Wyre Forest 007B","E01032464","Total",573,41,132,336,64,306,13,33,209,51,267,28,99,127,13
"2011","Wyre Forest 007C","E01032465","Total",555,59,140,305,51,283,21,29,192,41,272,38,111,113,10
"2011","Wyre Forest 007D","E01032466","Total",662,69,133,388,72,346,24,36,233,53,316,45,97,155,19
"2011","Wyre Forest 007E","E01032467","Total",554,64,99,308,83,291,14,25,189,63,263,50,74,119,20
"2011","Wyre Forest 007F","E01032468","Total",567,59,135,316,57,294,20,26,208,40,273,39,109,108,17
"2011","Wyre Forest 008A","E01032474","Total",876,59,177,548,92,461,21,48,324,68,415,38,129,224,24
"2011","Wyre Forest 008B","E01032475","Total",943,71,185,577,110,479,20,38,342,79,464,51,147,235,31
"2011","Wyre Forest 008C","E01032476","Total",695,56,150,413,76,344,14,29,244,57,351,42,121,169,19
"2011","Wyre Forest 008D","E01032477","Total",565,64,96,333,72,306,22,34,193,57,259,42,62,140,15
"2011","Wyre Forest 008E","E01032478","Total",679,62,147,402,68,361,19,28,258,56,318,43,119,144,12
"2011","Wyre Forest 009A","E01032469","Total",668,59,154,387,68,375,17,42,258,58,293,42,112,129,10
"2011","Wyre Forest 009B","E01032470","Total",785,73,160,468,84,419,12,42,297,68,366,61,118,171,16
"2011","Wyre Forest 009C","E01032471","Total",492,38,107,283,64,266,8,20,180,58,226,30,87,103,6
"2011","Wyre Forest 010A","E01032418","Total",710,60,153,423,74,376,14,46,264,52,334,46,107,159,22
"2011","Wyre Forest 010B","E01032419","Total",597,56,136,329,76,309,20,28,197,64,288,36,108,132,12
"2011","Wyre Forest 010C","E01032420","Total",744,78,141,424,101,388,19,38,250,81,356,59,103,174,20
"2011","Wyre Forest 010D","E01032421","Total",673,64,143,384,82,345,18,25,239,63,328,46,118,145,19
"2011","Wyre Forest 010E","E01032422","Total",769,59,149,471,90,376,15,32,261,68,393,44,117,210,22
"2011","Wyre Forest 011A","E01032427","Total",720,88,160,371,101,372,23,36,236,77,348,65,124,135,24
"2011","Wyre Forest 011B","E01032428","Total",827,88,183,406,150,454,36,67,240,111,373,52,116,166,39
"2011","Wyre Forest 011C","E01032429","Total",700,85,135,398,82,374,27,42,246,59,326,58,93,152,23
"2011","Wyre Forest 011D","E01032472","Total",599,66,119,301,113,321,14,33,188,86,278,52,86,113,27
"2011","Wyre Forest 011E","E01032473","Total",576,64,124,291,97,309,9,34,194,72,267,55,90,97,25
"2011","Wyre Forest 012A","E01032455","Total",690,79,122,402,87,375,28,20,254,73,315,51,102,148,14
"2011","Wyre Forest 012B","E01032456","Total",548,54,116,325,53,279,12,33,195,39,269,42,83,130,14
"2011","Wyre Forest 012C","E01032457","Total",580,55,125,326,74,308,23,24,196,65,272,32,101,130,9
"2011","Wyre Forest 012D","E01032458","Total",620,68,149,323,80,327,15,36,206,70,293,53,113,117,10
"2011","Wyre Forest 012E","E01032459","Total",683,60,147,399,77,354,14,34,245,61,329,46,113,154,16
"2011","Wyre Forest 013A","E01032460","Total",877,76,165,513,123,460,20,36,312,92,417,56,129,201,31
"2011","Wyre Forest 013B","E01032461","Total",1087,83,214,621,169,603,25,58,384,136,484,58,156,237,33
"2011","Wyre Forest 013C","E01032462","Total",1131,102,205,640,184,590,29,47,370,144,541,73,158,270,40
"2011","Wyre Forest 013D","E01032463","Total",739,85,146,416,92,406,34,38,258,76,333,51,108,158,16
"2011","Wyre Forest 014A","E01032423","Total",621,57,137,355,72,330,19,37,214,60,291,38,100,141,12
"2011","Wyre Forest 014B","E01032424","Total",554,47,135,327,45,293,10,34,210,39,261,37,101,117,6
"2011","Wyre Forest 014C","E01032425","Total",620,56,128,352,84,317,22,23,199,73,303,34,105,153,11
"2011","Wyre Forest 014D","E01032426","Total",679,65,142,396,76,360,19,39,244,58,319,46,103,152,18
"2011","Bedford 001A","E01017540","Total",770,109,112,378,171,427,29,28,236,134,343,80,84,142,37
"2011","Bedford 001B","E01017541","Total",623,68,123,321,111,327,25,21,193,88,296,43,102,128,23
"2011","Bedford 001C","E01017544","Total",668,74,125,362,107,346,23,23,212,88,322,51,102,150,19
"2011","Bedford 001D","E01017545","Total",750,81,149,358,162,391,29,28,211,123,359,52,121,147,39
"2011","Bedford 002A","E01017464","Total",697,83,140,329,145,370,22,28,210,110,327,61,112,119,35
"2011","Bedford 002B","E01017465","Total",655,82,119,322,132,353,28,25,201,99,302,54,94,121,33
"2011","Bedford 002C","E01017503","Total",637,65,105,344,123,342,14,13,214,101,295,51,92,130,22
"2011","Bedford 002D","E01017504","Total",966,107,180,509,170,513,28,47,308,130,453,79,133,201,40
"2011","Bedford 002E","E01017546","Total",650,85,111,327,127,340,29,30,185,96,310,56,81,142,31
"2011","Bedford 002F","E01017547","Total",823,97,145,418,163,444,27,42,252,123,379,70,103,166,40
"2011","Bedford 003A","E01017478","Total",876,89,159,465,163,461,30,35,277,119,415,59,124,188,44
"2011","Bedford 003B","E01017479","Total",588,63,113,320,92,304,15,30,185,74,284,48,83,135,18
"2011","Bedford 003C","E01017480","Total",998,84,190,598,126,496,12,28,356,100,502,72,162,242,26
"2011","Bedford 003D","E01017481","Total",593,58,111,359,65,309,22,23,215,49,284,36,88,144,16
"2011","Bedford 003E","E01017528","Total",1250,150,269,645,186,643,41,59,390,153,607,109,210,255,33
"2011","Bedford 004B","E01017495","Total",1056,92,184,576,204,527,18,35,306,168,529,74,149,270,36
"2011","Bedford 004C","E01017496","Total",732,76,137,375,144,392,24,29,230,109,340,52,108,145,35
"2011","Bedford 004D","E01017542","Total",739,94,113,382,150,402,26,27,220,129,337,68,86,162,21
"2011","Bedford 004E","E01017543","Total",776,86,133,383,174,427,25,34,238,130,349,61,99,145,44
"2011","Bedford 004F","E01033431","Total",684,41,116,422,105,348,10,19,237,82,336,31,97,185,23
"2011","Bedford 004G","E01033432","Total",1075,111,203,557,204,554,46,32,315,161,521,65,171,242,43
"2011","Bedford 005A","E01017453","Total",600,58,133,352,57,314,21,24,224,45,286,37,109,128,12
"2011","Bedford 005B","E01017454","Total",737,74,137,428,98,376,24,29,245,78,361,50,108,183,20
"2011","Bedford 005C","E01017455","Total",718,72,150,413,83,387,23,37,267,60,331,49,113,146,23
"2011","Bedford 005D","E01017456","Total",639,63,119,358,99,340,18,27,216,79,299,45,92,142,20
"2011","Bedford 005E","E01017457","Total",546,44,125,311,66,266,8,26,185,47,280,36,99,126,19
"2011","Bedford 005F","E01017458","Total",687,67,134,409,77,363,26,33,242,62,324,41,101,167,15
"2011","Bedford 006A","E01017529","Total",646,75,139,360,72,337,20,34,221,62,309,55,105,139,10
"2011","Bedford 006B","E01017530","Total",724,77,156,416,75,383,23,28,274,58,341,54,128,142,17
"2011","Bedford 006C","E01017531","Total",550,71,112,300,67,270,22,31,165,52,280,49,81,135,15
"2011","Bedford 006D","E01017532","Total",583,80,134,273,96,326,34,36,174,82,257,46,98,99,14
"2011","Bedford 006E","E01017533","Total",596,67,117,324,88,311,24,24,196,67,285,43,93,128,21
"2011","Bedford 006F","E01017534","Total",723,81,128,415,99,369,25,22,243,79,354,56,106,172,20
"2011","Bedford 007A","E01017488","Total",605,59,126,358,62,326,17,25,230,54,279,42,101,128,8
"2011","Bedford 007B","E01017489","Total",649,66,153,371,59,313,19,33,209,52,336,47,120,162,7
"2011","Bedford 007C","E01017490","Total",562,58,145,312,47,277,22,33,179,43,285,36,112,133,4
"2011","Bedford 007D","E01017491","Total",727,67,154,419,87,389,19,39,264,67,338,48,115,155,20
"2011","Bedford 007E","E01017492","Total",602,53,132,363,54,291,17,30,201,43,311,36,102,162,11
"2011","Bedford 007F","E01017493","Total",789,69,141,481,98,388,15,31,259,83,401,54,110,222,15
"2011","Bedford 008A","E01017459","Total",851,80,152,474,145,430,18,27,277,108,421,62,125,197,37
"2011","Bedford 008B","E01017460","Total",854,100,141,456,157,435,25,30,259,121,419,75,111,197,36
"2011","Bedford 008C","E01017461","Total",989,91,145,531,222,529,28,33,308,160,460,63,112,223,62
"2011","Bedford 008D","E01017462","Total",811,99,124,464,124,443,32,20,298,93,368,67,104,166,31
"2011","Bedford 008E","E01017463","Total",610,64,139,336,71,316,17,30,212,57,294,47,109,124,14
"2011","Bedford 009A","E01017482","Total",609,69,119,319,102,337,27,44,186,80,272,42,75,133,22
"2011","Bedford 009B","E01017483","Total",856,235,173,353,95,409,80,43,213,73,447,155,130,140,22
"2011","Bedford 009C","E01017484","Total",487,42,57,296,92,264,10,20,165,69,223,32,37,131,23
"2011","Bedford 009D","E01017485","Total",799,70,106,481,142,434,25,27,270,112,365,45,79,211,30
"2011","Bedford 010A","E01017497","Total",772,99,136,442,95,408,41,50,244,73,364,58,86,198,22
"2011","Bedford 010B","E01017498","Total",661,78,115,391,77,344,31,29,228,56,317,47,86,163,21
"2011","Bedford 010C","E01017499","Total",700,48,88,477,87,383,23,29,278,53,317,25,59,199,34
"2011","Bedford 010D","E01017500","Total",576,47,63,399,67,322,22,20,229,51,254,25,43,170,16
"2011","Bedford 010E","E01017501","Total",505,52,77,316,60,289,28,29,188,44,216,24,48,128,16
"2011","Bedford 010F","E01017502","Total",603,66,116,359,62,344,28,51,219,46,259,38,65,140,16
"2011","Bedford 011A","E01017524","Total",778,90,146,461,81,398,18,23,294,63,380,72,123,167,18
"2011","Bedford 011B","E01017525","Total",572,58,112,342,60,297,19,22,206,50,275,39,90,136,10
"2011","Bedford 011C","E01017526","Total",823,67,143,517,96,404,18,23,293,70,419,49,120,224,26
"2011","Bedford 011D","E01017527","Total",621,53,118,367,83,308,14,26,205,63,313,39,92,162,20
"2011","Bedford 012A","E01017466","Total",897,89,161,544,103,523,41,87,329,66,374,48,74,215,37
"2011","Bedford 012B","E01017467","Total",724,68,107,425,124,372,18,31,234,89,352,50,76,191,35
"2011","Bedford 012C","E01017468","Total",735,64,114,447,110,379,20,25,255,79,356,44,89,192,31
"2011","Bedford 012D","E01017469","Total",934,111,117,555,151,510,39,36,329,106,424,72,81,226,45
"2011","Bedford 012E","E01017470","Total",706,71,148,408,79,356,24,29,242,61,350,47,119,166,18
"2011","Bedford 012F","E01017471","Total",683,63,125,408,87,397,34,53,242,68,286,29,72,166,19
"2011","Bedford 013A","E01017535","Total",606,82,117,320,87,342,30,41,200,71,264,52,76,120,16
"2011","Bedford 013B","E01017536","Total",1057,91,207,668,91,614,39,90,414,71,443,52,117,254,20
"2011","Bedford 013C","E01017537","Total",485,57,125,269,34,273,19,52,172,30,212,38,73,97,4
"2011","Bedford 013D","E01017538","Total",610,88,128,334,60,368,37,73,208,50,242,51,55,126,10
"2011","Bedford 013E","E01017539","Total",582,58,130,344,50,341,24,57,220,40,241,34,73,124,10
"2011","Bedford 014A","E01017518","Total",720,45,149,440,86,379,12,47,258,62,341,33,102,182,24
"2011","Bedford 014B","E01017519","Total",612,50,123,381,58,330,17,34,233,46,282,33,89,148,12
"2011","Bedford 014C","E01017520","Total",796,75,131,486,104,406,17,31,276,82,390,58,100,210,22
"2011","Bedford 014D","E01017521","Total",769,49,133,511,76,419,18,41,298,62,350,31,92,213,14
"2011","Bedford 014E","E01017522","Total",827,58,129,548,92,469,17,46,331,75,358,41,83,217,17
"2011","Bedford 014F","E01017523","Total",596,48,151,351,46,304,15,50,200,39,292,33,101,151,7
"2011","Bedford 015A","E01017472","Total",578,57,130,340,51,295,14,45,196,40,283,43,85,144,11
"2011","Bedford 015B","E01017473","Total",1229,84,196,807,142,652,28,62,456,106,577,56,134,351,36
"2011","Bedford 015C","E01017474","Total",794,74,154,487,79,422,29,58,280,55,372,45,96,207,24
"2011","Bedford 015D","E01017475","Total",780,53,155,482,90,411,20,46,274,71,369,33,109,208,19
"2011","Bedford 015E","E01017476","Total",683,70,122,432,59,359,17,36,260,46,324,53,86,172,13
"2011","Bedford 015F","E01017477","Total",398,45,88,221,44,208,11,19,139,39,190,34,69,82,5
"2011","Bedford 016A","E01017509","Total",528,62,142,266,58,249,15,29,163,42,279,47,113,103,16
"2011","Bedford 016B","E01017510","Total",830,89,155,492,94,399,20,41,263,75,431,69,114,229,19
"2011","Bedford 016C","E01017511","Total",659,65,112,407,75,334,17,27,233,57,325,48,85,174,18
"2011","Bedford 016D","E01017512","Total",751,88,154,442,67,384,35,37,254,58,367,53,117,188,9
"2011","Bedford 017A","E01017505","Total",788,80,142,493,73,408,24,41,284,59,380,56,101,209,14
"2011","Bedford 017B","E01017506","Total",786,53,132,528,73,413,10,36,309,58,373,43,96,219,15
"2011","Bedford 017C","E01017507","Total",694,83,132,405,74,357,27,33,239,58,337,56,99,166,16
"2011","Bedford 017D","E01017508","Total",845,85,137,517,106,441,28,32,302,79,404,57,105,215,27
"2011","Bedford 018A","E01017513","Total",787,72,139,493,83,393,20,28,279,66,394,52,111,214,17
"2011","Bedford 018B","E01017514","Total",692,57,150,423,62,367,18,47,254,48,325,39,103,169,14
"2011","Bedford 018C","E01017515","Total",698,73,144,405,76,374,18,36,263,57,324,55,108,142,19
"2011","Bedford 018D","E01017516","Total",780,72,165,448,95,412,20,31,280,81,368,52,134,168,14
"2011","Bedford 018E","E01017517","Total",842,73,169,523,77,432,21,34,314,63,410,52,135,209,14
"2011","Bedford 019A","E01017486","Total",884,85,167,508,124,470,22,44,302,102,414,63,123,206,22
"2011","Bedford 019B","E01017487","Total",905,81,172,537,115,457,19,35,308,95,448,62,137,229,20
"2011","Bedford 019C","E01017548","Total",980,82,130,628,140,505,27,21,345,112,475,55,109,283,28
"2011","Bedford 019D","E01017549","Total",672,64,130,372,106,347,15,28,227,77,325,49,102,145,29
"2011","Bedford 019E","E01017550","Total",1463,108,228,905,222,767,40,40,526,161,696,68,188,379,61
"2011","Bedford 020A","E01017551","Total",759,91,139,410,119,394,35,16,253,90,365,56,123,157,29
"2011","Bedford 020B","E01017552","Total",615,56,105,368,86,327,17,25,214,71,288,39,80,154,15
"2011","Bedford 020C","E01017553","Total",647,64,134,369,80,339,11,30,235,63,308,53,104,134,17
"2011","Bedford 020D","E01017554","Total",638,68,120,372,78,360,25,35,239,61,278,43,85,133,17
"2011","Central Bedfordshire 001A","E01017433","Total",709,76,127,424,82,370,19,28,255,68,339,57,99,169,14
"2011","Central Bedfordshire 001B","E01017434","Total",906,91,146,570,99,486,27,35,349,75,420,64,111,221,24
"2011","Central Bedfordshire 001C","E01017436","Total",1330,114,211,810,195,710,27,39,491,153,620,87,172,319,42
"2011","Central Bedfordshire 002A","E01017430","Total",693,70,118,402,103,381,15,28,253,85,312,55,90,149,18
"2011","Central Bedfordshire 002B","E01017431","Total",822,64,150,477,131,458,23,37,284,114,364,41,113,193,17
"2011","Central Bedfordshire 002C","E01017432","Total",794,82,145,449,118,425,16,36,276,97,369,66,109,173,21
"2011","Central Bedfordshire 002D","E01017435","Total",850,58,163,509,120,459,15,35,306,103,391,43,128,203,17
"2011","Central Bedfordshire 003A","E01017425","Total",604,68,99,322,115,325,14,19,204,88,279,54,80,118,27
"2011","Central Bedfordshire 003B","E01017426","Total",732,73,113,397,149,385,17,27,229,112,347,56,86,168,37
"2011","Central Bedfordshire 003C","E01017427","Total",931,81,166,555,129,500,19,35,345,101,431,62,131,210,28
"2011","Central Bedfordshire 003D","E01017428","Total",838,91,137,478,132,451,18,28,301,104,387,73,109,177,28
"2011","Central Bedfordshire 003E","E01017429","Total",825,79,134,500,112,451,11,30,325,85,374,68,104,175,27
"2011","Central Bedfordshire 004A","E01017412","Total",797,83,158,418,138,443,25,43,261,114,354,58,115,157,24
"2011","Central Bedfordshire 004B","E01017422","Total",752,89,136,397,130,409,24,32,246,107,343,65,104,151,23
"2011","Central Bedfordshire 004C","E01017423","Total",747,82,117,394,154,409,22,35,230,122,338,60,82,164,32
"2011","Central Bedfordshire 004D","E01017424","Total",729,77,103,422,127,390,18,25,258,89,339,59,78,164,38
"2011","Central Bedfordshire 005A","E01017383","Total",1120,90,179,722,129,580,27,37,418,98,540,63,142,304,31
"2011","Central Bedfordshire 005B","E01017384","Total",786,79,141,484,82,415,15,23,310,67,371,64,118,174,15
"2011","Central Bedfordshire 005C","E01017385","Total",904,51,126,596,131,516,11,32,364,109,388,40,94,232,22
"2011","Central Bedfordshire 005D","E01017386","Total",994,72,161,645,116,525,10,25,393,97,469,62,136,252,19
"2011","Central Bedfordshire 005E","E01017387","Total",740,68,155,412,105,392,11,35,255,91,348,57,120,157,14
"2011","Central Bedfordshire 005F","E01017388","Total",705,87,118,420,80,381,26,18,271,66,324,61,100,149,14
"2011","Central Bedfordshire 006A","E01017381","Total",758,74,150,442,92,415,25,37,276,77,343,49,113,166,15
"2011","Central Bedfordshire 006B","E01017382","Total",688,75,153,385,75,354,17,30,244,63,334,58,123,141,12
"2011","Central Bedfordshire 006C","E01017389","Total",1076,99,197,632,148,571,20,36,390,125,505,79,161,242,23
"2011","Central Bedfordshire 006D","E01017390","Total",985,83,200,585,117,519,22,32,366,99,466,61,168,219,18
"2011","Central Bedfordshire 007A","E01017379","Total",601,58,115,309,119,318,14,29,184,91,283,44,86,125,28
"2011","Central Bedfordshire 007B","E01017380","Total",630,75,112,322,121,316,16,25,182,93,314,59,87,140,28
"2011","Central Bedfordshire 007C","E01017394","Total",783,81,142,447,113,423,29,25,280,89,360,52,117,167,24
"2011","Central Bedfordshire 007F","E01017397","Total",792,82,131,451,128,438,28,27,282,101,354,54,104,169,27
"2011","Central Bedfordshire 007G","E01033194","Total",1017,123,173,530,191,569,45,49,325,150,448,78,124,205,41
"2011","Central Bedfordshire 008A","E01017410","Total",606,77,97,326,106,333,19,28,203,83,273,58,69,123,23
"2011","Central Bedfordshire 008B","E01017411","Total",787,77,129,427,154,419,25,32,244,118,368,52,97,183,36
"2011","Central Bedfordshire 008C","E01017419","Total",804,105,140,386,173,426,27,33,222,144,378,78,107,164,29
"2011","Central Bedfordshire 008D","E01017420","Total",763,82,150,415,116,397,22,30,255,90,366,60,120,160,26
"2011","Central Bedfordshire 008E","E01017421","Total",860,74,164,469,153,449,19,28,285,117,411,55,136,184,36
"2011","Central Bedfordshire 009A","E01017416","Total",1071,87,175,620,189,562,21,42,351,148,509,66,133,269,41
"2011","Central Bedfordshire 009B","E01017417","Total",1342,114,210,795,223,701,35,30,459,177,641,79,180,336,46
"2011","Central Bedfordshire 009C","E01017418","Total",767,78,158,421,110,403,20,39,251,93,364,58,119,170,17
"2011","Central Bedfordshire 009D","E01017451","Total",767,68,134,414,151,405,18,33,235,119,362,50,101,179,32
"2011","Central Bedfordshire 009E","E01017452","Total",544,51,83,273,137,307,17,20,166,104,237,34,63,107,33
"2011","Central Bedfordshire 010A","E01017376","Total",1136,84,196,714,142,594,20,46,412,116,542,64,150,302,26
"2011","Central Bedfordshire 010B","E01017377","Total",1108,96,179,666,167,588,34,36,374,144,520,62,143,292,23
"2011","Central Bedfordshire 010C","E01017378","Total",910,86,144,584,96,490,26,25,365,74,420,60,119,219,22
"2011","Central Bedfordshire 010D","E01017413","Total",940,86,169,546,139,498,20,35,335,108,442,66,134,211,31
"2011","Central Bedfordshire 010E","E01017414","Total",894,70,176,512,136,486,23,39,320,104,408,47,137,192,32
"2011","Central Bedfordshire 010F","E01017415","Total",992,84,191,564,153,495,19,34,324,118,497,65,157,240,35
"2011","Central Bedfordshire 011A","E01017437","Total",808,77,153,459,119,410,19,37,257,97,398,58,116,202,22
"2011","Central Bedfordshire 011B","E01017438","Total",908,67,170,549,122,472,17,31,329,95,436,50,139,220,27
"2011","Central Bedfordshire 011C","E01017439","Total",901,91,145,528,137,478,22,24,325,107,423,69,121,203,30
"2011","Central Bedfordshire 011D","E01017440","Total",677,71,97,413,96,352,19,22,237,74,325,52,75,176,22
"2011","Central Bedfordshire 011E","E01017441","Total",1114,108,137,621,248,626,32,19,384,191,488,76,118,237,57
"2011","Central Bedfordshire 011F","E01017444","Total",974,116,144,535,179,507,36,28,310,133,467,80,116,225,46
"2011","Central Bedfordshire 012A","E01017371","Total",605,90,114,305,96,316,32,30,179,75,289,58,84,126,21
"2011","Central Bedfordshire 012B","E01017372","Total",757,82,145,429,101,394,18,23,274,79,363,64,122,155,22
"2011","Central Bedfordshire 012C","E01017373","Total",785,103,141,413,128,414,22,31,257,104,371,81,110,156,24
"2011","Central Bedfordshire 012D","E01017374","Total",774,86,119,430,139,411,25,25,252,109,363,61,94,178,30
"2011","Central Bedfordshire 012E","E01017375","Total",760,84,148,432,96,410,22,36,278,74,350,62,112,154,22
"2011","Central Bedfordshire 013A","E01017391","Total",680,77,126,379,98,361,16,32,236,77,319,61,94,143,21
"2011","Central Bedfordshire 013B","E01017392","Total",759,61,149,407,142,407,16,44,233,114,352,45,105,174,28
"2011","Central Bedfordshire 013C","E01017393","Total",935,108,164,508,155,485,31,32,309,113,450,77,132,199,42
"2011","Central Bedfordshire 013D","E01017442","Total",1127,112,177,665,173,598,19,37,404,138,529,93,140,261,35
"2011","Central Bedfordshire 013E","E01017443","Total",1073,72,144,697,160,630,18,26,464,122,443,54,118,233,38
"2011","Central Bedfordshire 014A","E01017446","Total",899,86,158,535,120,487,30,34,322,101,412,56,124,213,19
"2011","Central Bedfordshire 014B","E01017447","Total",1136,96,217,664,159,605,27,37,412,129,531,69,180,252,30
"2011","Central Bedfordshire 014D","E01017449","Total",803,78,136,477,112,422,10,34,288,90,381,68,102,189,22
"2011","Central Bedfordshire 014E","E01033188","Total",735,66,128,433,108,383,20,27,250,86,352,46,101,183,22
"2011","Central Bedfordshire 014F","E01033189","Total",892,70,110,522,190,467,20,19,294,134,425,50,91,228,56
"2011","Central Bedfordshire 014G","E01033190","Total",860,44,114,528,174,456,11,25,294,126,404,33,89,234,48
"2011","Central Bedfordshire 015A","E01017399","Total",863,72,167,492,132,456,11,34,300,111,407,61,133,192,21
"2011","Central Bedfordshire 015B","E01017400","Total",624,59,128,337,100,327,12,19,215,81,297,47,109,122,19
"2011","Central Bedfordshire 015C","E01017401","Total",730,50,127,451,102,401,13,29,272,87,329,37,98,179,15
"2011","Central Bedfordshire 015D","E01017402","Total",792,78,140,449,125,425,20,24,281,100,367,58,116,168,25
"2011","Central Bedfordshire 016A","E01017403","Total",744,71,119,452,102,391,19,19,275,78,353,52,100,177,24
"2011","Central Bedfordshire 016B","E01017404","Total",814,97,148,469,100,435,29,22,296,88,379,68,126,173,12
"2011","Central Bedfordshire 016C","E01017405","Total",895,69,145,561,120,477,23,23,335,96,418,46,122,226,24
"2011","Central Bedfordshire 016D","E01017406","Total",932,103,158,538,133,468,28,28,309,103,464,75,130,229,30
"2011","Central Bedfordshire 016E","E01017407","Total",1000,83,143,647,127,529,13,25,389,102,471,70,118,258,25
"2011","Central Bedfordshire 017A","E01017398","Total",1230,139,210,635,246,664,34,35,410,185,566,105,175,225,61
"2011","Central Bedfordshire 017B","E01017408","Total",570,64,90,339,77,294,19,14,206,55,276,45,76,133,22
"2011","Central Bedfordshire 017C","E01017409","Total",601,63,99,335,104,317,16,19,203,79,284,47,80,132,25
"2011","Central Bedfordshire 017D","E01017445","Total",900,106,151,471,172,465,26,38,277,124,435,80,113,194,48
"2011","Central Bedfordshire 017E","E01017450","Total",1226,132,232,670,192,668,38,60,421,149,558,94,172,249,43
"2011","Central Bedfordshire 018A","E01017558","Total",995,74,169,566,186,516,19,23,338,136,479,55,146,228,50
"2011","Central Bedfordshire 018B","E01017559","Total",833,95,152,461,125,445,33,35,289,88,388,62,117,172,37
"2011","Central Bedfordshire 018C","E01017560","Total",739,81,154,407,97,398,24,35,259,80,341,57,119,148,17
"2011","Central Bedfordshire 018D","E01017616","Total",1261,90,217,751,203,639,18,45,422,154,622,72,172,329,49
"2011","Central Bedfordshire 019A","E01017577","Total",1180,104,209,665,202,636,29,44,412,151,544,75,165,253,51
"2011","Central Bedfordshire 019B","E01017615","Total",1041,128,153,517,243,576,39,30,315,192,465,89,123,202,51
"2011","Central Bedfordshire 019C","E01017620","Total",1011,118,161,569,163,515,33,32,316,134,496,85,129,253,29
"2011","Central Bedfordshire 019D","E01017621","Total",795,88,155,417,135,418,24,34,255,105,377,64,121,162,30
"2011","Central Bedfordshire 019E","E01017622","Total",813,93,144,473,103,405,22,29,275,79,408,71,115,198,24
"2011","Central Bedfordshire 020A","E01017603","Total",837,82,135,493,127,451,16,26,307,102,386,66,109,186,25
"2011","Central Bedfordshire 020B","E01017604","Total",985,114,180,570,121,522,36,31,353,102,463,78,149,217,19
"2011","Central Bedfordshire 020C","E01017605","Total",660,49,145,385,81,352,11,28,248,65,308,38,117,137,16
"2011","Central Bedfordshire 020D","E01017606","Total",767,97,132,404,134,421,34,25,254,108,346,63,107,150,26
"2011","Central Bedfordshire 020E","E01017607","Total",639,88,97,346,108,362,23,26,221,92,277,65,71,125,16
"2011","Central Bedfordshire 021A","E01017555","Total",991,74,141,617,159,545,28,37,354,126,446,46,104,263,33
"2011","Central Bedfordshire 021B","E01017556","Total",913,61,129,589,134,496,15,34,343,104,417,46,95,246,30
"2011","Central Bedfordshire 021C","E01017557","Total",866,83,125,542,116,435,19,22,312,82,431,64,103,230,34
"2011","Central Bedfordshire 021D","E01017608","Total",893,64,143,564,122,466,17,32,318,99,427,47,111,246,23
"2011","Central Bedfordshire 021E","E01017609","Total",727,91,134,412,90,364,15,34,244,71,363,76,100,168,19
"2011","Central Bedfordshire 022A","E01017589","Total",956,76,143,598,139,528,26,50,339,113,428,50,93,259,26
"2011","Central Bedfordshire 022B","E01017590","Total",692,76,122,381,113,376,24,33,231,88,316,52,89,150,25
"2011","Central Bedfordshire 022C","E01017591","Total",903,84,160,537,122,470,20,34,322,94,433,64,126,215,28
"2011","Central Bedfordshire 022D","E01017610","Total",602,59,103,367,73,316,12,24,231,49,286,47,79,136,24
"2011","Central Bedfordshire 023A","E01017611","Total",742,77,144,424,97,379,25,24,250,80,363,52,120,174,17
"2011","Central Bedfordshire 023B","E01017612","Total",754,70,126,459,99,398,24,21,273,80,356,46,105,186,19
"2011","Central Bedfordshire 023C","E01017613","Total",738,72,132,433,101,394,18,37,261,78,344,54,95,172,23
"2011","Central Bedfordshire 023D","E01017614","Total",849,94,133,516,106,474,31,30,323,90,375,63,103,193,16
"2011","Central Bedfordshire 025A","E01017600","Total",1097,75,179,701,142,588,23,42,406,117,509,52,137,295,25
"2011","Central Bedfordshire 025B","E01017601","Total",569,54,101,347,67,290,13,19,206,52,279,41,82,141,15
"2011","Central Bedfordshire 025C","E01017602","Total",716,61,128,449,78,387,13,37,277,60,329,48,91,172,18
"2011","Central Bedfordshire 025D","E01017618","Total",632,60,114,383,75,343,18,24,240,61,289,42,90,143,14
"2011","Central Bedfordshire 025E","E01017619","Total",890,88,155,542,105,484,30,27,330,97,406,58,128,212,8
"2011","Central Bedfordshire 024A","E01017573","Total",725,73,135,412,105,389,21,28,249,91,336,52,107,163,14
"2011","Central Bedfordshire 024C","E01017575","Total",1382,121,174,870,217,740,36,36,497,171,642,85,138,373,46
"2011","Central Bedfordshire 024D","E01017576","Total",761,74,145,427,115,395,22,28,251,94,366,52,117,176,21
"2011","Central Bedfordshire 024E","E01033191","Total",831,59,108,546,118,444,20,21,304,99,387,39,87,242,19
"2011","Central Bedfordshire 024F","E01033192","Total",898,50,109,611,128,489,12,27,345,105,409,38,82,266,23
"2011","Central Bedfordshire 024G","E01033193","Total",902,90,132,551,129,474,28,19,324,103,428,62,113,227,26
"2011","Central Bedfordshire 026A","E01017578","Total",944,74,149,579,142,508,14,31,345,118,436,60,118,234,24
"2011","Central Bedfordshire 026B","E01017579","Total",708,68,125,427,88,358,20,22,238,78,350,48,103,189,10
"2011","Central Bedfordshire 026C","E01017580","Total",1076,83,183,667,143,547,25,33,378,111,529,58,150,289,32
"2011","Central Bedfordshire 026D","E01017581","Total",858,64,150,544,100,454,13,33,330,78,404,51,117,214,22
"2011","Central Bedfordshire 026E","E01017617","Total",622,62,111,366,83,330,17,27,220,66,292,45,84,146,17
"2011","Central Bedfordshire 027A","E01017582","Total",792,75,144,492,81,436,28,29,306,73,356,47,115,186,8
"2011","Central Bedfordshire 027B","E01017583","Total",965,83,180,576,126,505,21,44,335,105,460,62,136,241,21
"2011","Central Bedfordshire 027C","E01017584","Total",928,88,175,554,111,493,29,38,336,90,435,59,137,218,21
"2011","Central Bedfordshire 027D","E01017585","Total",722,72,154,401,95,388,24,34,248,82,334,48,120,153,13
"2011","Central Bedfordshire 028A","E01017566","Total",768,91,148,408,121,398,26,31,242,99,370,65,117,166,22
"2011","Central Bedfordshire 028B","E01017595","Total",527,42,94,332,59,282,13,23,196,50,245,29,71,136,9
"2011","Central Bedfordshire 028C","E01017596","Total",659,57,121,407,74,346,16,32,238,60,313,41,89,169,14
"2011","Central Bedfordshire 028D","E01017597","Total",684,59,120,440,65,370,16,22,276,56,314,43,98,164,9
"2011","Central Bedfordshire 028E","E01017598","Total",584,58,102,376,48,309,19,20,232,38,275,39,82,144,10
"2011","Central Bedfordshire 028F","E01017599","Total",1067,83,163,659,162,559,17,31,382,129,508,66,132,277,33
"2011","Central Bedfordshire 029A","E01017565","Total",688,79,135,375,99,369,21,33,233,82,319,58,102,142,17
"2011","Central Bedfordshire 029B","E01017567","Total",801,71,144,471,115,416,25,25,276,90,385,46,119,195,25
"2011","Central Bedfordshire 029C","E01017568","Total",909,57,162,578,112,489,17,38,350,84,420,40,124,228,28
"2011","Central Bedfordshire 029D","E01017569","Total",840,54,132,545,109,448,11,24,325,88,392,43,108,220,21
"2011","Central Bedfordshire 029E","E01017570","Total",1106,70,147,752,137,610,25,37,450,98,496,45,110,302,39
"2011","Central Bedfordshire 030A","E01017592","Total",772,59,120,490,103,411,17,23,287,84,361,42,97,203,19
"2011","Central Bedfordshire 030B","E01017593","Total",691,72,112,409,98,346,19,20,235,72,345,53,92,174,26
"2011","Central Bedfordshire 030C","E01017594","Total",852,77,197,493,85,456,21,53,311,71,396,56,144,182,14
"2011","Central Bedfordshire 031A","E01017623","Total",910,76,146,535,153,497,18,35,321,123,413,58,111,214,30
"2011","Central Bedfordshire 031B","E01017624","Total",1017,100,178,603,136,499,24,31,342,102,518,76,147,261,34
"2011","Central Bedfordshire 031C","E01017625","Total",782,77,172,429,104,417,27,26,275,89,365,50,146,154,15
"2011","Central Bedfordshire 031D","E01017626","Total",942,103,192,531,116,500,28,37,335,100,442,75,155,196,16
"2011","Central Bedfordshire 032A","E01017571","Total",592,57,113,324,98,295,20,18,188,69,297,37,95,136,29
"2011","Central Bedfordshire 032B","E01017572","Total",712,68,124,388,132,383,19,30,238,96,329,49,94,150,36
"2011","Central Bedfordshire 032C","E01017586","Total",740,75,115,425,125,390,19,24,252,95,350,56,91,173,30
"2011","Central Bedfordshire 032D","E01017587","Total",766,89,130,363,184,419,22,39,220,138,347,67,91,143,46
"2011","Central Bedfordshire 032E","E01017588","Total",579,53,110,328,88,309,15,30,192,72,270,38,80,136,16
"2011","Central Bedfordshire 033A","E01017561","Total",825,85,169,450,121,455,25,45,292,93,370,60,124,158,28
"2011","Central Bedfordshire 033B","E01017562","Total",665,71,123,374,97,340,14,34,221,71,325,57,89,153,26
"2011","Central Bedfordshire 033C","E01017563","Total",786,85,145,460,96,415,23,26,288,78,371,62,119,172,18
"2011","Central Bedfordshire 033D","E01017564","Total",785,54,120,475,136,406,19,26,259,102,379,35,94,216,34
"2011","Luton 001A","E01015706","Total",722,59,124,455,84,369,15,23,272,59,353,44,101,183,25
"2011","Luton 001B","E01015707","Total",789,50,144,498,97,404,14,31,292,67,385,36,113,206,30
"2011","Luton 001C","E01015708","Total",783,80,113,480,110,412,22,19,286,85,371,58,94,194,25
"2011","Luton 001D","E01015709","Total",834,70,150,524,90,436,30,31,302,73,398,40,119,222,17
"2011","Luton 001E","E01015710","Total",844,51,142,539,112,428,15,32,295,86,416,36,110,244,26
"2011","Luton 001F","E01015770","Total",673,60,133,406,74,361,15,33,256,57,312,45,100,150,17
"2011","Luton 002A","E01015801","Total",756,61,125,493,77,396,15,37,290,54,360,46,88,203,23
"2011","Luton 002B","E01015803","Total",768,70,149,475,74,407,23,32,293,59,361,47,117,182,15
"2011","Luton 002C","E01015804","Total",834,77,154,508,95,447,31,41,295,80,387,46,113,213,15
"2011","Luton 002D","E01015805","Total",661,64,113,408,76,360,19,22,252,67,301,45,91,156,9
"2011","Luton 003A","E01015769","Total",567,49,115,353,50,288,18,32,197,41,279,31,83,156,9
"2011","Luton 003B","E01015771","Total",496,47,111,306,32,270,24,45,174,27,226,23,66,132,5
"2011","Luton 003C","E01015772","Total",544,49,129,321,45,281,14,47,187,33,263,35,82,134,12
"2011","Luton 003D","E01015773","Total",518,48,108,331,31,266,12,35,196,23,252,36,73,135,8
"2011","Luton 003E","E01015774","Total",561,47,117,360,37,285,16,32,203,34,276,31,85,157,3
"2011","Luton 003F","E01015802","Total",591,65,136,343,47,307,26,33,209,39,284,39,103,134,8
"2011","Luton 004A","E01015744","Total",648,58,121,408,61,326,20,37,222,47,322,38,84,186,14
"2011","Luton 004B","E01015746","Total",652,69,116,373,94,343,15,39,211,78,309,54,77,162,16
"2011","Luton 004C","E01015747","Total",711,81,132,401,97,368,23,29,241,75,343,58,103,160,22
"2011","Luton 004D","E01015748","Total",682,69,128,416,69,349,14,39,243,53,333,55,89,173,16
"2011","Luton 005A","E01015749","Total",686,64,157,420,45,380,27,61,257,35,306,37,96,163,10
"2011","Luton 005B","E01015751","Total",673,59,135,425,54,337,27,39,231,40,336,32,96,194,14
"2011","Luton 005C","E01015752","Total",593,36,115,383,59,314,10,39,220,45,279,26,76,163,14
"2011","Luton 005D","E01015753","Total",777,38,122,531,86,415,15,30,297,73,362,23,92,234,13
"2011","Luton 005E","E01015754","Total",650,38,153,400,59,327,11,53,219,44,323,27,100,181,15
"2011","Luton 005F","E01015755","Total",706,59,151,436,60,365,17,49,253,46,341,42,102,183,14
"2011","Luton 006A","E01015764","Total",695,65,139,415,76,371,22,49,243,57,324,43,90,172,19
"2011","Luton 006B","E01015765","Total",737,67,139,464,67,386,22,34,278,52,351,45,105,186,15
"2011","Luton 006C","E01015766","Total",731,67,138,460,66,392,24,50,271,47,339,43,88,189,19
"2011","Luton 006D","E01015767","Total",745,67,152,437,89,408,21,52,263,72,337,46,100,174,17
"2011","Luton 006E","E01015768","Total",647,48,157,382,60,337,18,47,228,44,310,30,110,154,16
"2011","Luton 006F","E01015783","Total",680,78,152,383,67,407,33,78,245,51,273,45,74,138,16
"2011","Luton 006G","E01015785","Total",972,86,173,603,110,524,33,61,353,77,448,53,112,250,33
"2011","Luton 007A","E01015693","Total",764,64,135,451,114,398,19,29,271,79,366,45,106,180,35
"2011","Luton 007B","E01015694","Total",645,51,127,381,86,355,19,31,239,66,290,32,96,142,20
"2011","Luton 007C","E01015695","Total",727,69,143,434,81,411,29,58,262,62,316,40,85,172,19
"2011","Luton 007D","E01015696","Total",734,66,137,457,74,361,20,24,261,56,373,46,113,196,18
"2011","Luton 007E","E01015697","Total",915,83,162,552,118,478,14,30,340,94,437,69,132,212,24
"2011","Luton 007F","E01015745","Total",721,75,145,413,88,389,30,45,252,62,332,45,100,161,26
"2011","Luton 008A","E01015797","Total",674,61,131,409,73,345,24,24,235,62,329,37,107,174,11
"2011","Luton 008B","E01015798","Total",650,63,125,401,61,343,16,32,248,47,307,47,93,153,14
"2011","Luton 008C","E01015799","Total",721,66,121,458,76,384,19,21,284,60,337,47,100,174,16
"2011","Luton 008D","E01015800","Total",801,81,147,473,100,432,28,36,283,85,369,53,111,190,15
"2011","Luton 008E","E01015812","Total",822,83,130,531,78,411,19,29,300,63,411,64,101,231,15
"2011","Luton 008F","E01015813","Total",626,47,108,403,68,336,14,29,241,52,290,33,79,162,16
"2011","Luton 009A","E01015756","Total",815,56,147,526,86,408,14,37,290,67,407,42,110,236,19
"2011","Luton 009B","E01015757","Total",577,56,125,348,48,288,17,31,199,41,289,39,94,149,7
"2011","Luton 009C","E01015758","Total",722,77,141,449,55,372,28,41,260,43,350,49,100,189,12
"2011","Luton 009D","E01015759","Total",576,54,119,350,53,306,22,33,204,47,270,32,86,146,6
"2011","Luton 009E","E01015760","Total",560,44,129,346,41,290,17,48,195,30,270,27,81,151,11
"2011","Luton 009F","E01015761","Total",674,69,143,390,72,357,25,39,239,54,317,44,104,151,18
"2011","Luton 010A","E01015700","Total",993,88,182,610,113,602,33,80,394,95,391,55,102,216,18
"2011","Luton 010B","E01015701","Total",694,87,183,365,59,481,57,113,259,52,213,30,70,106,7
"2011","Luton 010C","E01015704","Total",645,88,195,331,31,421,39,119,241,22,224,49,76,90,9
"2011","Luton 010D","E01015782","Total",756,90,174,423,69,454,30,88,278,58,302,60,86,145,11
"2011","Luton 010E","E01015784","Total",766,73,182,431,80,502,30,113,294,65,264,43,69,137,15
"2011","Luton 010F","E01015786","Total",727,111,187,352,77,464,46,114,237,67,263,65,73,115,10
"2011","Luton 011A","E01015711","Total",653,63,121,398,71,395,24,59,255,57,258,39,62,143,14
"2011","Luton 011B","E01015712","Total",718,79,143,435,61,418,32,57,279,50,300,47,86,156,11
"2011","Luton 011C","E01015715","Total",606,62,136,357,51,384,22,77,244,41,222,40,59,113,10
"2011","Luton 011D","E01015716","Total",743,48,144,480,71,393,19,58,262,54,350,29,86,218,17
"2011","Luton 011E","E01015717","Total",611,45,118,389,59,352,19,50,243,40,259,26,68,146,19
"2011","Luton 011F","E01015750","Total",964,69,182,627,86,547,31,69,385,62,417,38,113,242,24
"2011","Luton 012A","E01015740","Total",819,72,118,522,107,428,20,28,303,77,391,52,90,219,30
"2011","Luton 012B","E01015775","Total",845,86,136,525,98,433,43,27,292,71,412,43,109,233,27
"2011","Luton 012C","E01015776","Total",830,75,173,484,98,433,18,47,286,82,397,57,126,198,16
"2011","Luton 012D","E01015777","Total",844,89,140,519,96,463,45,36,311,71,381,44,104,208,25
"2011","Luton 012E","E01015778","Total",940,81,182,559,118,500,29,47,336,88,440,52,135,223,30
"2011","Luton 012F","E01015796","Total",686,69,128,408,81,378,24,37,253,64,308,45,91,155,17
"2011","Luton 013A","E01015713","Total",557,62,88,347,60,313,17,50,197,49,244,45,38,150,11
"2011","Luton 013B","E01015714","Total",765,63,143,476,83,429,28,58,281,62,336,35,85,195,21
"2011","Luton 013C","E01015718","Total",800,52,121,550,77,384,11,36,275,62,416,41,85,275,15
"2011","Luton 013D","E01015762","Total",781,68,131,489,93,407,28,27,279,73,374,40,104,210,20
"2011","Luton 013E","E01015763","Total",650,63,124,403,60,343,19,38,237,49,307,44,86,166,11
"2011","Luton 014A","E01015721","Total",771,54,128,488,101,427,20,25,301,81,344,34,103,187,20
"2011","Luton 014B","E01015722","Total",640,44,120,407,69,347,14,29,249,55,293,30,91,158,14
"2011","Luton 014C","E01015806","Total",807,61,129,536,81,419,16,24,313,66,388,45,105,223,15
"2011","Luton 014D","E01015808","Total",863,61,136,569,97,449,23,29,320,77,414,38,107,249,20
"2011","Luton 014E","E01015809","Total",844,82,153,510,99,463,24,38,316,85,381,58,115,194,14
"2011","Luton 014F","E01015810","Total",752,65,112,469,106,388,19,15,270,84,364,46,97,199,22
"2011","Luton 014G","E01015811","Total",883,58,156,570,99,461,18,29,333,81,422,40,127,237,18
"2011","Luton 015A","E01015703","Total",633,81,164,344,44,444,36,111,259,38,189,45,53,85,6
"2011","Luton 015B","E01015726","Total",756,80,177,432,67,495,38,109,298,50,261,42,68,134,17
"2011","Luton 015C","E01015731","Total",721,70,156,438,57,459,33,86,292,48,262,37,70,146,9
"2011","Luton 015D","E01015787","Total",702,78,145,424,55,450,27,82,294,47,252,51,63,130,8
"2011","Luton 015E","E01015788","Total",642,71,147,368,56,431,25,95,263,48,211,46,52,105,8
"2011","Luton 016A","E01015719","Total",757,69,138,464,86,423,27,38,294,64,334,42,100,170,22
"2011","Luton 016B","E01015720","Total",646,45,141,395,65,356,19,61,225,51,290,26,80,170,14
"2011","Luton 016C","E01015723","Total",668,53,113,426,76,356,15,30,257,54,312,38,83,169,22
"2011","Luton 016D","E01015779","Total",615,55,116,349,95,344,14,43,205,82,271,41,73,144,13
"2011","Luton 016E","E01015780","Total",878,86,156,535,101,483,30,44,327,82,395,56,112,208,19
"2011","Luton 016F","E01015781","Total",703,68,148,412,75,385,24,50,245,66,318,44,98,167,9
"2011","Luton 016G","E01015807","Total",606,69,115,378,44,304,14,35,221,34,302,55,80,157,10
"2011","Luton 017A","E01015698","Total",657,91,182,342,42,432,46,119,236,31,225,45,63,106,11
"2011","Luton 017B","E01015699","Total",650,104,196,313,37,397,36,134,196,31,253,68,62,117,6
"2011","Luton 017C","E01015702","Total",585,85,143,320,37,393,47,91,230,25,192,38,52,90,12
"2011","Luton 017D","E01015705","Total",625,86,160,349,30,417,47,98,249,23,208,39,62,100,7
"2011","Luton 017E","E01015725","Total",442,54,149,212,27,317,32,111,151,23,125,22,38,61,4
"2011","Luton 017F","E01015727","Total",611,74,179,319,39,440,34,127,250,29,171,40,52,69,10
"2011","Luton 018A","E01015739","Total",1116,73,167,746,130,672,36,78,460,98,444,37,89,286,32
"2011","Luton 018B","E01015741","Total",1037,101,188,647,101,609,56,81,399,73,428,45,107,248,28
"2011","Luton 018C","E01015742","Total",978,62,166,674,76,548,27,70,402,49,430,35,96,272,27
"2011","Luton 018D","E01015743","Total",707,65,124,442,76,413,30,57,272,54,294,35,67,170,22
"2011","Luton 018E","E01015789","Total",636,84,161,358,33,377,40,80,232,25,259,44,81,126,8
"2011","Luton 018F","E01015794","Total",1099,145,238,616,100,624,72,99,370,83,475,73,139,246,17
"2011","Luton 019A","E01015724","Total",908,84,201,541,82,586,42,115,359,70,322,42,86,182,12
"2011","Luton 019B","E01015728","Total",618,82,149,344,43,380,27,80,235,38,238,55,69,109,5
"2011","Luton 019C","E01015729","Total",731,74,158,439,60,463,38,92,289,44,268,36,66,150,16
"2011","Luton 019D","E01015730","Total",936,117,218,539,62,587,60,122,358,47,349,57,96,181,15
"2011","Luton 020A","E01015732","Total",569,48,132,344,45,277,13,38,192,34,292,35,94,152,11
"2011","Luton 020B","E01015733","Total",641,68,157,377,39,351,15,60,242,34,290,53,97,135,5
"2011","Luton 020C","E01015734","Total",927,90,173,571,93,492,25,59,336,72,435,65,114,235,21
"2011","Luton 020D","E01015735","Total",843,83,160,527,73,461,33,59,308,61,382,50,101,219,12
"2011","Luton 020E","E01015736","Total",629,47,133,397,52,338,12,51,239,36,291,35,82,158,16
"2011","Luton 020F","E01015737","Total",644,62,134,395,53,347,21,48,234,44,297,41,86,161,9
"2011","Luton 021A","E01015738","Total",952,128,152,567,105,551,64,63,341,83,401,64,89,226,22
"2011","Luton 021B","E01015790","Total",809,67,157,522,63,432,22,49,312,49,377,45,108,210,14
"2011","Luton 021C","E01015791","Total",1081,120,220,616,125,619,52,87,373,107,462,68,133,243,18
"2011","Luton 021D","E01015792","Total",923,91,172,577,83,498,35,61,344,58,425,56,111,233,25
"2011","Luton 021E","E01015793","Total",904,94,145,552,113,492,33,37,339,83,412,61,108,213,30
"2011","Luton 021F","E01015795","Total",1013,101,177,661,74,606,47,81,415,63,407,54,96,246,11
"2011","Peterborough 001A","E01015629","Total",857,99,168,457,133,464,40,27,285,112,393,59,141,172,21
"2011","Peterborough 001B","E01015635","Total",761,83,156,399,123,400,23,20,259,98,361,60,136,140,25
"2011","Peterborough 001C","E01015636","Total",578,56,103,296,123,310,12,21,181,96,268,44,82,115,27
"2011","Peterborough 001D","E01015679","Total",984,76,176,615,117,509,24,25,369,91,475,52,151,246,26
"2011","Peterborough 002A","E01015678","Total",816,71,146,520,79,426,16,28,316,66,390,55,118,204,13
"2011","Peterborough 002B","E01015680","Total",671,52,153,403,63,329,9,32,243,45,342,43,121,160,18
"2011","Peterborough 002C","E01015681","Total",912,77,185,545,105,457,25,24,332,76,455,52,161,213,29
"2011","Peterborough 002D","E01015682","Total",833,69,148,523,93,429,21,26,304,78,404,48,122,219,15
"2011","Peterborough 003A","E01015630","Total",836,70,166,465,135,457,22,41,283,111,379,48,125,182,24
"2011","Peterborough 003B","E01015631","Total",731,67,151,425,88,389,21,31,274,63,342,46,120,151,25
"2011","Peterborough 003C","E01015659","Total",1186,82,219,747,138,633,25,37,460,111,553,57,182,287,27
"2011","Peterborough 003D","E01015684","Total",715,84,139,405,87,372,28,30,243,71,343,56,109,162,16
"2011","Peterborough 003E","E01015685","Total",851,82,169,528,72,434,22,31,326,55,417,60,138,202,17
"2011","Peterborough 004A","E01015589","Total",780,97,152,398,133,416,26,34,250,106,364,71,118,148,27
"2011","Peterborough 004B","E01015590","Total",563,68,86,298,111,314,20,21,190,83,249,48,65,108,28
"2011","Peterborough 004C","E01015626","Total",837,50,113,573,101,473,15,14,356,88,364,35,99,217,13
"2011","Peterborough 004D","E01015628","Total",1540,83,152,990,315,955,39,24,638,254,585,44,128,352,61
"2011","Peterborough 005A","E01015617","Total",700,69,122,386,123,372,18,22,233,99,328,51,100,153,24
"2011","Peterborough 005B","E01015618","Total",516,46,90,291,89,270,18,17,159,76,246,28,73,132,13
"2011","Peterborough 005C","E01015619","Total",1002,87,191,622,102,499,20,29,366,84,503,67,162,256,18
"2011","Peterborough 005D","E01015620","Total",868,92,169,491,116,450,22,26,307,95,418,70,143,184,21
"2011","Peterborough 006A","E01015674","Total",703,44,147,439,73,358,11,37,255,55,345,33,110,184,18
"2011","Peterborough 006B","E01015675","Total",811,69,166,471,105,429,20,44,280,85,382,49,122,191,20
"2011","Peterborough 006C","E01015676","Total",773,72,130,493,78,412,24,25,293,70,361,48,105,200,8
"2011","Peterborough 006D","E01015683","Total",840,84,163,493,100,443,31,38,300,74,397,53,125,193,26
"2011","Peterborough 006E","E01015686","Total",685,78,123,398,86,360,33,27,229,71,325,45,96,169,15
"2011","Peterborough 007A","E01015607","Total",583,48,120,373,42,310,17,37,216,40,273,31,83,157,2
"2011","Peterborough 007B","E01015609","Total",637,55,160,357,65,355,18,54,234,49,282,37,106,123,16
"2011","Peterborough 007C","E01015656","Total",662,62,139,400,61,330,15,33,232,50,332,47,106,168,11
"2011","Peterborough 007D","E01015657","Total",831,57,153,519,102,446,16,35,319,76,385,41,118,200,26
"2011","Peterborough 007E","E01015658","Total",554,46,118,340,50,305,20,22,223,40,249,26,96,117,10
"2011","Peterborough 007F","E01015660","Total",723,56,129,468,70,359,10,15,282,52,364,46,114,186,18
"2011","Peterborough 008A","E01015605","Total",645,57,148,386,54,351,22,50,240,39,294,35,98,146,15
"2011","Peterborough 008B","E01015608","Total",646,40,150,398,58,348,9,47,246,46,298,31,103,152,12
"2011","Peterborough 008C","E01015610","Total",647,47,149,406,45,339,10,39,252,38,308,37,110,154,7
"2011","Peterborough 008D","E01015633","Total",887,73,180,556,78,465,21,45,340,59,422,52,135,216,19
"2011","Peterborough 008E","E01015634","Total",745,43,162,481,59,428,15,55,311,47,317,28,107,170,12
"2011","Peterborough 009A","E01015593","Total",608,38,139,384,47,328,18,31,240,39,280,20,108,144,8
"2011","Peterborough 009B","E01015596","Total",715,58,147,440,70,382,22,43,264,53,333,36,104,176,17
"2011","Peterborough 009C","E01015662","Total",635,44,141,404,46,344,10,45,252,37,291,34,96,152,9
"2011","Peterborough 009D","E01015663","Total",571,54,124,357,36,293,14,33,218,28,278,40,91,139,8
"2011","Peterborough 009E","E01015664","Total",692,56,152,441,43,367,26,50,258,33,325,30,102,183,10
"2011","Peterborough 010A","E01015603","Total",957,64,240,590,63,590,26,132,387,45,367,38,108,203,18
"2011","Peterborough 010B","E01015604","Total",684,54,213,378,39,438,36,111,259,32,246,18,102,119,7
"2011","Peterborough 010C","E01015632","Total",898,77,182,562,77,497,30,65,346,56,401,47,117,216,21
"2011","Peterborough 010D","E01015661","Total",720,62,144,433,81,414,27,51,275,61,306,35,93,158,20
"2011","Peterborough 010E","E01015677","Total",574,33,95,391,55,299,6,23,231,39,275,27,72,160,16
"2011","Peterborough 011A","E01015591","Total",755,82,164,431,78,400,32,43,259,66,355,50,121,172,12
"2011","Peterborough 011B","E01015592","Total",720,71,146,424,79,372,15,24,269,64,348,56,122,155,15
"2011","Peterborough 011C","E01015594","Total",894,66,188,565,75,468,21,46,343,58,426,45,142,222,17
"2011","Peterborough 011D","E01015595","Total",623,40,129,401,53,313,10,25,234,44,310,30,104,167,9
"2011","Peterborough 011E","E01015597","Total",680,63,136,422,59,348,18,33,254,43,332,45,103,168,16
"2011","Peterborough 012A","E01015601","Total",724,60,217,413,34,477,34,122,292,29,247,26,95,121,5
"2011","Peterborough 012B","E01015651","Total",956,78,190,597,91,562,29,81,375,77,394,49,109,222,14
"2011","Peterborough 012C","E01015652","Total",912,59,191,591,71,532,21,99,366,46,380,38,92,225,25
"2011","Peterborough 012D","E01015653","Total",879,74,219,491,95,477,23,77,304,73,402,51,142,187,22
"2011","Peterborough 012E","E01015654","Total",1040,87,227,610,116,586,29,87,374,96,454,58,140,236,20
"2011","Peterborough 013A","E01015606","Total",835,51,158,547,79,446,16,43,321,66,389,35,115,226,13
"2011","Peterborough 013B","E01015611","Total",898,68,174,585,71,521,32,61,376,52,377,36,113,209,19
"2011","Peterborough 013C","E01015613","Total",717,56,114,476,71,404,22,27,295,60,313,34,87,181,11
"2011","Peterborough 013D","E01015614","Total",987,81,182,622,102,513,22,41,370,80,474,59,141,252,22
"2011","Peterborough 013E","E01015615","Total",650,70,128,384,68,363,21,49,245,48,287,49,79,139,20
"2011","Peterborough 013F","E01015616","Total",649,54,162,391,42,378,26,67,252,33,271,28,95,139,9
"2011","Peterborough 014A","E01015599","Total",834,37,169,549,79,533,18,89,363,63,301,19,80,186,16
"2011","Peterborough 014B","E01015600","Total",743,74,184,437,48,500,38,108,312,42,243,36,76,125,6
"2011","Peterborough 014C","E01015602","Total",1039,81,184,680,94,599,38,86,406,69,440,43,98,274,25
"2011","Peterborough 014D","E01015612","Total",1044,80,202,687,75,591,36,76,425,54,453,44,126,262,21
"2011","Peterborough 014E","E01015655","Total",1167,80,177,761,149,669,29,71,463,106,498,51,106,298,43
"2011","Peterborough 015A","E01015598","Total",783,66,149,467,101,420,23,37,284,76,363,43,112,183,25
"2011","Peterborough 015B","E01015687","Total",695,86,145,403,61,369,21,45,252,51,326,65,100,151,10
"2011","Peterborough 015C","E01015689","Total",655,91,125,355,84,345,27,35,213,70,310,64,90,142,14
"2011","Peterborough 015D","E01015690","Total",591,59,107,312,113,329,18,27,197,87,262,41,80,115,26
"2011","Peterborough 015E","E01015691","Total",541,62,101,329,49,298,25,37,194,42,243,37,64,135,7
"2011","Peterborough 016A","E01015622","Total",1368,69,192,934,173,752,23,59,536,134,616,46,133,398,39
"2011","Peterborough 016C","E01015665","Total",722,69,168,440,45,428,29,96,272,31,294,40,72,168,14
"2011","Peterborough 016D","E01015688","Total",706,45,101,463,97,391,19,41,262,69,315,26,60,201,28
"2011","Peterborough 016E","E01015692","Total",610,54,150,349,57,358,25,67,227,39,252,29,83,122,18
"2011","Peterborough 016F","E01033173","Total",1153,53,193,755,152,614,18,31,447,118,539,35,162,308,34
"2011","Peterborough 016G","E01033182","Total",743,37,130,508,68,403,11,40,299,53,340,26,90,209,15
"2011","Peterborough 017A","E01015621","Total",1114,60,162,770,122,602,23,48,435,96,512,37,114,335,26
"2011","Peterborough 017B","E01015623","Total",886,66,148,591,81,476,27,27,356,66,410,39,121,235,15
"2011","Peterborough 017C","E01015624","Total",932,57,159,621,95,501,18,44,373,66,431,39,115,248,29
"2011","Peterborough 017D","E01015666","Total",573,55,108,342,68,306,18,22,208,58,267,37,86,134,10
"2011","Peterborough 017E","E01015668","Total",907,59,145,619,84,488,21,27,369,71,419,38,118,250,13
"2011","Peterborough 018A","E01015627","Total",857,97,157,420,183,453,23,39,247,144,404,74,118,173,39
"2011","Peterborough 018B","E01015644","Total",1119,65,164,750,140,599,24,32,427,116,520,41,132,323,24
"2011","Peterborough 018C","E01015645","Total",966,83,175,592,116,488,25,34,342,87,478,58,141,250,29
"2011","Peterborough 018D","E01015646","Total",922,107,150,544,121,480,31,31,323,95,442,76,119,221,26
"2011","Peterborough 018E","E01015648","Total",726,64,128,411,123,371,27,25,231,88,355,37,103,180,35
"2011","Peterborough 019A","E01015667","Total",724,48,122,462,92,395,14,25,283,73,329,34,97,179,19
"2011","Peterborough 019B","E01015669","Total",695,72,129,415,79,370,19,25,261,65,325,53,104,154,14
"2011","Peterborough 019C","E01015670","Total",665,59,123,426,57,379,24,23,285,47,286,35,100,141,10
"2011","Peterborough 019D","E01015671","Total",798,57,153,520,68,416,21,34,307,54,382,36,119,213,14
"2011","Peterborough 019E","E01015672","Total",808,56,157,490,105,431,18,29,298,86,377,38,128,192,19
"2011","Peterborough 019F","E01015673","Total",630,55,128,362,85,326,14,23,225,64,304,41,105,137,21
"2011","Peterborough 021A","E01015637","Total",613,54,126,388,45,298,13,31,216,38,315,41,95,172,7
"2011","Peterborough 021B","E01015639","Total",664,52,110,447,55,340,12,26,255,47,324,40,84,192,8
"2011","Peterborough 021C","E01015640","Total",759,50,136,495,78,409,19,42,285,63,350,31,94,210,15
"2011","Peterborough 021D","E01015641","Total",540,49,94,349,48,291,17,22,213,39,249,32,72,136,9
"2011","Peterborough 021E","E01015642","Total",613,42,122,394,55,328,12,33,240,43,285,30,89,154,12
"2011","Peterborough 021F","E01015647","Total",501,52,91,305,53,259,18,30,176,35,242,34,61,129,18
"2011","Peterborough 022A","E01015638","Total",677,47,130,400,100,371,10,31,256,74,306,37,99,144,26
"2011","Peterborough 022B","E01015650","Total",1130,80,178,706,166,611,30,36,419,126,519,50,142,287,40
"2011","Peterborough 022C","E01033174","Total",574,33,96,376,69,292,11,22,206,53,282,22,74,170,16
"2011","Peterborough 022D","E01033179","Total",752,66,156,450,80,367,19,36,253,59,385,47,120,197,21
"2011","Peterborough 022E","E01033181","Total",867,71,133,542,121,466,23,30,315,98,401,48,103,227,23
"2011","Peterborough 023A","E01015643","Total",688,49,136,441,62,369,19,31,271,48,319,30,105,170,14
"2011","Peterborough 023B","E01033175","Total",807,63,136,510,98,432,17,25,313,77,375,46,111,197,21
"2011","Peterborough 023C","E01033176","Total",865,54,136,554,121,467,19,24,329,95,398,35,112,225,26
"2011","Peterborough 023D","E01033177","Total",804,61,108,518,117,434,17,23,305,89,370,44,85,213,28
"2011","Peterborough 023E","E01033178","Total",755,48,123,493,91,382,13,21,275,73,373,35,102,218,18
"2011","Peterborough 023F","E01033180","Total",837,44,129,559,105,436,12,21,322,81,401,32,108,237,24
"2011","Southend-on-Sea 001A","E01015833","Total",748,102,151,390,105,406,32,34,254,86,342,70,117,136,19
"2011","Southend-on-Sea 001B","E01015834","Total",725,82,150,401,92,380,23,25,258,74,345,59,125,143,18
"2011","Southend-on-Sea 001C","E01015835","Total",748,94,163,401,90,422,38,39,274,71,326,56,124,127,19
"2011","Southend-on-Sea 001D","E01015836","Total",730,93,134,408,95,382,17,32,255,78,348,76,102,153,17
"2011","Southend-on-Sea 001E","E01015837","Total",819,93,151,482,93,443,25,34,305,79,376,68,117,177,14
"2011","Southend-on-Sea 001F","E01015838","Total",694,92,160,369,73,359,23,35,239,62,335,69,125,130,11
"2011","Southend-on-Sea 002A","E01015863","Total",1231,128,248,695,160,653,39,46,438,130,578,89,202,257,30
"2011","Southend-on-Sea 002B","E01015864","Total",619,78,119,339,83,324,29,18,209,68,295,49,101,130,15
"2011","Southend-on-Sea 002C","E01015865","Total",672,64,138,389,81,352,18,34,234,66,320,46,104,155,15
"2011","Southend-on-Sea 002D","E01015866","Total",756,71,142,452,91,396,19,30,264,83,360,52,112,188,8
"2011","Southend-on-Sea 002E","E01015867","Total",534,56,102,308,68,275,21,26,172,56,259,35,76,136,12
"2011","Southend-on-Sea 002F","E01015868","Total",738,84,160,416,78,406,27,52,264,63,332,57,108,152,15
"2011","Southend-on-Sea 003A","E01015814","Total",632,72,137,331,92,331,19,34,204,74,301,53,103,127,18
"2011","Southend-on-Sea 003B","E01015815","Total",792,106,170,402,114,410,27,46,242,95,382,79,124,160,19
"2011","Southend-on-Sea 003C","E01015816","Total",627,70,121,347,89,355,19,38,223,75,272,51,83,124,14
"2011","Southend-on-Sea 003D","E01015817","Total",658,90,141,341,86,357,27,34,221,75,301,63,107,120,11
"2011","Southend-on-Sea 003E","E01015818","Total",733,80,140,398,115,383,21,29,245,88,350,59,111,153,27
"2011","Southend-on-Sea 003F","E01015819","Total",639,64,151,346,78,329,18,37,209,65,310,46,114,137,13
"2011","Southend-on-Sea 004A","E01015857","Total",717,87,142,380,108,372,21,30,230,91,345,66,112,150,17
"2011","Southend-on-Sea 004B","E01015858","Total",848,104,186,448,110,447,24,43,293,87,401,80,143,155,23
"2011","Southend-on-Sea 004C","E01015859","Total",867,79,184,496,108,468,24,49,306,89,399,55,135,190,19
"2011","Southend-on-Sea 004D","E01015860","Total",762,85,158,425,94,401,21,36,270,74,361,64,122,155,20
"2011","Southend-on-Sea 004E","E01015861","Total",705,75,144,406,80,374,24,31,266,53,331,51,113,140,27
"2011","Southend-on-Sea 004F","E01015862","Total",749,61,132,481,75,398,22,49,266,61,351,39,83,215,14
"2011","Southend-on-Sea 005A","E01015820","Total",589,55,122,343,69,303,19,29,211,44,286,36,93,132,25
"2011","Southend-on-Sea 005B","E01015821","Total",749,83,144,412,110,408,21,33,265,89,341,62,111,147,21
"2011","Southend-on-Sea 005C","E01015822","Total",603,65,133,302,103,309,18,30,186,75,294,47,103,116,28
"2011","Southend-on-Sea 005D","E01015823","Total",853,76,175,490,112,445,21,36,301,87,408,55,139,189,25
"2011","Southend-on-Sea 005E","E01015824","Total",650,72,128,371,79,339,19,31,228,61,311,53,97,143,18
"2011","Southend-on-Sea 005F","E01015825","Total",684,84,129,386,85,365,21,36,236,72,319,63,93,150,13
"2011","Southend-on-Sea 005G","E01015826","Total",653,71,139,366,77,349,16,34,237,62,304,55,105,129,15
"2011","Southend-on-Sea 006A","E01015869","Total",749,63,165,424,97,397,23,36,266,72,352,40,129,158,25
"2011","Southend-on-Sea 006B","E01015870","Total",821,83,177,465,96,431,25,35,298,73,390,58,142,167,23
"2011","Southend-on-Sea 006C","E01015871","Total",735,82,141,427,85,396,22,29,275,70,339,60,112,152,15
"2011","Southend-on-Sea 006D","E01015872","Total",817,78,149,488,102,441,23,38,302,78,376,55,111,186,24
"2011","Southend-on-Sea 006E","E01015873","Total",658,43,115,418,82,336,9,22,242,63,322,34,93,176,19
"2011","Southend-on-Sea 006F","E01015874","Total",836,66,156,497,117,460,16,38,306,100,376,50,118,191,17
"2011","Southend-on-Sea 006G","E01015875","Total",653,64,153,372,64,350,25,42,234,49,303,39,111,138,15
"2011","Southend-on-Sea 007A","E01015901","Total",756,60,144,452,100,407,22,53,260,72,349,38,91,192,28
"2011","Southend-on-Sea 007B","E01015902","Total",844,62,164,538,80,451,23,64,305,59,393,39,100,233,21
"2011","Southend-on-Sea 007C","E01015903","Total",846,59,161,522,104,430,16,40,299,75,416,43,121,223,29
"2011","Southend-on-Sea 007D","E01015904","Total",869,70,169,518,112,446,19,61,283,83,423,51,108,235,29
"2011","Southend-on-Sea 007E","E01015905","Total",697,62,130,415,90,371,18,35,253,65,326,44,95,162,25
"2011","Southend-on-Sea 007F","E01015906","Total",796,62,148,488,98,428,22,45,281,80,368,40,103,207,18
"2011","Southend-on-Sea 007G","E01015907","Total",721,48,133,477,63,389,22,40,280,47,332,26,93,197,16
"2011","Southend-on-Sea 008A","E01015908","Total",772,107,137,382,146,419,23,32,248,116,353,84,105,134,30
"2011","Southend-on-Sea 008B","E01015909","Total",801,68,145,435,153,446,20,40,265,121,355,48,105,170,32
"2011","Southend-on-Sea 008C","E01015910","Total",731,101,131,373,126,410,21,32,247,110,321,80,99,126,16
"2011","Southend-on-Sea 008D","E01015911","Total",624,72,118,319,115,325,24,23,195,83,299,48,95,124,32
"2011","Southend-on-Sea 008E","E01015912","Total",717,93,141,374,109,378,25,40,232,81,339,68,101,142,28
"2011","Southend-on-Sea 008F","E01015913","Total",844,96,144,477,127,443,22,43,287,91,401,74,101,190,36
"2011","Southend-on-Sea 009A","E01015883","Total",585,78,120,287,100,309,30,20,179,80,276,48,100,108,20
"2011","Southend-on-Sea 009B","E01015884","Total",954,65,158,585,146,504,15,33,346,110,450,50,125,239,36
"2011","Southend-on-Sea 009C","E01015885","Total",651,92,121,316,122,355,23,23,202,107,296,69,98,114,15
"2011","Southend-on-Sea 009D","E01015886","Total",490,39,137,272,42,259,15,45,168,31,231,24,92,104,11
"2011","Southend-on-Sea 009E","E01015887","Total",615,78,164,308,65,310,30,46,178,56,305,48,118,130,9
"2011","Southend-on-Sea 009F","E01015888","Total",575,80,123,294,78,296,24,29,185,58,279,56,94,109,20
"2011","Southend-on-Sea 010A","E01015895","Total",759,54,167,465,73,419,30,66,268,55,340,24,101,197,18
"2011","Southend-on-Sea 010B","E01015896","Total",780,71,152,450,107,426,26,49,271,80,354,45,103,179,27
"2011","Southend-on-Sea 010C","E01015897","Total",866,73,182,506,105,451,14,44,311,82,415,59,138,195,23
"2011","Southend-on-Sea 010D","E01015898","Total",714,72,156,398,88,384,23,50,244,67,330,49,106,154,21
"2011","Southend-on-Sea 010E","E01015899","Total",894,84,168,545,97,484,27,58,321,78,410,57,110,224,19
"2011","Southend-on-Sea 010F","E01015900","Total",713,40,140,458,75,385,13,40,274,58,328,27,100,184,17
"2011","Southend-on-Sea 011A","E01015845","Total",924,102,156,515,151,470,24,31,304,111,454,78,125,211,40
"2011","Southend-on-Sea 011B","E01015846","Total",931,72,154,564,141,497,22,38,330,107,434,50,116,234,34
"2011","Southend-on-Sea 011C","E01015847","Total",990,87,155,590,158,528,23,39,353,113,462,64,116,237,45
"2011","Southend-on-Sea 011D","E01015848","Total",858,77,139,482,160,457,17,39,286,115,401,60,100,196,45
"2011","Southend-on-Sea 011E","E01015849","Total",951,86,145,579,141,495,15,33,348,99,456,71,112,231,42
"2011","Southend-on-Sea 011F","E01015850","Total",875,90,150,503,132,466,22,39,303,102,409,68,111,200,30
"2011","Southend-on-Sea 012A","E01015827","Total",735,81,129,382,143,423,25,38,248,112,312,56,91,134,31
"2011","Southend-on-Sea 012B","E01015828","Total",869,38,117,559,155,492,13,35,326,118,377,25,82,233,37
"2011","Southend-on-Sea 012C","E01015829","Total",810,88,135,470,117,407,21,33,270,83,403,67,102,200,34
"2011","Southend-on-Sea 012D","E01015830","Total",773,124,112,379,158,422,36,29,231,126,351,88,83,148,32
"2011","Southend-on-Sea 012E","E01015831","Total",1184,116,157,740,171,676,60,48,448,120,508,56,109,292,51
"2011","Southend-on-Sea 012F","E01015832","Total",685,69,106,386,124,384,17,33,242,92,301,52,73,144,32
"2011","Southend-on-Sea 013A","E01015876","Total",1107,97,210,643,157,584,31,49,378,126,523,66,161,265,31
"2011","Southend-on-Sea 013B","E01015877","Total",840,66,162,488,124,432,14,29,298,91,408,52,133,190,33
"2011","Southend-on-Sea 013C","E01015878","Total",753,64,134,439,116,379,14,28,243,94,374,50,106,196,22
"2011","Southend-on-Sea 013D","E01015879","Total",622,48,146,364,64,314,18,34,215,47,308,30,112,149,17
"2011","Southend-on-Sea 013E","E01015880","Total",557,50,134,310,63,294,15,34,202,43,263,35,100,108,20
"2011","Southend-on-Sea 013F","E01015881","Total",642,79,116,366,81,335,19,23,231,62,307,60,93,135,19
"2011","Southend-on-Sea 013G","E01015882","Total",703,59,160,408,76,369,21,37,252,59,334,38,123,156,17
"2011","Southend-on-Sea 014A","E01015839","Total",760,71,154,436,99,401,25,42,259,75,359,46,112,177,24
"2011","Southend-on-Sea 014B","E01015840","Total",816,71,147,494,104,455,26,48,300,81,361,45,99,194,23
"2011","Southend-on-Sea 014C","E01015841","Total",1151,84,204,710,153,647,30,65,432,120,504,54,139,278,33
"2011","Southend-on-Sea 014D","E01015842","Total",670,57,165,387,61,351,22,48,231,50,319,35,117,156,11
"2011","Southend-on-Sea 014E","E01015843","Total",807,74,168,482,83,399,23,43,276,57,408,51,125,206,26
"2011","Southend-on-Sea 014F","E01015844","Total",890,76,139,567,108,493,26,52,331,84,397,50,87,236,24
"2011","Southend-on-Sea 015A","E01015851","Total",770,50,113,460,147,432,16,46,268,102,338,34,67,192,45
"2011","Southend-on-Sea 015B","E01015852","Total",838,62,144,515,117,462,20,65,288,89,376,42,79,227,28
"2011","Southend-on-Sea 015C","E01015853","Total",940,89,149,563,139,497,30,35,333,99,443,59,114,230,40
"2011","Southend-on-Sea 015D","E01015854","Total",1004,117,157,613,117,566,53,50,381,82,438,64,107,232,35
"2011","Southend-on-Sea 015E","E01015855","Total",995,83,186,606,120,541,37,79,345,80,454,46,107,261,40
"2011","Southend-on-Sea 015F","E01015856","Total",912,71,126,584,131,510,27,41,346,96,402,44,85,238,35
"2011","Southend-on-Sea 016A","E01015889","Total",620,100,107,307,106,324,22,30,182,90,296,78,77,125,16
"2011","Southend-on-Sea 016B","E01015890","Total",659,90,119,331,119,379,30,29,221,99,280,60,90,110,20
"2011","Southend-on-Sea 016C","E01015891","Total",730,54,157,397,122,379,20,47,218,94,351,34,110,179,28
"2011","Southend-on-Sea 016D","E01015892","Total",885,93,165,501,126,455,32,39,291,93,430,61,126,210,33
"2011","Southend-on-Sea 016E","E01015893","Total",520,87,103,241,89,270,31,23,148,68,250,56,80,93,21
"2011","Southend-on-Sea 016F","E01015894","Total",764,93,152,417,102,409,31,28,269,81,355,62,124,148,21
"2011","Southend-on-Sea 017A","E01015914","Total",640,98,117,317,108,342,31,28,191,92,298,67,89,126,16
"2011","Southend-on-Sea 017B","E01015915","Total",711,80,155,371,105,385,28,34,238,85,326,52,121,133,20
"2011","Southend-on-Sea 017C","E01015916","Total",502,52,141,251,58,270,22,37,163,48,232,30,104,88,10
"2011","Southend-on-Sea 017D","E01015917","Total",647,71,147,347,82,339,18,38,218,65,308,53,109,129,17
"2011","Southend-on-Sea 017E","E01015918","Total",660,69,134,377,80,338,17,22,238,61,322,52,112,139,19
"2011","Southend-on-Sea 017F","E01015919","Total",586,71,137,305,73,320,17,41,198,64,266,54,96,107,9
"2011","Southend-on-Sea 017G","E01015920","Total",646,74,133,337,102,336,19,31,204,82,310,55,102,133,20
"2011","Thurrock 001A","E01015943","Total",779,90,158,418,113,424,24,36,269,95,355,66,122,149,18
"2011","Thurrock 001B","E01015944","Total",560,62,111,320,67,292,11,19,207,55,268,51,92,113,12
"2011","Thurrock 001C","E01015946","Total",761,74,138,446,103,405,19,23,271,92,356,55,115,175,11
"2011","Thurrock 001D","E01015997","Total",785,80,150,456,99,398,11,28,274,85,387,69,122,182,14
"2011","Thurrock 001E","E01015999","Total",747,72,142,439,94,402,11,27,283,81,345,61,115,156,13
"2011","Thurrock 002A","E01015945","Total",551,58,116,292,85,283,13,15,181,74,268,45,101,111,11
"2011","Thurrock 002B","E01015983","Total",658,67,121,385,85,358,16,29,242,71,300,51,92,143,14
"2011","Thurrock 002C","E01015987","Total",644,71,136,364,73,339,18,18,239,64,305,53,118,125,9
"2011","Thurrock 002D","E01015988","Total",550,66,109,308,67,277,15,26,183,53,273,51,83,125,14
"2011","Thurrock 002E","E01015998","Total",808,102,164,451,91,412,23,31,280,78,396,79,133,171,13
"2011","Thurrock 003A","E01015984","Total",664,58,128,408,70,357,15,24,258,60,307,43,104,150,10
"2011","Thurrock 003B","E01015985","Total",530,60,101,302,67,279,12,19,191,57,251,48,82,111,10
"2011","Thurrock 003C","E01015986","Total",660,71,130,373,86,349,17,23,238,71,311,54,107,135,15
"2011","Thurrock 003D","E01015990","Total",746,91,133,436,86,406,28,30,279,69,340,63,103,157,17
"2011","Thurrock 003E","E01016001","Total",698,72,152,392,82,358,13,21,251,73,340,59,131,141,9
"2011","Thurrock 004A","E01015977","Total",934,108,155,509,162,506,31,28,315,132,428,77,127,194,30
"2011","Thurrock 004B","E01015978","Total",688,64,120,343,161,385,20,32,206,127,303,44,88,137,34
"2011","Thurrock 004C","E01015979","Total",839,80,125,509,125,435,16,18,301,100,404,64,107,208,25
"2011","Thurrock 004D","E01015980","Total",783,90,139,419,135,422,27,25,261,109,361,63,114,158,26
"2011","Thurrock 005A","E01015989","Total",833,81,147,497,108,451,33,39,297,82,382,48,108,200,26
"2011","Thurrock 005B","E01015991","Total",729,65,121,458,85,391,17,29,277,68,338,48,92,181,17
"2011","Thurrock 005C","E01015992","Total",997,84,178,595,140,546,23,42,362,119,451,61,136,233,21
"2011","Thurrock 005D","E01016000","Total",752,71,134,462,85,388,20,28,268,72,364,51,106,194,13
"2011","Thurrock 005E","E01016002","Total",754,70,134,442,108,402,9,33,275,85,352,61,101,167,23
"2011","Thurrock 006A","E01015932","Total",724,58,152,417,97,378,7,45,247,79,346,51,107,170,18
"2011","Thurrock 006B","E01015971","Total",688,41,134,430,83,367,9,31,259,68,321,32,103,171,15
"2011","Thurrock 006C","E01015972","Total",785,80,152,457,96,424,26,43,273,82,361,54,109,184,14
"2011","Thurrock 006D","E01015973","Total",728,48,153,434,93,382,15,26,261,80,346,33,127,173,13
"2011","Thurrock 006E","E01015974","Total",750,63,134,447,106,382,25,31,236,90,368,38,103,211,16
"2011","Thurrock 006F","E01015975","Total",775,37,141,505,92,415,6,33,303,73,360,31,108,202,19
"2011","Thurrock 007A","E01015927","Total",808,66,165,492,85,439,14,42,314,69,369,52,123,178,16
"2011","Thurrock 007B","E01015928","Total",820,66,154,503,97,449,17,30,322,80,371,49,124,181,17
"2011","Thurrock 007C","E01015929","Total",622,51,113,402,56,331,7,24,254,46,291,44,89,148,10
"2011","Thurrock 007D","E01015930","Total",834,73,170,498,93,458,24,41,318,75,376,49,129,180,18
"2011","Thurrock 007E","E01015931","Total",590,45,101,379,65,330,18,25,233,54,260,27,76,146,11
"2011","Thurrock 007F","E01015976","Total",791,58,157,493,83,422,14,29,308,71,369,44,128,185,12
"2011","Thurrock 008A","E01015922","Total",640,55,126,375,84,351,13,32,234,72,289,42,94,141,12
"2011","Thurrock 008B","E01015923","Total",802,64,150,503,85,439,22,36,313,68,363,42,114,190,17
"2011","Thurrock 008C","E01015924","Total",748,54,130,470,94,406,12,30,289,75,342,42,100,181,19
"2011","Thurrock 008D","E01015925","Total",766,63,143,439,121,409,19,32,262,96,357,44,111,177,25
"2011","Thurrock 008E","E01015926","Total",739,62,135,435,107,393,18,28,260,87,346,44,107,175,20
"2011","Thurrock 009A","E01015957","Total",674,75,133,384,82,367,22,41,232,72,307,53,92,152,10
"2011","Thurrock 009B","E01015958","Total",657,62,142,391,62,350,20,31,252,47,307,42,111,139,15
"2011","Thurrock 009C","E01015993","Total",727,77,151,411,88,378,22,27,255,74,349,55,124,156,14
"2011","Thurrock 009D","E01015994","Total",625,74,131,342,78,331,18,22,226,65,294,56,109,116,13
"2011","Thurrock 009E","E01015995","Total",871,111,157,478,125,452,19,48,288,97,419,92,109,190,28
"2011","Thurrock 009F","E01015996","Total",723,83,143,412,85,393,19,34,269,71,330,64,109,143,14
"2011","Thurrock 010A","E01015963","Total",501,47,104,299,51,263,8,14,192,49,238,39,90,107,2
"2011","Thurrock 010B","E01015964","Total",770,83,151,443,93,409,18,37,275,79,361,65,114,168,14
"2011","Thurrock 010C","E01015965","Total",702,75,121,420,86,387,14,27,275,71,315,61,94,145,15
"2011","Thurrock 010D","E01015966","Total",743,84,146,407,106,409,21,32,264,92,334,63,114,143,14
"2011","Thurrock 012A","E01015933","Total",678,46,124,411,97,354,12,27,231,84,324,34,97,180,13
"2011","Thurrock 012B","E01015934","Total",621,67,144,350,60,333,15,45,223,50,288,52,99,127,10
"2011","Thurrock 012C","E01015935","Total",698,47,150,425,76,381,13,46,259,63,317,34,104,166,13
"2011","Thurrock 012D","E01015936","Total",688,65,154,393,76,368,13,35,253,67,320,52,119,140,9
"2011","Thurrock 012E","E01015937","Total",743,65,147,427,104,414,14,38,281,81,329,51,109,146,23
"2011","Thurrock 012F","E01015938","Total",711,81,163,384,83,356,24,28,232,72,355,57,135,152,11
"2011","Thurrock 013A","E01015947","Total",745,62,140,447,96,412,14,33,288,77,333,48,107,159,19
"2011","Thurrock 013B","E01015948","Total",798,66,163,453,116,427,15,30,282,100,371,51,133,171,16
"2011","Thurrock 013C","E01015949","Total",941,101,189,529,122,475,25,35,313,102,466,76,154,216,20
"2011","Thurrock 013D","E01015950","Total",924,96,153,535,140,510,23,34,338,115,414,73,119,197,25
"2011","Thurrock 014A","E01015960","Total",725,81,140,398,106,391,19,27,257,88,334,62,113,141,18
"2011","Thurrock 014B","E01015967","Total",850,87,140,518,105,444,19,32,312,81,406,68,108,206,24
"2011","Thurrock 014C","E01015968","Total",732,58,125,459,90,385,19,29,272,65,347,39,96,187,25
"2011","Thurrock 014D","E01015969","Total",897,67,148,547,135,479,14,36,322,107,418,53,112,225,28
"2011","Thurrock 014E","E01015970","Total",703,56,152,409,86,378,13,38,257,70,325,43,114,152,16
"2011","Thurrock 015A","E01015921","Total",651,31,108,409,103,354,11,21,232,90,297,20,87,177,13
"2011","Thurrock 015B","E01016011","Total",858,56,109,553,140,485,17,32,322,114,373,39,77,231,26
"2011","Thurrock 015C","E01016012","Total",1254,79,219,788,168,718,31,69,490,128,536,48,150,298,40
"2011","Thurrock 015D","E01016013","Total",1285,69,176,888,152,702,24,55,506,117,583,45,121,382,35
"2011","Thurrock 015E","E01016014","Total",1215,66,210,797,142,630,22,51,447,110,585,44,159,350,32
"2011","Thurrock 015F","E01016015","Total",895,72,156,551,116,492,25,38,329,100,403,47,118,222,16
"2011","Thurrock 016A","E01015955","Total",905,73,144,561,127,496,23,45,337,91,409,50,99,224,36
"2011","Thurrock 016B","E01015956","Total",1063,78,150,704,131,578,31,47,390,110,485,47,103,314,21
"2011","Thurrock 016C","E01015959","Total",781,62,142,486,91,430,24,44,285,77,351,38,98,201,14
"2011","Thurrock 016D","E01015961","Total",778,60,134,485,99,426,18,30,299,79,352,42,104,186,20
"2011","Thurrock 016E","E01015962","Total",803,69,121,506,107,429,17,26,308,78,374,52,95,198,29
"2011","Thurrock 017A","E01015951","Total",850,84,147,525,94,467,23,50,318,76,383,61,97,207,18
"2011","Thurrock 017B","E01015952","Total",1045,76,158,674,137,585,26,53,395,111,460,50,105,279,26
"2011","Thurrock 017C","E01015953","Total",1242,69,150,862,161,718,14,50,526,128,524,55,100,336,33
"2011","Thurrock 017D","E01015954","Total",1106,88,171,719,128,610,30,37,433,110,496,58,134,286,18
"2011","Thurrock 018A","E01016003","Total",935,69,160,587,119,484,24,36,320,104,451,45,124,267,15
"2011","Thurrock 018B","E01016004","Total",656,60,136,390,70,347,20,31,236,60,309,40,105,154,10
"2011","Thurrock 018C","E01016005","Total",694,59,134,417,84,374,10,37,258,69,320,49,97,159,15
"2011","Thurrock 018D","E01016006","Total",548,42,126,330,50,288,11,34,203,40,260,31,92,127,10
"2011","Thurrock 018E","E01016007","Total",595,41,128,353,73,329,9,32,225,63,266,32,96,128,10
"2011","Thurrock 018F","E01016008","Total",780,48,123,515,94,415,7,24,303,81,365,41,99,212,13
"2011","Thurrock 018G","E01016009","Total",707,59,138,420,90,383,16,34,255,78,324,43,104,165,12
"2011","Thurrock 018H","E01016010","Total",547,45,112,324,66,297,8,24,219,46,250,37,88,105,20
"2011","Thurrock 019A","E01015982","Total",1428,104,206,890,228,784,30,35,532,187,644,74,171,358,41
"2011","Thurrock 019B","E01033610","Total",916,51,141,606,118,491,14,34,349,94,425,37,107,257,24
"2011","Thurrock 019C","E01033611","Total",1000,31,129,689,151,534,10,23,387,114,466,21,106,302,37
"2011","Thurrock 019D","E01033613","Total",923,76,127,594,126,476,19,23,337,97,447,57,104,257,29
"2011","Thurrock 020A","E01015939","Total",880,69,143,535,133,480,16,27,332,105,400,53,116,203,28
"2011","Thurrock 020B","E01015941","Total",811,69,117,510,115,443,24,30,296,93,368,45,87,214,22
"2011","Thurrock 020C","E01015942","Total",829,63,135,506,125,430,17,36,274,103,399,46,99,232,22
"2011","Thurrock 020D","E01033612","Total",942,74,141,594,133,516,20,35,355,106,426,54,106,239,27
"2011","Thurrock 020E","E01033614","Total",991,75,153,606,157,539,18,36,358,127,452,57,117,248,30
"2011","Cambridge 001A","E01017975","Total",737,64,170,449,54,373,24,42,270,37,364,40,128,179,17
"2011","Cambridge 001B","E01017976","Total",994,65,174,648,107,575,19,49,431,76,419,46,125,217,31
"2011","Cambridge 001C","E01017977","Total",889,70,147,592,80,471,26,36,351,58,418,44,111,241,22
"2011","Cambridge 001D","E01017978","Total",765,83,161,448,73,420,37,46,276,61,345,46,115,172,12
"2011","Cambridge 001E","E01017979","Total",803,61,165,514,63,415,26,46,294,49,388,35,119,220,14
"2011","Cambridge 001F","E01017980","Total",634,52,96,438,48,345,13,29,263,40,289,39,67,175,8
"2011","Cambridge 002A","E01017949","Total",909,83,149,562,115,492,33,52,328,79,417,50,97,234,36
"2011","Cambridge 002B","E01017950","Total",752,88,122,406,136,391,38,31,237,85,361,50,91,169,51
"2011","Cambridge 002C","E01017951","Total",747,70,142,458,77,436,25,45,309,57,311,45,97,149,20
"2011","Cambridge 002D","E01017952","Total",698,54,150,447,47,377,19,40,284,34,321,35,110,163,13
"2011","Cambridge 002E","E01017953","Total",744,77,141,442,84,435,24,64,285,62,309,53,77,157,22
"2011","Cambridge 002F","E01017954","Total",678,69,142,386,81,378,24,39,252,63,300,45,103,134,18
"2011","Cambridge 003B","E01017971","Total",837,78,180,485,94,468,29,56,311,72,369,49,124,174,22
"2011","Cambridge 003C","E01017972","Total",848,72,146,536,94,447,27,44,314,62,401,45,102,222,32
"2011","Cambridge 003D","E01017973","Total",846,71,178,511,86,447,28,58,300,61,399,43,120,211,25
"2011","Cambridge 003E","E01017974","Total",934,84,155,597,98,519,34,52,359,74,415,50,103,238,24
"2011","Cambridge 003F","E01032792","Total",770,48,87,475,160,437,16,32,272,117,333,32,55,203,43
"2011","Cambridge 003G","E01032802","Total",734,61,124,458,91,378,29,37,257,55,356,32,87,201,36
"2011","Cambridge 004A","E01018006","Total",984,77,158,601,148,537,24,57,347,109,447,53,101,254,39
"2011","Cambridge 004B","E01018007","Total",865,96,163,464,142,463,33,41,284,105,402,63,122,180,37
"2011","Cambridge 004C","E01018008","Total",901,91,158,496,156,510,40,46,319,105,391,51,112,177,51
"2011","Cambridge 004D","E01018009","Total",991,81,157,581,172,567,41,61,361,104,424,40,96,220,68
"2011","Cambridge 004E","E01018010","Total",1068,95,140,650,183,600,35,38,398,129,468,60,102,252,54
"2011","Cambridge 005A","E01017955","Total",781,93,133,458,97,410,33,42,274,61,371,60,91,184,36
"2011","Cambridge 005B","E01017956","Total",641,75,113,308,145,348,26,30,196,96,293,49,83,112,49
"2011","Cambridge 005C","E01017957","Total",660,76,83,368,133,336,14,26,213,83,324,62,57,155,50
"2011","Cambridge 005D","E01017958","Total",735,221,76,275,163,431,108,33,173,117,304,113,43,102,46
"2011","Cambridge 006A","E01017943","Total",1057,110,154,634,159,598,48,50,392,108,459,62,104,242,51
"2011","Cambridge 006B","E01017944","Total",749,72,175,447,55,405,26,45,293,41,344,46,130,154,14
"2011","Cambridge 006C","E01017945","Total",1009,67,169,656,117,572,25,56,410,81,437,42,113,246,36
"2011","Cambridge 006D","E01017946","Total",766,62,161,456,87,439,30,47,295,67,327,32,114,161,20
"2011","Cambridge 006E","E01017947","Total",860,86,171,542,61,463,33,41,350,39,397,53,130,192,22
"2011","Cambridge 006F","E01017948","Total",800,53,181,495,71,415,15,59,290,51,385,38,122,205,20
"2011","Cambridge 007C","E01017983","Total",1097,105,155,590,247,615,40,61,339,175,482,65,94,251,72
"2011","Cambridge 007D","E01017984","Total",717,100,94,354,169,418,36,35,215,132,299,64,59,139,37
"2011","Cambridge 007E","E01017985","Total",863,146,111,404,202,448,55,26,232,135,415,91,85,172,67
"2011","Cambridge 007F","E01017986","Total",583,159,60,217,147,328,61,24,141,102,255,98,36,76,45
"2011","Cambridge 007G","E01032797","Total",1099,262,128,488,221,621,134,57,278,152,478,128,71,210,69
"2011","Cambridge 008A","E01017987","Total",928,119,116,507,186,488,40,34,294,120,440,79,82,213,66
"2011","Cambridge 008B","E01017988","Total",851,125,143,447,136,453,53,55,250,95,398,72,88,197,41
"2011","Cambridge 008C","E01017989","Total",1285,140,203,744,198,669,52,68,421,128,616,88,135,323,70
"2011","Cambridge 008D","E01017990","Total",806,62,92,532,120,445,17,33,316,79,361,45,59,216,41
"2011","Cambridge 008E","E01017991","Total",662,108,115,325,114,342,43,42,179,78,320,65,73,146,36
"2011","Cambridge 009A","E01017997","Total",1354,108,220,860,166,739,40,87,509,103,615,68,133,351,63
"2011","Cambridge 009B","E01017998","Total",1081,115,150,688,128,554,35,49,389,81,527,80,101,299,47
"2011","Cambridge 009C","E01017999","Total",983,107,175,610,91,512,37,55,354,66,471,70,120,256,25
"2011","Cambridge 009D","E01018000","Total",1085,124,159,626,176,584,49,43,380,112,501,75,116,246,64
"2011","Cambridge 009E","E01018001","Total",1086,101,153,681,151,583,43,58,391,91,503,58,95,290,60
"2011","Cambridge 010A","E01017965","Total",847,96,147,501,103,457,35,48,308,66,390,61,99,193,37
"2011","Cambridge 010B","E01017966","Total",1513,118,197,966,232,833,44,70,558,161,680,74,127,408,71
"2011","Cambridge 010C","E01017967","Total",864,133,181,457,93,452,58,69,260,65,412,75,112,197,28
"2011","Cambridge 010D","E01017968","Total",835,94,155,484,102,426,34,49,269,74,409,60,106,215,28
"2011","Cambridge 010E","E01017969","Total",831,65,157,514,95,431,25,50,297,59,400,40,107,217,36
"2011","Cambridge 011A","E01017959","Total",937,65,154,618,100,492,27,35,359,71,445,38,119,259,29
"2011","Cambridge 011B","E01017960","Total",661,58,116,432,55,342,18,34,248,42,319,40,82,184,13
"2011","Cambridge 011C","E01017961","Total",625,46,112,390,77,327,19,26,226,56,298,27,86,164,21
"2011","Cambridge 011D","E01017962","Total",839,72,166,517,84,422,25,39,295,63,417,47,127,222,21
"2011","Cambridge 011E","E01017963","Total",815,66,160,539,50,421,24,40,321,36,394,42,120,218,14
"2011","Cambridge 011F","E01017964","Total",701,78,137,410,76,374,22,45,254,53,327,56,92,156,23
"2011","Cambridge 012A","E01018002","Total",871,67,120,523,161,454,24,36,287,107,417,43,84,236,54
"2011","Cambridge 012B","E01018003","Total",820,97,127,477,119,428,27,34,279,88,392,70,93,198,31
"2011","Cambridge 012D","E01018005","Total",848,93,125,428,202,460,41,56,232,131,388,52,69,196,71
"2011","Cambridge 012E","E01032794","Total",589,81,73,287,148,338,33,28,174,103,251,48,45,113,45
"2011","Cambridge 012F","E01032795","Total",810,72,100,463,175,443,32,22,265,124,367,40,78,198,51
"2011","Cambridge 013A","E01017992","Total",961,88,180,536,157,507,31,61,296,119,454,57,119,240,38
"2011","Cambridge 013B","E01017993","Total",1147,113,140,663,231,530,33,39,302,156,617,80,101,361,75
"2011","Cambridge 013C","E01017994","Total",801,90,140,468,103,423,38,37,276,72,378,52,103,192,31
"2011","Cambridge 013D","E01017995","Total",709,100,122,369,118,355,35,26,212,82,354,65,96,157,36
"2011","Cambridge 013E","E01017996","Total",747,87,114,397,149,389,27,26,235,101,358,60,88,162,48
"2011","East Cambridgeshire 001A","E01018042","Total",700,62,119,426,93,377,21,22,256,78,323,41,97,170,15
"2011","East Cambridgeshire 001B","E01018043","Total",1012,85,157,631,139,562,24,30,388,120,450,61,127,243,19
"2011","East Cambridgeshire 001C","E01018044","Total",900,68,145,513,174,508,18,36,311,143,392,50,109,202,31
"2011","East Cambridgeshire 001D","E01018045","Total",765,73,127,433,132,409,15,28,257,109,356,58,99,176,23
"2011","East Cambridgeshire 001E","E01018046","Total",993,64,186,606,137,516,16,23,358,119,477,48,163,248,18
"2011","East Cambridgeshire 002A","E01018020","Total",863,102,145,451,165,459,19,44,267,129,404,83,101,184,36
"2011","East Cambridgeshire 002B","E01018021","Total",789,94,137,442,116,416,16,36,266,98,373,78,101,176,18
"2011","East Cambridgeshire 002C","E01018022","Total",686,67,120,390,109,374,14,29,244,87,312,53,91,146,22
"2011","East Cambridgeshire 002D","E01018055","Total",1155,98,228,654,175,619,26,62,391,140,536,72,166,263,35
"2011","East Cambridgeshire 002E","E01018056","Total",955,86,172,582,115,490,18,35,344,93,465,68,137,238,22
"2011","East Cambridgeshire 003A","E01018027","Total",831,81,127,509,114,446,19,32,299,96,385,62,95,210,18
"2011","East Cambridgeshire 003C","E01018029","Total",1505,101,217,987,200,791,21,47,576,147,714,80,170,411,53
"2011","East Cambridgeshire 003D","E01018032","Total",1307,152,241,740,174,687,47,51,443,146,620,105,190,297,28
"2011","East Cambridgeshire 003E","E01018033","Total",863,74,135,528,126,466,28,29,317,92,397,46,106,211,34
"2011","East Cambridgeshire 003F","E01033426","Total",761,66,118,440,137,427,19,21,277,110,334,47,97,163,27
"2011","East Cambridgeshire 003G","E01033430","Total",645,81,130,355,79,340,12,38,226,64,305,69,92,129,15
"2011","East Cambridgeshire 004A","E01018024","Total",567,55,93,316,103,315,11,20,198,86,252,44,73,118,17
"2011","East Cambridgeshire 004B","E01018025","Total",745,50,108,445,142,399,17,38,246,98,346,33,70,199,44
"2011","East Cambridgeshire 004C","E01018026","Total",784,84,133,440,127,402,30,43,237,92,382,54,90,203,35
"2011","East Cambridgeshire 004D","E01018030","Total",500,55,93,296,56,272,20,17,186,49,228,35,76,110,7
"2011","East Cambridgeshire 004F","E01033425","Total",1080,103,178,654,145,577,24,27,410,116,503,79,151,244,29
"2011","East Cambridgeshire 004G","E01033428","Total",830,64,132,520,114,423,18,25,292,88,407,46,107,228,26
"2011","East Cambridgeshire 005A","E01018036","Total",862,85,148,503,126,465,23,25,314,103,397,62,123,189,23
"2011","East Cambridgeshire 005B","E01018037","Total",772,94,142,402,134,424,31,29,258,106,348,63,113,144,28
"2011","East Cambridgeshire 005C","E01018038","Total",818,90,158,441,129,424,21,31,266,106,394,69,127,175,23
"2011","East Cambridgeshire 005D","E01018039","Total",685,79,126,386,94,365,23,23,240,79,320,56,103,146,15
"2011","East Cambridgeshire 005E","E01018053","Total",884,72,181,479,152,485,20,48,300,117,399,52,133,179,35
"2011","East Cambridgeshire 005F","E01018054","Total",1234,133,202,725,174,651,31,52,436,132,583,102,150,289,42
"2011","East Cambridgeshire 006A","E01018047","Total",1024,73,183,558,210,547,16,26,329,176,477,57,157,229,34
"2011","East Cambridgeshire 006C","E01018049","Total",891,92,166,481,152,497,29,33,307,128,394,63,133,174,24
"2011","East Cambridgeshire 006D","E01018050","Total",781,69,144,483,85,430,22,19,317,72,351,47,125,166,13
"2011","East Cambridgeshire 006E","E01018051","Total",882,85,153,537,107,482,15,32,342,93,400,70,121,195,14
"2011","East Cambridgeshire 006F","E01018052","Total",1012,93,157,578,184,560,29,36,344,151,452,64,121,234,33
"2011","East Cambridgeshire 006G","E01033427","Total",776,58,121,480,117,410,15,20,273,102,366,43,101,207,15
"2011","East Cambridgeshire 006H","E01033429","Total",1167,87,203,716,161,648,30,46,433,139,519,57,157,283,22
"2011","East Cambridgeshire 007A","E01018034","Total",841,87,161,438,155,454,20,34,279,121,387,67,127,159,34
"2011","East Cambridgeshire 007B","E01018035","Total",1170,107,196,663,204,607,28,32,387,160,563,79,164,276,44
"2011","East Cambridgeshire 007C","E01018040","Total",664,71,98,385,110,375,11,14,254,96,289,60,84,131,14
"2011","East Cambridgeshire 007D","E01018041","Total",565,55,103,324,83,312,21,21,208,62,253,34,82,116,21
"2011","East Cambridgeshire 008A","E01018013","Total",867,92,179,445,151,435,24,38,259,114,432,68,141,186,37
"2011","East Cambridgeshire 008B","E01018014","Total",974,106,152,578,138,510,25,25,346,114,464,81,127,232,24
"2011","East Cambridgeshire 008C","E01018015","Total",753,85,133,416,119,387,15,25,258,89,366,70,108,158,30
"2011","East Cambridgeshire 008D","E01018016","Total",664,75,126,369,94,364,21,30,240,73,300,54,96,129,21
"2011","East Cambridgeshire 009A","E01018011","Total",1318,152,263,709,194,714,39,61,456,158,604,113,202,253,36
"2011","East Cambridgeshire 009B","E01018012","Total",656,66,150,370,70,334,18,39,229,48,322,48,111,141,22
"2011","East Cambridgeshire 009C","E01018057","Total",1059,121,208,551,179,543,39,43,328,133,516,82,165,223,46
"2011","East Cambridgeshire 011A","E01018017","Total",620,66,111,314,129,334,17,29,189,99,286,49,82,125,30
"2011","East Cambridgeshire 011B","E01018019","Total",541,53,98,307,83,304,9,22,203,70,237,44,76,104,13
"2011","East Cambridgeshire 011C","E01018023","Total",1211,129,200,627,255,644,27,50,375,192,567,102,150,252,63
"2011","East Cambridgeshire 011D","E01032611","Total",992,111,160,528,193,517,35,33,311,138,475,76,127,217,55
"2011","Fenland 001A","E01018094","Total",695,61,147,370,117,355,12,25,227,91,340,49,122,143,26
"2011","Fenland 001B","E01018095","Total",708,76,148,365,119,385,20,40,235,90,323,56,108,130,29
"2011","Fenland 001C","E01018096","Total",729,86,120,416,107,394,23,26,263,82,335,63,94,153,25
"2011","Fenland 001D","E01018097","Total",660,74,132,330,124,360,17,27,215,101,300,57,105,115,23
"2011","Fenland 002A","E01018063","Total",1117,86,199,731,101,589,25,52,432,80,528,61,147,299,21
"2011","Fenland 002B","E01018073","Total",1072,84,187,666,135,583,23,38,408,114,489,61,149,258,21
"2011","Fenland 002C","E01018107","Total",685,53,118,437,77,352,17,23,247,65,333,36,95,190,12
"2011","Fenland 002D","E01018108","Total",764,57,141,501,65,406,17,41,297,51,358,40,100,204,14
"2011","Fenland 002E","E01018109","Total",832,55,156,520,101,437,11,35,304,87,395,44,121,216,14
"2011","Fenland 003A","E01018069","Total",885,80,157,540,108,474,20,31,335,88,411,60,126,205,20
"2011","Fenland 003B","E01018070","Total",849,65,148,552,84,427,15,37,308,67,422,50,111,244,17
"2011","Fenland 003C","E01018071","Total",742,59,135,466,82,408,13,45,288,62,334,46,90,178,20
"2011","Fenland 003E","E01018093","Total",1124,99,191,666,168,610,30,44,407,129,514,69,147,259,39
"2011","Fenland 003F","E01018103","Total",492,49,100,302,41,267,13,28,196,30,225,36,72,106,11
"2011","Fenland 003G","E01018104","Total",612,52,128,352,80,331,13,30,220,68,281,39,98,132,12
"2011","Fenland 003H","E01033111","Total",633,44,126,387,76,346,16,29,239,62,287,28,97,148,14
"2011","Fenland 003I","E01033112","Total",608,31,115,386,76,339,12,48,223,56,269,19,67,163,20
"2011","Fenland 004A","E01018066","Total",611,47,111,340,113,324,7,20,205,92,287,40,91,135,21
"2011","Fenland 004B","E01018067","Total",857,73,180,473,131,455,23,35,292,105,402,50,145,181,26
"2011","Fenland 004C","E01018068","Total",716,73,126,391,126,400,15,35,246,104,316,58,91,145,22
"2011","Fenland 004D","E01018090","Total",729,63,152,371,143,383,17,39,210,117,346,46,113,161,26
"2011","Fenland 004E","E01018091","Total",682,56,133,368,125,375,11,32,224,108,307,45,101,144,17
"2011","Fenland 004F","E01018092","Total",752,60,150,409,133,413,19,27,260,107,339,41,123,149,26
"2011","Fenland 005A","E01018081","Total",943,136,275,394,138,623,96,175,232,120,320,40,100,162,18
"2011","Fenland 005B","E01018082","Total",933,102,176,548,107,504,35,27,357,85,429,67,149,191,22
"2011","Fenland 005C","E01018083","Total",909,94,171,529,115,501,30,35,342,94,408,64,136,187,21
"2011","Fenland 005D","E01018084","Total",898,72,163,538,125,486,23,30,322,111,412,49,133,216,14
"2011","Fenland 006A","E01018064","Total",1020,76,203,585,156,527,21,40,340,126,493,55,163,245,30
"2011","Fenland 006B","E01018072","Total",774,60,155,447,112,389,14,15,264,96,385,46,140,183,16
"2011","Fenland 006C","E01018074","Total",594,51,118,340,85,324,17,13,223,71,270,34,105,117,14
"2011","Fenland 006D","E01018075","Total",503,49,98,298,58,252,16,14,181,41,251,33,84,117,17
"2011","Fenland 006E","E01018098","Total",612,47,123,354,88,325,12,20,222,71,287,35,103,132,17
"2011","Fenland 006F","E01018099","Total",675,71,134,371,99,359,16,29,233,81,316,55,105,138,18
"2011","Fenland 006G","E01018100","Total",570,45,102,334,89,314,14,18,213,69,256,31,84,121,20
"2011","Fenland 006H","E01018101","Total",663,67,129,368,99,348,15,27,226,80,315,52,102,142,19
"2011","Fenland 007A","E01018077","Total",872,87,139,500,146,489,28,38,302,121,383,59,101,198,25
"2011","Fenland 007B","E01018078","Total",571,61,109,319,82,304,16,25,193,70,267,45,84,126,12
"2011","Fenland 007C","E01018079","Total",729,86,143,396,104,381,18,36,242,85,348,68,107,154,19
"2011","Fenland 007D","E01018080","Total",1122,92,216,657,157,589,26,44,391,128,533,66,172,266,29
"2011","Fenland 008A","E01018058","Total",773,62,156,457,98,406,17,33,272,84,367,45,123,185,14
"2011","Fenland 008B","E01018059","Total",731,60,144,390,137,398,20,23,244,111,333,40,121,146,26
"2011","Fenland 008C","E01018060","Total",968,80,152,561,175,528,28,31,332,137,440,52,121,229,38
"2011","Fenland 008D","E01018061","Total",686,64,138,384,100,371,15,33,238,85,315,49,105,146,15
"2011","Fenland 009A","E01018085","Total",719,67,146,394,112,373,22,27,233,91,346,45,119,161,21
"2011","Fenland 009B","E01018086","Total",786,80,128,468,110,423,12,22,299,90,363,68,106,169,20
"2011","Fenland 009C","E01018087","Total",868,78,149,523,118,456,27,33,300,96,412,51,116,223,22
"2011","Fenland 009D","E01018088","Total",682,61,109,426,86,369,13,23,259,74,313,48,86,167,12
"2011","Fenland 010A","E01018065","Total",1151,116,182,678,175,613,28,41,407,137,538,88,141,271,38
"2011","Fenland 010B","E01018076","Total",1044,88,158,611,187,587,22,32,379,154,457,66,126,232,33
"2011","Fenland 010C","E01018111","Total",1010,111,183,518,198,557,36,40,321,160,453,75,143,197,38
"2011","Fenland 011A","E01018062","Total",1198,98,192,710,198,633,23,33,413,164,565,75,159,297,34
"2011","Fenland 011B","E01018102","Total",1324,106,226,831,161,704,27,53,488,136,620,79,173,343,25
"2011","Fenland 011C","E01018105","Total",554,49,82,340,83,304,15,15,201,73,250,34,67,139,10
"2011","Fenland 011D","E01018106","Total",840,71,112,534,123,451,22,17,311,101,389,49,95,223,22
"2011","Fenland 011E","E01018110","Total",1238,122,204,692,220,675,33,43,418,181,563,89,161,274,39
"2011","Huntingdonshire 001A","E01018212","Total",820,77,149,481,113,435,20,30,297,88,385,57,119,184,25
"2011","Huntingdonshire 001B","E01018213","Total",1040,80,181,621,158,549,23,28,375,123,491,57,153,246,35
"2011","Huntingdonshire 001C","E01018214","Total",992,95,183,582,132,505,23,30,342,110,487,72,153,240,22
"2011","Huntingdonshire 001D","E01018215","Total",761,74,165,435,87,397,20,20,287,70,364,54,145,148,17
"2011","Huntingdonshire 001E","E01018216","Total",1358,134,233,804,187,708,39,42,474,153,650,95,191,330,34
"2011","Huntingdonshire 001F","E01018217","Total",829,59,166,498,106,426,17,32,297,80,403,42,134,201,26
"2011","Huntingdonshire 002A","E01018127","Total",807,87,147,427,146,426,26,32,251,117,381,61,115,176,29
"2011","Huntingdonshire 002B","E01018128","Total",583,58,101,308,116,318,13,23,194,88,265,45,78,114,28
"2011","Huntingdonshire 002C","E01018200","Total",877,85,163,477,152,471,24,36,290,121,406,61,127,187,31
"2011","Huntingdonshire 002D","E01018201","Total",796,63,149,463,121,416,15,27,276,98,380,48,122,187,23
"2011","Huntingdonshire 003A","E01018156","Total",874,96,147,483,148,469,29,30,286,124,405,67,117,197,24
"2011","Huntingdonshire 003B","E01018157","Total",1092,102,200,605,185,600,29,39,386,146,492,73,161,219,39
"2011","Huntingdonshire 003C","E01018158","Total",831,57,126,539,109,460,17,30,325,88,371,40,96,214,21
"2011","Huntingdonshire 003D","E01018159","Total",779,74,146,435,124,410,14,31,266,99,369,60,115,169,25
"2011","Huntingdonshire 003E","E01018160","Total",749,79,137,424,109,401,21,25,262,93,348,58,112,162,16
"2011","Huntingdonshire 004A","E01018191","Total",611,53,108,385,65,326,15,19,234,58,285,38,89,151,7
"2011","Huntingdonshire 004B","E01018192","Total",792,73,146,424,149,421,22,29,256,114,371,51,117,168,35
"2011","Huntingdonshire 004C","E01018193","Total",668,56,122,407,83,334,10,24,236,64,334,46,98,171,19
"2011","Huntingdonshire 004D","E01018194","Total",751,62,123,440,126,406,22,21,262,101,345,40,102,178,25
"2011","Huntingdonshire 004E","E01018195","Total",646,62,114,390,80,319,13,23,216,67,327,49,91,174,13
"2011","Huntingdonshire 005A","E01018208","Total",846,68,136,502,140,459,16,28,307,108,387,52,108,195,32
"2011","Huntingdonshire 005B","E01018209","Total",816,72,147,437,160,438,20,30,262,126,378,52,117,175,34
"2011","Huntingdonshire 005C","E01018210","Total",750,65,142,451,92,383,20,24,260,79,367,45,118,191,13
"2011","Huntingdonshire 005D","E01018211","Total",905,81,176,523,125,467,26,39,309,93,438,55,137,214,32
"2011","Huntingdonshire 006A","E01018196","Total",677,70,124,347,136,368,30,29,199,110,309,40,95,148,26
"2011","Huntingdonshire 006B","E01018197","Total",820,89,151,482,98,426,26,34,289,77,394,63,117,193,21
"2011","Huntingdonshire 006C","E01018198","Total",907,91,158,514,144,487,30,28,321,108,420,61,130,193,36
"2011","Huntingdonshire 006D","E01018199","Total",881,78,157,518,128,473,20,29,316,108,408,58,128,202,20
"2011","Huntingdonshire 006E","E01018206","Total",1062,61,149,666,186,553,9,30,370,144,509,52,119,296,42
"2011","Huntingdonshire 006F","E01018207","Total",818,77,131,499,111,434,20,28,299,87,384,57,103,200,24
"2011","Huntingdonshire 007A","E01018121","Total",749,108,133,392,116,392,27,34,241,90,357,81,99,151,26
"2011","Huntingdonshire 007B","E01018122","Total",569,58,109,330,72,295,12,26,199,58,274,46,83,131,14
"2011","Huntingdonshire 007C","E01018123","Total",942,76,173,564,129,519,27,42,352,98,423,49,131,212,31
"2011","Huntingdonshire 007D","E01018124","Total",1087,129,201,596,161,565,32,45,367,121,522,97,156,229,40
"2011","Huntingdonshire 008A","E01018143","Total",712,56,133,440,83,373,9,31,262,71,339,47,102,178,12
"2011","Huntingdonshire 008B","E01018144","Total",669,55,116,445,53,366,21,30,275,40,303,34,86,170,13
"2011","Huntingdonshire 008C","E01018145","Total",632,46,126,413,47,331,10,36,245,40,301,36,90,168,7
"2011","Huntingdonshire 008D","E01018146","Total",1120,75,197,725,123,591,27,46,418,100,529,48,151,307,23
"2011","Huntingdonshire 008E","E01018147","Total",820,69,128,567,56,456,23,35,353,45,364,46,93,214,11
"2011","Huntingdonshire 009A","E01018139","Total",814,62,132,510,110,428,18,32,290,88,386,44,100,220,22
"2011","Huntingdonshire 009B","E01018140","Total",671,62,137,407,65,372,24,37,258,53,299,38,100,149,12
"2011","Huntingdonshire 009C","E01018141","Total",889,58,152,545,134,471,21,34,310,106,418,37,118,235,28
"2011","Huntingdonshire 009D","E01018142","Total",623,57,109,393,64,340,15,32,239,54,283,42,77,154,10
"2011","Huntingdonshire 010B","E01018113","Total",757,89,121,429,118,410,21,19,272,98,347,68,102,157,20
"2011","Huntingdonshire 010D","E01018116","Total",615,69,83,343,120,362,19,18,221,104,253,50,65,122,16
"2011","Huntingdonshire 010E","E01018117","Total",741,82,122,437,100,376,18,20,268,70,365,64,102,169,30
"2011","Huntingdonshire 010F","E01018118","Total",1098,77,177,709,135,567,14,29,419,105,531,63,148,290,30
"2011","Huntingdonshire 010G","E01033433","Total",1165,98,186,641,240,653,30,44,397,182,512,68,142,244,58
"2011","Huntingdonshire 011A","E01018161","Total",838,66,151,525,96,431,22,23,309,77,407,44,128,216,19
"2011","Huntingdonshire 011B","E01018162","Total",957,97,174,586,100,485,28,35,338,84,472,69,139,248,16
"2011","Huntingdonshire 011C","E01018163","Total",824,60,126,543,95,431,11,35,315,70,393,49,91,228,25
"2011","Huntingdonshire 011D","E01018164","Total",733,52,113,464,104,399,17,17,282,83,334,35,96,182,21
"2011","Huntingdonshire 011E","E01018165","Total",754,47,121,509,77,403,13,27,301,62,351,34,94,208,15
"2011","Huntingdonshire 011F","E01018170","Total",664,58,136,400,70,346,18,33,235,60,318,40,103,165,10
"2011","Huntingdonshire 011G","E01018171","Total",803,75,154,473,101,428,27,32,286,83,375,48,122,187,18
"2011","Huntingdonshire 012A","E01018138","Total",1110,93,160,716,141,586,33,34,411,108,524,60,126,305,33
"2011","Huntingdonshire 012B","E01018148","Total",1396,113,204,890,189,722,36,33,512,141,674,77,171,378,48
"2011","Huntingdonshire 012C","E01018149","Total",872,74,128,540,130,459,25,15,310,109,413,49,113,230,21
"2011","Huntingdonshire 012D","E01018150","Total",965,65,151,652,97,501,16,33,379,73,464,49,118,273,24
"2011","Huntingdonshire 012E","E01018151","Total",1083,82,128,760,113,586,30,38,434,84,497,52,90,326,29
"2011","Huntingdonshire 013A","E01018166","Total",743,64,160,397,122,423,11,45,264,103,320,53,115,133,19
"2011","Huntingdonshire 013B","E01018167","Total",755,98,135,412,110,403,28,28,259,88,352,70,107,153,22
"2011","Huntingdonshire 013C","E01018168","Total",1029,64,137,692,136,596,30,46,411,109,433,34,91,281,27
"2011","Huntingdonshire 013D","E01018169","Total",756,64,139,473,80,402,13,45,275,69,354,51,94,198,11
"2011","Huntingdonshire 014A","E01018131","Total",786,59,140,486,101,419,14,29,291,85,367,45,111,195,16
"2011","Huntingdonshire 014B","E01018132","Total",865,82,131,503,149,478,30,30,302,116,387,52,101,201,33
"2011","Huntingdonshire 014C","E01018133","Total",911,86,159,540,126,478,22,29,329,98,433,64,130,211,28
"2011","Huntingdonshire 014D","E01018134","Total",1052,88,149,666,149,543,23,26,382,112,509,65,123,284,37
"2011","Huntingdonshire 015A","E01018125","Total",789,92,155,389,153,433,26,45,238,124,356,66,110,151,29
"2011","Huntingdonshire 015B","E01018126","Total",842,78,131,421,212,463,20,24,256,163,379,58,107,165,49
"2011","Huntingdonshire 015C","E01018152","Total",773,75,123,409,166,425,17,26,252,130,348,58,97,157,36
"2011","Huntingdonshire 015D","E01018153","Total",896,100,148,433,215,477,21,33,257,166,419,79,115,176,49
"2011","Huntingdonshire 016A","E01018129","Total",869,78,159,490,142,467,23,40,292,112,402,55,119,198,30
"2011","Huntingdonshire 016B","E01018130","Total",983,101,184,588,110,492,25,36,339,92,491,76,148,249,18
"2011","Huntingdonshire 016C","E01018202","Total",654,92,116,325,121,361,28,35,201,97,293,64,81,124,24
"2011","Huntingdonshire 016D","E01018203","Total",705,73,128,413,91,374,23,29,256,66,331,50,99,157,25
"2011","Huntingdonshire 016E","E01018204","Total",686,70,145,358,113,355,15,37,214,89,331,55,108,144,24
"2011","Huntingdonshire 016F","E01018205","Total",889,89,139,514,147,481,27,40,308,106,408,62,99,206,41
"2011","Huntingdonshire 017A","E01018115","Total",1038,133,303,437,165,713,81,215,287,130,325,52,88,150,35
"2011","Huntingdonshire 017B","E01018119","Total",801,104,142,436,119,418,27,35,265,91,383,77,107,171,28
"2011","Huntingdonshire 017C","E01018120","Total",813,97,157,426,133,410,27,33,252,98,403,70,124,174,35
"2011","Huntingdonshire 017D","E01018137","Total",931,73,173,534,151,490,17,32,320,121,441,56,141,214,30
"2011","Huntingdonshire 018A","E01018135","Total",1565,119,242,933,271,815,36,37,538,204,750,83,205,395,67
"2011","Huntingdonshire 018B","E01018136","Total",895,112,169,440,174,490,36,38,278,138,405,76,131,162,36
"2011","Huntingdonshire 018C","E01018154","Total",926,84,175,507,160,495,29,31,302,133,431,55,144,205,27
"2011","Huntingdonshire 018D","E01018155","Total",802,72,145,463,122,433,22,34,274,103,369,50,111,189,19
"2011","Huntingdonshire 019A","E01018187","Total",978,71,136,588,183,557,21,36,350,150,421,50,100,238,33
"2011","Huntingdonshire 019B","E01018188","Total",746,80,132,442,92,383,24,28,255,76,363,56,104,187,16
"2011","Huntingdonshire 019C","E01018189","Total",671,81,125,369,96,362,20,28,236,78,309,61,97,133,18
"2011","Huntingdonshire 019D","E01018190","Total",744,84,107,459,94,397,20,26,272,79,347,64,81,187,15
"2011","Huntingdonshire 020A","E01018172","Total",667,63,129,379,96,353,15,26,233,79,314,48,103,146,17
"2011","Huntingdonshire 020B","E01018173","Total",748,68,119,468,93,396,15,24,276,81,352,53,95,192,12
"2011","Huntingdonshire 020C","E01018174","Total",856,76,143,509,128,474,26,25,316,107,382,50,118,193,21
"2011","Huntingdonshire 020D","E01018175","Total",766,89,126,433,118,408,20,23,268,97,358,69,103,165,21
"2011","Huntingdonshire 020E","E01018176","Total",657,94,140,331,92,351,36,22,215,78,306,58,118,116,14
"2011","Huntingdonshire 021A","E01018181","Total",1659,126,245,1025,263,903,36,43,612,212,756,90,202,413,51
"2011","Huntingdonshire 021B","E01018182","Total",841,79,134,507,121,453,22,32,289,110,388,57,102,218,11
"2011","Huntingdonshire 021C","E01018183","Total",753,75,122,457,99,381,20,19,261,81,372,55,103,196,18
"2011","Huntingdonshire 021D","E01018184","Total",633,74,103,384,72,337,17,22,237,61,296,57,81,147,11
"2011","Huntingdonshire 021E","E01018185","Total",828,75,135,521,97,439,25,35,298,81,389,50,100,223,16
"2011","Huntingdonshire 021F","E01018186","Total",936,113,160,545,118,497,30,26,349,92,439,83,134,196,26
"2011","Huntingdonshire 022A","E01018177","Total",794,85,143,436,130,451,25,39,270,117,343,60,104,166,13
"2011","Huntingdonshire 022B","E01018178","Total",752,77,115,439,121,406,25,24,252,105,346,52,91,187,16
"2011","Huntingdonshire 022C","E01018179","Total",722,55,106,481,80,399,10,19,303,67,323,45,87,178,13
"2011","Huntingdonshire 022D","E01018180","Total",676,50,113,424,89,355,9,17,252,77,321,41,96,172,12
"2011","South Cambridgeshire 001A","E01018304","Total",1005,82,171,615,137,502,20,34,349,99,503,62,137,266,38
"2011","South Cambridgeshire 001B","E01018305","Total",708,71,139,399,99,367,19,26,243,79,341,52,113,156,20
"2011","South Cambridgeshire 001C","E01018306","Total",837,98,160,454,125,436,27,21,287,101,401,71,139,167,24
"2011","South Cambridgeshire 001D","E01018307","Total",1253,120,237,707,189,660,24,56,436,144,593,96,181,271,45
"2011","South Cambridgeshire 002A","E01018233","Total",870,92,158,496,124,464,28,36,310,90,406,64,122,186,34
"2011","South Cambridgeshire 002B","E01018234","Total",928,104,168,537,119,478,29,39,322,88,450,75,129,215,31
"2011","South Cambridgeshire 002C","E01018235","Total",883,92,156,520,115,468,25,36,314,93,415,67,120,206,22
"2011","South Cambridgeshire 002D","E01018236","Total",795,84,159,456,96,406,16,36,277,77,389,68,123,179,19
"2011","South Cambridgeshire 003A","E01018237","Total",836,90,156,477,113,452,30,45,288,89,384,60,111,189,24
"2011","South Cambridgeshire 003B","E01018266","Total",1528,134,231,938,225,809,36,52,538,183,719,98,179,400,42
"2011","South Cambridgeshire 003C","E01018284","Total",714,79,142,389,104,380,20,35,243,82,334,59,107,146,22
"2011","South Cambridgeshire 003D","E01018285","Total",712,68,132,414,98,371,20,22,248,81,341,48,110,166,17
"2011","South Cambridgeshire 004A","E01018298","Total",1166,85,126,681,274,825,27,36,510,252,341,58,90,171,22
"2011","South Cambridgeshire 004B","E01018299","Total",912,89,173,550,100,476,25,31,335,85,436,64,142,215,15
"2011","South Cambridgeshire 004C","E01018300","Total",608,67,115,338,88,339,28,34,205,72,269,39,81,133,16
"2011","South Cambridgeshire 004D","E01018301","Total",774,61,142,465,106,408,17,28,285,78,366,44,114,180,28
"2011","South Cambridgeshire 005A","E01018221","Total",1037,81,166,672,118,556,27,40,402,87,481,54,126,270,31
"2011","South Cambridgeshire 005B","E01018222","Total",869,99,166,488,116,497,43,37,326,91,372,56,129,162,25
"2011","South Cambridgeshire 005C","E01018223","Total",1054,80,193,635,146,542,23,39,366,114,512,57,154,269,32
"2011","South Cambridgeshire 006A","E01018257","Total",676,57,121,419,79,358,12,32,253,61,318,45,89,166,18
"2011","South Cambridgeshire 006B","E01018258","Total",823,87,175,471,90,433,21,38,305,69,390,66,137,166,21
"2011","South Cambridgeshire 006C","E01018259","Total",719,80,142,409,88,390,22,38,265,65,329,58,104,144,23
"2011","South Cambridgeshire 006D","E01018260","Total",918,102,166,538,112,479,22,38,334,85,439,80,128,204,27
"2011","South Cambridgeshire 006F","E01018262","Total",766,78,171,439,78,401,24,32,285,60,365,54,139,154,18
"2011","South Cambridgeshire 006G","E01033120","Total",802,83,129,481,109,431,31,33,289,78,371,52,96,192,31
"2011","South Cambridgeshire 006H","E01033121","Total",938,64,116,668,90,528,18,33,411,66,410,46,83,257,24
"2011","South Cambridgeshire 007A","E01018272","Total",739,66,154,415,104,405,19,44,262,80,334,47,110,153,24
"2011","South Cambridgeshire 007B","E01018273","Total",795,72,148,463,112,445,24,46,284,91,350,48,102,179,21
"2011","South Cambridgeshire 007C","E01018274","Total",1124,88,139,763,134,634,28,31,474,101,490,60,108,289,33
"2011","South Cambridgeshire 007D","E01018297","Total",952,104,159,515,174,504,32,41,316,115,448,72,118,199,59
"2011","South Cambridgeshire 009A","E01018224","Total",716,86,147,347,136,384,24,40,220,100,332,62,107,127,36
"2011","South Cambridgeshire 009B","E01018225","Total",512,46,100,271,95,258,11,26,145,76,254,35,74,126,19
"2011","South Cambridgeshire 009C","E01018248","Total",1004,122,142,569,171,543,43,35,346,119,461,79,107,223,52
"2011","South Cambridgeshire 009D","E01018249","Total",510,54,87,304,65,274,18,22,183,51,236,36,65,121,14
"2011","South Cambridgeshire 009E","E01018250","Total",599,71,120,313,95,307,25,34,178,70,292,46,86,135,25
"2011","South Cambridgeshire 010A","E01018231","Total",1311,152,239,708,212,719,43,57,449,170,592,109,182,259,42
"2011","South Cambridgeshire 010B","E01018232","Total",1157,124,238,630,165,589,40,49,381,119,568,84,189,249,46
"2011","South Cambridgeshire 010C","E01018251","Total",761,66,114,486,95,405,20,19,290,76,356,46,95,196,19
"2011","South Cambridgeshire 010D","E01018252","Total",838,98,173,456,111,428,28,39,271,90,410,70,134,185,21
"2011","South Cambridgeshire 010E","E01018255","Total",569,82,103,287,97,301,22,18,184,77,268,60,85,103,20
"2011","South Cambridgeshire 011A","E01018242","Total",647,65,139,384,59,324,21,30,228,45,323,44,109,156,14
"2011","South Cambridgeshire 011B","E01018243","Total",959,79,150,637,93,497,31,32,366,68,462,48,118,271,25
"2011","South Cambridgeshire 011C","E01018244","Total",776,79,130,448,119,407,15,31,269,92,369,64,99,179,27
"2011","South Cambridgeshire 011D","E01018286","Total",893,67,137,583,106,475,18,28,351,78,418,49,109,232,28
"2011","South Cambridgeshire 011E","E01018287","Total",815,46,100,585,84,439,15,29,339,56,376,31,71,246,28
"2011","South Cambridgeshire 011F","E01018296","Total",563,79,111,273,100,311,27,38,167,79,252,52,73,106,21
"2011","South Cambridgeshire 012A","E01018292","Total",705,74,131,371,129,378,19,39,223,97,327,55,92,148,32
"2011","South Cambridgeshire 012B","E01018293","Total",662,72,119,358,113,353,23,27,214,89,309,49,92,144,24
"2011","South Cambridgeshire 012C","E01018294","Total",867,83,123,549,112,455,28,29,313,85,412,55,94,236,27
"2011","South Cambridgeshire 012D","E01018295","Total",748,98,142,376,132,400,28,42,227,103,348,70,100,149,29
"2011","South Cambridgeshire 013A","E01018245","Total",899,98,168,488,145,504,25,41,316,122,395,73,127,172,23
"2011","South Cambridgeshire 013B","E01018246","Total",832,84,165,472,111,437,26,26,297,88,395,58,139,175,23
"2011","South Cambridgeshire 013C","E01018247","Total",911,111,169,462,169,487,34,41,272,140,424,77,128,190,29
"2011","South Cambridgeshire 013D","E01018275","Total",1171,137,219,621,194,605,31,51,379,144,566,106,168,242,50
"2011","South Cambridgeshire 014A","E01018240","Total",602,77,100,317,108,331,22,24,200,85,271,55,76,117,23
"2011","South Cambridgeshire 014B","E01018253","Total",564,67,97,285,115,305,21,25,171,88,259,46,72,114,27
"2011","South Cambridgeshire 014C","E01018254","Total",658,75,126,354,103,360,30,33,223,74,298,45,93,131,29
"2011","South Cambridgeshire 014D","E01018256","Total",733,82,141,396,114,394,26,33,250,85,339,56,108,146,29
"2011","South Cambridgeshire 014E","E01018291","Total",570,66,110,303,91,298,17,22,186,73,272,49,88,117,18
"2011","South Cambridgeshire 015A","E01018279","Total",727,85,125,451,66,376,28,36,261,51,351,57,89,190,15
"2011","South Cambridgeshire 015B","E01018280","Total",846,106,152,484,104,454,35,32,306,81,392,71,120,178,23
"2011","South Cambridgeshire 015C","E01018281","Total",796,73,134,514,75,426,20,33,308,65,370,53,101,206,10
"2011","South Cambridgeshire 015D","E01018282","Total",760,73,133,488,66,395,26,26,289,54,365,47,107,199,12
"2011","South Cambridgeshire 015E","E01018283","Total",728,71,131,447,79,380,27,23,264,66,348,44,108,183,13
"2011","South Cambridgeshire 016A","E01018218","Total",866,90,165,437,174,471,29,42,266,134,395,61,123,171,40
"2011","South Cambridgeshire 016B","E01018219","Total",732,96,140,371,125,377,21,28,228,100,355,75,112,143,25
"2011","South Cambridgeshire 016C","E01018220","Total",800,104,153,404,139,418,23,37,251,107,382,81,116,153,32
"2011","South Cambridgeshire 016D","E01018263","Total",798,78,133,475,112,428,21,33,290,84,370,57,100,185,28
"2011","South Cambridgeshire 016E","E01018264","Total",747,84,128,439,96,395,23,32,264,76,352,61,96,175,20
"2011","South Cambridgeshire 016F","E01018265","Total",932,110,163,507,152,471,26,26,296,123,461,84,137,211,29
"2011","South Cambridgeshire 017A","E01018238","Total",748,85,122,417,124,398,19,18,264,97,350,66,104,153,27
"2011","South Cambridgeshire 017B","E01018239","Total",690,67,118,390,115,363,16,21,238,88,327,51,97,152,27
"2011","South Cambridgeshire 017C","E01018288","Total",581,72,113,305,91,299,24,26,176,73,282,48,87,129,18
"2011","South Cambridgeshire 017D","E01018289","Total",641,59,108,350,124,330,13,26,197,94,311,46,82,153,30
"2011","South Cambridgeshire 017E","E01018302","Total",885,84,121,539,141,478,22,31,316,109,407,62,90,223,32
"2011","South Cambridgeshire 017F","E01018303","Total",589,58,108,312,111,321,18,25,195,83,268,40,83,117,28
"2011","South Cambridgeshire 018A","E01018241","Total",663,77,120,346,120,354,16,20,221,97,309,61,100,125,23
"2011","South Cambridgeshire 018B","E01018267","Total",1148,132,225,601,190,609,39,55,366,149,539,93,170,235,41
"2011","South Cambridgeshire 018C","E01018268","Total",1048,119,190,553,186,556,30,35,350,141,492,89,155,203,45
"2011","South Cambridgeshire 018D","E01018269","Total",687,64,125,399,99,366,20,29,239,78,321,44,96,160,21
"2011","South Cambridgeshire 018E","E01018270","Total",591,76,94,320,101,321,25,27,196,73,270,51,67,124,28
"2011","South Cambridgeshire 018F","E01018271","Total",693,77,103,421,92,349,17,28,232,72,344,60,75,189,20
"2011","South Cambridgeshire 019A","E01018226","Total",782,82,91,386,223,464,18,13,237,196,318,64,78,149,27
"2011","South Cambridgeshire 019B","E01018227","Total",1017,108,186,588,135,520,25,44,346,105,497,83,142,242,30
"2011","South Cambridgeshire 019C","E01018228","Total",888,102,169,440,177,475,25,39,271,140,413,77,130,169,37
"2011","South Cambridgeshire 019D","E01018290","Total",1248,142,230,663,213,682,39,58,417,168,566,103,172,246,45
"2011","South Cambridgeshire 020A","E01033113","Total",553,44,82,362,65,278,11,12,204,51,275,33,70,158,14
"2011","South Cambridgeshire 020B","E01033114","Total",834,75,114,496,149,451,18,29,289,115,383,57,85,207,34
"2011","South Cambridgeshire 020C","E01033115","Total",739,66,111,433,129,381,13,15,255,98,358,53,96,178,31
"2011","South Cambridgeshire 020D","E01033117","Total",720,58,114,422,126,395,21,25,248,101,325,37,89,174,25
"2011","South Cambridgeshire 020E","E01033119","Total",1029,87,122,679,141,559,26,22,395,116,470,61,100,284,25
"2011","South Cambridgeshire 021A","E01018276","Total",768,42,123,529,74,388,13,37,280,58,380,29,86,249,16
"2011","South Cambridgeshire 021B","E01018277","Total",949,102,151,527,169,514,34,33,316,131,435,68,118,211,38
"2011","South Cambridgeshire 021C","E01018278","Total",948,94,151,567,136,498,25,29,343,101,450,69,122,224,35
"2011","South Cambridgeshire 021D","E01033116","Total",839,97,137,471,134,437,21,30,277,109,402,76,107,194,25
"2011","South Cambridgeshire 021E","E01033118","Total",836,77,122,488,149,455,21,20,299,115,381,56,102,189,34
"2011","Basildon 001A","E01021237","Total",647,89,118,285,155,362,20,30,185,127,285,69,88,100,28
"2011","Basildon 001B","E01021238","Total",702,88,130,380,104,368,19,23,249,77,334,69,107,131,27
"2011","Basildon 001C","E01021242","Total",645,62,123,350,110,350,17,25,221,87,295,45,98,129,23
"2011","Basildon 001D","E01021250","Total",794,100,137,439,118,412,26,22,273,91,382,74,115,166,27
"2011","Basildon 001E","E01021251","Total",809,105,139,436,129,434,23,27,275,109,375,82,112,161,20
"2011","Basildon 002A","E01021245","Total",645,63,123,365,94,320,13,24,209,74,325,50,99,156,20
"2011","Basildon 002B","E01021246","Total",743,83,106,429,125,401,21,21,265,94,342,62,85,164,31
"2011","Basildon 002C","E01021248","Total",765,80,131,418,136,409,25,26,259,99,356,55,105,159,37
"2011","Basildon 002D","E01021249","Total",791,100,142,409,140,422,32,29,249,112,369,68,113,160,28
"2011","Basildon 002E","E01021252","Total",781,73,117,445,146,416,20,21,262,113,365,53,96,183,33
"2011","Basildon 003A","E01021239","Total",656,88,105,326,137,358,25,17,196,120,298,63,88,130,17
"2011","Basildon 003B","E01021240","Total",862,87,115,514,146,468,18,26,307,117,394,69,89,207,29
"2011","Basildon 003C","E01021241","Total",766,70,145,431,120,378,13,34,241,90,388,57,111,190,30
"2011","Basildon 003D","E01021243","Total",898,95,165,504,134,484,26,35,312,111,414,69,130,192,23
"2011","Basildon 003E","E01021247","Total",651,79,110,340,122,371,28,30,211,102,280,51,80,129,20
"2011","Basildon 004A","E01021244","Total",628,63,115,334,116,340,17,18,216,89,288,46,97,118,27
"2011","Basildon 004B","E01021253","Total",747,107,148,358,134,396,24,25,233,114,351,83,123,125,20
"2011","Basildon 004C","E01021255","Total",617,77,93,329,118,334,23,17,197,97,283,54,76,132,21
"2011","Basildon 004D","E01021256","Total",680,96,115,357,112,368,23,27,229,89,312,73,88,128,23
"2011","Basildon 004E","E01021258","Total",773,73,156,428,116,409,20,37,268,84,364,53,119,160,32
"2011","Basildon 005A","E01021334","Total",740,75,138,415,112,388,20,29,245,94,352,55,109,170,18
"2011","Basildon 005B","E01021336","Total",783,74,145,434,130,410,19,26,258,107,373,55,119,176,23
"2011","Basildon 005C","E01021338","Total",683,64,124,400,95,365,13,38,239,75,318,51,86,161,20
"2011","Basildon 005D","E01021339","Total",603,53,107,365,78,326,12,34,216,64,277,41,73,149,14
"2011","Basildon 006A","E01021264","Total",709,87,133,351,138,396,24,35,220,117,313,63,98,131,21
"2011","Basildon 006B","E01021329","Total",661,64,116,382,99,369,6,27,250,86,292,58,89,132,13
"2011","Basildon 006C","E01021330","Total",790,94,146,461,89,402,25,31,273,73,388,69,115,188,16
"2011","Basildon 006D","E01021332","Total",663,84,121,361,97,359,21,27,230,81,304,63,94,131,16
"2011","Basildon 006E","E01021333","Total",760,105,123,432,100,414,32,30,271,81,346,73,93,161,19
"2011","Basildon 007A","E01021335","Total",821,92,165,443,121,428,19,30,273,106,393,73,135,170,15
"2011","Basildon 007B","E01021337","Total",692,74,134,397,87,376,15,31,258,72,316,59,103,139,15
"2011","Basildon 007C","E01021340","Total",843,85,153,487,118,450,17,47,288,98,393,68,106,199,20
"2011","Basildon 007D","E01021341","Total",813,92,148,475,98,452,29,32,313,78,361,63,116,162,20
"2011","Basildon 007E","E01021345","Total",1154,79,183,712,180,597,16,28,406,147,557,63,155,306,33
"2011","Basildon 008A","E01021331","Total",811,89,135,488,99,449,28,34,307,80,362,61,101,181,19
"2011","Basildon 008B","E01021342","Total",757,73,147,448,89,396,18,33,275,70,361,55,114,173,19
"2011","Basildon 008C","E01021343","Total",997,77,153,645,122,511,20,26,371,94,486,57,127,274,28
"2011","Basildon 008D","E01021344","Total",1270,129,200,723,218,673,27,35,436,175,597,102,165,287,43
"2011","Basildon 008E","E01021346","Total",1135,111,182,679,163,618,27,43,420,128,517,84,139,259,35
"2011","Basildon 009A","E01021254","Total",692,83,115,339,155,401,19,31,215,136,291,64,84,124,19
"2011","Basildon 009B","E01021257","Total",706,100,120,381,105,383,28,25,244,86,323,72,95,137,19
"2011","Basildon 009C","E01021259","Total",814,71,132,495,116,415,19,27,285,84,399,52,105,210,32
"2011","Basildon 009D","E01021260","Total",1078,105,160,604,209,657,31,48,404,174,421,74,112,200,35
"2011","Basildon 010A","E01021261","Total",867,93,140,518,116,462,22,26,320,94,405,71,114,198,22
"2011","Basildon 010B","E01021262","Total",823,67,116,511,129,423,22,22,289,90,400,45,94,222,39
"2011","Basildon 010C","E01021263","Total",1023,69,180,642,132,518,21,32,362,103,505,48,148,280,29
"2011","Basildon 010D","E01021274","Total",900,88,137,557,118,469,20,36,308,105,431,68,101,249,13
"2011","Basildon 010E","E01021279","Total",756,69,144,452,91,394,11,27,282,74,362,58,117,170,17
"2011","Basildon 011A","E01021301","Total",665,53,125,405,82,340,14,32,231,63,325,39,93,174,19
"2011","Basildon 011B","E01021303","Total",681,51,124,424,82,352,13,19,254,66,329,38,105,170,16
"2011","Basildon 011C","E01021307","Total",728,65,122,454,87,393,16,24,280,73,335,49,98,174,14
"2011","Basildon 011D","E01021308","Total",786,60,144,476,106,410,15,28,278,89,376,45,116,198,17
"2011","Basildon 011E","E01021309","Total",759,57,119,482,101,395,17,26,271,81,364,40,93,211,20
"2011","Basildon 011F","E01021312","Total",764,90,132,431,111,415,16,39,271,89,349,74,93,160,22
"2011","Basildon 012A","E01021265","Total",705,55,124,453,73,369,12,21,274,62,336,43,103,179,11
"2011","Basildon 012B","E01021267","Total",764,65,142,476,81,420,20,32,295,73,344,45,110,181,8
"2011","Basildon 012C","E01021269","Total",765,77,137,488,63,390,23,22,290,55,375,54,115,198,8
"2011","Basildon 012D","E01021270","Total",706,66,141,408,91,390,17,36,261,76,316,49,105,147,15
"2011","Basildon 012E","E01021272","Total",746,69,139,452,86,380,12,25,269,74,366,57,114,183,12
"2011","Basildon 013A","E01021271","Total",707,72,153,421,61,394,20,55,264,55,313,52,98,157,6
"2011","Basildon 013B","E01021302","Total",513,42,104,310,57,283,14,24,204,41,230,28,80,106,16
"2011","Basildon 013C","E01021304","Total",594,52,106,365,71,317,12,27,217,61,277,40,79,148,10
"2011","Basildon 013D","E01021305","Total",599,61,120,349,69,310,20,29,211,50,289,41,91,138,19
"2011","Basildon 013E","E01021306","Total",622,56,122,359,85,341,21,28,223,69,281,35,94,136,16
"2011","Basildon 014A","E01021273","Total",756,65,131,463,97,410,22,45,262,81,346,43,86,201,16
"2011","Basildon 014B","E01021275","Total",823,88,164,483,88,440,24,34,309,73,383,64,130,174,15
"2011","Basildon 014C","E01021276","Total",727,57,140,450,80,381,11,36,267,67,346,46,104,183,13
"2011","Basildon 014D","E01021277","Total",675,66,114,409,86,359,19,24,240,76,316,47,90,169,10
"2011","Basildon 014E","E01021278","Total",761,54,143,472,92,401,10,35,286,70,360,44,108,186,22
"2011","Basildon 015A","E01021266","Total",726,65,123,445,93,377,13,21,267,76,349,52,102,178,17
"2011","Basildon 015B","E01021268","Total",541,60,96,313,72,279,15,18,186,60,262,45,78,127,12
"2011","Basildon 015C","E01021318","Total",920,83,151,592,94,508,28,42,367,71,412,55,109,225,23
"2011","Basildon 015D","E01021320","Total",783,56,152,487,88,418,17,28,297,76,365,39,124,190,12
"2011","Basildon 015E","E01021321","Total",713,51,136,454,72,364,13,30,265,56,349,38,106,189,16
"2011","Basildon 016A","E01021286","Total",816,63,142,501,110,440,17,43,303,77,376,46,99,198,33
"2011","Basildon 016B","E01021288","Total",535,68,124,284,59,261,18,26,169,48,274,50,98,115,11
"2011","Basildon 016C","E01021289","Total",836,68,146,513,109,434,18,29,297,90,402,50,117,216,19
"2011","Basildon 016D","E01021290","Total",609,58,140,343,68,299,13,28,208,50,310,45,112,135,18
"2011","Basildon 016E","E01021291","Total",745,47,132,472,94,391,7,31,286,67,354,40,101,186,27
"2011","Basildon 017A","E01021287","Total",745,67,138,452,88,391,18,38,258,77,354,49,100,194,11
"2011","Basildon 017B","E01021292","Total",689,65,127,422,75,361,19,26,252,64,328,46,101,170,11
"2011","Basildon 017C","E01021293","Total",784,84,130,489,81,404,26,31,287,60,380,58,99,202,21
"2011","Basildon 017D","E01021298","Total",749,73,161,443,72,375,27,31,257,60,374,46,130,186,12
"2011","Basildon 017E","E01021319","Total",717,62,126,465,64,375,19,38,270,48,342,43,88,195,16
"2011","Basildon 018A","E01021313","Total",779,77,150,456,96,425,22,34,284,85,354,55,116,172,11
"2011","Basildon 018B","E01021314","Total",584,56,115,339,74,312,17,31,204,60,272,39,84,135,14
"2011","Basildon 018C","E01021315","Total",648,63,140,398,47,330,18,31,243,38,318,45,109,155,9
"2011","Basildon 018D","E01021316","Total",605,74,118,346,67,309,17,25,209,58,296,57,93,137,9
"2011","Basildon 018E","E01021317","Total",680,52,138,412,78,378,9,44,260,65,302,43,94,152,13
"2011","Basildon 019A","E01021322","Total",656,45,102,420,89,378,15,23,269,71,278,30,79,151,18
"2011","Basildon 019B","E01021323","Total",639,48,113,396,82,333,12,24,233,64,306,36,89,163,18
"2011","Basildon 019C","E01021324","Total",628,64,132,350,82,328,22,31,206,69,300,42,101,144,13
"2011","Basildon 019D","E01021325","Total",594,57,124,350,63,317,23,30,210,54,277,34,94,140,9
"2011","Basildon 019E","E01021327","Total",712,78,129,433,72,384,23,30,270,61,328,55,99,163,11
"2011","Basildon 020A","E01021294","Total",801,86,156,477,82,413,27,34,290,62,388,59,122,187,20
"2011","Basildon 020B","E01021295","Total",773,84,153,454,82,421,21,38,291,71,352,63,115,163,11
"2011","Basildon 020C","E01021296","Total",835,89,157,501,88,424,20,33,303,68,411,69,124,198,20
"2011","Basildon 020D","E01021297","Total",881,62,141,565,113,451,10,34,320,87,430,52,107,245,26
"2011","Basildon 020E","E01021299","Total",743,77,127,440,99,392,24,16,270,82,351,53,111,170,17
"2011","Basildon 021A","E01021280","Total",891,82,137,531,141,456,16,20,307,113,435,66,117,224,28
"2011","Basildon 021B","E01021281","Total",786,73,132,481,100,417,24,28,287,78,369,49,104,194,22
"2011","Basildon 021C","E01021282","Total",753,84,114,429,126,431,26,34,268,103,322,58,80,161,23
"2011","Basildon 021D","E01021283","Total",792,78,128,488,98,427,25,21,307,74,365,53,107,181,24
"2011","Basildon 021E","E01021284","Total",870,84,133,498,155,459,18,25,298,118,411,66,108,200,37
"2011","Basildon 021F","E01021285","Total",769,69,117,459,124,422,16,23,277,106,347,53,94,182,18
"2011","Basildon 022A","E01021300","Total",966,80,179,563,144,522,18,44,343,117,444,62,135,220,27
"2011","Basildon 022B","E01021310","Total",754,45,93,506,110,441,9,25,317,90,313,36,68,189,20
"2011","Basildon 022C","E01021311","Total",589,61,114,332,82,316,17,28,205,66,273,44,86,127,16
"2011","Basildon 022D","E01021326","Total",884,76,152,539,117,463,16,34,318,95,421,60,118,221,22
"2011","Basildon 022E","E01021328","Total",696,66,129,427,74,365,18,34,252,61,331,48,95,175,13
"2011","Braintree 001A","E01021375","Total",592,84,112,290,106,304,24,28,173,79,288,60,84,117,27
"2011","Braintree 001B","E01021376","Total",744,74,120,408,142,413,22,24,252,115,331,52,96,156,27
"2011","Braintree 001C","E01021414","Total",1086,126,219,547,194,597,25,62,350,160,489,101,157,197,34
"2011","Braintree 001D","E01021430","Total",1055,103,191,588,173,573,22,41,377,133,482,81,150,211,40
"2011","Braintree 002A","E01021398","Total",778,103,150,389,136,415,28,36,247,104,363,75,114,142,32
"2011","Braintree 002B","E01021406","Total",1100,136,196,544,224,605,32,54,347,172,495,104,142,197,52
"2011","Braintree 002C","E01021407","Total",1064,143,206,512,203,583,46,50,329,158,481,97,156,183,45
"2011","Braintree 003A","E01021382","Total",642,83,133,313,113,333,15,29,195,94,309,68,104,118,19
"2011","Braintree 003B","E01021397","Total",965,100,188,509,168,506,31,42,308,125,459,69,146,201,43
"2011","Braintree 003C","E01021399","Total",767,94,172,401,100,404,28,33,259,84,363,66,139,142,16
"2011","Braintree 003D","E01021400","Total",850,103,153,448,146,458,29,29,276,124,392,74,124,172,22
"2011","Braintree 004A","E01021387","Total",1082,115,190,608,169,557,42,43,341,131,525,73,147,267,38
"2011","Braintree 004B","E01021388","Total",815,82,158,454,121,433,20,43,280,90,382,62,115,174,31
"2011","Braintree 004C","E01021391","Total",658,72,133,372,81,336,16,27,233,60,322,56,106,139,21
"2011","Braintree 004D","E01021392","Total",858,74,176,501,107,452,13,30,321,88,406,61,146,180,19
"2011","Braintree 004E","E01021393","Total",778,74,135,457,112,413,20,28,277,88,365,54,107,180,24
"2011","Braintree 005A","E01021404","Total",1088,138,196,543,211,575,44,44,320,167,513,94,152,223,44
"2011","Braintree 005B","E01021411","Total",638,86,114,322,116,333,17,29,197,90,305,69,85,125,26
"2011","Braintree 005C","E01021412","Total",808,93,147,402,166,452,18,38,262,134,356,75,109,140,32
"2011","Braintree 005D","E01021413","Total",676,69,139,334,134,368,18,31,215,104,308,51,108,119,30
"2011","Braintree 006A","E01021389","Total",860,99,172,470,119,461,29,24,314,94,399,70,148,156,25
"2011","Braintree 006B","E01021390","Total",760,81,145,414,120,378,17,19,243,99,382,64,126,171,21
"2011","Braintree 006C","E01021408","Total",858,97,165,440,156,458,25,38,267,128,400,72,127,173,28
"2011","Braintree 006D","E01021409","Total",944,108,179,465,192,506,33,37,290,146,438,75,142,175,46
"2011","Braintree 006E","E01021410","Total",746,75,144,424,103,381,15,32,253,81,365,60,112,171,22
"2011","Braintree 007A","E01021349","Total",862,82,163,486,131,465,24,30,302,109,397,58,133,184,22
"2011","Braintree 007B","E01021351","Total",927,95,165,514,153,471,24,26,307,114,456,71,139,207,39
"2011","Braintree 007C","E01021352","Total",877,82,190,499,106,477,18,39,324,96,400,64,151,175,10
"2011","Braintree 007D","E01021355","Total",966,100,178,547,141,512,29,44,328,111,454,71,134,219,30
"2011","Braintree 007E","E01021356","Total",669,69,137,369,94,354,20,31,226,77,315,49,106,143,17
"2011","Braintree 007F","E01021381","Total",554,63,102,292,97,312,18,24,190,80,242,45,78,102,17
"2011","Braintree 008A","E01021354","Total",577,71,116,320,70,313,19,27,209,58,264,52,89,111,12
"2011","Braintree 008B","E01021357","Total",785,75,162,443,105,405,20,33,265,87,380,55,129,178,18
"2011","Braintree 008C","E01021358","Total",977,76,176,589,136,516,22,37,350,107,461,54,139,239,29
"2011","Braintree 008D","E01021359","Total",923,92,181,537,113,483,27,44,321,91,440,65,137,216,22
"2011","Braintree 009A","E01021350","Total",857,74,151,493,139,463,24,29,301,109,394,50,122,192,30
"2011","Braintree 009B","E01021353","Total",924,83,177,556,108,497,17,46,341,93,427,66,131,215,15
"2011","Braintree 009D","E01021365","Total",1219,84,183,763,189,657,26,44,454,133,562,58,139,309,56
"2011","Braintree 009E","E01033458","Total",853,52,113,579,109,462,14,25,342,81,391,38,88,237,28
"2011","Braintree 009F","E01033459","Total",1002,69,168,626,139,552,21,40,378,113,450,48,128,248,26
"2011","Braintree 010A","E01021364","Total",889,81,175,526,107,469,16,31,335,87,420,65,144,191,20
"2011","Braintree 010B","E01021366","Total",799,97,162,423,117,422,28,33,267,94,377,69,129,156,23
"2011","Braintree 010C","E01021383","Total",1062,125,210,537,190,557,27,46,328,156,505,98,164,209,34
"2011","Braintree 010D","E01021405","Total",1239,148,246,675,170,665,26,64,441,134,574,122,182,234,36
"2011","Braintree 011A","E01021368","Total",769,61,139,473,96,414,22,24,284,84,355,39,115,189,12
"2011","Braintree 011B","E01021370","Total",688,64,131,398,95,360,13,30,244,73,328,51,101,154,22
"2011","Braintree 011C","E01021372","Total",998,98,158,596,146,549,28,38,369,114,449,70,120,227,32
"2011","Braintree 011D","E01021373","Total",1303,107,219,788,189,673,26,35,456,156,630,81,184,332,33
"2011","Braintree 011E","E01021374","Total",694,60,138,418,78,366,16,37,251,62,328,44,101,167,16
"2011","Braintree 012A","E01021360","Total",905,103,173,520,109,484,28,34,334,88,421,75,139,186,21
"2011","Braintree 012B","E01021361","Total",919,89,163,531,136,491,20,36,319,116,428,69,127,212,20
"2011","Braintree 012C","E01021367","Total",692,73,148,403,68,338,16,36,230,56,354,57,112,173,12
"2011","Braintree 012D","E01021369","Total",1476,135,299,845,197,762,37,67,507,151,714,98,232,338,46
"2011","Braintree 012E","E01021380","Total",1096,106,216,576,198,587,25,53,348,161,509,81,163,228,37
"2011","Braintree 013A","E01021347","Total",1211,124,229,647,211,638,30,48,391,169,573,94,181,256,42
"2011","Braintree 013B","E01021371","Total",901,86,191,488,136,476,23,38,304,111,425,63,153,184,25
"2011","Braintree 013C","E01021384","Total",1234,140,232,679,183,652,31,37,436,148,582,109,195,243,35
"2011","Braintree 013D","E01021385","Total",706,52,138,384,132,369,11,15,237,106,337,41,123,147,26
"2011","Braintree 013E","E01021386","Total",892,123,169,481,119,464,30,24,311,99,428,93,145,170,20
"2011","Braintree 014A","E01021377","Total",833,108,130,424,171,448,29,28,254,137,385,79,102,170,34
"2011","Braintree 014B","E01021378","Total",704,72,130,387,115,363,15,26,231,91,341,57,104,156,24
"2011","Braintree 014C","E01021379","Total",949,120,177,494,158,518,31,34,329,124,431,89,143,165,34
"2011","Braintree 014D","E01021401","Total",680,76,106,373,125,374,16,24,232,102,306,60,82,141,23
"2011","Braintree 014E","E01021402","Total",1054,120,187,595,152,584,35,38,383,128,470,85,149,212,24
"2011","Braintree 014F","E01021403","Total",820,96,142,439,143,450,22,34,280,114,370,74,108,159,29
"2011","Braintree 015A","E01021362","Total",774,75,157,426,116,434,17,45,273,99,340,58,112,153,17
"2011","Braintree 015B","E01021417","Total",748,69,117,464,98,396,23,27,269,77,352,46,90,195,21
"2011","Braintree 015C","E01021418","Total",687,61,109,419,98,365,16,18,255,76,322,45,91,164,22
"2011","Braintree 015D","E01021419","Total",821,94,169,477,81,432,24,39,300,69,389,70,130,177,12
"2011","Braintree 015E","E01021426","Total",633,62,95,392,84,331,12,21,232,66,302,50,74,160,18
"2011","Braintree 015F","E01021428","Total",719,85,121,419,94,397,24,24,277,72,322,61,97,142,22
"2011","Braintree 016A","E01021423","Total",720,65,130,434,91,370,16,26,250,78,350,49,104,184,13
"2011","Braintree 016B","E01021425","Total",747,51,123,462,111,391,13,24,262,92,356,38,99,200,19
"2011","Braintree 016C","E01021427","Total",673,56,115,405,97,373,12,20,263,78,300,44,95,142,19
"2011","Braintree 016D","E01021429","Total",653,64,115,395,79,346,17,25,241,63,307,47,90,154,16
"2011","Braintree 017A","E01021415","Total",605,60,107,350,88,310,14,30,200,66,295,46,77,150,22
"2011","Braintree 017B","E01021416","Total",875,62,139,555,119,477,17,43,330,87,398,45,96,225,32
"2011","Braintree 017C","E01021420","Total",899,64,139,572,124,479,17,27,337,98,420,47,112,235,26
"2011","Braintree 017E","E01021422","Total",775,78,152,436,109,412,24,32,269,87,363,54,120,167,22
"2011","Braintree 017F","E01033460","Total",695,47,100,438,110,379,12,26,258,83,316,35,74,180,27
"2011","Braintree 017G","E01033461","Total",915,52,115,576,172,506,20,29,323,134,409,32,86,253,38
"2011","Braintree 017H","E01033462","Total",582,49,74,373,86,325,20,17,217,71,257,29,57,156,15
"2011","Braintree 018A","E01021348","Total",768,81,122,405,160,428,20,32,240,136,340,61,90,165,24
"2011","Braintree 018B","E01021394","Total",688,68,99,408,113,372,17,24,234,97,316,51,75,174,16
"2011","Braintree 018C","E01021395","Total",680,70,118,386,106,361,17,31,228,85,319,53,87,158,21
"2011","Braintree 018D","E01021396","Total",742,80,137,401,124,393,15,29,256,93,349,65,108,145,31
"2011","Braintree 018E","E01021424","Total",1104,121,175,640,168,574,29,25,384,136,530,92,150,256,32
"2011","Brentwood 001A","E01021441","Total",748,94,152,392,110,390,22,38,237,93,358,72,114,155,17
"2011","Brentwood 001B","E01021442","Total",664,91,113,347,113,354,21,18,222,93,310,70,95,125,20
"2011","Brentwood 001C","E01021443","Total",716,79,140,362,135,376,17,28,215,116,340,62,112,147,19
"2011","Brentwood 001D","E01021444","Total",788,100,164,390,134,415,27,34,246,108,373,73,130,144,26
"2011","Brentwood 001E","E01021469","Total",545,81,106,250,108,285,19,27,150,89,260,62,79,100,19
"2011","Brentwood 001F","E01021470","Total",525,74,89,277,85,278,21,17,171,69,247,53,72,106,16
"2011","Brentwood 001G","E01021471","Total",719,82,157,354,126,401,18,39,237,107,318,64,118,117,19
"2011","Brentwood 002A","E01021457","Total",665,81,108,346,130,361,24,25,201,111,304,57,83,145,19
"2011","Brentwood 002B","E01021458","Total",731,83,115,393,140,396,23,24,237,112,335,60,91,156,28
"2011","Brentwood 002C","E01021459","Total",582,76,96,311,99,320,19,25,191,85,262,57,71,120,14
"2011","Brentwood 002D","E01021460","Total",774,91,154,410,119,412,21,37,265,89,362,70,117,145,30
"2011","Brentwood 003A","E01021448","Total",639,64,115,381,79,338,13,37,231,57,301,51,78,150,22
"2011","Brentwood 003B","E01021449","Total",774,98,150,405,121,392,28,34,240,90,382,70,116,165,31
"2011","Brentwood 003C","E01021450","Total",1039,101,199,588,151,552,31,47,360,114,487,70,152,228,37
"2011","Brentwood 003D","E01021451","Total",712,82,126,407,97,360,25,22,236,77,352,57,104,171,20
"2011","Brentwood 003E","E01021452","Total",675,72,103,414,86,361,15,28,254,64,314,57,75,160,22
"2011","Brentwood 004A","E01021431","Total",831,95,142,455,139,430,19,29,274,108,401,76,113,181,31
"2011","Brentwood 004B","E01021432","Total",835,93,179,454,109,413,26,35,270,82,422,67,144,184,27
"2011","Brentwood 004C","E01021434","Total",635,64,118,352,101,318,17,18,204,79,317,47,100,148,22
"2011","Brentwood 004D","E01021461","Total",666,68,146,377,75,350,26,31,232,61,316,42,115,145,14
"2011","Brentwood 004E","E01021464","Total",744,63,151,428,102,385,17,33,256,79,359,46,118,172,23
"2011","Brentwood 005A","E01021447","Total",1082,130,186,528,238,580,27,45,325,183,502,103,141,203,55
"2011","Brentwood 005B","E01021453","Total",572,39,94,311,128,328,14,26,192,96,244,25,68,119,32
"2011","Brentwood 005C","E01021455","Total",512,56,77,239,140,317,19,25,152,121,195,37,52,87,19
"2011","Brentwood 005D","E01021465","Total",909,89,129,485,206,518,26,33,301,158,391,63,96,184,48
"2011","Brentwood 005E","E01021466","Total",758,87,116,345,210,447,27,32,220,168,311,60,84,125,42
"2011","Brentwood 005F","E01021467","Total",808,97,129,403,179,433,21,25,251,136,375,76,104,152,43
"2011","Brentwood 006A","E01021438","Total",1069,111,167,590,201,569,30,39,354,146,500,81,128,236,55
"2011","Brentwood 006B","E01021462","Total",729,85,152,406,86,379,19,34,256,70,350,66,118,150,16
"2011","Brentwood 006C","E01021463","Total",721,73,147,356,145,377,17,32,219,109,344,56,115,137,36
"2011","Brentwood 006D","E01021468","Total",952,118,136,506,192,515,27,31,315,142,437,91,105,191,50
"2011","Brentwood 007A","E01021433","Total",1060,89,182,602,187,548,34,53,332,129,512,55,129,270,58
"2011","Brentwood 007B","E01021436","Total",1246,94,110,787,255,688,23,35,442,188,558,71,75,345,67
"2011","Brentwood 007C","E01021439","Total",1416,78,172,920,246,743,23,51,494,175,673,55,121,426,71
"2011","Brentwood 007E","E01021475","Total",848,63,119,534,132,439,15,32,302,90,409,48,87,232,42
"2011","Brentwood 007F","E01033063","Total",752,39,91,489,133,393,10,17,269,97,359,29,74,220,36
"2011","Brentwood 007G","E01033064","Total",750,51,137,465,97,375,21,28,255,71,375,30,109,210,26
"2011","Brentwood 008A","E01021435","Total",866,91,145,475,155,460,26,36,279,119,406,65,109,196,36
"2011","Brentwood 008B","E01021437","Total",760,57,159,457,87,380,23,29,258,70,380,34,130,199,17
"2011","Brentwood 008C","E01021472","Total",799,74,105,497,123,414,25,27,268,94,385,49,78,229,29
"2011","Brentwood 008D","E01021473","Total",631,77,99,341,114,347,21,23,213,90,284,56,76,128,24
"2011","Brentwood 008E","E01021474","Total",762,87,138,415,122,418,20,33,276,89,344,67,105,139,33
"2011","Brentwood 009A","E01021445","Total",1100,123,206,556,215,590,37,47,338,168,510,86,159,218,47
"2011","Brentwood 009B","E01021446","Total",764,65,118,448,133,416,21,26,260,109,348,44,92,188,24
"2011","Brentwood 009C","E01021454","Total",722,70,126,410,116,368,21,21,242,84,354,49,105,168,32
"2011","Brentwood 009D","E01021456","Total",656,41,109,373,133,352,10,25,214,103,304,31,84,159,30
"2011","Castle Point 001A","E01021513","Total",792,77,154,445,116,428,16,31,287,94,364,61,123,158,22
"2011","Castle Point 001B","E01021514","Total",786,79,149,473,85,416,24,33,289,70,370,55,116,184,15
"2011","Castle Point 001C","E01021515","Total",679,83,138,387,71,352,21,26,246,59,327,62,112,141,12
"2011","Castle Point 001D","E01021525","Total",781,73,131,471,106,429,16,26,296,91,352,57,105,175,15
"2011","Castle Point 001E","E01021527","Total",806,102,154,455,95,425,26,32,289,78,381,76,122,166,17
"2011","Castle Point 002A","E01021509","Total",621,77,122,323,99,333,18,33,201,81,288,59,89,122,18
"2011","Castle Point 002B","E01021510","Total",613,62,122,347,82,346,19,33,227,67,267,43,89,120,15
"2011","Castle Point 002C","E01021511","Total",608,69,126,325,88,340,28,33,206,73,268,41,93,119,15
"2011","Castle Point 002D","E01021528","Total",752,93,150,387,122,398,20,36,247,95,354,73,114,140,27
"2011","Castle Point 002E","E01021531","Total",692,78,135,368,111,350,20,25,220,85,342,58,110,148,26
"2011","Castle Point 003A","E01021476","Total",965,114,177,534,140,517,29,43,327,118,448,85,134,207,22
"2011","Castle Point 003B","E01021477","Total",744,87,128,413,116,414,19,27,264,104,330,68,101,149,12
"2011","Castle Point 003C","E01021478","Total",844,89,164,479,112,432,26,29,285,92,412,63,135,194,20
"2011","Castle Point 003D","E01021516","Total",659,73,124,365,97,365,24,20,245,76,294,49,104,120,21
"2011","Castle Point 004A","E01021479","Total",721,81,147,398,95,385,19,31,252,83,336,62,116,146,12
"2011","Castle Point 004B","E01021481","Total",769,90,144,392,143,425,28,30,246,121,344,62,114,146,22
"2011","Castle Point 004C","E01021483","Total",828,105,149,424,150,444,26,39,257,122,384,79,110,167,28
"2011","Castle Point 004D","E01021512","Total",765,105,126,416,118,415,28,30,262,95,350,77,96,154,23
"2011","Castle Point 004E","E01021526","Total",807,107,141,419,140,432,22,32,259,119,375,85,109,160,21
"2011","Castle Point 005A","E01021517","Total",722,97,143,382,100,396,24,38,254,80,326,73,105,128,20
"2011","Castle Point 005B","E01021519","Total",689,102,113,374,100,353,22,22,230,79,336,80,91,144,21
"2011","Castle Point 005C","E01021530","Total",648,72,155,327,94,357,18,41,220,78,291,54,114,107,16
"2011","Castle Point 005D","E01021532","Total",673,81,123,371,98,374,22,37,238,77,299,59,86,133,21
"2011","Castle Point 006A","E01021482","Total",734,68,153,417,96,386,20,28,261,77,348,48,125,156,19
"2011","Castle Point 006B","E01021518","Total",928,77,181,536,134,467,21,41,300,105,461,56,140,236,29
"2011","Castle Point 006C","E01021520","Total",772,92,132,436,112,399,21,29,259,90,373,71,103,177,22
"2011","Castle Point 006D","E01021529","Total",681,68,127,381,105,369,10,29,250,80,312,58,98,131,25
"2011","Castle Point 007A","E01021480","Total",949,102,179,510,158,524,26,43,330,125,425,76,136,180,33
"2011","Castle Point 007B","E01021521","Total",735,77,140,422,96,382,18,29,254,81,353,59,111,168,15
"2011","Castle Point 007C","E01021522","Total",874,88,154,520,112,473,22,32,326,93,401,66,122,194,19
"2011","Castle Point 007D","E01021523","Total",631,72,121,341,97,329,19,24,208,78,302,53,97,133,19
"2011","Castle Point 007E","E01021524","Total",783,80,148,444,111,426,21,41,274,90,357,59,107,170,21
"2011","Castle Point 008A","E01021487","Total",618,53,110,372,83,351,13,27,240,71,267,40,83,132,12
"2011","Castle Point 008B","E01021494","Total",739,68,149,450,72,399,15,24,300,60,340,53,125,150,12
"2011","Castle Point 008C","E01021504","Total",874,104,154,476,140,477,29,34,295,119,397,75,120,181,21
"2011","Castle Point 008D","E01021505","Total",793,71,151,462,109,426,20,27,296,83,367,51,124,166,26
"2011","Castle Point 008E","E01021506","Total",686,58,126,418,84,374,11,22,270,71,312,47,104,148,13
"2011","Castle Point 009A","E01021492","Total",770,75,128,450,117,428,21,31,279,97,342,54,97,171,20
"2011","Castle Point 009B","E01021493","Total",714,69,124,425,96,391,21,35,254,81,323,48,89,171,15
"2011","Castle Point 009C","E01021495","Total",579,56,126,317,80,317,15,33,202,67,262,41,93,115,13
"2011","Castle Point 009D","E01021496","Total",598,49,101,366,82,342,13,21,241,67,256,36,80,125,15
"2011","Castle Point 010A","E01021485","Total",490,38,102,278,72,270,10,29,170,61,220,28,73,108,11
"2011","Castle Point 010B","E01021486","Total",500,47,98,296,59,266,9,25,187,45,234,38,73,109,14
"2011","Castle Point 010C","E01021488","Total",587,59,105,353,70,307,12,20,214,61,280,47,85,139,9
"2011","Castle Point 010D","E01021503","Total",658,48,146,384,80,352,12,28,238,74,306,36,118,146,6
"2011","Castle Point 010E","E01021507","Total",670,69,147,387,67,337,15,29,235,58,333,54,118,152,9
"2011","Castle Point 010F","E01021508","Total",682,72,139,388,83,344,19,16,239,70,338,53,123,149,13
"2011","Castle Point 011A","E01021484","Total",606,49,120,347,90,334,15,31,218,70,272,34,89,129,20
"2011","Castle Point 011B","E01021498","Total",745,74,152,421,98,400,23,30,265,82,345,51,122,156,16
"2011","Castle Point 011C","E01021499","Total",813,94,155,436,128,464,22,45,285,112,349,72,110,151,16
"2011","Castle Point 011D","E01021501","Total",637,52,132,366,87,358,15,34,232,77,279,37,98,134,10
"2011","Castle Point 011E","E01021502","Total",1049,97,172,636,144,608,19,46,419,124,441,78,126,217,20
"2011","Castle Point 012A","E01021489","Total",677,72,128,394,83,386,17,28,270,71,291,55,100,124,12
"2011","Castle Point 012B","E01021490","Total",678,61,131,392,94,363,13,27,249,74,315,48,104,143,20
"2011","Castle Point 012C","E01021491","Total",803,84,159,440,120,438,18,40,278,102,365,66,119,162,18
"2011","Castle Point 012D","E01021497","Total",660,63,122,383,92,378,22,27,252,77,282,41,95,131,15
"2011","Castle Point 012E","E01021500","Total",766,77,139,434,116,414,16,24,282,92,352,61,115,152,24
"2011","Chelmsford 001A","E01021538","Total",1419,165,268,727,259,747,45,55,443,204,672,120,213,284,55
"2011","Chelmsford 001B","E01021539","Total",622,76,116,292,138,347,21,23,188,115,275,55,93,104,23
"2011","Chelmsford 001C","E01021540","Total",837,106,156,407,168,454,28,40,253,133,383,78,116,154,35
"2011","Chelmsford 001D","E01021541","Total",636,69,119,348,100,338,18,28,209,83,298,51,91,139,17
"2011","Chelmsford 002A","E01021542","Total",1010,116,180,559,155,529,30,37,345,117,481,86,143,214,38
"2011","Chelmsford 002B","E01021543","Total",829,90,175,446,118,425,16,36,271,102,404,74,139,175,16
"2011","Chelmsford 002C","E01021587","Total",688,76,138,379,95,361,23,31,240,67,327,53,107,139,28
"2011","Chelmsford 002D","E01021590","Total",778,73,168,423,114,403,17,35,259,92,375,56,133,164,22
"2011","Chelmsford 002E","E01021591","Total",812,79,135,515,83,425,24,29,305,67,387,55,106,210,16
"2011","Chelmsford 003A","E01021550","Total",763,89,147,385,142,418,17,45,241,115,345,72,102,144,27
"2011","Chelmsford 003B","E01021597","Total",708,65,145,425,73,375,16,26,272,61,333,49,119,153,12
"2011","Chelmsford 003C","E01021598","Total",650,71,131,356,92,344,21,31,218,74,306,50,100,138,18
"2011","Chelmsford 003D","E01021600","Total",651,79,127,367,78,339,17,30,229,63,312,62,97,138,15
"2011","Chelmsford 003E","E01021601","Total",678,65,148,369,96,362,14,47,225,76,316,51,101,144,20
"2011","Chelmsford 004A","E01021616","Total",857,83,163,504,107,446,25,26,306,89,411,58,137,198,18
"2011","Chelmsford 004B","E01021617","Total",764,70,143,450,101,395,18,28,269,80,369,52,115,181,21
"2011","Chelmsford 004C","E01021619","Total",879,93,155,518,113,465,29,35,307,94,414,64,120,211,19
"2011","Chelmsford 004D","E01021620","Total",809,58,132,521,98,439,16,20,323,80,370,42,112,198,18
"2011","Chelmsford 004E","E01021623","Total",677,69,141,389,78,348,23,29,239,57,329,46,112,150,21
"2011","Chelmsford 004F","E01021624","Total",556,76,99,318,63,299,18,19,209,53,257,58,80,109,10
"2011","Chelmsford 005A","E01021536","Total",801,80,144,452,125,434,22,41,275,96,367,58,103,177,29
"2011","Chelmsford 005B","E01021537","Total",1025,110,170,565,180,534,20,39,333,142,491,90,131,232,38
"2011","Chelmsford 005D","E01021568","Total",694,103,101,308,182,383,26,27,184,146,311,77,74,124,36
"2011","Chelmsford 005E","E01033142","Total",1177,112,189,640,236,615,25,33,370,187,562,87,156,270,49
"2011","Chelmsford 005F","E01033144","Total",959,79,154,531,195,531,23,30,311,167,428,56,124,220,28
"2011","Chelmsford 006A","E01021576","Total",671,88,153,368,62,318,33,32,197,56,353,55,121,171,6
"2011","Chelmsford 006B","E01021588","Total",613,62,115,361,75,312,18,28,205,61,301,44,87,156,14
"2011","Chelmsford 006C","E01021589","Total",758,61,124,457,116,391,16,24,269,82,367,45,100,188,34
"2011","Chelmsford 006D","E01021592","Total",662,76,131,373,82,350,27,31,235,57,312,49,100,138,25
"2011","Chelmsford 006E","E01021596","Total",658,70,145,364,79,355,21,35,237,62,303,49,110,127,17
"2011","Chelmsford 007A","E01021618","Total",872,69,146,526,131,448,16,23,310,99,424,53,123,216,32
"2011","Chelmsford 007B","E01021621","Total",963,69,164,600,130,513,17,31,363,102,450,52,133,237,28
"2011","Chelmsford 007C","E01021622","Total",642,79,121,348,94,352,25,23,227,77,290,54,98,121,17
"2011","Chelmsford 007D","E01021625","Total",721,80,152,418,71,371,19,36,259,57,350,61,116,159,14
"2011","Chelmsford 007E","E01021626","Total",749,90,122,422,115,404,29,23,261,91,345,61,99,161,24
"2011","Chelmsford 008A","E01021544","Total",799,60,103,515,121,408,8,20,288,92,391,52,83,227,29
"2011","Chelmsford 008B","E01021545","Total",903,84,161,534,124,461,16,29,323,93,442,68,132,211,31
"2011","Chelmsford 008C","E01021546","Total",805,81,128,464,132,429,26,20,276,107,376,55,108,188,25
"2011","Chelmsford 008D","E01021547","Total",1002,79,136,630,157,543,22,34,364,123,459,57,102,266,34
"2011","Chelmsford 008E","E01021628","Total",925,87,154,552,132,483,29,38,307,109,442,58,116,245,23
"2011","Chelmsford 008F","E01021629","Total",870,82,151,519,118,482,19,37,337,89,388,63,114,182,29
"2011","Chelmsford 009A","E01021573","Total",883,74,148,520,141,493,29,46,318,100,390,45,102,202,41
"2011","Chelmsford 009B","E01021575","Total",900,75,118,576,131,480,30,38,314,98,420,45,80,262,33
"2011","Chelmsford 009C","E01021599","Total",971,88,150,573,160,516,22,41,329,124,455,66,109,244,36
"2011","Chelmsford 009E","E01021631","Total",834,91,177,484,82,417,21,39,291,66,417,70,138,193,16
"2011","Chelmsford 009F","E01033138","Total",840,81,118,507,134,467,22,26,318,101,373,59,92,189,33
"2011","Chelmsford 009G","E01033139","Total",917,66,141,596,114,516,30,53,351,82,401,36,88,245,32
"2011","Chelmsford 010A","E01021574","Total",1429,150,159,930,190,792,61,58,536,137,637,89,101,394,53
"2011","Chelmsford 010B","E01021578","Total",1068,75,128,705,160,596,20,41,409,126,472,55,87,296,34
"2011","Chelmsford 010D","E01021582","Total",1174,58,122,811,183,661,18,37,469,137,513,40,85,342,46
"2011","Chelmsford 010E","E01021627","Total",731,67,108,469,87,429,25,40,289,75,302,42,68,180,12
"2011","Chelmsford 010F","E01033140","Total",742,45,91,468,138,418,19,32,269,98,324,26,59,199,40
"2011","Chelmsford 010G","E01033141","Total",614,32,59,420,103,338,11,17,233,77,276,21,42,187,26
"2011","Chelmsford 011A","E01021551","Total",647,77,123,325,122,349,23,23,205,98,298,54,100,120,24
"2011","Chelmsford 011B","E01021632","Total",616,72,117,370,57,320,21,23,228,48,296,51,94,142,9
"2011","Chelmsford 011C","E01021633","Total",599,109,113,273,104,315,30,38,169,78,284,79,75,104,26
"2011","Chelmsford 011D","E01021634","Total",774,84,141,414,135,414,24,37,254,99,360,60,104,160,36
"2011","Chelmsford 011E","E01021635","Total",664,87,118,363,96,351,19,32,230,70,313,68,86,133,26
"2011","Chelmsford 011F","E01021636","Total",463,51,112,230,70,235,14,28,135,58,228,37,84,95,12
"2011","Chelmsford 012A","E01021556","Total",858,86,164,487,121,458,26,38,299,95,400,60,126,188,26
"2011","Chelmsford 012B","E01021577","Total",771,77,126,440,128,404,21,32,254,97,367,56,94,186,31
"2011","Chelmsford 012C","E01021579","Total",841,79,123,517,122,452,23,30,303,96,389,56,93,214,26
"2011","Chelmsford 012D","E01021580","Total",742,83,139,401,119,387,16,30,250,91,355,67,109,151,28
"2011","Chelmsford 012E","E01021584","Total",582,69,132,295,86,319,22,32,199,66,263,47,100,96,20
"2011","Chelmsford 013A","E01021548","Total",777,92,115,436,134,427,27,28,270,102,350,65,87,166,32
"2011","Chelmsford 013B","E01021560","Total",763,93,142,390,138,392,23,33,231,105,371,70,109,159,33
"2011","Chelmsford 013C","E01021561","Total",860,96,172,470,122,455,25,37,296,97,405,71,135,174,25
"2011","Chelmsford 013D","E01021564","Total",679,86,130,363,100,365,25,38,224,78,314,61,92,139,22
"2011","Chelmsford 013E","E01021571","Total",742,106,144,348,144,389,22,36,209,122,353,84,108,139,22
"2011","Chelmsford 014A","E01021562","Total",854,100,156,473,125,435,22,26,295,92,419,78,130,178,33
"2011","Chelmsford 014B","E01021563","Total",811,49,144,499,119,410,7,38,290,75,401,42,106,209,44
"2011","Chelmsford 014C","E01021565","Total",709,56,153,409,91,371,10,39,251,71,338,46,114,158,20
"2011","Chelmsford 014D","E01021566","Total",830,96,176,438,120,431,32,37,260,102,399,64,139,178,18
"2011","Chelmsford 014F","E01033137","Total",862,71,129,528,134,462,15,25,321,101,400,56,104,207,33
"2011","Chelmsford 014G","E01033145","Total",663,97,127,362,77,351,32,32,225,62,312,65,95,137,15
"2011","Chelmsford 015A","E01021557","Total",720,73,144,407,96,394,22,31,266,75,326,51,113,141,21
"2011","Chelmsford 015B","E01021558","Total",716,84,149,397,86,363,22,32,239,70,353,62,117,158,16
"2011","Chelmsford 015C","E01021583","Total",820,93,138,485,104,429,27,32,294,76,391,66,106,191,28
"2011","Chelmsford 015D","E01021585","Total",682,72,138,389,83,357,19,30,241,67,325,53,108,148,16
"2011","Chelmsford 015E","E01021586","Total",783,81,145,469,88,402,21,23,293,65,381,60,122,176,23
"2011","Chelmsford 016A","E01021533","Total",1199,136,227,661,175,617,35,43,403,136,582,101,184,258,39
"2011","Chelmsford 016B","E01021535","Total",884,116,159,452,157,462,28,38,265,131,422,88,121,187,26
"2011","Chelmsford 016C","E01021569","Total",736,113,137,347,139,386,33,39,211,103,350,80,98,136,36
"2011","Chelmsford 016D","E01021570","Total",863,118,163,427,155,468,32,33,276,127,395,86,130,151,28
"2011","Chelmsford 016E","E01021572","Total",694,80,154,351,109,368,17,49,219,83,326,63,105,132,26
"2011","Chelmsford 017A","E01021552","Total",677,85,127,369,96,357,23,26,235,73,320,62,101,134,23
"2011","Chelmsford 017B","E01021553","Total",710,83,136,425,66,369,23,32,263,51,341,60,104,162,15
"2011","Chelmsford 017C","E01021554","Total",683,72,141,378,92,366,22,38,236,70,317,50,103,142,22
"2011","Chelmsford 017D","E01021555","Total",688,76,134,362,116,364,18,29,221,96,324,58,105,141,20
"2011","Chelmsford 017E","E01021559","Total",783,97,142,421,123,411,25,33,259,94,372,72,109,162,29
"2011","Chelmsford 018B","E01021602","Total",765,95,133,377,160,409,26,38,223,122,356,69,95,154,38
"2011","Chelmsford 018D","E01021604","Total",1166,157,201,565,243,637,42,35,361,199,529,115,166,204,44
"2011","Chelmsford 018E","E01033143","Total",1192,191,237,532,232,651,75,60,323,193,541,116,177,209,39
"2011","Chelmsford 019A","E01021611","Total",815,87,167,447,114,438,22,33,287,96,377,65,134,160,18
"2011","Chelmsford 019B","E01021612","Total",790,89,168,433,100,416,20,35,281,80,374,69,133,152,20
"2011","Chelmsford 019C","E01021613","Total",1055,100,178,646,131,560,26,45,379,110,495,74,133,267,21
"2011","Chelmsford 019D","E01021614","Total",963,127,186,501,149,522,32,49,313,128,441,95,137,188,21
"2011","Chelmsford 019E","E01021615","Total",789,92,146,454,97,407,22,28,279,78,382,70,118,175,19
"2011","Chelmsford 020A","E01021605","Total",740,86,131,406,117,377,20,22,249,86,363,66,109,157,31
"2011","Chelmsford 020B","E01021606","Total",945,100,173,526,146,490,20,35,314,121,455,80,138,212,25
"2011","Chelmsford 020C","E01021607","Total",915,84,159,540,132,477,24,32,319,102,438,60,127,221,30
"2011","Chelmsford 020D","E01021608","Total",660,59,107,380,114,338,11,18,220,89,322,48,89,160,25
"2011","Chelmsford 020E","E01021609","Total",795,103,133,420,139,439,22,36,270,111,356,81,97,150,28
"2011","Chelmsford 020F","E01021610","Total",762,68,138,431,125,425,19,33,274,99,337,49,105,157,26
"2011","Chelmsford 021A","E01021593","Total",722,86,132,409,95,384,27,27,258,72,338,59,105,151,23
"2011","Chelmsford 021B","E01021594","Total",838,85,149,440,164,454,25,34,266,129,384,60,115,174,35
"2011","Chelmsford 021C","E01021595","Total",799,107,131,457,104,438,28,32,292,86,361,79,99,165,18
"2011","Colchester 001A","E01021655","Total",679,92,145,303,139,382,27,33,208,114,297,65,112,95,25
"2011","Colchester 001B","E01021656","Total",724,88,148,355,133,396,31,35,229,101,328,57,113,126,32
"2011","Colchester 001C","E01021659","Total",1050,120,208,524,198,563,36,32,334,161,487,84,176,190,37
"2011","Colchester 001D","E01021661","Total",888,106,164,479,139,469,30,26,299,114,419,76,138,180,25
"2011","Colchester 002A","E01021668","Total",945,61,146,606,132,504,17,29,353,105,441,44,117,253,27
"2011","Colchester 002B","E01021669","Total",791,73,132,512,74,404,22,24,296,62,387,51,108,216,12
"2011","Colchester 002C","E01021670","Total",698,57,156,397,88,351,13,26,239,73,347,44,130,158,15
"2011","Colchester 002D","E01021671","Total",683,73,125,375,110,385,23,35,242,85,298,50,90,133,25
"2011","Colchester 002F","E01033720","Total",1125,87,193,688,157,594,31,34,411,118,531,56,159,277,39
"2011","Colchester 002G","E01033721","Total",1007,77,179,583,168,529,15,22,355,137,478,62,157,228,31
"2011","Colchester 003A","E01021660","Total",764,111,145,358,150,413,27,37,225,124,351,84,108,133,26
"2011","Colchester 003B","E01021728","Total",792,91,161,408,132,441,25,36,268,112,351,66,125,140,20
"2011","Colchester 003C","E01021729","Total",876,100,173,479,124,443,21,27,293,102,433,79,146,186,22
"2011","Colchester 003D","E01021730","Total",845,83,197,447,118,434,24,37,277,96,411,59,160,170,22
"2011","Colchester 004A","E01021679","Total",1374,100,185,906,183,732,36,32,534,130,642,64,153,372,53
"2011","Colchester 004B","E01021680","Total",1501,135,245,915,206,759,34,54,521,150,742,101,191,394,56
"2011","Colchester 004C","E01021681","Total",1586,117,215,980,274,840,26,46,568,200,746,91,169,412,74
"2011","Colchester 004D","E01021682","Total",1524,137,242,941,204,766,33,51,532,150,758,104,191,409,54
"2011","Colchester 007A","E01021646","Total",1142,91,180,679,192,612,34,55,391,132,530,57,125,288,60
"2011","Colchester 007B","E01021647","Total",928,93,182,554,99,498,27,55,340,76,430,66,127,214,23
"2011","Colchester 007C","E01021648","Total",1245,121,222,702,200,668,36,72,401,159,577,85,150,301,41
"2011","Colchester 007D","E01021649","Total",1006,72,172,620,142,554,20,65,363,106,452,52,107,257,36
"2011","Colchester 007E","E01021650","Total",1216,91,165,788,172,633,20,48,444,121,583,71,117,344,51
"2011","Colchester 008A","E01021696","Total",549,68,121,300,60,290,29,31,183,47,259,39,90,117,13
"2011","Colchester 008B","E01021697","Total",685,114,151,349,71,360,36,52,216,56,325,78,99,133,15
"2011","Colchester 008C","E01021698","Total",622,152,144,263,63,308,57,43,152,56,314,95,101,111,7
"2011","Colchester 008D","E01021699","Total",578,93,146,283,56,285,25,40,171,49,293,68,106,112,7
"2011","Colchester 008E","E01021700","Total",529,102,128,257,42,262,38,41,154,29,267,64,87,103,13
"2011","Colchester 008G","E01033719","Total",487,164,69,207,47,268,74,27,131,36,219,90,42,76,11
"2011","Colchester 008H","E01033722","Total",634,173,135,274,52,334,79,39,174,42,300,94,96,100,10
"2011","Colchester 009A","E01021673","Total",579,82,103,292,102,314,23,31,187,73,265,59,72,105,29
"2011","Colchester 009B","E01021674","Total",688,72,155,378,83,334,15,35,220,64,354,57,120,158,19
"2011","Colchester 009C","E01021675","Total",651,75,148,344,84,346,20,33,226,67,305,55,115,118,17
"2011","Colchester 009D","E01021676","Total",624,85,114,303,122,320,24,27,176,93,304,61,87,127,29
"2011","Colchester 010A","E01021654","Total",973,107,180,520,166,524,28,24,329,143,449,79,156,191,23
"2011","Colchester 010B","E01021662","Total",803,101,151,405,146,434,19,42,258,115,369,82,109,147,31
"2011","Colchester 010C","E01021663","Total",555,93,95,252,115,299,20,23,157,99,256,73,72,95,16
"2011","Colchester 010D","E01021677","Total",666,77,141,373,75,350,15,30,239,66,316,62,111,134,9
"2011","Colchester 010E","E01021678","Total",725,77,135,408,105,392,21,24,258,89,333,56,111,150,16
"2011","Colchester 011A","E01021683","Total",1797,58,121,907,711,1417,26,53,696,642,380,32,68,211,69
"2011","Colchester 011B","E01021684","Total",811,64,161,486,100,426,22,32,294,78,385,42,129,192,22
"2011","Colchester 011C","E01021685","Total",964,128,158,565,113,496,55,39,326,76,468,73,119,239,37
"2011","Colchester 011D","E01021686","Total",959,86,156,610,107,509,39,48,344,78,450,47,108,266,29
"2011","Colchester 011E","E01021687","Total",919,85,151,561,122,456,30,31,305,90,463,55,120,256,32
"2011","Colchester 011F","E01021688","Total",759,96,118,451,94,372,32,29,238,73,387,64,89,213,21
"2011","Colchester 012A","E01021718","Total",887,83,170,500,134,473,25,34,307,107,414,58,136,193,27
"2011","Colchester 012B","E01021719","Total",734,78,162,387,107,401,20,36,259,86,333,58,126,128,21
"2011","Colchester 012C","E01021720","Total",704,70,152,396,86,348,17,32,230,69,356,53,120,166,17
"2011","Colchester 012D","E01021721","Total",1004,109,207,542,146,531,33,50,333,115,473,76,157,209,31
"2011","Colchester 012E","E01021722","Total",836,103,179,440,114,433,29,32,277,95,403,74,147,163,19
"2011","Colchester 013A","E01021651","Total",887,82,169,518,118,465,29,42,309,85,422,53,127,209,33
"2011","Colchester 013B","E01021652","Total",766,116,124,404,122,395,25,42,239,89,371,91,82,165,33
"2011","Colchester 013C","E01021653","Total",722,78,157,372,115,372,28,36,222,86,350,50,121,150,29
"2011","Colchester 013D","E01021717","Total",928,73,159,531,165,490,18,34,305,133,438,55,125,226,32
"2011","Colchester 014A","E01021689","Total",636,89,133,340,74,329,26,25,220,58,307,63,108,120,16
"2011","Colchester 014B","E01021690","Total",729,84,161,409,75,384,27,42,254,61,345,57,119,155,14
"2011","Colchester 014C","E01021691","Total",683,74,152,383,74,339,26,31,232,50,344,48,121,151,24
"2011","Colchester 014D","E01021692","Total",728,99,149,389,91,362,28,32,233,69,366,71,117,156,22
"2011","Colchester 014E","E01021693","Total",666,97,157,330,82,348,24,37,217,70,318,73,120,113,12
"2011","Colchester 015A","E01021711","Total",554,63,123,319,49,276,22,27,188,39,278,41,96,131,10
"2011","Colchester 015C","E01021713","Total",525,66,109,272,78,290,22,35,170,63,235,44,74,102,15
"2011","Colchester 015D","E01021714","Total",950,64,162,573,151,501,21,24,332,124,449,43,138,241,27
"2011","Colchester 015E","E01021715","Total",769,86,155,441,87,384,27,37,254,66,385,59,118,187,21
"2011","Colchester 015G","E01033723","Total",1184,76,163,630,315,690,18,21,383,268,494,58,142,247,47
"2011","Colchester 016A","E01021657","Total",873,71,182,480,140,449,24,41,271,113,424,47,141,209,27
"2011","Colchester 016B","E01021658","Total",549,45,123,306,75,269,13,24,172,60,280,32,99,134,15
"2011","Colchester 016C","E01021664","Total",1006,110,207,567,122,529,37,40,354,98,477,73,167,213,24
"2011","Colchester 016D","E01021665","Total",601,66,133,348,54,317,26,32,212,47,284,40,101,136,7
"2011","Colchester 016E","E01021666","Total",729,61,144,430,94,375,18,31,251,75,354,43,113,179,19
"2011","Colchester 016F","E01021667","Total",624,46,142,347,89,322,14,34,197,77,302,32,108,150,12
"2011","Colchester 017A","E01021736","Total",846,324,149,292,81,404,123,43,183,55,442,201,106,109,26
"2011","Colchester 017B","E01021737","Total",582,79,130,313,60,293,29,29,191,44,289,50,101,122,16
"2011","Colchester 017C","E01021738","Total",1094,138,172,581,203,543,40,43,323,137,551,98,129,258,66
"2011","Colchester 017D","E01021739","Total",782,120,167,396,99,396,42,40,241,73,386,78,127,155,26
"2011","Colchester 017E","E01021740","Total",797,106,172,421,98,406,31,49,261,65,391,75,123,160,33
"2011","Colchester 018A","E01021637","Total",612,54,130,362,66,325,19,21,230,55,287,35,109,132,11
"2011","Colchester 018B","E01021638","Total",585,60,121,337,67,286,15,21,201,49,299,45,100,136,18
"2011","Colchester 018C","E01021639","Total",1164,78,183,633,270,712,31,46,400,235,452,47,137,233,35
"2011","Colchester 018D","E01021640","Total",636,62,106,382,86,345,16,19,242,68,291,46,87,140,18
"2011","Colchester 018E","E01021641","Total",661,61,132,385,83,335,21,23,223,68,326,40,109,162,15
"2011","Colchester 018F","E01021642","Total",999,95,202,565,137,498,28,41,322,107,501,67,161,243,30
"2011","Colchester 019A","E01021643","Total",1288,162,228,686,212,693,53,35,433,172,595,109,193,253,40
"2011","Colchester 019B","E01021644","Total",869,98,145,450,176,481,30,32,287,132,388,68,113,163,44
"2011","Colchester 019C","E01021645","Total",781,93,164,396,128,419,29,35,247,108,362,64,129,149,20
"2011","Colchester 019D","E01021694","Total",748,114,134,358,142,383,30,26,222,105,365,84,108,136,37
"2011","Colchester 019E","E01021695","Total",570,83,112,271,104,309,11,29,180,89,261,72,83,91,15
"2011","Colchester 020A","E01021723","Total",771,97,140,430,104,403,21,28,264,90,368,76,112,166,14
"2011","Colchester 020B","E01021724","Total",757,77,139,428,113,411,9,33,277,92,346,68,106,151,21
"2011","Colchester 020C","E01021725","Total",637,97,102,353,85,354,25,26,230,73,283,72,76,123,12
"2011","Colchester 020D","E01021726","Total",691,79,129,383,100,360,14,28,229,89,331,65,101,154,11
"2011","Colchester 020E","E01021727","Total",734,82,143,400,109,395,28,26,253,88,339,54,117,147,21
"2011","Colchester 021A","E01021731","Total",656,93,117,331,115,334,28,15,207,84,322,65,102,124,31
"2011","Colchester 021B","E01021732","Total",688,96,145,340,107,346,20,25,217,84,342,76,120,123,23
"2011","Colchester 021C","E01021733","Total",655,89,137,310,119,356,24,38,200,94,299,65,99,110,25
"2011","Colchester 021D","E01021734","Total",589,84,125,275,105,320,27,32,179,82,269,57,93,96,23
"2011","Colchester 021E","E01021735","Total",560,79,136,251,94,312,21,49,170,72,248,58,87,81,22
"2011","Colchester 022D","E01021702","Total",670,65,124,386,95,363,17,28,239,79,307,48,96,147,16
"2011","Colchester 022E","E01021703","Total",489,47,123,258,61,238,10,25,151,52,251,37,98,107,9
"2011","Colchester 022F","E01021704","Total",724,75,164,405,80,376,18,49,248,61,348,57,115,157,19
"2011","Colchester 022G","E01021705","Total",1114,139,232,585,158,584,36,63,352,133,530,103,169,233,25
"2011","Colchester 022H","E01021706","Total",678,67,148,376,87,342,23,41,214,64,336,44,107,162,23
"2011","Colchester 022I","E01021707","Total",627,72,141,337,77,321,26,23,212,60,306,46,118,125,17
"2011","Colchester 022A","E01021708","Total",718,89,144,389,96,384,27,40,239,78,334,62,104,150,18
"2011","Colchester 022B","E01021709","Total",628,79,147,329,73,333,32,26,215,60,295,47,121,114,13
"2011","Colchester 022C","E01021710","Total",967,130,221,511,105,498,44,40,329,85,469,86,181,182,20
"2011","Epping Forest 001A","E01021768","Total",1077,110,185,569,213,566,28,38,338,162,511,82,147,231,51
"2011","Epping Forest 001B","E01021795","Total",1246,107,189,760,190,675,32,45,450,148,571,75,144,310,42
"2011","Epping Forest 001C","E01021797","Total",731,84,118,411,118,396,19,26,256,95,335,65,92,155,23
"2011","Epping Forest 001D","E01021798","Total",722,75,127,407,113,385,21,27,253,84,337,54,100,154,29
"2011","Epping Forest 001E","E01021799","Total",786,69,127,476,114,409,20,28,272,89,377,49,99,204,25
"2011","Epping Forest 002A","E01021741","Total",1041,119,198,512,212,582,33,66,311,172,459,86,132,201,40
"2011","Epping Forest 002B","E01021792","Total",570,65,108,309,88,305,19,24,189,73,265,46,84,120,15
"2011","Epping Forest 002C","E01021793","Total",736,87,128,390,131,392,16,30,239,107,344,71,98,151,24
"2011","Epping Forest 002D","E01021794","Total",564,72,117,290,85,292,21,27,178,66,272,51,90,112,19
"2011","Epping Forest 002E","E01021801","Total",1130,124,189,607,210,614,36,50,355,173,516,88,139,252,37
"2011","Epping Forest 003A","E01021769","Total",1104,131,203,541,229,611,34,56,331,190,493,97,147,210,39
"2011","Epping Forest 003B","E01021796","Total",1073,121,191,516,245,584,28,46,319,191,489,93,145,197,54
"2011","Epping Forest 003C","E01021800","Total",1151,128,206,557,260,640,26,73,333,208,511,102,133,224,52
"2011","Epping Forest 004A","E01021753","Total",716,79,128,390,119,382,17,21,244,100,334,62,107,146,19
"2011","Epping Forest 004B","E01021754","Total",695,81,128,386,100,375,18,31,239,87,320,63,97,147,13
"2011","Epping Forest 004C","E01021755","Total",491,48,90,263,90,266,8,24,166,68,225,40,66,97,22
"2011","Epping Forest 004D","E01021802","Total",1049,98,231,571,149,542,21,49,355,117,507,77,182,216,32
"2011","Epping Forest 005A","E01021760","Total",738,84,146,386,122,394,25,34,236,99,344,59,112,150,23
"2011","Epping Forest 005B","E01021761","Total",885,72,148,500,165,478,24,36,289,129,407,48,112,211,36
"2011","Epping Forest 005C","E01021762","Total",619,65,110,365,79,321,19,24,218,60,298,46,86,147,19
"2011","Epping Forest 005D","E01021763","Total",765,71,133,435,126,397,25,38,250,84,368,46,95,185,42
"2011","Epping Forest 006A","E01021756","Total",779,83,156,404,136,407,20,39,241,107,372,63,117,163,29
"2011","Epping Forest 006B","E01021757","Total",843,55,121,506,161,469,18,45,283,123,374,37,76,223,38
"2011","Epping Forest 006C","E01021758","Total",746,61,118,454,113,396,24,34,258,80,350,37,84,196,33
"2011","Epping Forest 006D","E01021759","Total",746,59,115,454,118,405,15,22,279,89,341,44,93,175,29
"2011","Epping Forest 007A","E01021811","Total",623,67,118,360,78,300,13,26,204,57,323,54,92,156,21
"2011","Epping Forest 007B","E01021813","Total",707,80,127,416,84,371,28,20,263,60,336,52,107,153,24
"2011","Epping Forest 007C","E01021814","Total",733,73,141,412,107,367,17,34,235,81,366,56,107,177,26
"2011","Epping Forest 007D","E01021815","Total",768,61,161,448,98,393,13,35,267,78,375,48,126,181,20
"2011","Epping Forest 007E","E01021816","Total",551,58,104,313,76,283,18,24,175,66,268,40,80,138,10
"2011","Epping Forest 008A","E01021807","Total",746,66,147,440,93,382,24,28,254,76,364,42,119,186,17
"2011","Epping Forest 008B","E01021808","Total",703,68,143,402,90,359,14,28,248,69,344,54,115,154,21
"2011","Epping Forest 008C","E01021809","Total",690,52,134,420,84,367,14,31,255,67,323,38,103,165,17
"2011","Epping Forest 008D","E01021810","Total",1055,84,195,624,152,560,22,54,359,125,495,62,141,265,27
"2011","Epping Forest 008E","E01021817","Total",1220,117,208,719,176,646,36,50,429,131,574,81,158,290,45
"2011","Epping Forest 009A","E01021806","Total",1037,136,169,549,183,557,48,54,313,142,480,88,115,236,41
"2011","Epping Forest 009B","E01021812","Total",614,61,103,341,109,334,22,20,209,83,280,39,83,132,26
"2011","Epping Forest 009C","E01021818","Total",941,82,152,559,148,520,21,54,335,110,421,61,98,224,38
"2011","Epping Forest 010A","E01021770","Total",936,92,176,507,161,497,25,40,308,124,439,67,136,199,37
"2011","Epping Forest 010B","E01021803","Total",626,80,127,319,100,330,11,34,206,79,296,69,93,113,21
"2011","Epping Forest 010C","E01021804","Total",712,62,135,389,126,406,15,40,254,97,306,47,95,135,29
"2011","Epping Forest 010D","E01021805","Total",588,88,116,287,97,308,24,25,185,74,280,64,91,102,23
"2011","Epping Forest 011A","E01021774","Total",701,73,120,430,78,370,17,37,253,63,331,56,83,177,15
"2011","Epping Forest 011B","E01021775","Total",656,62,129,416,49,349,16,34,259,40,307,46,95,157,9
"2011","Epping Forest 011C","E01021776","Total",592,71,77,380,64,318,27,16,228,47,274,44,61,152,17
"2011","Epping Forest 011D","E01021777","Total",647,62,100,407,78,332,19,24,224,65,315,43,76,183,13
"2011","Epping Forest 011E","E01021778","Total",722,61,125,457,79,377,17,25,276,59,345,44,100,181,20
"2011","Epping Forest 011F","E01021779","Total",738,67,139,437,95,375,22,33,251,69,363,45,106,186,26
"2011","Epping Forest 012A","E01021786","Total",655,59,110,382,104,348,21,20,224,83,307,38,90,158,21
"2011","Epping Forest 012B","E01021787","Total",865,111,144,453,157,471,33,41,275,122,394,78,103,178,35
"2011","Epping Forest 012C","E01021788","Total",763,98,131,396,138,386,30,33,216,107,377,68,98,180,31
"2011","Epping Forest 012D","E01021789","Total",763,103,128,349,183,426,27,39,208,152,337,76,89,141,31
"2011","Epping Forest 012E","E01021790","Total",698,61,121,424,92,361,15,39,236,71,337,46,82,188,21
"2011","Epping Forest 012F","E01021791","Total",803,96,125,445,137,425,34,30,260,101,378,62,95,185,36
"2011","Epping Forest 013A","E01021771","Total",667,54,128,414,71,327,13,28,234,52,340,41,100,180,19
"2011","Epping Forest 013B","E01021772","Total",656,66,114,387,89,343,20,27,230,66,313,46,87,157,23
"2011","Epping Forest 013C","E01021773","Total",760,69,124,487,80,377,19,29,269,60,383,50,95,218,20
"2011","Epping Forest 013D","E01021783","Total",803,87,143,467,106,396,22,30,266,78,407,65,113,201,28
"2011","Epping Forest 013E","E01021784","Total",781,51,124,497,109,385,12,26,263,84,396,39,98,234,25
"2011","Epping Forest 014A","E01021780","Total",685,85,115,326,159,379,23,33,195,128,306,62,82,131,31
"2011","Epping Forest 014B","E01021781","Total",782,84,120,417,161,411,27,27,232,125,371,57,93,185,36
"2011","Epping Forest 014C","E01021782","Total",742,64,114,405,159,399,22,26,231,120,343,42,88,174,39
"2011","Epping Forest 014D","E01021785","Total",789,71,134,470,114,403,16,29,272,86,386,55,105,198,28
"2011","Epping Forest 015A","E01021742","Total",664,70,118,384,92,345,16,30,227,72,319,54,88,157,20
"2011","Epping Forest 015B","E01021743","Total",815,64,122,483,146,391,17,37,238,99,424,47,85,245,47
"2011","Epping Forest 015C","E01021744","Total",851,79,146,496,130,445,24,33,282,106,406,55,113,214,24
"2011","Epping Forest 015D","E01021745","Total",824,81,145,436,162,429,23,47,240,119,395,58,98,196,43
"2011","Epping Forest 015E","E01021746","Total",916,83,149,498,186,492,29,38,285,140,424,54,111,213,46
"2011","Epping Forest 015F","E01021747","Total",815,79,128,431,177,445,26,34,249,136,370,53,94,182,41
"2011","Epping Forest 015G","E01021748","Total",951,82,142,545,182,497,22,34,308,133,454,60,108,237,49
"2011","Epping Forest 016A","E01021749","Total",1116,123,224,619,150,579,39,69,349,122,537,84,155,270,28
"2011","Epping Forest 016B","E01021750","Total",614,82,97,292,143,355,27,36,174,118,259,55,61,118,25
"2011","Epping Forest 016C","E01021751","Total",710,76,111,367,156,380,19,35,200,126,330,57,76,167,30
"2011","Epping Forest 016D","E01021752","Total",787,76,149,409,153,408,19,37,246,106,379,57,112,163,47
"2011","Epping Forest 017A","E01021764","Total",731,66,160,427,78,378,26,43,247,62,353,40,117,180,16
"2011","Epping Forest 017B","E01021765","Total",814,84,133,477,120,434,23,37,279,95,380,61,96,198,25
"2011","Epping Forest 017C","E01021766","Total",681,77,116,364,124,377,21,37,211,108,304,56,79,153,16
"2011","Epping Forest 017D","E01021767","Total",799,100,138,422,139,438,27,38,257,116,361,73,100,165,23
"2011","Harlow 001A","E01021854","Total",871,102,143,489,137,458,35,30,288,105,413,67,113,201,32
"2011","Harlow 001B","E01021855","Total",650,54,129,385,82,349,13,31,239,66,301,41,98,146,16
"2011","Harlow 001C","E01021856","Total",742,70,132,466,74,383,20,22,279,62,359,50,110,187,12
"2011","Harlow 001D","E01021857","Total",1354,116,218,796,224,733,31,41,484,177,621,85,177,312,47
"2011","Harlow 002A","E01021844","Total",669,87,133,370,79,338,23,35,215,65,331,64,98,155,14
"2011","Harlow 002B","E01021845","Total",656,56,132,398,70,336,17,35,227,57,320,39,97,171,13
"2011","Harlow 002C","E01021846","Total",602,60,119,361,62,323,16,31,225,51,279,44,88,136,11
"2011","Harlow 002D","E01021847","Total",630,59,110,390,71,348,13,37,237,61,282,46,73,153,10
"2011","Harlow 002E","E01021848","Total",767,76,131,474,86,413,24,37,286,66,354,52,94,188,20
"2011","Harlow 003A","E01021849","Total",770,79,165,453,73,413,26,42,290,55,357,53,123,163,18
"2011","Harlow 003B","E01021850","Total",636,67,120,383,66,334,22,29,235,48,302,45,91,148,18
"2011","Harlow 003C","E01021851","Total",738,63,120,490,65,403,28,34,288,53,335,35,86,202,12
"2011","Harlow 003D","E01021852","Total",667,63,127,415,62,347,16,24,259,48,320,47,103,156,14
"2011","Harlow 003E","E01021853","Total",679,60,140,395,84,374,23,34,246,71,305,37,106,149,13
"2011","Harlow 004A","E01021839","Total",764,55,138,485,86,409,16,39,287,67,355,39,99,198,19
"2011","Harlow 004B","E01021840","Total",727,80,126,452,69,375,21,29,274,51,352,59,97,178,18
"2011","Harlow 004C","E01021841","Total",679,69,133,419,58,341,18,33,243,47,338,51,100,176,11
"2011","Harlow 004D","E01021842","Total",726,67,154,447,58,371,21,36,276,38,355,46,118,171,20
"2011","Harlow 004E","E01021843","Total",1168,88,148,808,124,600,22,34,451,93,568,66,114,357,31
"2011","Harlow 005A","E01021824","Total",925,86,157,544,138,471,19,25,315,112,454,67,132,229,26
"2011","Harlow 005B","E01021825","Total",903,63,151,559,130,470,18,22,334,96,433,45,129,225,34
"2011","Harlow 005C","E01021826","Total",881,80,159,523,119,462,22,30,309,101,419,58,129,214,18
"2011","Harlow 005D","E01021827","Total",897,70,149,563,115,453,22,26,309,96,444,48,123,254,19
"2011","Harlow 005E","E01021828","Total",1290,94,213,796,187,652,22,27,448,155,638,72,186,348,32
"2011","Harlow 006A","E01021819","Total",739,76,144,450,69,383,17,32,283,51,356,59,112,167,18
"2011","Harlow 006B","E01021820","Total",694,69,137,412,76,347,24,29,230,64,347,45,108,182,12
"2011","Harlow 006C","E01021822","Total",729,65,129,451,84,388,15,28,279,66,341,50,101,172,18
"2011","Harlow 006D","E01021823","Total",772,68,139,483,82,422,19,30,307,66,350,49,109,176,16
"2011","Harlow 006E","E01021870","Total",635,61,114,391,69,337,20,22,241,54,298,41,92,150,15
"2011","Harlow 007A","E01021831","Total",647,69,132,387,59,332,26,32,233,41,315,43,100,154,18
"2011","Harlow 007B","E01021868","Total",797,67,165,501,64,403,18,42,294,49,394,49,123,207,15
"2011","Harlow 007C","E01021869","Total",636,75,118,372,71,333,19,28,224,62,303,56,90,148,9
"2011","Harlow 007D","E01021871","Total",612,63,134,364,51,305,21,32,209,43,307,42,102,155,8
"2011","Harlow 007E","E01021872","Total",867,85,159,536,87,474,29,51,330,64,393,56,108,206,23
"2011","Harlow 008A","E01021821","Total",609,53,111,383,62,324,20,22,234,48,285,33,89,149,14
"2011","Harlow 008B","E01021834","Total",676,60,128,408,80,349,14,26,242,67,327,46,102,166,13
"2011","Harlow 008C","E01021835","Total",696,64,133,422,77,365,20,19,265,61,331,44,114,157,16
"2011","Harlow 008D","E01021836","Total",653,58,121,396,78,347,16,35,227,69,306,42,86,169,9
"2011","Harlow 008E","E01021837","Total",698,70,133,412,83,362,22,35,237,68,336,48,98,175,15
"2011","Harlow 009A","E01021829","Total",775,66,138,493,78,406,25,32,280,69,369,41,106,213,9
"2011","Harlow 009B","E01021830","Total",584,64,112,347,61,321,19,24,223,55,263,45,88,124,6
"2011","Harlow 009C","E01021832","Total",718,53,127,445,93,373,18,25,256,74,345,35,102,189,19
"2011","Harlow 009D","E01021833","Total",605,72,108,351,74,296,7,25,207,57,309,65,83,144,17
"2011","Harlow 009E","E01021865","Total",754,65,138,482,69,384,24,34,273,53,370,41,104,209,16
"2011","Harlow 010A","E01021838","Total",745,77,128,473,67,389,28,25,281,55,356,49,103,192,12
"2011","Harlow 010B","E01021858","Total",701,60,124,438,79,385,26,28,273,58,316,34,96,165,21
"2011","Harlow 010C","E01021859","Total",695,59,128,441,67,385,14,37,280,54,310,45,91,161,13
"2011","Harlow 010D","E01021860","Total",700,61,137,431,71,375,26,33,256,60,325,35,104,175,11
"2011","Harlow 010E","E01021861","Total",588,54,121,346,67,299,20,18,210,51,289,34,103,136,16
"2011","Harlow 011A","E01021862","Total",663,58,132,408,65,343,9,33,247,54,320,49,99,161,11
"2011","Harlow 011B","E01021863","Total",760,50,154,491,65,442,18,44,325,55,318,32,110,166,10
"2011","Harlow 011C","E01021864","Total",680,70,126,434,50,355,25,34,259,37,325,45,92,175,13
"2011","Harlow 011D","E01021866","Total",765,57,129,506,73,384,15,23,285,61,381,42,106,221,12
"2011","Harlow 011E","E01021867","Total",817,54,156,517,90,444,20,39,312,73,373,34,117,205,17
"2011","Maldon 001A","E01021908","Total",1040,130,190,543,177,558,28,40,348,142,482,102,150,195,35
"2011","Maldon 001B","E01021909","Total",676,78,138,333,127,368,19,23,222,104,308,59,115,111,23
"2011","Maldon 001C","E01021910","Total",747,82,141,401,123,401,24,26,251,100,346,58,115,150,23
"2011","Maldon 001D","E01021911","Total",636,81,106,327,122,325,14,22,201,88,311,67,84,126,34
"2011","Maldon 002A","E01021882","Total",939,138,141,477,183,531,35,42,306,148,408,103,99,171,35
"2011","Maldon 002B","E01021883","Total",827,77,172,413,165,444,9,37,262,136,383,68,135,151,29
"2011","Maldon 002C","E01021912","Total",880,138,165,417,160,480,41,46,259,134,400,97,119,158,26
"2011","Maldon 002D","E01021913","Total",727,98,138,341,150,404,23,47,212,122,323,75,91,129,28
"2011","Maldon 003A","E01021884","Total",848,81,136,519,112,454,20,32,306,96,394,61,104,213,16
"2011","Maldon 003B","E01021885","Total",594,72,120,320,82,322,19,28,203,72,272,53,92,117,10
"2011","Maldon 003C","E01021886","Total",798,80,139,463,116,437,24,28,295,90,361,56,111,168,26
"2011","Maldon 003D","E01021887","Total",1177,126,207,664,180,619,29,43,403,144,558,97,164,261,36
"2011","Maldon 003E","E01021888","Total",846,93,168,473,112,482,37,38,315,92,364,56,130,158,20
"2011","Maldon 004A","E01021889","Total",977,109,200,539,129,510,37,47,322,104,467,72,153,217,25
"2011","Maldon 004B","E01021890","Total",849,90,146,467,146,484,25,42,303,114,365,65,104,164,32
"2011","Maldon 004C","E01021891","Total",636,74,104,343,115,338,20,28,206,84,298,54,76,137,31
"2011","Maldon 004D","E01021892","Total",408,45,92,227,44,218,10,25,149,34,190,35,67,78,10
"2011","Maldon 005A","E01021893","Total",780,88,144,412,136,407,21,29,248,109,373,67,115,164,27
"2011","Maldon 005B","E01021894","Total",563,68,137,291,67,294,19,36,185,54,269,49,101,106,13
"2011","Maldon 005C","E01021895","Total",643,70,132,384,57,329,17,28,240,44,314,53,104,144,13
"2011","Maldon 005D","E01021896","Total",700,86,119,377,118,389,21,21,243,104,311,65,98,134,14
"2011","Maldon 005E","E01021897","Total",644,80,136,352,76,347,23,28,231,65,297,57,108,121,11
"2011","Maldon 005F","E01021898","Total",543,68,110,294,71,291,13,27,195,56,252,55,83,99,15
"2011","Maldon 006A","E01021901","Total",919,85,166,493,175,511,25,37,298,151,408,60,129,195,24
"2011","Maldon 006B","E01021904","Total",745,77,127,410,131,408,17,26,257,108,337,60,101,153,23
"2011","Maldon 006C","E01021905","Total",588,61,116,322,89,331,16,32,214,69,257,45,84,108,20
"2011","Maldon 006D","E01021906","Total",736,77,149,382,128,396,24,26,236,110,340,53,123,146,18
"2011","Maldon 006E","E01021907","Total",1093,100,212,594,187,601,21,48,383,149,492,79,164,211,38
"2011","Maldon 007A","E01021873","Total",709,83,105,395,126,405,25,24,247,109,304,58,81,148,17
"2011","Maldon 007B","E01021874","Total",707,58,125,384,140,373,16,27,216,114,334,42,98,168,26
"2011","Maldon 007C","E01021875","Total",632,81,120,302,129,351,18,30,192,111,281,63,90,110,18
"2011","Maldon 007D","E01021899","Total",727,79,125,406,117,411,26,28,253,104,316,53,97,153,13
"2011","Maldon 007E","E01021900","Total",549,67,95,291,96,298,18,19,184,77,251,49,76,107,19
"2011","Maldon 007F","E01021902","Total",949,109,174,477,189,519,28,34,295,162,430,81,140,182,27
"2011","Maldon 007G","E01021903","Total",810,100,144,406,160,434,27,32,244,131,376,73,112,162,29
"2011","Maldon 008C","E01021878","Total",629,64,116,358,91,341,19,16,233,73,288,45,100,125,18
"2011","Maldon 008D","E01021879","Total",665,78,105,388,94,358,21,25,239,73,307,57,80,149,21
"2011","Maldon 008E","E01021880","Total",666,76,128,375,87,364,29,30,233,72,302,47,98,142,15
"2011","Maldon 008F","E01021881","Total",579,74,120,297,88,310,17,34,184,75,269,57,86,113,13
"2011","Maldon 008G","E01033057","Total",1111,136,207,597,171,620,34,59,391,136,491,102,148,206,35
"2011","Rochford 001A","E01021942","Total",622,65,127,354,76,350,17,36,230,67,272,48,91,124,9
"2011","Rochford 001B","E01021943","Total",838,99,158,466,115,442,15,35,296,96,396,84,123,170,19
"2011","Rochford 001C","E01021944","Total",832,75,156,460,141,461,18,33,297,113,371,57,123,163,28
"2011","Rochford 001D","E01021945","Total",757,86,144,425,102,401,19,33,262,87,356,67,111,163,15
"2011","Rochford 002A","E01021914","Total",1053,137,225,520,171,567,34,60,331,142,486,103,165,189,29
"2011","Rochford 002B","E01021927","Total",708,79,151,374,104,379,26,27,243,83,329,53,124,131,21
"2011","Rochford 002C","E01021928","Total",810,81,143,481,105,411,21,21,285,84,399,60,122,196,21
"2011","Rochford 002D","E01021929","Total",898,104,161,487,146,486,28,32,303,123,412,76,129,184,23
"2011","Rochford 002E","E01021931","Total",587,54,111,338,84,330,12,20,234,64,257,42,91,104,20
"2011","Rochford 003A","E01021933","Total",650,67,126,360,97,360,20,28,229,83,290,47,98,131,14
"2011","Rochford 003B","E01021934","Total",669,75,137,358,99,365,22,28,232,83,304,53,109,126,16
"2011","Rochford 003C","E01021935","Total",643,89,117,333,104,337,19,24,208,86,306,70,93,125,18
"2011","Rochford 003D","E01021936","Total",738,94,133,419,92,390,25,28,257,80,348,69,105,162,12
"2011","Rochford 003E","E01021937","Total",820,86,126,502,106,457,20,33,316,88,363,66,93,186,18
"2011","Rochford 003F","E01021938","Total",699,94,133,385,87,370,18,38,242,72,329,76,95,143,15
"2011","Rochford 003G","E01021939","Total",860,98,148,496,118,466,26,32,313,95,394,72,116,183,23
"2011","Rochford 003H","E01021940","Total",1004,124,170,540,170,562,30,31,366,135,442,94,139,174,35
"2011","Rochford 003I","E01021941","Total",1084,131,189,596,168,579,31,35,378,135,505,100,154,218,33
"2011","Rochford 004A","E01021915","Total",680,75,123,360,122,371,16,40,218,97,309,59,83,142,25
"2011","Rochford 004B","E01021916","Total",501,50,119,265,67,268,14,34,169,51,233,36,85,96,16
"2011","Rochford 004C","E01021953","Total",590,64,139,326,61,321,22,35,207,57,269,42,104,119,4
"2011","Rochford 004D","E01021955","Total",846,71,134,517,124,455,17,44,298,96,391,54,90,219,28
"2011","Rochford 005A","E01021918","Total",780,86,132,436,126,422,18,22,277,105,358,68,110,159,21
"2011","Rochford 005B","E01021919","Total",634,83,126,343,82,337,16,37,217,67,297,67,89,126,15
"2011","Rochford 005C","E01021925","Total",820,84,155,460,121,441,19,39,286,97,379,65,116,174,24
"2011","Rochford 005D","E01021960","Total",920,127,171,468,154,518,22,44,320,132,402,105,127,148,22
"2011","Rochford 005E","E01021961","Total",697,76,134,389,98,360,16,27,231,86,337,60,107,158,12
"2011","Rochford 006A","E01021920","Total",1140,113,205,609,213,625,21,47,385,172,515,92,158,224,41
"2011","Rochford 006B","E01021926","Total",1069,92,194,644,139,570,19,40,397,114,499,73,154,247,25
"2011","Rochford 006C","E01021957","Total",697,62,125,428,82,378,12,31,264,71,319,50,94,164,11
"2011","Rochford 006D","E01021958","Total",736,68,124,442,102,377,17,27,245,88,359,51,97,197,14
"2011","Rochford 006E","E01021959","Total",869,75,147,518,129,464,19,27,312,106,405,56,120,206,23
"2011","Rochford 007A","E01021930","Total",757,54,114,487,102,426,8,24,315,79,331,46,90,172,23
"2011","Rochford 007B","E01021932","Total",759,62,157,440,100,411,16,39,281,75,348,46,118,159,25
"2011","Rochford 007C","E01021952","Total",690,61,116,414,99,368,17,20,255,76,322,44,96,159,23
"2011","Rochford 007D","E01021954","Total",768,81,129,425,133,419,18,31,268,102,349,63,98,157,31
"2011","Rochford 007E","E01021956","Total",726,77,159,401,89,374,23,41,247,63,352,54,118,154,26
"2011","Rochford 008A","E01021950","Total",701,103,125,385,88,380,26,32,247,75,321,77,93,138,13
"2011","Rochford 008B","E01021951","Total",606,78,123,318,87,301,15,18,195,73,305,63,105,123,14
"2011","Rochford 008C","E01021962","Total",589,68,112,326,83,296,20,21,187,68,293,48,91,139,15
"2011","Rochford 008D","E01021963","Total",611,94,105,304,108,346,27,22,204,93,265,67,83,100,15
"2011","Rochford 008E","E01021964","Total",773,77,124,460,112,418,14,24,283,97,355,63,100,177,15
"2011","Rochford 008F","E01021966","Total",758,70,146,437,105,387,16,35,255,81,371,54,111,182,24
"2011","Rochford 009A","E01021946","Total",818,107,137,450,124,454,24,23,301,106,364,83,114,149,18
"2011","Rochford 009B","E01021947","Total",580,63,124,339,54,321,16,28,230,47,259,47,96,109,7
"2011","Rochford 009C","E01021948","Total",659,86,122,363,88,337,17,27,224,69,322,69,95,139,19
"2011","Rochford 009D","E01021949","Total",739,86,137,398,118,408,22,30,266,90,331,64,107,132,28
"2011","Rochford 009E","E01021965","Total",1102,142,220,585,155,599,43,51,389,116,503,99,169,196,39
"2011","Rochford 010A","E01021917","Total",950,100,183,506,161,533,36,46,316,135,417,64,137,190,26
"2011","Rochford 010B","E01021921","Total",788,69,156,462,101,412,17,40,275,80,376,52,116,187,21
"2011","Rochford 010C","E01021922","Total",666,62,134,383,87,357,18,26,246,67,309,44,108,137,20
"2011","Rochford 010D","E01021923","Total",684,64,136,373,111,363,18,22,234,89,321,46,114,139,22
"2011","Rochford 010E","E01021924","Total",687,65,148,375,99,365,12,37,231,85,322,53,111,144,14
"2011","Tendring 001A","E01021997","Total",551,53,103,302,93,323,13,35,194,81,228,40,68,108,12
"2011","Tendring 001B","E01021998","Total",593,57,119,324,93,327,12,25,213,77,266,45,94,111,16
"2011","Tendring 001C","E01021999","Total",717,68,169,381,99,380,17,42,243,78,337,51,127,138,21
"2011","Tendring 001D","E01022001","Total",683,75,156,353,99,351,22,37,211,81,332,53,119,142,18
"2011","Tendring 002A","E01022000","Total",708,76,160,394,78,353,16,21,249,67,355,60,139,145,11
"2011","Tendring 002C","E01022006","Total",630,63,147,338,82,315,13,27,210,65,315,50,120,128,17
"2011","Tendring 002D","E01022007","Total",761,72,171,412,106,414,18,34,270,92,347,54,137,142,14
"2011","Tendring 002F","E01033051","Total",963,103,199,548,113,517,28,36,354,99,446,75,163,194,14
"2011","Tendring 003A","E01021978","Total",1062,114,222,552,174,576,28,60,345,143,486,86,162,207,31
"2011","Tendring 003B","E01022013","Total",827,89,165,461,112,456,27,42,300,87,371,62,123,161,25
"2011","Tendring 003C","E01022014","Total",609,60,127,347,75,323,17,37,213,56,286,43,90,134,19
"2011","Tendring 003D","E01022015","Total",782,88,142,468,84,392,24,25,274,69,390,64,117,194,15
"2011","Tendring 003E","E01022019","Total",704,71,140,361,132,364,14,30,217,103,340,57,110,144,29
"2011","Tendring 003F","E01022020","Total",883,79,135,518,151,458,20,28,302,108,425,59,107,216,43
"2011","Tendring 003G","E01022021","Total",658,58,123,378,99,351,16,29,233,73,307,42,94,145,26
"2011","Tendring 004A","E01021991","Total",480,39,96,264,81,261,10,23,167,61,219,29,73,97,20
"2011","Tendring 004B","E01021992","Total",551,57,125,292,77,281,15,17,188,61,270,42,108,104,16
"2011","Tendring 004C","E01022002","Total",824,94,177,420,133,432,25,35,257,115,392,69,142,163,18
"2011","Tendring 004D","E01022004","Total",699,53,160,402,84,360,10,33,249,68,339,43,127,153,16
"2011","Tendring 004E","E01022005","Total",789,78,159,431,121,425,20,35,270,100,364,58,124,161,21
"2011","Tendring 004F","E01022028","Total",579,62,123,308,86,299,12,33,187,67,280,50,90,121,19
"2011","Tendring 005A","E01021971","Total",523,67,88,271,97,292,22,25,175,70,231,45,63,96,27
"2011","Tendring 005B","E01021972","Total",649,80,112,332,125,355,23,28,205,99,294,57,84,127,26
"2011","Tendring 005C","E01022051","Total",688,76,144,340,128,375,17,33,224,101,313,59,111,116,27
"2011","Tendring 005D","E01022052","Total",703,104,144,362,93,361,24,36,225,76,342,80,108,137,17
"2011","Tendring 006A","E01021985","Total",451,55,104,222,70,237,16,34,128,59,214,39,70,94,11
"2011","Tendring 006B","E01021986","Total",521,73,107,265,76,271,19,37,159,56,250,54,70,106,20
"2011","Tendring 006C","E01022054","Total",480,68,114,236,62,241,23,31,143,44,239,45,83,93,18
"2011","Tendring 006D","E01022055","Total",353,37,85,181,50,172,13,20,100,39,181,24,65,81,11
"2011","Tendring 006E","E01022056","Total",613,83,145,302,83,331,27,48,190,66,282,56,97,112,17
"2011","Tendring 007A","E01021973","Total",523,59,125,278,61,274,19,34,171,50,249,40,91,107,11
"2011","Tendring 007B","E01021974","Total",578,69,114,288,107,313,19,29,185,80,265,50,85,103,27
"2011","Tendring 007C","E01022016","Total",651,84,146,351,70,343,25,34,229,55,308,59,112,122,15
"2011","Tendring 007D","E01022017","Total",650,83,132,339,96,358,23,29,221,85,292,60,103,118,11
"2011","Tendring 007E","E01022018","Total",596,71,121,318,86,292,18,24,187,63,304,53,97,131,23
"2011","Tendring 008A","E01021987","Total",406,67,98,178,63,215,23,32,106,54,191,44,66,72,9
"2011","Tendring 008B","E01021994","Total",338,45,70,188,35,170,11,22,111,26,168,34,48,77,9
"2011","Tendring 008C","E01021995","Total",448,70,104,218,56,245,24,26,151,44,203,46,78,67,12
"2011","Tendring 008D","E01021996","Total",435,50,107,221,57,219,11,24,142,42,216,39,83,79,15
"2011","Tendring 008E","E01022009","Total",564,69,131,279,85,297,23,29,175,70,267,46,102,104,15
"2011","Tendring 008F","E01022010","Total",587,81,132,292,82,286,21,33,162,70,301,60,99,130,12
"2011","Tendring 008G","E01022011","Total",770,101,166,385,118,411,32,36,247,96,359,69,130,138,22
"2011","Tendring 008H","E01022012","Total",484,69,106,262,47,241,22,23,155,41,243,47,83,107,6
"2011","Tendring 009A","E01021967","Total",969,104,218,518,129,514,29,46,332,107,455,75,172,186,22
"2011","Tendring 009B","E01021983","Total",630,61,135,338,96,343,17,31,218,77,287,44,104,120,19
"2011","Tendring 009C","E01021993","Total",1056,119,207,554,176,554,28,38,345,143,502,91,169,209,33
"2011","Tendring 009D","E01022053","Total",874,104,168,461,141,475,31,34,292,118,399,73,134,169,23
"2011","Tendring 010A","E01021984","Total",704,80,178,377,69,370,31,44,237,58,334,49,134,140,11
"2011","Tendring 010B","E01022039","Total",575,58,144,292,81,274,16,27,168,63,301,42,117,124,18
"2011","Tendring 010C","E01022040","Total",589,68,159,312,50,310,24,30,214,42,279,44,129,98,8
"2011","Tendring 010D","E01022041","Total",525,67,122,276,60,255,18,32,163,42,270,49,90,113,18
"2011","Tendring 011A","E01021979","Total",642,83,154,325,80,339,29,36,205,69,303,54,118,120,11
"2011","Tendring 011B","E01021980","Total",779,91,169,420,99,408,26,35,274,73,371,65,134,146,26
"2011","Tendring 011C","E01021981","Total",789,99,155,423,112,423,28,26,278,91,366,71,129,145,21
"2011","Tendring 011D","E01021982","Total",885,97,194,450,144,448,24,43,272,109,437,73,151,178,35
"2011","Tendring 011E","E01022046","Total",617,81,117,315,104,347,30,32,204,81,270,51,85,111,23
"2011","Tendring 012A","E01022008","Total",633,81,161,313,78,350,23,51,215,61,283,58,110,98,17
"2011","Tendring 012B","E01022033","Total",441,64,99,239,39,235,18,33,152,32,206,46,66,87,7
"2011","Tendring 012C","E01022034","Total",494,72,112,254,56,254,18,30,164,42,240,54,82,90,14
"2011","Tendring 012D","E01022035","Total",509,56,130,263,60,264,16,35,167,46,245,40,95,96,14
"2011","Tendring 013A","E01021975","Total",585,64,145,296,80,287,19,38,160,70,298,45,107,136,10
"2011","Tendring 013B","E01021976","Total",600,59,159,305,77,308,17,43,184,64,292,42,116,121,13
"2011","Tendring 013C","E01021977","Total",653,82,153,331,87,352,27,39,214,72,301,55,114,117,15
"2011","Tendring 013D","E01022022","Total",627,76,154,318,79,329,31,40,197,61,298,45,114,121,18
"2011","Tendring 013E","E01022044","Total",613,65,140,346,62,314,22,38,205,49,299,43,102,141,13
"2011","Tendring 014A","E01022042","Total",496,44,122,290,40,254,12,28,179,35,242,32,94,111,5
"2011","Tendring 014B","E01022043","Total",758,95,180,389,94,389,24,55,234,76,369,71,125,155,18
"2011","Tendring 014C","E01022048","Total",525,72,116,269,68,285,26,39,160,60,240,46,77,109,8
"2011","Tendring 014D","E01022049","Total",556,59,115,292,90,282,20,28,172,62,274,39,87,120,28
"2011","Tendring 014E","E01022050","Total",602,78,139,305,80,308,25,32,191,60,294,53,107,114,20
"2011","Tendring 015A","E01022023","Total",611,54,142,334,81,327,13,31,219,64,284,41,111,115,17
"2011","Tendring 015B","E01022024","Total",640,68,151,347,74,312,15,31,205,61,328,53,120,142,13
"2011","Tendring 015C","E01022030","Total",449,39,111,244,55,219,10,28,143,38,230,29,83,101,17
"2011","Tendring 015D","E01022031","Total",402,39,102,223,38,201,12,31,126,32,201,27,71,97,6
"2011","Tendring 015E","E01022032","Total",579,73,149,298,59,296,30,39,176,51,283,43,110,122,8
"2011","Tendring 016A","E01021970","Total",598,45,145,336,72,318,10,46,208,54,280,35,99,128,18
"2011","Tendring 016B","E01022025","Total",466,30,105,268,63,260,10,46,158,46,206,20,59,110,17
"2011","Tendring 016C","E01022026","Total",593,64,125,335,69,300,19,36,190,55,293,45,89,145,14
"2011","Tendring 016D","E01022027","Total",615,55,152,332,76,332,16,51,209,56,283,39,101,123,20
"2011","Tendring 017A","E01021968","Total",700,57,184,386,73,361,17,57,233,54,339,40,127,153,19
"2011","Tendring 017B","E01021969","Total",568,44,153,305,66,296,14,38,190,54,272,30,115,115,12
"2011","Tendring 017C","E01022036","Total",501,49,105,284,63,253,13,28,166,46,248,36,77,118,17
"2011","Tendring 017D","E01022037","Total",485,51,114,246,74,258,13,32,156,57,227,38,82,90,17
"2011","Tendring 017E","E01022038","Total",529,50,127,294,58,268,14,32,181,41,261,36,95,113,17
"2011","Tendring 018A","E01021988","Total",448,43,123,226,56,255,25,42,147,41,193,18,81,79,15
"2011","Tendring 018B","E01021989","Total",403,44,108,202,49,223,17,39,127,40,180,27,69,75,9
"2011","Tendring 018C","E01021990","Total",456,56,118,235,47,248,21,41,151,35,208,35,77,84,12
"2011","Tendring 018D","E01022045","Total",476,60,107,230,79,251,16,33,146,56,225,44,74,84,23
"2011","Tendring 018E","E01022047","Total",548,58,123,255,112,288,16,35,156,81,260,42,88,99,31
"2011","Uttlesford 001A","E01022057","Total",874,109,184,407,174,473,24,47,260,142,401,85,137,147,32
"2011","Uttlesford 001B","E01022075","Total",872,116,152,448,156,459,30,27,275,127,413,86,125,173,29
"2011","Uttlesford 001C","E01022077","Total",860,100,156,481,123,447,24,34,298,91,413,76,122,183,32
"2011","Uttlesford 001D","E01022094","Total",865,104,153,445,163,489,30,29,295,135,376,74,124,150,28
"2011","Uttlesford 002A","E01022074","Total",742,102,139,406,95,382,31,28,252,71,360,71,111,154,24
"2011","Uttlesford 002B","E01022076","Total",777,74,124,449,130,425,21,36,267,101,352,53,88,182,29
"2011","Uttlesford 002C","E01022078","Total",733,88,146,387,112,377,24,33,237,83,356,64,113,150,29
"2011","Uttlesford 002D","E01022079","Total",860,100,149,489,122,446,30,31,287,98,414,70,118,202,24
"2011","Uttlesford 002E","E01022080","Total",1018,78,167,656,117,555,24,36,399,96,463,54,131,257,21
"2011","Uttlesford 002F","E01022081","Total",1074,107,207,612,148,586,32,51,391,112,488,75,156,221,36
"2011","Uttlesford 002G","E01022082","Total",979,114,178,558,129,516,32,35,348,101,463,82,143,210,28
"2011","Uttlesford 003A","E01022061","Total",693,117,117,325,134,387,24,30,221,112,306,93,87,104,22
"2011","Uttlesford 003B","E01022071","Total",830,118,143,391,178,445,36,40,227,142,385,82,103,164,36
"2011","Uttlesford 003C","E01022072","Total",912,118,162,442,190,494,34,38,276,146,418,84,124,166,44
"2011","Uttlesford 003D","E01022073","Total",819,84,154,459,122,453,24,35,301,93,366,60,119,158,29
"2011","Uttlesford 003E","E01022098","Total",804,109,137,361,197,434,23,37,209,165,370,86,100,152,32
"2011","Uttlesford 004A","E01022092","Total",910,104,157,460,189,503,25,49,282,147,407,79,108,178,42
"2011","Uttlesford 004B","E01022093","Total",822,115,167,420,120,435,35,27,278,95,387,80,140,142,25
"2011","Uttlesford 004C","E01022097","Total",949,141,173,427,208,508,34,37,253,184,441,107,136,174,24
"2011","Uttlesford 004D","E01022099","Total",1376,161,187,670,358,864,58,42,467,297,512,103,145,203,61
"2011","Uttlesford 005A","E01022062","Total",1073,132,174,562,205,597,39,46,343,169,476,93,128,219,36
"2011","Uttlesford 005B","E01022063","Total",844,60,138,506,140,442,18,23,293,108,402,42,115,213,32
"2011","Uttlesford 005C","E01022083","Total",855,97,137,462,159,470,34,32,278,126,385,63,105,184,33
"2011","Uttlesford 005D","E01022084","Total",835,99,164,431,141,446,27,31,281,107,389,72,133,150,34
"2011","Uttlesford 005E","E01022085","Total",961,89,135,577,160,526,28,30,349,119,435,61,105,228,41
"2011","Uttlesford 005F","E01022087","Total",1034,91,156,617,170,555,24,33,372,126,479,67,123,245,44
"2011","Uttlesford 005G","E01022089","Total",790,114,128,403,145,425,36,43,222,124,365,78,85,181,21
"2011","Uttlesford 006A","E01022086","Total",712,62,108,432,110,387,17,21,260,89,325,45,87,172,21
"2011","Uttlesford 006B","E01022090","Total",1273,100,198,744,231,702,25,50,437,190,571,75,148,307,41
"2011","Uttlesford 006C","E01022091","Total",1227,127,228,674,198,666,39,54,419,154,561,88,174,255,44
"2011","Uttlesford 006D","E01022095","Total",818,98,147,391,182,452,18,47,244,143,366,80,100,147,39
"2011","Uttlesford 007B","E01022067","Total",977,90,150,604,133,523,23,31,366,103,454,67,119,238,30
"2011","Uttlesford 007C","E01022068","Total",820,106,154,436,124,419,30,24,265,100,401,76,130,171,24
"2011","Uttlesford 007D","E01033054","Total",548,57,84,322,85,287,6,25,191,65,261,51,59,131,20
"2011","Uttlesford 007E","E01033055","Total",764,79,148,396,141,405,16,21,246,122,359,63,127,150,19
"2011","Uttlesford 007F","E01033056","Total",621,79,129,318,95,322,17,30,193,82,299,62,99,125,13
"2011","Uttlesford 008A","E01022058","Total",892,91,186,420,195,490,21,43,271,155,402,70,143,149,40
"2011","Uttlesford 008B","E01022064","Total",855,116,167,418,154,448,36,37,249,126,407,80,130,169,28
"2011","Uttlesford 008D","E01022069","Total",756,92,136,413,115,381,25,25,244,87,375,67,111,169,28
"2011","Uttlesford 008E","E01022088","Total",833,106,169,394,164,433,27,33,243,130,400,79,136,151,34
"2011","Uttlesford 008F","E01033052","Total",783,85,130,390,178,413,15,40,222,136,370,70,90,168,42
"2011","Uttlesford 008G","E01033053","Total",1008,98,174,524,212,536,21,29,319,167,472,77,145,205,45
"2011","Uttlesford 009A","E01022059","Total",844,89,160,422,173,446,28,32,259,127,398,61,128,163,46
"2011","Uttlesford 009B","E01022060","Total",995,132,156,477,230,542,44,34,287,177,453,88,122,190,53
"2011","Uttlesford 009C","E01022070","Total",921,122,171,442,186,496,42,44,263,147,425,80,127,179,39
"2011","Uttlesford 009D","E01022096","Total",964,122,163,466,213,517,28,36,286,167,447,94,127,180,46
"2011","Broxbourne 001A","E01023316","Total",781,85,159,440,97,399,13,27,274,85,382,72,132,166,12
"2011","Broxbourne 001B","E01023317","Total",1259,127,237,714,181,661,31,47,435,148,598,96,190,279,33
"2011","Broxbourne 001C","E01023318","Total",867,88,197,493,89,446,21,32,312,81,421,67,165,181,8
"2011","Broxbourne 001D","E01023319","Total",778,86,144,433,115,416,31,23,272,90,362,55,121,161,25
"2011","Broxbourne 002A","E01023327","Total",690,56,134,422,78,375,13,36,263,63,315,43,98,159,15
"2011","Broxbourne 002B","E01023328","Total",709,58,136,419,96,376,17,29,254,76,333,41,107,165,20
"2011","Broxbourne 002C","E01023329","Total",648,65,117,389,77,349,12,24,248,65,299,53,93,141,12
"2011","Broxbourne 002D","E01023330","Total",744,61,131,462,90,392,12,36,271,73,352,49,95,191,17
"2011","Broxbourne 002E","E01023331","Total",762,70,130,457,105,392,21,21,262,88,370,49,109,195,17
"2011","Broxbourne 003A","E01023320","Total",1027,87,131,649,160,563,22,29,385,127,464,65,102,264,33
"2011","Broxbourne 003B","E01023321","Total",954,107,178,511,158,518,33,45,310,130,436,74,133,201,28
"2011","Broxbourne 003C","E01023322","Total",987,80,178,581,148,525,18,35,358,114,462,62,143,223,34
"2011","Broxbourne 003D","E01023323","Total",768,70,131,460,107,416,21,28,280,87,352,49,103,180,20
"2011","Broxbourne 004A","E01023289","Total",739,102,135,370,132,409,33,24,240,112,330,69,111,130,20
"2011","Broxbourne 004B","E01023290","Total",726,93,131,390,112,396,23,32,248,93,330,70,99,142,19
"2011","Broxbourne 004C","E01023291","Total",791,90,117,429,155,441,25,23,274,119,350,65,94,155,36
"2011","Broxbourne 004D","E01023292","Total",808,92,179,419,118,425,19,48,272,86,383,73,131,147,32
"2011","Broxbourne 005A","E01023340","Total",898,74,145,554,125,488,16,34,335,103,410,58,111,219,22
"2011","Broxbourne 005B","E01023341","Total",938,79,210,509,140,473,19,37,304,113,465,60,173,205,27
"2011","Broxbourne 005C","E01023342","Total",1308,82,235,819,172,673,23,49,463,138,635,59,186,356,34
"2011","Broxbourne 005D","E01023343","Total",810,64,162,484,100,424,15,53,278,78,386,49,109,206,22
"2011","Broxbourne 005E","E01023344","Total",919,72,171,564,112,483,19,31,349,84,436,53,140,215,28
"2011","Broxbourne 006A","E01023307","Total",818,84,153,452,129,428,27,33,262,106,390,57,120,190,23
"2011","Broxbourne 006B","E01023308","Total",944,97,198,536,113,486,24,43,326,93,458,73,155,210,20
"2011","Broxbourne 006C","E01023309","Total",929,106,184,521,118,477,25,50,306,96,452,81,134,215,22
"2011","Broxbourne 006D","E01023310","Total",952,80,181,580,111,471,23,34,331,83,481,57,147,249,28
"2011","Broxbourne 007A","E01023311","Total",830,81,159,439,151,447,21,38,270,118,383,60,121,169,33
"2011","Broxbourne 007B","E01023312","Total",902,109,162,477,154,471,23,39,277,132,431,86,123,200,22
"2011","Broxbourne 007C","E01023313","Total",763,89,177,372,125,416,30,41,237,108,347,59,136,135,17
"2011","Broxbourne 007D","E01023315","Total",1009,98,165,566,180,540,21,34,339,146,469,77,131,227,34
"2011","Broxbourne 008A","E01023302","Total",689,67,145,413,64,361,14,37,262,48,328,53,108,151,16
"2011","Broxbourne 008B","E01023303","Total",797,67,140,479,111,416,19,31,274,92,381,48,109,205,19
"2011","Broxbourne 008C","E01023304","Total",752,82,145,451,74,385,24,36,262,63,367,58,109,189,11
"2011","Broxbourne 008D","E01023305","Total",711,81,146,387,97,375,26,39,230,80,336,55,107,157,17
"2011","Broxbourne 008E","E01023306","Total",772,69,158,452,93,393,17,32,263,81,379,52,126,189,12
"2011","Broxbourne 009A","E01023314","Total",703,70,124,414,95,374,15,27,255,77,329,55,97,159,18
"2011","Broxbourne 009B","E01023324","Total",682,55,116,421,90,367,15,21,257,74,315,40,95,164,16
"2011","Broxbourne 009C","E01023325","Total",759,78,147,465,69,396,20,34,284,58,363,58,113,181,11
"2011","Broxbourne 009D","E01023326","Total",708,60,121,453,74,359,15,27,250,67,349,45,94,203,7
"2011","Broxbourne 010A","E01023297","Total",685,64,131,399,91,368,15,31,248,74,317,49,100,151,17
"2011","Broxbourne 010B","E01023298","Total",719,58,159,422,80,365,11,39,255,60,354,47,120,167,20
"2011","Broxbourne 010C","E01023299","Total",846,71,152,506,117,470,12,45,313,100,376,59,107,193,17
"2011","Broxbourne 010D","E01023300","Total",619,61,102,377,79,311,19,27,207,58,308,42,75,170,21
"2011","Broxbourne 010E","E01023301","Total",823,66,146,495,116,447,20,32,300,95,376,46,114,195,21
"2011","Broxbourne 011A","E01023293","Total",817,97,173,447,100,421,22,39,281,79,396,75,134,166,21
"2011","Broxbourne 011B","E01023294","Total",640,51,120,387,82,325,12,30,220,63,315,39,90,167,19
"2011","Broxbourne 011C","E01023295","Total",719,67,148,406,98,372,16,38,242,76,347,51,110,164,22
"2011","Broxbourne 011D","E01023296","Total",797,84,172,456,85,405,17,42,277,69,392,67,130,179,16
"2011","Broxbourne 012A","E01023332","Total",950,87,156,609,98,480,21,34,351,74,470,66,122,258,24
"2011","Broxbourne 012B","E01023333","Total",882,67,145,567,103,455,17,40,320,78,427,50,105,247,25
"2011","Broxbourne 012C","E01023334","Total",812,84,152,470,106,443,29,36,298,80,369,55,116,172,26
"2011","Broxbourne 012D","E01023335","Total",835,79,152,524,80,445,28,37,314,66,390,51,115,210,14
"2011","Broxbourne 013A","E01023336","Total",1017,73,183,640,121,491,20,45,337,89,526,53,138,303,32
"2011","Broxbourne 013B","E01023337","Total",789,64,149,489,87,421,21,52,285,63,368,43,97,204,24
"2011","Broxbourne 013C","E01023338","Total",949,53,164,641,91,507,18,57,357,75,442,35,107,284,16
"2011","Broxbourne 013D","E01023339","Total",692,59,137,412,84,352,19,29,235,69,340,40,108,177,15
"2011","Dacorum 001A","E01023430","Total",605,78,86,304,137,332,14,27,186,105,273,64,59,118,32
"2011","Dacorum 001B","E01023431","Total",667,63,119,324,161,356,11,25,197,123,311,52,94,127,38
"2011","Dacorum 001C","E01023432","Total",788,76,125,450,137,414,23,25,270,96,374,53,100,180,41
"2011","Dacorum 001D","E01023433","Total",821,66,128,486,141,418,25,27,275,91,403,41,101,211,50
"2011","Dacorum 002A","E01023423","Total",701,88,144,375,94,360,21,34,234,71,341,67,110,141,23
"2011","Dacorum 002B","E01023424","Total",742,100,134,371,137,389,25,26,225,113,353,75,108,146,24
"2011","Dacorum 002C","E01023425","Total",683,84,120,380,99,350,19,22,239,70,333,65,98,141,29
"2011","Dacorum 002D","E01023426","Total",796,76,108,442,170,417,30,26,233,128,379,46,82,209,42
"2011","Dacorum 003A","E01023418","Total",689,77,118,406,88,366,17,25,254,70,323,60,93,152,18
"2011","Dacorum 003B","E01023419","Total",1195,99,218,699,179,617,29,41,403,144,578,70,177,296,35
"2011","Dacorum 003C","E01023420","Total",759,97,150,390,122,388,30,33,238,87,371,67,117,152,35
"2011","Dacorum 004A","E01023352","Total",1240,171,225,619,225,649,38,53,382,176,591,133,172,237,49
"2011","Dacorum 004B","E01023421","Total",781,82,106,445,148,411,18,25,261,107,370,64,81,184,41
"2011","Dacorum 004C","E01023422","Total",584,74,105,273,132,324,22,28,170,104,260,52,77,103,28
"2011","Dacorum 005A","E01023434","Total",852,56,118,574,104,459,17,29,334,79,393,39,89,240,25
"2011","Dacorum 005B","E01023435","Total",949,67,127,625,130,516,26,26,357,107,433,41,101,268,23
"2011","Dacorum 005C","E01023436","Total",683,60,122,429,72,357,24,18,265,50,326,36,104,164,22
"2011","Dacorum 005D","E01023437","Total",771,53,109,524,85,404,15,21,300,68,367,38,88,224,17
"2011","Dacorum 006A","E01023355","Total",743,106,119,374,144,408,33,27,236,112,335,73,92,138,32
"2011","Dacorum 006B","E01023356","Total",502,72,98,195,137,275,28,20,123,104,227,44,78,72,33
"2011","Dacorum 006C","E01023416","Total",695,84,130,381,100,376,21,31,249,75,319,63,99,132,25
"2011","Dacorum 006D","E01023417","Total",633,66,109,345,113,330,15,21,205,89,303,51,88,140,24
"2011","Dacorum 007A","E01023393","Total",833,67,152,524,90,472,25,38,339,70,361,42,114,185,20
"2011","Dacorum 007B","E01023394","Total",749,63,159,460,67,405,24,42,285,54,344,39,117,175,13
"2011","Dacorum 007C","E01023395","Total",817,67,142,497,111,432,16,34,296,86,385,51,108,201,25
"2011","Dacorum 007D","E01023396","Total",817,80,157,508,72,447,28,46,311,62,370,52,111,197,10
"2011","Dacorum 007E","E01023397","Total",653,57,125,393,78,347,21,23,245,58,306,36,102,148,20
"2011","Dacorum 008A","E01023401","Total",859,63,141,549,106,437,20,31,310,76,422,43,110,239,30
"2011","Dacorum 008B","E01023402","Total",767,64,143,474,86,398,12,32,288,66,369,52,111,186,20
"2011","Dacorum 008C","E01023403","Total",676,47,107,447,75,349,9,28,254,58,327,38,79,193,17
"2011","Dacorum 008D","E01023404","Total",578,49,104,372,53,301,14,29,210,48,277,35,75,162,5
"2011","Dacorum 008E","E01023405","Total",635,66,107,391,71,351,21,27,249,54,284,45,80,142,17
"2011","Dacorum 009A","E01023361","Total",1031,70,102,620,239,550,23,24,334,169,481,47,78,286,70
"2011","Dacorum 009B","E01023362","Total",831,91,125,414,201,448,27,29,247,145,383,64,96,167,56
"2011","Dacorum 009C","E01023363","Total",882,98,151,493,140,438,19,28,282,109,444,79,123,211,31
"2011","Dacorum 009D","E01023364","Total",624,80,95,347,102,330,17,18,215,80,294,63,77,132,22
"2011","Dacorum 010A","E01023390","Total",1011,84,181,620,126,543,32,40,374,97,468,52,141,246,29
"2011","Dacorum 010B","E01023391","Total",905,93,162,520,130,477,28,32,317,100,428,65,130,203,30
"2011","Dacorum 010C","E01023399","Total",870,66,140,515,149,446,12,33,296,105,424,54,107,219,44
"2011","Dacorum 011A","E01023392","Total",797,70,152,494,81,389,18,25,281,65,408,52,127,213,16
"2011","Dacorum 011B","E01023427","Total",806,61,146,502,97,417,18,34,289,76,389,43,112,213,21
"2011","Dacorum 011C","E01023428","Total",890,88,141,513,148,453,26,28,284,115,437,62,113,229,33
"2011","Dacorum 011D","E01023429","Total",824,91,167,485,81,436,26,43,301,66,388,65,124,184,15
"2011","Dacorum 012A","E01023369","Total",628,74,118,331,105,318,24,18,197,79,310,50,100,134,26
"2011","Dacorum 012B","E01023370","Total",931,93,148,528,162,484,26,28,320,110,447,67,120,208,52
"2011","Dacorum 012C","E01023371","Total",716,82,151,323,160,371,25,26,196,124,345,57,125,127,36
"2011","Dacorum 012D","E01023372","Total",633,90,112,285,146,348,24,35,172,117,285,66,77,113,29
"2011","Dacorum 013A","E01023345","Total",864,97,128,529,110,452,27,30,314,81,412,70,98,215,29
"2011","Dacorum 013B","E01023346","Total",593,45,109,362,77,311,13,22,216,60,282,32,87,146,17
"2011","Dacorum 013C","E01023347","Total",609,57,125,350,77,324,17,27,215,65,285,40,98,135,12
"2011","Dacorum 013D","E01023348","Total",675,60,123,421,71,372,24,31,258,59,303,36,92,163,12
"2011","Dacorum 014A","E01023365","Total",729,65,102,417,145,393,15,34,235,109,336,50,68,182,36
"2011","Dacorum 014B","E01023366","Total",822,105,177,425,115,419,28,46,263,82,403,77,131,162,33
"2011","Dacorum 014C","E01023367","Total",486,58,101,226,101,258,13,18,147,80,228,45,83,79,21
"2011","Dacorum 014D","E01023368","Total",899,101,144,463,191,464,33,26,263,142,435,68,118,200,49
"2011","Dacorum 015A","E01023349","Total",902,96,166,541,99,469,28,47,318,76,433,68,119,223,23
"2011","Dacorum 015B","E01023350","Total",777,75,163,470,69,393,25,34,276,58,384,50,129,194,11
"2011","Dacorum 015C","E01023351","Total",800,70,131,491,108,420,24,28,286,82,380,46,103,205,26
"2011","Dacorum 015D","E01023398","Total",1433,111,197,932,193,777,40,52,537,148,656,71,145,395,45
"2011","Dacorum 015E","E01023400","Total",883,78,109,581,115,474,27,30,337,80,409,51,79,244,35
"2011","Dacorum 016A","E01023383","Total",752,75,128,453,96,397,24,25,274,74,355,51,103,179,22
"2011","Dacorum 016B","E01023384","Total",947,98,157,589,103,493,30,28,356,79,454,68,129,233,24
"2011","Dacorum 016C","E01023385","Total",852,86,168,503,95,468,33,39,321,75,384,53,129,182,20
"2011","Dacorum 017A","E01023409","Total",708,47,120,429,112,405,13,32,269,91,303,34,88,160,21
"2011","Dacorum 017B","E01023410","Total",659,85,139,332,103,340,28,36,200,76,319,57,103,132,27
"2011","Dacorum 017C","E01023411","Total",717,80,128,409,100,368,22,26,240,80,349,58,102,169,20
"2011","Dacorum 017D","E01023412","Total",613,81,118,328,86,325,30,22,200,73,288,51,96,128,13
"2011","Dacorum 017E","E01023413","Total",715,69,124,440,82,363,13,24,263,63,352,56,100,177,19
"2011","Dacorum 018B","E01023354","Total",957,83,166,549,159,506,21,43,338,104,451,62,123,211,55
"2011","Dacorum 018C","E01023379","Total",878,79,155,496,148,465,25,43,279,118,413,54,112,217,30
"2011","Dacorum 018D","E01023380","Total",660,55,116,401,88,346,13,22,250,61,314,42,94,151,27
"2011","Dacorum 018E","E01023381","Total",663,79,127,346,111,357,21,26,222,88,306,58,101,124,23
"2011","Dacorum 018F","E01023382","Total",744,68,127,446,103,396,24,23,273,76,348,44,104,173,27
"2011","Dacorum 018G","E01033022","Total",928,56,76,623,173,509,18,19,355,117,419,38,57,268,56
"2011","Dacorum 018H","E01033023","Total",912,57,134,579,142,498,19,32,351,96,414,38,102,228,46
"2011","Dacorum 019A","E01023386","Total",782,87,153,473,69,415,32,43,282,58,367,55,110,191,11
"2011","Dacorum 019B","E01023387","Total",660,70,151,354,85,327,17,35,209,66,333,53,116,145,19
"2011","Dacorum 019C","E01023388","Total",807,82,142,465,118,439,27,34,286,92,368,55,108,179,26
"2011","Dacorum 019D","E01023389","Total",906,113,159,519,115,479,34,39,313,93,427,79,120,206,22
"2011","Dacorum 020A","E01023357","Total",704,45,148,439,72,384,8,38,285,53,320,37,110,154,19
"2011","Dacorum 020B","E01023358","Total",653,78,123,361,91,356,25,34,223,74,297,53,89,138,17
"2011","Dacorum 020C","E01023359","Total",856,87,177,499,93,451,28,54,295,74,405,59,123,204,19
"2011","Dacorum 020D","E01023360","Total",774,85,139,457,93,416,31,34,287,64,358,54,105,170,29
"2011","Dacorum 020E","E01023414","Total",779,71,128,465,115,415,24,31,273,87,364,47,97,192,28
"2011","Dacorum 020F","E01023415","Total",678,84,115,371,108,371,31,23,233,84,307,53,92,138,24
"2011","Dacorum 021A","E01023373","Total",789,98,202,364,125,514,58,114,232,110,275,40,88,132,15
"2011","Dacorum 021B","E01023374","Total",781,87,139,416,139,419,23,35,253,108,362,64,104,163,31
"2011","Dacorum 021C","E01023375","Total",726,89,139,349,149,412,21,37,228,126,314,68,102,121,23
"2011","Dacorum 021D","E01023376","Total",685,79,136,352,118,360,21,30,222,87,325,58,106,130,31
"2011","Dacorum 021E","E01023377","Total",568,68,114,260,126,307,16,32,157,102,261,52,82,103,24
"2011","Dacorum 021F","E01023378","Total",829,90,137,396,206,441,17,35,222,167,388,73,102,174,39
"2011","Dacorum 022A","E01023406","Total",976,92,169,554,161,494,26,38,319,111,482,66,131,235,50
"2011","Dacorum 022B","E01023407","Total",851,103,145,460,143,454,22,31,287,114,397,81,114,173,29
"2011","Dacorum 022C","E01023408","Total",814,104,153,396,161,426,32,41,233,120,388,72,112,163,41
"2011","East Hertfordshire 001A","E01023462","Total",680,84,118,331,147,389,25,30,216,118,291,59,88,115,29
"2011","East Hertfordshire 001B","E01023464","Total",1145,134,213,594,204,602,26,43,365,168,543,108,170,229,36
"2011","East Hertfordshire 001C","E01023465","Total",755,94,152,406,103,391,27,30,255,79,364,67,122,151,24
"2011","East Hertfordshire 001D","E01023466","Total",865,94,181,477,113,463,21,43,302,97,402,73,138,175,16
"2011","East Hertfordshire 002A","E01023467","Total",1176,159,201,593,223,656,46,49,395,166,520,113,152,198,57
"2011","East Hertfordshire 002B","E01023494","Total",576,61,106,294,115,317,17,27,180,93,259,44,79,114,22
"2011","East Hertfordshire 002C","E01023495","Total",638,69,121,345,103,359,16,32,226,85,279,53,89,119,18
"2011","East Hertfordshire 002D","E01023508","Total",770,88,123,405,154,434,27,29,255,123,336,61,94,150,31
"2011","East Hertfordshire 002E","E01023509","Total",706,86,121,370,129,393,28,24,242,99,313,58,97,128,30
"2011","East Hertfordshire 003A","E01023452","Total",772,95,155,372,150,403,22,21,234,126,369,73,134,138,24
"2011","East Hertfordshire 003B","E01023453","Total",714,88,112,344,170,399,18,25,222,134,315,70,87,122,36
"2011","East Hertfordshire 003C","E01023454","Total",736,65,122,418,131,381,12,23,247,99,355,53,99,171,32
"2011","East Hertfordshire 003D","E01023455","Total",689,90,118,370,111,364,22,23,225,94,325,68,95,145,17
"2011","East Hertfordshire 003E","E01023463","Total",602,80,107,313,102,319,23,23,186,87,283,57,84,127,15
"2011","East Hertfordshire 003F","E01023493","Total",1258,171,232,592,263,693,44,52,376,221,565,127,180,216,42
"2011","East Hertfordshire 004A","E01023449","Total",814,108,134,400,172,434,34,37,235,128,380,74,97,165,44
"2011","East Hertfordshire 004B","E01023450","Total",1110,85,163,673,189,612,28,48,389,147,498,57,115,284,42
"2011","East Hertfordshire 004C","E01023451","Total",1126,115,198,663,150,582,34,51,384,113,544,81,147,279,37
"2011","East Hertfordshire 005A","E01023438","Total",795,83,146,447,119,408,18,34,263,93,387,65,112,184,26
"2011","East Hertfordshire 005B","E01023439","Total",689,84,136,379,90,367,24,27,247,69,322,60,109,132,21
"2011","East Hertfordshire 005C","E01023440","Total",771,84,168,413,106,409,21,30,270,88,362,63,138,143,18
"2011","East Hertfordshire 005D","E01023441","Total",689,50,81,410,148,360,14,17,231,98,329,36,64,179,50
"2011","East Hertfordshire 005E","E01023442","Total",1157,91,203,647,216,620,30,48,369,173,537,61,155,278,43
"2011","East Hertfordshire 006A","E01023498","Total",1418,120,265,840,193,759,27,57,527,148,659,93,208,313,45
"2011","East Hertfordshire 006B","E01023506","Total",695,73,100,392,130,390,17,20,253,100,305,56,80,139,30
"2011","East Hertfordshire 006C","E01023507","Total",860,111,136,453,160,456,27,34,272,123,404,84,102,181,37
"2011","East Hertfordshire 007A","E01023443","Total",861,76,138,528,119,441,18,25,304,94,420,58,113,224,25
"2011","East Hertfordshire 007B","E01023444","Total",922,64,145,569,144,494,14,26,340,114,428,50,119,229,30
"2011","East Hertfordshire 007C","E01023445","Total",866,96,157,506,107,443,18,34,302,89,423,78,123,204,18
"2011","East Hertfordshire 007D","E01023446","Total",1346,89,190,843,224,713,33,59,463,158,633,56,131,380,66
"2011","East Hertfordshire 007E","E01023447","Total",549,59,116,319,55,269,15,25,189,40,280,44,91,130,15
"2011","East Hertfordshire 007F","E01023448","Total",837,95,162,454,126,453,26,32,302,93,384,69,130,152,33
"2011","East Hertfordshire 008A","E01023456","Total",811,82,141,469,119,423,26,19,285,93,388,56,122,184,26
"2011","East Hertfordshire 008B","E01023457","Total",877,86,177,506,108,443,20,31,312,80,434,66,146,194,28
"2011","East Hertfordshire 008C","E01023458","Total",748,84,132,416,116,423,24,31,276,92,325,60,101,140,24
"2011","East Hertfordshire 008D","E01023459","Total",783,91,136,431,125,420,22,28,273,97,363,69,108,158,28
"2011","East Hertfordshire 008E","E01023460","Total",774,97,119,393,165,431,22,25,248,136,343,75,94,145,29
"2011","East Hertfordshire 008F","E01023461","Total",814,100,145,379,190,444,20,24,246,154,370,80,121,133,36
"2011","East Hertfordshire 009A","E01023491","Total",656,76,113,333,134,345,19,23,200,103,311,57,90,133,31
"2011","East Hertfordshire 009B","E01023492","Total",767,104,136,384,143,419,21,36,247,115,348,83,100,137,28
"2011","East Hertfordshire 009C","E01023496","Total",581,62,88,309,122,300,18,20,175,87,281,44,68,134,35
"2011","East Hertfordshire 009D","E01023497","Total",709,88,124,346,151,378,20,28,204,126,331,68,96,142,25
"2011","East Hertfordshire 010A","E01023485","Total",1145,137,201,555,252,620,32,48,337,203,525,105,153,218,49
"2011","East Hertfordshire 010B","E01023486","Total",1267,159,215,610,283,680,42,59,368,211,587,117,156,242,72
"2011","East Hertfordshire 010E","E01033609","Total",1212,104,227,715,166,623,28,50,415,130,589,76,177,300,36
"2011","East Hertfordshire 011A","E01023499","Total",866,103,144,502,117,462,25,29,320,88,404,78,115,182,29
"2011","East Hertfordshire 011B","E01023500","Total",804,107,157,397,143,438,35,35,259,109,366,72,122,138,34
"2011","East Hertfordshire 011C","E01023501","Total",823,92,142,470,119,424,16,34,280,94,399,76,108,190,25
"2011","East Hertfordshire 011D","E01023502","Total",980,91,143,569,177,509,29,27,313,140,471,62,116,256,37
"2011","East Hertfordshire 011E","E01023503","Total",906,110,155,514,127,486,29,34,317,106,420,81,121,197,21
"2011","East Hertfordshire 012A","E01023512","Total",1100,82,164,680,174,569,24,39,380,126,531,58,125,300,48
"2011","East Hertfordshire 012B","E01023513","Total",675,60,124,399,92,366,12,31,241,82,309,48,93,158,10
"2011","East Hertfordshire 012C","E01023514","Total",984,72,113,650,149,523,26,32,358,107,461,46,81,292,42
"2011","East Hertfordshire 012D","E01023518","Total",920,90,165,559,106,499,15,43,356,85,421,75,122,203,21
"2011","East Hertfordshire 012E","E01023519","Total",892,82,137,564,109,438,18,18,318,84,454,64,119,246,25
"2011","East Hertfordshire 012F","E01023520","Total",804,86,141,468,109,406,18,28,274,86,398,68,113,194,23
"2011","East Hertfordshire 013A","E01023510","Total",777,82,135,422,138,409,23,26,259,101,368,59,109,163,37
"2011","East Hertfordshire 013B","E01023511","Total",904,55,98,606,145,496,18,19,348,111,408,37,79,258,34
"2011","East Hertfordshire 013C","E01023515","Total",978,71,143,609,155,521,20,39,347,115,457,51,104,262,40
"2011","East Hertfordshire 013D","E01023516","Total",1212,101,185,757,169,630,22,35,441,132,582,79,150,316,37
"2011","East Hertfordshire 013E","E01023517","Total",850,85,124,532,109,439,25,28,306,80,411,60,96,226,29
"2011","East Hertfordshire 014A","E01023470","Total",1084,72,121,717,174,576,31,31,396,118,508,41,90,321,56
"2011","East Hertfordshire 014B","E01023471","Total",672,75,114,336,147,350,27,19,208,96,322,48,95,128,51
"2011","East Hertfordshire 014C","E01023472","Total",642,77,109,374,82,323,19,18,230,56,319,58,91,144,26
"2011","East Hertfordshire 014D","E01023473","Total",666,87,127,341,111,342,21,26,213,82,324,66,101,128,29
"2011","East Hertfordshire 014E","E01023474","Total",827,70,131,485,141,444,14,20,293,117,383,56,111,192,24
"2011","East Hertfordshire 015A","E01023487","Total",588,56,111,353,68,305,11,20,220,54,283,45,91,133,14
"2011","East Hertfordshire 015B","E01023488","Total",660,56,103,404,97,350,17,24,230,79,310,39,79,174,18
"2011","East Hertfordshire 015C","E01023489","Total",745,69,116,454,106,399,23,27,268,81,346,46,89,186,25
"2011","East Hertfordshire 015D","E01023490","Total",654,62,112,389,91,345,13,21,240,71,309,49,91,149,20
"2011","East Hertfordshire 016A","E01023482","Total",1111,103,165,664,179,568,20,22,395,131,543,83,143,269,48
"2011","East Hertfordshire 016B","E01023483","Total",1099,116,198,627,158,567,23,46,387,111,532,93,152,240,47
"2011","East Hertfordshire 016C","E01023484","Total",831,64,138,519,110,427,17,25,311,74,404,47,113,208,36
"2011","East Hertfordshire 017A","E01023475","Total",728,76,146,411,95,386,17,32,257,80,342,59,114,154,15
"2011","East Hertfordshire 017B","E01023476","Total",687,84,126,363,114,367,25,31,217,94,320,59,95,146,20
"2011","East Hertfordshire 017C","E01023477","Total",1279,104,156,792,227,700,27,39,476,158,579,77,117,316,69
"2011","East Hertfordshire 017D","E01023478","Total",1087,58,97,705,227,611,12,31,403,165,476,46,66,302,62
"2011","East Hertfordshire 017E","E01023479","Total",905,75,143,560,127,462,21,40,317,84,443,54,103,243,43
"2011","East Hertfordshire 018A","E01023468","Total",777,102,122,403,150,442,36,28,255,123,335,66,94,148,27
"2011","East Hertfordshire 018B","E01023469","Total",749,99,146,407,97,388,30,34,247,77,361,69,112,160,20
"2011","East Hertfordshire 018C","E01023480","Total",782,90,137,439,116,412,25,24,268,95,370,65,113,171,21
"2011","East Hertfordshire 018D","E01023481","Total",744,73,119,350,202,412,26,24,214,148,332,47,95,136,54
"2011","East Hertfordshire 018E","E01023504","Total",688,72,122,394,100,358,20,24,233,81,330,52,98,161,19
"2011","East Hertfordshire 018F","E01023505","Total",1014,89,153,585,187,531,24,40,330,137,483,65,113,255,50
"2011","Hertsmere 001A","E01023576","Total",642,66,124,345,107,332,17,32,203,80,310,49,92,142,27
"2011","Hertsmere 001B","E01023577","Total",743,79,161,407,96,389,19,50,250,70,354,60,111,157,26
"2011","Hertsmere 001C","E01023578","Total",734,108,121,360,145,388,35,39,208,106,346,73,82,152,39
"2011","Hertsmere 001D","E01023579","Total",667,74,130,395,68,335,19,32,230,54,332,55,98,165,14
"2011","Hertsmere 001E","E01023580","Total",802,84,133,445,140,417,19,31,267,100,385,65,102,178,40
"2011","Hertsmere 002A","E01023567","Total",1046,103,214,588,141,547,25,57,363,102,499,78,157,225,39
"2011","Hertsmere 002B","E01023568","Total",702,70,157,394,81,366,17,43,245,61,336,53,114,149,20
"2011","Hertsmere 002C","E01023569","Total",768,88,154,442,84,376,22,20,265,69,392,66,134,177,15
"2011","Hertsmere 002D","E01023570","Total",709,65,116,440,88,372,19,31,258,64,337,46,85,182,24
"2011","Hertsmere 003A","E01023571","Total",640,74,118,354,94,340,20,37,215,68,300,54,81,139,26
"2011","Hertsmere 003B","E01023572","Total",772,68,123,490,91,393,20,24,278,71,379,48,99,212,20
"2011","Hertsmere 003C","E01023573","Total",566,62,100,358,46,288,12,32,213,31,278,50,68,145,15
"2011","Hertsmere 003D","E01023574","Total",736,77,144,419,96,378,24,36,245,73,358,53,108,174,23
"2011","Hertsmere 003E","E01023575","Total",772,85,129,465,93,403,25,33,268,77,369,60,96,197,16
"2011","Hertsmere 004A","E01023581","Total",735,78,129,368,160,393,10,28,218,137,342,68,101,150,23
"2011","Hertsmere 004B","E01023582","Total",856,95,149,456,156,435,25,35,261,114,421,70,114,195,42
"2011","Hertsmere 004C","E01023583","Total",710,80,136,364,130,362,25,32,201,104,348,55,104,163,26
"2011","Hertsmere 004D","E01023584","Total",509,50,101,264,94,262,14,25,154,69,247,36,76,110,25
"2011","Hertsmere 005A","E01023523","Total",838,113,154,339,232,468,25,44,208,191,370,88,110,131,41
"2011","Hertsmere 005B","E01023524","Total",679,104,128,288,159,369,16,29,182,142,310,88,99,106,17
"2011","Hertsmere 005C","E01023525","Total",880,83,150,467,180,486,22,46,274,144,394,61,104,193,36
"2011","Hertsmere 005D","E01023526","Total",874,117,141,389,227,473,28,33,229,183,401,89,108,160,44
"2011","Hertsmere 005E","E01023527","Total",670,80,123,353,114,350,22,33,209,86,320,58,90,144,28
"2011","Hertsmere 006A","E01023534","Total",826,75,159,504,88,430,19,39,304,68,396,56,120,200,20
"2011","Hertsmere 006B","E01023535","Total",831,66,169,523,73,414,18,43,303,50,417,48,126,220,23
"2011","Hertsmere 006C","E01023536","Total",607,68,130,358,51,294,25,26,204,39,313,43,104,154,12
"2011","Hertsmere 006D","E01023537","Total",890,87,150,553,100,477,19,41,340,77,413,68,109,213,23
"2011","Hertsmere 006E","E01023538","Total",765,74,131,483,77,404,25,34,292,53,361,49,97,191,24
"2011","Hertsmere 007A","E01023529","Total",748,48,141,486,73,383,10,38,275,60,365,38,103,211,13
"2011","Hertsmere 007B","E01023530","Total",585,45,126,360,54,308,15,43,204,46,277,30,83,156,8
"2011","Hertsmere 007C","E01023531","Total",1013,99,170,619,125,540,27,39,378,96,473,72,131,241,29
"2011","Hertsmere 007D","E01023532","Total",865,75,163,494,133,467,19,38,307,103,398,56,125,187,30
"2011","Hertsmere 007E","E01023533","Total",735,69,132,463,71,392,20,38,271,63,343,49,94,192,8
"2011","Hertsmere 008A","E01023552","Total",860,82,176,460,142,450,24,38,282,106,410,58,138,178,36
"2011","Hertsmere 008B","E01023553","Total",875,89,147,491,148,453,23,36,284,110,422,66,111,207,38
"2011","Hertsmere 008C","E01023554","Total",933,98,147,554,134,482,27,36,314,105,451,71,111,240,29
"2011","Hertsmere 008D","E01023555","Total",817,75,140,466,136,451,25,38,284,104,366,50,102,182,32
"2011","Hertsmere 009A","E01023544","Total",622,48,110,379,85,328,13,34,216,65,294,35,76,163,20
"2011","Hertsmere 009B","E01023545","Total",754,54,109,483,108,397,13,27,277,80,357,41,82,206,28
"2011","Hertsmere 009C","E01023546","Total",941,94,175,569,103,480,37,43,319,81,461,57,132,250,22
"2011","Hertsmere 009D","E01023547","Total",794,78,140,487,89,412,32,29,283,68,382,46,111,204,21
"2011","Hertsmere 010A","E01023528","Total",890,86,155,432,217,477,24,47,255,151,413,62,108,177,66
"2011","Hertsmere 010B","E01023564","Total",881,88,164,498,131,468,27,52,285,104,413,61,112,213,27
"2011","Hertsmere 010C","E01023565","Total",839,94,141,411,193,462,23,34,257,148,377,71,107,154,45
"2011","Hertsmere 010D","E01023566","Total",777,108,143,365,161,432,22,26,248,136,345,86,117,117,25
"2011","Hertsmere 011A","E01023539","Total",1632,128,268,1003,233,881,36,76,599,170,751,92,192,404,63
"2011","Hertsmere 011B","E01023540","Total",823,85,164,474,100,421,27,37,282,75,402,58,127,192,25
"2011","Hertsmere 011C","E01023541","Total",1035,95,194,618,128,539,33,43,360,103,496,62,151,258,25
"2011","Hertsmere 011D","E01023542","Total",908,80,171,541,116,476,26,49,304,97,432,54,122,237,19
"2011","Hertsmere 011E","E01023543","Total",699,44,125,451,79,348,7,36,248,57,351,37,89,203,22
"2011","Hertsmere 012A","E01023558","Total",924,117,153,509,145,477,39,38,293,107,447,78,115,216,38
"2011","Hertsmere 012B","E01023559","Total",851,98,158,441,154,448,22,35,272,119,403,76,123,169,35
"2011","Hertsmere 012C","E01023560","Total",663,64,133,376,90,351,21,29,230,71,312,43,104,146,19
"2011","Hertsmere 012D","E01023561","Total",796,78,147,456,115,410,20,28,267,95,386,58,119,189,20
"2011","Hertsmere 012E","E01023562","Total",737,89,148,399,101,378,25,30,244,79,359,64,118,155,22
"2011","Hertsmere 012F","E01023563","Total",758,66,130,435,127,383,24,26,243,90,375,42,104,192,37
"2011","Hertsmere 013A","E01023548","Total",841,119,163,419,140,440,39,48,240,113,401,80,115,179,27
"2011","Hertsmere 013B","E01023549","Total",759,95,143,404,117,377,28,34,229,86,382,67,109,175,31
"2011","Hertsmere 013C","E01023550","Total",804,90,123,388,203,459,17,31,237,174,345,73,92,151,29
"2011","Hertsmere 013D","E01023551","Total",738,81,159,359,139,397,19,38,224,116,341,62,121,135,23
"2011","Hertsmere 013E","E01023556","Total",784,86,140,443,115,412,22,27,272,91,372,64,113,171,24
"2011","Hertsmere 013F","E01023557","Total",778,97,141,392,148,410,25,29,248,108,368,72,112,144,40
"2011","North Hertfordshire 001A","E01023660","Total",1200,89,189,742,180,649,31,43,436,139,551,58,146,306,41
"2011","North Hertfordshire 001B","E01023661","Total",679,81,129,407,62,359,22,22,266,49,320,59,107,141,13
"2011","North Hertfordshire 001C","E01023662","Total",933,70,149,604,110,508,14,26,377,91,425,56,123,227,19
"2011","North Hertfordshire 002A","E01023654","Total",903,65,149,570,119,468,18,23,339,88,435,47,126,231,31
"2011","North Hertfordshire 002B","E01023655","Total",762,81,156,418,107,401,27,34,258,82,361,54,122,160,25
"2011","North Hertfordshire 002C","E01023656","Total",1296,100,187,825,184,700,36,41,479,144,596,64,146,346,40
"2011","North Hertfordshire 002D","E01023657","Total",1325,131,213,798,183,717,37,43,490,147,608,94,170,308,36
"2011","North Hertfordshire 002E","E01023658","Total",795,96,174,442,83,415,28,34,285,68,380,68,140,157,15
"2011","North Hertfordshire 002F","E01023659","Total",755,92,128,420,115,406,27,19,270,90,349,65,109,150,25
"2011","North Hertfordshire 003A","E01023635","Total",654,67,120,410,57,336,18,17,252,49,318,49,103,158,8
"2011","North Hertfordshire 003B","E01023636","Total",881,84,174,507,116,471,33,33,315,90,410,51,141,192,26
"2011","North Hertfordshire 003C","E01023637","Total",718,63,134,429,92,377,16,30,255,76,341,47,104,174,16
"2011","North Hertfordshire 003D","E01023638","Total",758,71,154,447,86,391,24,27,274,66,367,47,127,173,20
"2011","North Hertfordshire 004A","E01023587","Total",699,63,108,445,83,374,18,24,274,58,325,45,84,171,25
"2011","North Hertfordshire 004B","E01023588","Total",762,69,136,452,105,382,21,20,264,77,380,48,116,188,28
"2011","North Hertfordshire 004C","E01023589","Total",839,75,127,498,139,470,24,34,312,100,369,51,93,186,39
"2011","North Hertfordshire 004D","E01023590","Total",890,75,136,537,142,477,19,27,318,113,413,56,109,219,29
"2011","North Hertfordshire 004E","E01023591","Total",756,90,128,440,98,407,28,22,277,80,349,62,106,163,18
"2011","North Hertfordshire 004F","E01023592","Total",673,84,124,385,80,358,21,22,246,69,315,63,102,139,11
"2011","North Hertfordshire 004G","E01023593","Total",678,58,126,417,77,359,15,23,261,60,319,43,103,156,17
"2011","North Hertfordshire 005A","E01023585","Total",587,95,100,264,128,321,24,28,166,103,266,71,72,98,25
"2011","North Hertfordshire 005B","E01023586","Total",766,93,156,371,146,402,16,30,240,116,364,77,126,131,30
"2011","North Hertfordshire 005C","E01023597","Total",633,80,97,324,132,342,27,21,193,101,291,53,76,131,31
"2011","North Hertfordshire 005D","E01023598","Total",708,80,128,365,135,393,19,36,227,111,315,61,92,138,24
"2011","North Hertfordshire 005F","E01023600","Total",688,72,121,385,110,365,21,33,229,82,323,51,88,156,28
"2011","North Hertfordshire 005G","E01023663","Total",1088,128,201,556,203,591,39,56,335,161,497,89,145,221,42
"2011","North Hertfordshire 005H","E01033024","Total",937,64,148,578,147,500,18,18,355,109,437,46,130,223,38
"2011","North Hertfordshire 005I","E01033025","Total",788,39,101,526,122,402,9,19,285,89,386,30,82,241,33
"2011","North Hertfordshire 005J","E01033026","Total",886,65,124,564,133,491,16,30,344,101,395,49,94,220,32
"2011","North Hertfordshire 005K","E01033027","Total",931,55,90,632,154,505,15,20,357,113,426,40,70,275,41
"2011","North Hertfordshire 006A","E01023630","Total",760,74,153,444,89,388,24,35,263,66,372,50,118,181,23
"2011","North Hertfordshire 006B","E01023631","Total",813,89,152,474,98,439,21,45,297,76,374,68,107,177,22
"2011","North Hertfordshire 006C","E01023632","Total",720,68,141,417,94,362,20,33,237,72,358,48,108,180,22
"2011","North Hertfordshire 006D","E01023633","Total",675,58,109,417,91,366,13,30,255,68,309,45,79,162,23
"2011","North Hertfordshire 006E","E01023634","Total",656,69,109,365,113,361,23,32,219,87,295,46,77,146,26
"2011","North Hertfordshire 007A","E01023649","Total",712,41,104,475,92,385,14,25,276,70,327,27,79,199,22
"2011","North Hertfordshire 007B","E01023650","Total",692,55,126,433,78,387,14,38,275,60,305,41,88,158,18
"2011","North Hertfordshire 007C","E01023651","Total",602,48,109,379,66,322,12,23,239,48,280,36,86,140,18
"2011","North Hertfordshire 007D","E01023652","Total",617,66,124,358,69,311,18,28,213,52,306,48,96,145,17
"2011","North Hertfordshire 008A","E01023644","Total",772,101,149,403,119,423,26,41,257,99,349,75,108,146,20
"2011","North Hertfordshire 008B","E01023645","Total",714,87,122,414,91,384,32,27,248,77,330,55,95,166,14
"2011","North Hertfordshire 008C","E01023646","Total",609,80,156,309,64,309,29,32,200,48,300,51,124,109,16
"2011","North Hertfordshire 008D","E01023647","Total",718,80,136,399,103,389,24,28,254,83,329,56,108,145,20
"2011","North Hertfordshire 008E","E01023648","Total",552,81,100,257,114,301,20,30,168,83,251,61,70,89,31
"2011","North Hertfordshire 009A","E01023639","Total",633,72,116,355,90,335,22,23,219,71,298,50,93,136,19
"2011","North Hertfordshire 009B","E01023640","Total",502,58,99,294,51,242,14,15,172,41,260,44,84,122,10
"2011","North Hertfordshire 009C","E01023641","Total",580,61,125,335,59,292,16,21,207,48,288,45,104,128,11
"2011","North Hertfordshire 009D","E01023642","Total",645,81,119,383,62,344,28,29,244,43,301,53,90,139,19
"2011","North Hertfordshire 009E","E01023643","Total",632,71,112,352,97,334,21,26,212,75,298,50,86,140,22
"2011","North Hertfordshire 010A","E01023601","Total",1308,110,148,858,192,726,39,46,505,136,582,71,102,353,56
"2011","North Hertfordshire 010B","E01023602","Total",902,69,135,557,141,485,19,36,330,100,417,50,99,227,41
"2011","North Hertfordshire 010C","E01023603","Total",865,93,147,486,139,459,21,30,301,107,406,72,117,185,32
"2011","North Hertfordshire 010D","E01023604","Total",711,79,145,402,85,378,23,35,260,60,333,56,110,142,25
"2011","North Hertfordshire 010E","E01023605","Total",883,57,92,601,133,469,13,24,336,96,414,44,68,265,37
"2011","North Hertfordshire 011A","E01023617","Total",737,89,143,409,96,388,33,30,248,77,349,56,113,161,19
"2011","North Hertfordshire 011B","E01023618","Total",739,81,138,415,105,381,22,27,254,78,358,59,111,161,27
"2011","North Hertfordshire 011C","E01023619","Total",1038,77,145,690,126,556,19,32,413,92,482,58,113,277,34
"2011","North Hertfordshire 011D","E01023620","Total",596,56,128,339,73,316,20,22,215,59,280,36,106,124,14
"2011","North Hertfordshire 011E","E01023621","Total",732,65,120,470,77,387,27,18,282,60,345,38,102,188,17
"2011","North Hertfordshire 012A","E01023611","Total",720,98,142,407,73,375,35,29,257,54,345,63,113,150,19
"2011","North Hertfordshire 012B","E01023612","Total",961,106,159,578,118,510,36,36,353,85,451,70,123,225,33
"2011","North Hertfordshire 012C","E01023613","Total",739,69,161,425,84,386,25,32,259,70,353,44,129,166,14
"2011","North Hertfordshire 012D","E01023614","Total",1024,124,167,547,186,531,28,33,340,130,493,96,134,207,56
"2011","North Hertfordshire 012E","E01023615","Total",728,76,131,416,105,406,28,31,269,78,322,48,100,147,27
"2011","North Hertfordshire 012F","E01023616","Total",1067,73,144,663,187,584,21,42,392,129,483,52,102,271,58
"2011","North Hertfordshire 013A","E01023606","Total",823,87,137,493,106,427,26,34,289,78,396,61,103,204,28
"2011","North Hertfordshire 013B","E01023607","Total",704,73,115,434,82,380,16,24,275,65,324,57,91,159,17
"2011","North Hertfordshire 013C","E01023608","Total",692,89,134,372,97,360,28,28,228,76,332,61,106,144,21
"2011","North Hertfordshire 013D","E01023609","Total",833,81,129,503,120,454,30,33,301,90,379,51,96,202,30
"2011","North Hertfordshire 013E","E01023610","Total",755,86,123,411,135,416,20,22,265,109,339,66,101,146,26
"2011","North Hertfordshire 014A","E01023594","Total",1078,127,208,566,177,573,40,53,338,142,505,87,155,228,35
"2011","North Hertfordshire 014B","E01023622","Total",577,69,93,314,101,301,11,22,191,77,276,58,71,123,24
"2011","North Hertfordshire 014C","E01023623","Total",729,80,131,379,139,393,15,32,242,104,336,65,99,137,35
"2011","North Hertfordshire 014D","E01023624","Total",699,71,114,374,140,378,12,31,224,111,321,59,83,150,29
"2011","North Hertfordshire 014E","E01023625","Total",577,68,106,298,105,305,15,25,187,78,272,53,81,111,27
"2011","North Hertfordshire 014F","E01023653","Total",1051,106,208,540,197,566,32,41,341,152,485,74,167,199,45
"2011","North Hertfordshire 015A","E01023595","Total",805,81,150,436,138,415,26,39,259,91,390,55,111,177,47
"2011","North Hertfordshire 015B","E01023596","Total",511,62,98,275,76,260,15,21,159,65,251,47,77,116,11
"2011","North Hertfordshire 015C","E01023626","Total",1067,148,199,519,201,585,39,55,330,161,482,109,144,189,40
"2011","North Hertfordshire 015D","E01023627","Total",884,88,155,469,172,486,18,44,289,135,398,70,111,180,37
"2011","North Hertfordshire 015E","E01023628","Total",980,96,163,541,180,513,27,33,317,136,467,69,130,224,44
"2011","North Hertfordshire 015F","E01023629","Total",903,95,148,528,132,478,25,38,309,106,425,70,110,219,26
"2011","St Albans 001A","E01023690","Total",751,84,127,356,184,398,25,23,202,148,353,59,104,154,36
"2011","St Albans 001B","E01023691","Total",651,92,114,296,149,358,22,22,182,132,293,70,92,114,17
"2011","St Albans 001C","E01023692","Total",706,63,124,418,101,364,11,25,255,73,342,52,99,163,28
"2011","St Albans 001D","E01023693","Total",657,62,110,362,123,340,12,19,219,90,317,50,91,143,33
"2011","St Albans 001E","E01023694","Total",709,107,140,308,154,380,23,26,201,130,329,84,114,107,24
"2011","St Albans 002A","E01023685","Total",893,100,154,480,159,481,17,33,300,131,412,83,121,180,28
"2011","St Albans 002B","E01023686","Total",713,80,141,341,151,392,16,28,222,126,321,64,113,119,25
"2011","St Albans 002C","E01023687","Total",718,73,153,396,96,369,16,46,238,69,349,57,107,158,27
"2011","St Albans 002D","E01023688","Total",752,66,120,429,137,399,12,27,248,112,353,54,93,181,25
"2011","St Albans 002E","E01023689","Total",607,85,100,273,149,347,31,25,169,122,260,54,75,104,27
"2011","St Albans 003A","E01023699","Total",633,89,95,289,160,353,26,18,176,133,280,63,77,113,27
"2011","St Albans 003B","E01023700","Total",550,81,97,207,165,309,20,19,131,139,241,61,78,76,26
"2011","St Albans 003C","E01023701","Total",875,74,126,478,197,498,23,35,292,148,377,51,91,186,49
"2011","St Albans 003D","E01023702","Total",826,61,127,448,190,461,23,28,265,145,365,38,99,183,45
"2011","St Albans 003E","E01023703","Total",723,74,132,356,161,385,9,21,232,123,338,65,111,124,38
"2011","St Albans 004A","E01023746","Total",751,82,141,430,98,393,23,27,267,76,358,59,114,163,22
"2011","St Albans 004B","E01023747","Total",886,113,149,479,145,466,32,25,300,109,420,81,124,179,36
"2011","St Albans 004C","E01023748","Total",610,79,101,292,138,330,23,23,180,104,280,56,78,112,34
"2011","St Albans 004D","E01023749","Total",802,104,161,373,164,422,29,36,232,125,380,75,125,141,39
"2011","St Albans 005A","E01023695","Total",740,100,137,376,127,400,21,33,240,106,340,79,104,136,21
"2011","St Albans 005B","E01023696","Total",676,97,112,252,215,397,30,34,151,182,279,67,78,101,33
"2011","St Albans 005C","E01023697","Total",978,105,174,499,200,505,31,41,283,150,473,74,133,216,50
"2011","St Albans 005D","E01023698","Total",811,96,175,396,144,432,30,36,255,111,379,66,139,141,33
"2011","St Albans 006A","E01023722","Total",722,85,108,350,179,390,14,27,215,134,332,71,81,135,45
"2011","St Albans 006B","E01023723","Total",811,81,148,461,121,427,18,30,282,97,384,63,118,179,24
"2011","St Albans 006C","E01023724","Total",739,93,118,365,163,391,29,20,215,127,348,64,98,150,36
"2011","St Albans 006D","E01023725","Total",750,98,132,355,165,405,21,33,218,133,345,77,99,137,32
"2011","St Albans 007A","E01023713","Total",934,102,167,499,166,516,30,49,311,126,418,72,118,188,40
"2011","St Albans 007B","E01023734","Total",912,94,154,514,150,458,18,25,305,110,454,76,129,209,40
"2011","St Albans 007C","E01023735","Total",1025,107,162,615,141,535,34,32,373,96,490,73,130,242,45
"2011","St Albans 007D","E01023736","Total",806,76,145,456,129,405,22,41,252,90,401,54,104,204,39
"2011","St Albans 008A","E01023709","Total",867,107,160,484,116,439,26,42,295,76,428,81,118,189,40
"2011","St Albans 008B","E01023710","Total",793,107,148,419,119,410,28,29,260,93,383,79,119,159,26
"2011","St Albans 008C","E01023711","Total",762,87,160,393,122,412,32,36,247,97,350,55,124,146,25
"2011","St Albans 008D","E01023712","Total",891,83,144,546,118,476,22,37,332,85,415,61,107,214,33
"2011","St Albans 009A","E01023669","Total",818,89,156,459,114,399,24,43,250,82,419,65,113,209,32
"2011","St Albans 009B","E01023670","Total",1157,93,171,675,218,601,19,27,398,157,556,74,144,277,61
"2011","St Albans 009C","E01023671","Total",873,99,176,479,119,459,33,43,297,86,414,66,133,182,33
"2011","St Albans 009D","E01023672","Total",961,116,179,511,155,528,33,48,324,123,433,83,131,187,32
"2011","St Albans 010A","E01023673","Total",743,102,132,369,140,392,20,35,225,112,351,82,97,144,28
"2011","St Albans 010B","E01023714","Total",839,113,151,386,189,458,27,28,248,155,381,86,123,138,34
"2011","St Albans 010C","E01023715","Total",757,112,149,357,139,410,33,37,224,116,347,79,112,133,23
"2011","St Albans 010D","E01023716","Total",1178,114,176,647,241,606,27,32,382,165,572,87,144,265,76
"2011","St Albans 011A","E01023666","Total",998,56,119,667,156,559,23,53,385,98,439,33,66,282,58
"2011","St Albans 011B","E01023674","Total",1061,86,155,654,166,559,24,37,374,124,502,62,118,280,42
"2011","St Albans 011C","E01023675","Total",633,85,102,305,141,350,23,23,186,118,283,62,79,119,23
"2011","St Albans 011D","E01023676","Total",1248,84,160,747,257,659,35,36,425,163,589,49,124,322,94
"2011","St Albans 012A","E01023726","Total",1165,63,131,727,244,625,24,34,403,164,540,39,97,324,80
"2011","St Albans 012B","E01023727","Total",1163,64,131,733,235,633,23,41,419,150,530,41,90,314,85
"2011","St Albans 012C","E01023728","Total",1282,124,165,725,268,693,45,42,417,189,589,79,123,308,79
"2011","St Albans 012D","E01023729","Total",1088,61,136,686,205,605,20,46,398,141,483,41,90,288,64
"2011","St Albans 013A","E01023664","Total",936,96,165,528,147,491,30,34,318,109,445,66,131,210,38
"2011","St Albans 013B","E01023665","Total",856,81,145,485,145,456,25,35,289,107,400,56,110,196,38
"2011","St Albans 013C","E01023667","Total",826,63,136,516,111,436,23,30,293,90,390,40,106,223,21
"2011","St Albans 013D","E01023668","Total",712,97,148,362,105,373,29,33,225,86,339,68,115,137,19
"2011","St Albans 014A","E01023742","Total",654,88,132,349,85,353,28,31,232,62,301,60,101,117,23
"2011","St Albans 014B","E01023743","Total",922,93,129,481,219,517,30,41,287,159,405,63,88,194,60
"2011","St Albans 014C","E01023744","Total",631,90,108,308,125,327,27,23,180,97,304,63,85,128,28
"2011","St Albans 014D","E01023745","Total",932,80,153,480,219,501,13,40,285,163,431,67,113,195,56
"2011","St Albans 015A","E01023677","Total",610,58,116,312,124,327,9,31,194,93,283,49,85,118,31
"2011","St Albans 015B","E01023678","Total",1008,88,172,546,202,527,23,38,317,149,481,65,134,229,53
"2011","St Albans 015C","E01023679","Total",781,77,146,434,124,417,20,37,264,96,364,57,109,170,28
"2011","St Albans 015D","E01023680","Total",649,70,126,343,110,344,18,40,204,82,305,52,86,139,28
"2011","St Albans 016A","E01023681","Total",816,80,137,495,104,447,33,50,291,73,369,47,87,204,31
"2011","St Albans 016B","E01023682","Total",849,82,144,468,155,473,22,49,283,119,376,60,95,185,36
"2011","St Albans 016C","E01023683","Total",731,80,140,417,94,380,16,34,259,71,351,64,106,158,23
"2011","St Albans 016D","E01023684","Total",815,80,136,445,154,431,20,40,264,107,384,60,96,181,47
"2011","St Albans 017A","E01023737","Total",636,67,130,361,78,330,24,49,198,59,306,43,81,163,19
"2011","St Albans 017B","E01023738","Total",766,75,133,461,97,421,23,44,284,70,345,52,89,177,27
"2011","St Albans 017C","E01023739","Total",659,61,123,363,112,350,16,36,216,82,309,45,87,147,30
"2011","St Albans 017D","E01023740","Total",806,64,91,505,146,442,22,29,292,99,364,42,62,213,47
"2011","St Albans 017E","E01023741","Total",897,58,158,516,165,460,17,32,299,112,437,41,126,217,53
"2011","St Albans 018A","E01023704","Total",937,59,149,579,150,486,15,41,314,116,451,44,108,265,34
"2011","St Albans 018B","E01023705","Total",792,77,163,458,94,413,25,47,264,77,379,52,116,194,17
"2011","St Albans 018C","E01023706","Total",847,90,149,513,95,432,32,38,294,68,415,58,111,219,27
"2011","St Albans 018E","E01023708","Total",787,79,142,472,94,412,27,34,275,76,375,52,108,197,18
"2011","St Albans 018F","E01033028","Total",799,79,160,461,99,410,24,41,278,67,389,55,119,183,32
"2011","St Albans 018G","E01033029","Total",836,75,125,442,194,446,21,26,254,145,390,54,99,188,49
"2011","St Albans 019A","E01023718","Total",818,91,146,441,140,437,32,30,269,106,381,59,116,172,34
"2011","St Albans 019B","E01023719","Total",563,68,106,326,63,286,17,27,194,48,277,51,79,132,15
"2011","St Albans 019C","E01023720","Total",989,87,164,554,184,545,33,49,326,137,444,54,115,228,47
"2011","St Albans 019D","E01023721","Total",698,85,136,369,108,379,24,34,232,89,319,61,102,137,19
"2011","St Albans 020A","E01023717","Total",680,64,123,374,119,350,10,29,215,96,330,54,94,159,23
"2011","St Albans 020B","E01023730","Total",812,97,163,416,136,448,24,30,283,111,364,73,133,133,25
"2011","St Albans 020C","E01023731","Total",716,82,141,370,123,379,27,32,223,97,337,55,109,147,26
"2011","St Albans 020D","E01023732","Total",831,98,151,443,139,428,31,36,249,112,403,67,115,194,27
"2011","St Albans 020E","E01023733","Total",787,104,167,372,144,413,32,41,222,118,374,72,126,150,26
"2011","Stevenage 001A","E01023787","Total",738,60,137,454,87,412,14,41,287,70,326,46,96,167,17
"2011","Stevenage 001B","E01023788","Total",761,64,141,473,83,400,18,36,279,67,361,46,105,194,16
"2011","Stevenage 001C","E01023789","Total",1009,85,196,642,86,536,27,47,393,69,473,58,149,249,17
"2011","Stevenage 001D","E01023790","Total",854,68,163,548,75,447,23,40,318,66,407,45,123,230,9
"2011","Stevenage 002A","E01023776","Total",1372,92,204,894,182,757,35,51,536,135,615,57,153,358,47
"2011","Stevenage 002B","E01023777","Total",967,97,180,551,139,522,31,49,339,103,445,66,131,212,36
"2011","Stevenage 002C","E01023778","Total",813,94,157,459,103,424,24,43,274,83,389,70,114,185,20
"2011","Stevenage 002D","E01023799","Total",741,71,134,427,109,380,28,27,233,92,361,43,107,194,17
"2011","Stevenage 002E","E01023800","Total",1046,92,140,691,123,544,33,41,385,85,502,59,99,306,38
"2011","Stevenage 002F","E01023801","Total",1319,113,199,839,168,661,28,41,470,122,658,85,158,369,46
"2011","Stevenage 003A","E01023771","Total",899,85,153,564,97,477,35,38,329,75,422,50,115,235,22
"2011","Stevenage 003B","E01023772","Total",930,64,154,619,93,512,26,38,377,71,418,38,116,242,22
"2011","Stevenage 003C","E01023773","Total",677,78,140,386,73,322,21,26,218,57,355,57,114,168,16
"2011","Stevenage 003D","E01023774","Total",755,62,162,452,79,407,20,43,280,64,348,42,119,172,15
"2011","Stevenage 004A","E01023767","Total",934,84,154,595,101,490,20,29,363,78,444,64,125,232,23
"2011","Stevenage 004B","E01023768","Total",1012,91,146,653,122,542,30,36,381,95,470,61,110,272,27
"2011","Stevenage 004C","E01023769","Total",842,80,160,512,90,440,27,27,312,74,402,53,133,200,16
"2011","Stevenage 004D","E01023770","Total",891,74,137,593,87,483,25,31,362,65,408,49,106,231,22
"2011","Stevenage 005A","E01023795","Total",814,67,152,502,93,427,26,29,300,72,387,41,123,202,21
"2011","Stevenage 005B","E01023796","Total",743,72,109,499,63,394,18,21,303,52,349,54,88,196,11
"2011","Stevenage 005C","E01023797","Total",673,57,119,425,72,347,19,28,239,61,326,38,91,186,11
"2011","Stevenage 005D","E01023798","Total",817,75,131,502,109,439,25,35,290,89,378,50,96,212,20
"2011","Stevenage 006A","E01023775","Total",964,71,141,627,125,544,20,49,380,95,420,51,92,247,30
"2011","Stevenage 006B","E01023779","Total",797,59,145,513,80,418,22,26,308,62,379,37,119,205,18
"2011","Stevenage 006C","E01023780","Total",727,76,136,452,63,409,19,43,292,55,318,57,93,160,8
"2011","Stevenage 006D","E01023781","Total",830,73,143,524,90,456,26,33,328,69,374,47,110,196,21
"2011","Stevenage 006E","E01023782","Total",703,59,125,451,68,388,21,36,275,56,315,38,89,176,12
"2011","Stevenage 007A","E01023759","Total",720,68,141,432,79,359,18,25,249,67,361,50,116,183,12
"2011","Stevenage 007B","E01023760","Total",795,75,147,492,81,416,24,27,301,64,379,51,120,191,17
"2011","Stevenage 007C","E01023761","Total",1075,79,220,688,88,574,27,48,429,70,501,52,172,259,18
"2011","Stevenage 007D","E01023762","Total",765,67,149,473,76,398,17,20,297,64,367,50,129,176,12
"2011","Stevenage 008A","E01023755","Total",789,75,175,448,91,394,16,38,269,71,395,59,137,179,20
"2011","Stevenage 008B","E01023756","Total",737,72,161,449,55,396,25,51,283,37,341,47,110,166,18
"2011","Stevenage 008C","E01023757","Total",876,66,183,549,78,451,27,50,313,61,425,39,133,236,17
"2011","Stevenage 008D","E01023758","Total",765,51,123,524,67,445,14,36,342,53,320,37,87,182,14
"2011","Stevenage 009A","E01023750","Total",561,56,106,330,69,303,22,21,206,54,258,34,85,124,15
"2011","Stevenage 009B","E01023751","Total",587,52,126,348,61,308,19,25,220,44,279,33,101,128,17
"2011","Stevenage 009C","E01023752","Total",666,65,129,414,58,363,30,30,256,47,303,35,99,158,11
"2011","Stevenage 009D","E01023753","Total",925,89,143,592,101,482,24,24,351,83,443,65,119,241,18
"2011","Stevenage 009E","E01023754","Total",683,78,131,387,87,350,18,23,242,67,333,60,108,145,20
"2011","Stevenage 010A","E01023791","Total",806,68,145,496,97,420,20,31,290,79,386,48,114,206,18
"2011","Stevenage 010B","E01023792","Total",749,73,142,463,71,392,20,25,285,62,357,53,117,178,9
"2011","Stevenage 010C","E01023793","Total",640,58,115,404,63,341,21,30,245,45,299,37,85,159,18
"2011","Stevenage 010D","E01023794","Total",777,62,139,497,79,398,22,27,290,59,379,40,112,207,20
"2011","Stevenage 011A","E01023783","Total",843,54,171,528,90,454,19,38,319,78,389,35,133,209,12
"2011","Stevenage 011B","E01023784","Total",792,81,152,458,101,425,26,35,290,74,367,55,117,168,27
"2011","Stevenage 011C","E01023785","Total",807,67,129,528,83,420,21,29,308,62,387,46,100,220,21
"2011","Stevenage 011D","E01023786","Total",753,65,129,464,95,393,16,29,275,73,360,49,100,189,22
"2011","Stevenage 012A","E01023763","Total",835,82,152,497,104,431,29,36,288,78,404,53,116,209,26
"2011","Stevenage 012B","E01023764","Total",776,76,150,452,98,399,22,27,272,78,377,54,123,180,20
"2011","Stevenage 012C","E01023765","Total",674,63,138,395,78,348,17,21,250,60,326,46,117,145,18
"2011","Stevenage 012D","E01023766","Total",714,58,145,425,86,370,15,32,250,73,344,43,113,175,13
"2011","Three Rivers 001A","E01023802","Total",935,83,187,533,132,496,24,45,326,101,439,59,142,207,31
"2011","Three Rivers 001B","E01023803","Total",749,100,140,384,125,394,30,29,233,102,355,70,111,151,23
"2011","Three Rivers 001C","E01023804","Total",691,63,127,396,105,362,21,29,240,72,329,42,98,156,33
"2011","Three Rivers 001D","E01023807","Total",728,87,142,396,103,393,30,32,251,80,335,57,110,145,23
"2011","Three Rivers 001E","E01023808","Total",1467,133,211,853,270,800,43,48,515,194,667,90,163,338,76
"2011","Three Rivers 002A","E01023829","Total",780,64,159,467,90,404,16,26,294,68,376,48,133,173,22
"2011","Three Rivers 002B","E01023830","Total",747,53,115,476,103,392,15,32,271,74,355,38,83,205,29
"2011","Three Rivers 002C","E01023832","Total",927,88,142,537,160,491,27,26,315,123,436,61,116,222,37
"2011","Three Rivers 002D","E01023833","Total",1318,125,228,796,169,665,27,46,463,129,653,98,182,333,40
"2011","Three Rivers 002E","E01023834","Total",834,91,166,461,116,431,21,44,275,91,403,70,122,186,25
"2011","Three Rivers 003A","E01023823","Total",686,90,133,370,93,342,22,21,229,70,344,68,112,141,23
"2011","Three Rivers 003B","E01023824","Total",974,134,168,528,144,508,26,26,331,125,466,108,142,197,19
"2011","Three Rivers 003C","E01023831","Total",1088,107,186,609,186,565,31,40,360,134,523,76,146,249,52
"2011","Three Rivers 003D","E01023854","Total",922,120,184,437,181,497,34,48,282,133,425,86,136,155,48
"2011","Three Rivers 004A","E01023812","Total",674,75,106,321,172,382,29,30,191,132,292,46,76,130,40
"2011","Three Rivers 004B","E01023813","Total",740,106,131,328,175,403,26,37,196,144,337,80,94,132,31
"2011","Three Rivers 004C","E01023814","Total",477,52,75,234,116,253,12,21,129,91,224,40,54,105,25
"2011","Three Rivers 004D","E01023851","Total",883,58,94,524,207,468,22,28,282,136,415,36,66,242,71
"2011","Three Rivers 005A","E01023815","Total",735,92,127,369,147,408,25,28,237,118,327,67,99,132,29
"2011","Three Rivers 005B","E01023816","Total",579,75,109,286,109,324,23,25,191,85,255,52,84,95,24
"2011","Three Rivers 005C","E01023817","Total",708,89,98,380,141,398,27,32,223,116,310,62,66,157,25
"2011","Three Rivers 005D","E01023818","Total",623,87,117,291,128,335,25,28,185,97,288,62,89,106,31
"2011","Three Rivers 006A","E01023819","Total",870,85,148,508,129,436,21,24,292,99,434,64,124,216,30
"2011","Three Rivers 006B","E01023820","Total",632,69,110,343,110,331,16,18,207,90,301,53,92,136,20
"2011","Three Rivers 006C","E01023821","Total",680,72,132,403,73,357,21,28,255,53,323,51,104,148,20
"2011","Three Rivers 006D","E01023822","Total",674,64,142,400,68,350,13,30,253,54,324,51,112,147,14
"2011","Three Rivers 006E","E01023825","Total",1254,124,201,757,172,672,32,59,445,136,582,92,142,312,36
"2011","Three Rivers 006F","E01023826","Total",725,76,141,423,85,375,16,26,260,73,350,60,115,163,12
"2011","Three Rivers 007A","E01023847","Total",1040,78,164,631,167,528,24,33,354,117,512,54,131,277,50
"2011","Three Rivers 007B","E01023848","Total",821,80,165,470,106,440,18,49,297,76,381,62,116,173,30
"2011","Three Rivers 007C","E01023850","Total",812,51,83,518,160,459,15,26,307,111,353,36,57,211,49
"2011","Three Rivers 007D","E01023852","Total",703,70,105,379,149,360,18,17,209,116,343,52,88,170,33
"2011","Three Rivers 007E","E01023853","Total",997,120,195,485,197,526,29,39,297,161,471,91,156,188,36
"2011","Three Rivers 008A","E01023827","Total",1052,76,219,644,113,551,17,51,386,97,501,59,168,258,16
"2011","Three Rivers 008B","E01023828","Total",690,67,155,408,60,355,15,43,243,54,335,52,112,165,6
"2011","Three Rivers 008C","E01023845","Total",943,83,223,516,121,475,30,57,303,85,468,53,166,213,36
"2011","Three Rivers 008D","E01023846","Total",831,105,157,444,125,422,35,36,264,87,409,70,121,180,38
"2011","Three Rivers 009A","E01023835","Total",699,59,125,410,105,369,10,27,248,84,330,49,98,162,21
"2011","Three Rivers 009B","E01023836","Total",738,52,122,446,118,372,17,23,249,83,366,35,99,197,35
"2011","Three Rivers 009C","E01023837","Total",863,76,143,510,134,455,23,33,301,98,408,53,110,209,36
"2011","Three Rivers 009D","E01023838","Total",605,58,119,354,74,302,18,20,205,59,303,40,99,149,15
"2011","Three Rivers 010A","E01023805","Total",782,86,166,448,82,392,18,31,280,63,390,68,135,168,19
"2011","Three Rivers 010B","E01023809","Total",742,73,145,446,78,382,22,39,261,60,360,51,106,185,18
"2011","Three Rivers 010C","E01023810","Total",845,86,143,493,123,444,22,34,294,94,401,64,109,199,29
"2011","Three Rivers 010D","E01023811","Total",740,59,143,441,97,380,14,35,255,76,360,45,108,186,21
"2011","Three Rivers 011A","E01023839","Total",1115,118,184,549,264,608,34,38,328,208,507,84,146,221,56
"2011","Three Rivers 011B","E01023840","Total",868,95,102,413,258,525,27,32,257,209,343,68,70,156,49
"2011","Three Rivers 011C","E01023841","Total",867,111,128,403,225,490,39,32,240,179,377,72,96,163,46
"2011","Three Rivers 011D","E01023849","Total",708,76,121,368,143,393,14,37,231,111,315,62,84,137,32
"2011","Three Rivers 012A","E01023806","Total",1114,109,227,664,114,573,29,66,398,80,541,80,161,266,34
"2011","Three Rivers 012B","E01023842","Total",705,64,145,424,72,350,8,38,250,54,355,56,107,174,18
"2011","Three Rivers 012C","E01023843","Total",967,71,194,610,92,480,29,47,332,72,487,42,147,278,20
"2011","Three Rivers 012D","E01023844","Total",652,67,116,397,72,339,19,31,234,55,313,48,85,163,17
"2011","Watford 001A","E01023904","Total",1023,99,185,621,118,524,33,34,365,92,499,66,151,256,26
"2011","Watford 001B","E01023905","Total",1000,79,170,616,135,524,18,47,365,94,476,61,123,251,41
"2011","Watford 001C","E01023906","Total",718,64,124,456,74,378,20,38,263,57,340,44,86,193,17
"2011","Watford 001D","E01023907","Total",927,77,144,597,109,499,24,41,356,78,428,53,103,241,31
"2011","Watford 002A","E01023890","Total",727,53,118,464,92,369,19,29,260,61,358,34,89,204,31
"2011","Watford 002B","E01023891","Total",655,67,127,409,52,331,20,28,241,42,324,47,99,168,10
"2011","Watford 002C","E01023892","Total",708,63,139,436,70,347,21,21,249,56,361,42,118,187,14
"2011","Watford 002D","E01023893","Total",880,96,150,511,123,464,34,42,297,91,416,62,108,214,32
"2011","Watford 002E","E01023894","Total",815,83,167,455,110,422,23,38,278,83,393,60,129,177,27
"2011","Watford 003A","E01023873","Total",611,60,136,356,59,299,12,38,203,46,312,48,98,153,13
"2011","Watford 003B","E01023874","Total",623,52,109,378,84,331,18,26,222,65,292,34,83,156,19
"2011","Watford 003C","E01023875","Total",1013,94,151,639,129,532,30,35,370,97,481,64,116,269,32
"2011","Watford 003D","E01023876","Total",778,67,180,456,75,384,19,42,261,62,394,48,138,195,13
"2011","Watford 003E","E01023877","Total",798,64,135,509,90,413,18,28,293,74,385,46,107,216,16
"2011","Watford 004A","E01023868","Total",754,87,145,451,71,406,30,33,287,56,348,57,112,164,15
"2011","Watford 004B","E01023869","Total",682,67,130,427,58,396,33,58,258,47,286,34,72,169,11
"2011","Watford 004C","E01023870","Total",633,65,117,387,64,339,29,40,222,48,294,36,77,165,16
"2011","Watford 004D","E01023871","Total",684,51,106,451,76,362,17,30,261,54,322,34,76,190,22
"2011","Watford 004E","E01023872","Total",939,75,167,600,97,500,20,46,361,73,439,55,121,239,24
"2011","Watford 005A","E01023895","Total",1080,71,119,719,171,595,25,30,421,119,485,46,89,298,52
"2011","Watford 005B","E01023896","Total",728,80,142,408,98,367,24,32,234,77,361,56,110,174,21
"2011","Watford 005C","E01023897","Total",755,80,156,412,107,399,22,29,266,82,356,58,127,146,25
"2011","Watford 005D","E01023898","Total",870,78,156,529,107,473,23,32,335,83,397,55,124,194,24
"2011","Watford 006A","E01023855","Total",1136,64,155,773,144,626,25,43,452,106,510,39,112,321,38
"2011","Watford 006B","E01023856","Total",1352,91,204,883,174,705,33,56,489,127,647,58,148,394,47
"2011","Watford 006C","E01023857","Total",769,77,149,469,74,425,28,66,274,57,344,49,83,195,17
"2011","Watford 006D","E01023858","Total",1078,55,135,758,130,577,12,26,451,88,501,43,109,307,42
"2011","Watford 007A","E01023878","Total",966,112,134,557,163,519,29,32,333,125,447,83,102,224,38
"2011","Watford 007B","E01023879","Total",1196,65,147,796,188,649,29,39,454,127,547,36,108,342,61
"2011","Watford 007C","E01023880","Total",1011,60,134,654,163,550,13,33,391,113,461,47,101,263,50
"2011","Watford 007D","E01023881","Total",825,77,149,461,138,436,22,39,277,98,389,55,110,184,40
"2011","Watford 008A","E01023886","Total",1524,115,233,914,262,817,36,70,515,196,707,79,163,399,66
"2011","Watford 008B","E01023887","Total",765,93,124,421,127,428,24,31,273,100,337,69,93,148,27
"2011","Watford 008C","E01023888","Total",765,87,123,412,143,403,30,31,235,107,362,57,92,177,36
"2011","Watford 008D","E01023889","Total",827,111,155,430,131,439,37,26,271,105,388,74,129,159,26
"2011","Watford 009A","E01023859","Total",1296,59,155,928,154,705,27,45,526,107,591,32,110,402,47
"2011","Watford 009B","E01023860","Total",1032,69,163,692,108,583,26,62,424,71,449,43,101,268,37
"2011","Watford 009C","E01023861","Total",1383,105,188,898,192,814,56,83,534,141,569,49,105,364,51
"2011","Watford 009D","E01023862","Total",1142,75,143,783,141,635,27,41,462,105,507,48,102,321,36
"2011","Watford 010A","E01023899","Total",773,77,140,483,73,425,25,63,282,55,348,52,77,201,18
"2011","Watford 010B","E01023900","Total",890,92,195,531,72,513,34,84,346,49,377,58,111,185,23
"2011","Watford 010C","E01023901","Total",1054,65,189,691,109,565,24,73,383,85,489,41,116,308,24
"2011","Watford 010D","E01023902","Total",896,69,130,585,112,466,25,47,321,73,430,44,83,264,39
"2011","Watford 010E","E01023903","Total",802,90,150,497,65,441,33,58,300,50,361,57,92,197,15
"2011","Watford 011A","E01023863","Total",972,76,165,619,112,531,28,53,378,72,441,48,112,241,40
"2011","Watford 011B","E01023864","Total",745,61,117,492,75,410,16,54,285,55,335,45,63,207,20
"2011","Watford 011C","E01023865","Total",691,82,146,409,54,353,34,39,237,43,338,48,107,172,11
"2011","Watford 011D","E01023866","Total",642,71,131,395,45,311,15,44,220,32,331,56,87,175,13
"2011","Watford 011E","E01023867","Total",1183,110,172,784,117,650,42,61,462,85,533,68,111,322,32
"2011","Watford 012A","E01023882","Total",856,100,131,485,140,430,29,25,278,98,426,71,106,207,42
"2011","Watford 012B","E01023883","Total",685,78,130,409,68,361,21,45,246,49,324,57,85,163,19
"2011","Watford 012C","E01023884","Total",1011,87,133,652,139,509,23,31,356,99,502,64,102,296,40
"2011","Watford 012D","E01023885","Total",966,88,170,535,173,524,38,41,318,127,442,50,129,217,46
"2011","Welwyn Hatfield 001A","E01023965","Total",682,75,121,338,148,375,19,28,204,124,307,56,93,134,24
"2011","Welwyn Hatfield 001B","E01023966","Total",749,93,99,409,148,415,26,22,250,117,334,67,77,159,31
"2011","Welwyn Hatfield 001C","E01023967","Total",725,68,123,414,120,385,22,33,238,92,340,46,90,176,28
"2011","Welwyn Hatfield 001D","E01023971","Total",783,93,129,402,159,425,29,24,251,121,358,64,105,151,38
"2011","Welwyn Hatfield 002B","E01023968","Total",624,98,96,303,127,337,28,20,187,102,287,70,76,116,25
"2011","Welwyn Hatfield 002C","E01023969","Total",659,94,90,336,139,355,25,23,197,110,304,69,67,139,29
"2011","Welwyn Hatfield 002D","E01023970","Total",634,56,125,357,96,329,11,26,231,61,305,45,99,126,35
"2011","Welwyn Hatfield 002E","E01033310","Total",957,79,156,601,121,502,22,26,355,99,455,57,130,246,22
"2011","Welwyn Hatfield 002F","E01033313","Total",830,104,137,457,132,433,29,32,270,102,397,75,105,187,30
"2011","Welwyn Hatfield 003A","E01023959","Total",676,76,120,353,127,356,20,20,215,101,320,56,100,138,26
"2011","Welwyn Hatfield 003B","E01023960","Total",754,67,128,460,99,391,16,21,281,73,363,51,107,179,26
"2011","Welwyn Hatfield 003C","E01023961","Total",666,52,124,404,86,334,16,23,226,69,332,36,101,178,17
"2011","Welwyn Hatfield 003D","E01023962","Total",678,76,150,375,77,349,27,34,228,60,329,49,116,147,17
"2011","Welwyn Hatfield 004A","E01023912","Total",776,78,132,476,90,406,23,30,291,62,370,55,102,185,28
"2011","Welwyn Hatfield 004B","E01023913","Total",728,69,144,445,70,393,21,28,284,60,335,48,116,161,10
"2011","Welwyn Hatfield 004C","E01023914","Total",737,77,149,430,81,372,27,32,246,67,365,50,117,184,14
"2011","Welwyn Hatfield 004D","E01023915","Total",807,75,126,517,89,407,18,28,301,60,400,57,98,216,29
"2011","Welwyn Hatfield 005A","E01023950","Total",940,105,142,575,118,485,34,25,335,91,455,71,117,240,27
"2011","Welwyn Hatfield 005B","E01023951","Total",765,67,122,507,69,412,22,27,306,57,353,45,95,201,12
"2011","Welwyn Hatfield 005C","E01023952","Total",968,72,122,674,100,500,25,24,380,71,468,47,98,294,29
"2011","Welwyn Hatfield 005D","E01023953","Total",828,76,116,528,108,449,24,29,314,82,379,52,87,214,26
"2011","Welwyn Hatfield 006A","E01023916","Total",856,84,148,514,110,456,25,26,318,87,400,59,122,196,23
"2011","Welwyn Hatfield 006B","E01023917","Total",843,87,151,498,107,439,23,43,293,80,404,64,108,205,27
"2011","Welwyn Hatfield 006C","E01023918","Total",705,66,112,430,97,374,17,30,249,78,331,49,82,181,19
"2011","Welwyn Hatfield 006D","E01023919","Total",723,105,141,343,134,385,36,33,207,109,338,69,108,136,25
"2011","Welwyn Hatfield 007A","E01023954","Total",791,66,156,494,75,400,26,31,281,62,391,40,125,213,13
"2011","Welwyn Hatfield 007B","E01023955","Total",627,60,123,385,59,314,17,23,229,45,313,43,100,156,14
"2011","Welwyn Hatfield 007C","E01023956","Total",702,62,130,452,58,348,26,21,255,46,354,36,109,197,12
"2011","Welwyn Hatfield 007D","E01023957","Total",787,76,152,491,68,412,24,38,291,59,375,52,114,200,9
"2011","Welwyn Hatfield 007E","E01023958","Total",611,70,109,370,62,307,19,25,212,51,304,51,84,158,11
"2011","Welwyn Hatfield 008A","E01023943","Total",755,78,141,460,76,382,16,35,266,65,373,62,106,194,11
"2011","Welwyn Hatfield 008B","E01023944","Total",1028,88,167,659,114,537,34,24,389,90,491,54,143,270,24
"2011","Welwyn Hatfield 008C","E01023945","Total",792,83,167,468,74,409,31,35,288,55,383,52,132,180,19
"2011","Welwyn Hatfield 008D","E01023946","Total",848,66,140,550,92,430,17,29,312,72,418,49,111,238,20
"2011","Welwyn Hatfield 009A","E01023939","Total",544,40,102,338,64,279,14,23,192,50,265,26,79,146,14
"2011","Welwyn Hatfield 009B","E01023940","Total",815,74,141,518,82,434,22,30,323,59,381,52,111,195,23
"2011","Welwyn Hatfield 009C","E01023941","Total",1573,107,214,1039,213,858,27,46,633,152,715,80,168,406,61
"2011","Welwyn Hatfield 009D","E01023942","Total",817,84,163,513,57,396,19,29,302,46,421,65,134,211,11
"2011","Welwyn Hatfield 010A","E01023929","Total",801,86,148,477,90,424,29,44,283,68,377,57,104,194,22
"2011","Welwyn Hatfield 010B","E01023930","Total",802,84,122,498,98,449,35,32,300,82,353,49,90,198,16
"2011","Welwyn Hatfield 010D","E01023938","Total",1053,266,205,457,125,551,113,76,262,100,502,153,129,195,25
"2011","Welwyn Hatfield 010E","E01033308","Total",910,294,149,381,86,448,112,59,215,62,462,182,90,166,24
"2011","Welwyn Hatfield 010F","E01033311","Total",835,74,149,513,99,441,22,40,299,80,394,52,109,214,19
"2011","Welwyn Hatfield 010G","E01033314","Total",937,194,161,458,124,474,61,43,278,92,463,133,118,180,32
"2011","Welwyn Hatfield 011A","E01023924","Total",848,124,165,483,76,503,73,63,306,61,345,51,102,177,15
"2011","Welwyn Hatfield 011B","E01023925","Total",666,46,115,369,136,343,8,27,209,99,323,38,88,160,37
"2011","Welwyn Hatfield 011C","E01023926","Total",930,79,138,581,132,497,22,31,351,93,433,57,107,230,39
"2011","Welwyn Hatfield 011D","E01023927","Total",855,81,138,540,96,447,22,37,323,65,408,59,101,217,31
"2011","Welwyn Hatfield 012A","E01023920","Total",759,73,144,461,81,435,27,53,296,59,324,46,91,165,22
"2011","Welwyn Hatfield 012B","E01023921","Total",1005,127,164,606,108,564,57,53,378,76,441,70,111,228,32
"2011","Welwyn Hatfield 012C","E01023922","Total",775,111,174,420,70,419,54,58,260,47,356,57,116,160,23
"2011","Welwyn Hatfield 012D","E01023923","Total",847,136,179,445,87,439,46,61,260,72,408,90,118,185,15
"2011","Welwyn Hatfield 013A","E01023932","Total",789,145,150,423,71,421,70,54,246,51,368,75,96,177,20
"2011","Welwyn Hatfield 013B","E01023934","Total",638,147,120,316,55,348,74,43,190,41,290,73,77,126,14
"2011","Welwyn Hatfield 013C","E01023935","Total",594,131,139,268,56,333,65,45,180,43,261,66,94,88,13
"2011","Welwyn Hatfield 013D","E01023936","Total",982,154,234,505,89,521,59,93,299,70,461,95,141,206,19
"2011","Welwyn Hatfield 013E","E01023937","Total",538,132,110,254,42,307,74,51,152,30,231,58,59,102,12
"2011","Welwyn Hatfield 014A","E01023933","Total",714,103,136,398,77,361,41,38,221,61,353,62,98,177,16
"2011","Welwyn Hatfield 014B","E01023963","Total",1105,101,188,655,161,588,24,49,392,123,517,77,139,263,38
"2011","Welwyn Hatfield 014C","E01023964","Total",711,81,126,368,136,382,24,41,222,95,329,57,85,146,41
"2011","Welwyn Hatfield 015A","E01023908","Total",745,104,123,359,159,410,26,26,226,132,335,78,97,133,27
"2011","Welwyn Hatfield 015B","E01023909","Total",577,73,116,260,128,296,14,32,159,91,281,59,84,101,37
"2011","Welwyn Hatfield 015C","E01023910","Total",667,77,106,306,178,371,15,29,176,151,296,62,77,130,27
"2011","Welwyn Hatfield 015D","E01023911","Total",729,76,137,400,116,362,23,27,230,82,367,53,110,170,34
"2011","Welwyn Hatfield 016A","E01023947","Total",780,95,138,404,143,436,30,37,249,120,344,65,101,155,23
"2011","Welwyn Hatfield 016B","E01023948","Total",735,87,147,379,122,406,19,43,237,107,329,68,104,142,15
"2011","Welwyn Hatfield 016C","E01023949","Total",871,127,151,403,190,470,26,30,261,153,401,101,121,142,37
"2011","Breckland 001A","E01026436","Total",1114,121,231,584,178,586,35,52,350,149,528,86,179,234,29
"2011","Breckland 001C","E01026461","Total",625,71,131,329,94,335,15,37,210,73,290,56,94,119,21
"2011","Breckland 001E","E01026483","Total",518,57,103,263,95,282,18,23,165,76,236,39,80,98,19
"2011","Breckland 001F","E01033042","Total",1282,111,225,611,335,831,29,55,437,310,451,82,170,174,25
"2011","Breckland 002A","E01026442","Total",943,114,202,442,185,504,27,54,268,155,439,87,148,174,30
"2011","Breckland 002B","E01026443","Total",973,126,206,463,178,521,39,39,292,151,452,87,167,171,27
"2011","Breckland 002C","E01026445","Total",978,116,203,490,169,535,32,51,310,142,443,84,152,180,27
"2011","Breckland 002D","E01026462","Total",1052,96,199,542,215,564,27,32,344,161,488,69,167,198,54
"2011","Breckland 003A","E01026428","Total",1275,145,283,674,173,649,36,60,416,137,626,109,223,258,36
"2011","Breckland 003B","E01026429","Total",695,79,148,367,101,355,14,35,226,80,340,65,113,141,21
"2011","Breckland 003C","E01026430","Total",739,84,154,395,106,394,24,33,242,95,345,60,121,153,11
"2011","Breckland 003D","E01026431","Total",439,51,115,220,53,233,13,27,147,46,206,38,88,73,7
"2011","Breckland 004A","E01026446","Total",750,83,163,373,131,406,24,42,233,107,344,59,121,140,24
"2011","Breckland 004B","E01026452","Total",758,95,162,379,122,380,20,37,227,96,378,75,125,152,26
"2011","Breckland 004C","E01026453","Total",769,90,152,365,162,418,26,29,240,123,351,64,123,125,39
"2011","Breckland 004D","E01026454","Total",960,76,187,584,113,495,16,30,347,102,465,60,157,237,11
"2011","Breckland 005A","E01026425","Total",752,102,170,387,93,393,29,37,250,77,359,73,133,137,16
"2011","Breckland 005B","E01026426","Total",1167,104,223,675,165,628,31,57,410,130,539,73,166,265,35
"2011","Breckland 005C","E01026427","Total",982,123,199,540,120,536,40,49,347,100,446,83,150,193,20
"2011","Breckland 005D","E01026432","Total",661,66,134,369,92,345,17,30,216,82,316,49,104,153,10
"2011","Breckland 005E","E01026433","Total",781,64,132,485,100,401,21,23,271,86,380,43,109,214,14
"2011","Breckland 005F","E01026434","Total",992,103,208,555,126,519,28,55,334,102,473,75,153,221,24
"2011","Breckland 006A","E01026479","Total",717,87,144,362,124,378,19,35,232,92,339,68,109,130,32
"2011","Breckland 006B","E01026480","Total",691,80,150,365,96,356,23,37,220,76,335,57,113,145,20
"2011","Breckland 006C","E01026481","Total",600,65,113,320,102,311,12,26,195,78,289,53,87,125,24
"2011","Breckland 006D","E01026484","Total",679,74,155,318,132,363,15,39,199,110,316,59,116,119,22
"2011","Breckland 006E","E01026485","Total",546,63,116,259,108,287,15,26,160,86,259,48,90,99,22
"2011","Breckland 007A","E01026455","Total",747,79,157,393,118,378,14,34,234,96,369,65,123,159,22
"2011","Breckland 007B","E01026456","Total",505,54,110,252,89,267,21,26,152,68,238,33,84,100,21
"2011","Breckland 007C","E01026457","Total",461,46,98,260,57,237,6,20,160,51,224,40,78,100,6
"2011","Breckland 007D","E01026458","Total",607,62,129,329,87,309,18,23,197,71,298,44,106,132,16
"2011","Breckland 007E","E01026459","Total",518,51,94,312,61,286,18,28,195,45,232,33,66,117,16
"2011","Breckland 008A","E01026437","Total",493,47,109,251,86,270,11,26,163,70,223,36,83,88,16
"2011","Breckland 008B","E01026438","Total",470,35,116,229,90,253,7,33,140,73,217,28,83,89,17
"2011","Breckland 008C","E01026451","Total",931,121,196,461,153,493,40,43,277,133,438,81,153,184,20
"2011","Breckland 008D","E01026495","Total",537,74,97,276,90,292,22,26,175,69,245,52,71,101,21
"2011","Breckland 008E","E01026496","Total",438,58,91,207,82,246,17,24,141,64,192,41,67,66,18
"2011","Breckland 009A","E01026486","Total",606,64,107,351,84,323,17,23,214,69,283,47,84,137,15
"2011","Breckland 009B","E01026487","Total",821,55,143,512,111,454,22,20,318,94,367,33,123,194,17
"2011","Breckland 009C","E01026488","Total",500,41,65,304,90,285,8,13,197,67,215,33,52,107,23
"2011","Breckland 009D","E01026489","Total",533,59,90,314,70,289,17,19,194,59,244,42,71,120,11
"2011","Breckland 009E","E01026490","Total",644,64,113,360,107,340,11,21,230,78,304,53,92,130,29
"2011","Breckland 010A","E01026419","Total",603,75,119,290,119,328,19,30,178,101,275,56,89,112,18
"2011","Breckland 010B","E01026420","Total",537,61,117,261,98,292,15,23,168,86,245,46,94,93,12
"2011","Breckland 010D","E01026464","Total",610,80,120,276,134,322,22,26,169,105,288,58,94,107,29
"2011","Breckland 010E","E01026491","Total",1160,121,195,608,236,630,29,44,363,194,530,92,151,245,42
"2011","Breckland 010F","E01033040","Total",708,75,174,364,95,487,49,114,246,78,221,26,60,118,17
"2011","Breckland 010G","E01033041","Total",536,38,101,319,78,290,12,21,188,69,246,26,80,131,9
"2011","Breckland 011A","E01026422","Total",864,79,164,484,137,481,22,37,307,115,383,57,127,177,22
"2011","Breckland 011B","E01026423","Total",915,61,181,545,128,484,13,38,328,105,431,48,143,217,23
"2011","Breckland 011C","E01026447","Total",680,68,119,405,88,347,21,20,231,75,333,47,99,174,13
"2011","Breckland 011D","E01026449","Total",1022,80,167,604,171,540,18,26,367,129,482,62,141,237,42
"2011","Breckland 011E","E01026450","Total",866,95,132,495,144,479,27,19,313,120,387,68,113,182,24
"2011","Breckland 012A","E01026424","Total",1000,91,177,542,190,537,20,45,321,151,463,71,132,221,39
"2011","Breckland 012B","E01026444","Total",963,108,181,491,183,523,28,42,299,154,440,80,139,192,29
"2011","Breckland 012C","E01026492","Total",583,60,105,333,85,322,14,25,208,75,261,46,80,125,10
"2011","Breckland 012D","E01026493","Total",577,58,111,296,112,326,19,27,186,94,251,39,84,110,18
"2011","Breckland 013A","E01026421","Total",813,109,166,400,138,429,30,39,247,113,384,79,127,153,25
"2011","Breckland 013B","E01026435","Total",1144,120,223,593,208,608,27,50,364,167,536,93,173,229,41
"2011","Breckland 013C","E01026448","Total",1183,118,239,621,205,622,29,39,389,165,561,89,200,232,40
"2011","Breckland 014A","E01026439","Total",757,75,143,418,121,419,24,28,271,96,338,51,115,147,25
"2011","Breckland 014B","E01026440","Total",633,60,107,343,123,343,17,19,203,104,290,43,88,140,19
"2011","Breckland 014C","E01026441","Total",670,83,115,339,133,377,23,26,222,106,293,60,89,117,27
"2011","Breckland 014D","E01026494","Total",1111,135,227,526,223,613,34,66,318,195,498,101,161,208,28
"2011","Breckland 015A","E01026465","Total",839,69,151,523,96,447,19,46,303,79,392,50,105,220,17
"2011","Breckland 015B","E01026466","Total",1002,70,163,650,119,533,15,32,382,104,469,55,131,268,15
"2011","Breckland 015C","E01026467","Total",813,68,161,502,82,434,16,36,314,68,379,52,125,188,14
"2011","Breckland 016A","E01026468","Total",1200,104,191,762,143,664,40,43,472,109,536,64,148,290,34
"2011","Breckland 016B","E01026469","Total",814,72,129,523,90,467,23,30,332,82,347,49,99,191,8
"2011","Breckland 016C","E01026470","Total",1642,98,254,1105,185,901,31,51,671,148,741,67,203,434,37
"2011","Breckland 016D","E01026471","Total",717,47,97,474,99,388,13,22,271,82,329,34,75,203,17
"2011","Breckland 016E","E01026472","Total",710,53,122,456,79,382,13,26,278,65,328,40,96,178,14
"2011","Breckland 016F","E01026473","Total",817,65,163,489,100,434,12,29,312,81,383,53,134,177,19
"2011","Breckland 017A","E01026474","Total",788,64,141,476,107,428,15,35,289,89,360,49,106,187,18
"2011","Breckland 017B","E01026475","Total",724,63,143,419,99,388,14,35,261,78,336,49,108,158,21
"2011","Breckland 017C","E01026476","Total",725,52,123,470,80,397,13,34,287,63,328,39,89,183,17
"2011","Breckland 017D","E01026477","Total",634,48,115,396,75,340,15,24,241,60,294,33,91,155,15
"2011","Breckland 017E","E01026478","Total",692,63,125,430,74,388,13,33,277,65,304,50,92,153,9
"2011","Broadland 001A","E01026499","Total",628,78,142,356,52,319,20,39,216,44,309,58,103,140,8
"2011","Broadland 001B","E01026500","Total",788,133,171,392,92,411,32,40,262,77,377,101,131,130,15
"2011","Broadland 001C","E01026501","Total",716,76,164,368,108,384,23,46,227,88,332,53,118,141,20
"2011","Broadland 001D","E01026502","Total",551,78,127,283,63,293,21,39,183,50,258,57,88,100,13
"2011","Broadland 001E","E01026503","Total",660,95,147,356,62,347,23,40,236,48,313,72,107,120,14
"2011","Broadland 002A","E01026522","Total",689,86,148,334,121,375,20,37,223,95,314,66,111,111,26
"2011","Broadland 002B","E01026523","Total",936,102,209,449,176,511,30,50,276,155,425,72,159,173,21
"2011","Broadland 002C","E01026524","Total",750,69,148,399,134,407,18,38,245,106,343,51,110,154,28
"2011","Broadland 002D","E01026525","Total",569,78,116,276,99,316,23,30,183,80,253,55,86,93,19
"2011","Broadland 002E","E01026547","Total",693,82,144,357,110,368,23,33,224,88,325,59,111,133,22
"2011","Broadland 002F","E01026548","Total",628,63,145,323,97,314,17,19,207,71,314,46,126,116,26
"2011","Broadland 003A","E01026514","Total",771,83,161,419,108,410,29,29,266,86,361,54,132,153,22
"2011","Broadland 003B","E01026515","Total",554,78,109,304,63,305,24,33,194,54,249,54,76,110,9
"2011","Broadland 003C","E01026516","Total",608,72,123,317,96,338,22,37,204,75,270,50,86,113,21
"2011","Broadland 003D","E01026517","Total",685,101,131,333,120,370,34,32,211,93,315,67,99,122,27
"2011","Broadland 004A","E01026533","Total",574,52,129,312,81,314,14,34,198,68,260,38,95,114,13
"2011","Broadland 004B","E01026534","Total",853,101,174,449,129,474,21,40,301,112,379,80,134,148,17
"2011","Broadland 004C","E01026535","Total",876,92,178,466,140,459,24,35,287,113,417,68,143,179,27
"2011","Broadland 004D","E01026536","Total",854,88,186,454,126,451,22,36,293,100,403,66,150,161,26
"2011","Broadland 004E","E01026537","Total",872,91,194,487,100,433,23,29,293,88,439,68,165,194,12
"2011","Broadland 005A","E01026549","Total",829,102,176,448,103,436,33,35,287,81,393,69,141,161,22
"2011","Broadland 005B","E01026550","Total",646,72,165,342,67,324,14,31,226,53,322,58,134,116,14
"2011","Broadland 005C","E01026551","Total",610,60,131,352,67,324,17,27,225,55,286,43,104,127,12
"2011","Broadland 005D","E01026552","Total",707,90,177,364,76,380,22,43,247,68,327,68,134,117,8
"2011","Broadland 006A","E01026562","Total",623,60,150,328,85,326,13,35,205,73,297,47,115,123,12
"2011","Broadland 006B","E01026563","Total",827,81,162,495,89,421,18,30,298,75,406,63,132,197,14
"2011","Broadland 006C","E01026564","Total",785,78,176,418,113,409,21,38,258,92,376,57,138,160,21
"2011","Broadland 006D","E01026565","Total",705,52,116,440,97,361,16,16,253,76,344,36,100,187,21
"2011","Broadland 006E","E01026566","Total",776,91,163,436,86,393,28,42,259,64,383,63,121,177,22
"2011","Broadland 006F","E01026567","Total",683,89,140,361,93,378,33,22,241,82,305,56,118,120,11
"2011","Broadland 006G","E01026568","Total",848,113,167,454,114,439,31,23,287,98,409,82,144,167,16
"2011","Broadland 007A","E01026518","Total",749,78,158,419,94,387,12,21,275,79,362,66,137,144,15
"2011","Broadland 007B","E01026519","Total",987,97,190,573,127,516,22,37,351,106,471,75,153,222,21
"2011","Broadland 007C","E01026520","Total",473,58,110,248,57,246,20,25,156,45,227,38,85,92,12
"2011","Broadland 007D","E01026521","Total",517,74,112,261,70,269,17,26,170,56,248,57,86,91,14
"2011","Broadland 008A","E01026545","Total",812,72,179,453,108,399,10,30,275,84,413,62,149,178,24
"2011","Broadland 008B","E01026546","Total",776,97,164,389,126,412,21,42,246,103,364,76,122,143,23
"2011","Broadland 008C","E01026578","Total",982,114,215,515,138,510,25,41,326,118,472,89,174,189,20
"2011","Broadland 008D","E01026579","Total",736,82,160,390,104,385,18,34,248,85,351,64,126,142,19
"2011","Broadland 008E","E01026580","Total",610,93,126,292,99,330,21,35,193,81,280,72,91,99,18
"2011","Broadland 009A","E01026540","Total",700,88,150,385,77,362,19,35,243,65,338,69,115,142,12
"2011","Broadland 009B","E01026541","Total",1171,103,228,727,113,639,27,43,477,92,532,76,185,250,21
"2011","Broadland 009C","E01026542","Total",719,89,157,395,78,377,23,36,258,60,342,66,121,137,18
"2011","Broadland 009D","E01026543","Total",729,78,161,398,92,384,22,27,258,77,345,56,134,140,15
"2011","Broadland 009E","E01026544","Total",991,99,211,585,96,518,25,36,375,82,473,74,175,210,14
"2011","Broadland 010A","E01026526","Total",652,77,154,350,71,359,26,33,237,63,293,51,121,113,8
"2011","Broadland 010B","E01026527","Total",655,92,130,373,60,343,27,25,238,53,312,65,105,135,7
"2011","Broadland 010C","E01026528","Total",609,87,143,322,57,327,29,34,215,49,282,58,109,107,8
"2011","Broadland 010D","E01026529","Total",768,67,142,456,103,412,20,27,285,80,356,47,115,171,23
"2011","Broadland 011A","E01026530","Total",833,90,178,460,105,470,29,44,312,85,363,61,134,148,20
"2011","Broadland 011B","E01026531","Total",846,107,178,476,85,452,30,34,325,63,394,77,144,151,22
"2011","Broadland 011C","E01026532","Total",894,90,178,532,94,461,23,30,331,77,433,67,148,201,17
"2011","Broadland 012A","E01026553","Total",691,71,174,359,87,366,17,46,230,73,325,54,128,129,14
"2011","Broadland 012B","E01026554","Total",644,79,140,346,79,321,19,22,212,68,323,60,118,134,11
"2011","Broadland 012C","E01026555","Total",735,82,167,419,67,376,17,41,263,55,359,65,126,156,12
"2011","Broadland 012D","E01026556","Total",754,70,175,441,68,400,15,47,282,56,354,55,128,159,12
"2011","Broadland 013A","E01026557","Total",688,66,134,400,88,373,16,35,255,67,315,50,99,145,21
"2011","Broadland 013B","E01026558","Total",610,67,116,364,63,345,22,28,240,55,265,45,88,124,8
"2011","Broadland 013C","E01026559","Total",762,79,168,425,90,426,25,34,288,79,336,54,134,137,11
"2011","Broadland 013D","E01026560","Total",595,76,136,333,50,317,16,24,233,44,278,60,112,100,6
"2011","Broadland 013E","E01026561","Total",649,63,147,398,41,348,13,31,267,37,301,50,116,131,4
"2011","Broadland 014A","E01026504","Total",739,100,148,358,133,399,25,35,233,106,340,75,113,125,27
"2011","Broadland 014B","E01026505","Total",608,73,124,318,93,317,21,24,196,76,291,52,100,122,17
"2011","Broadland 014C","E01026506","Total",621,64,144,315,98,319,10,36,194,79,302,54,108,121,19
"2011","Broadland 014D","E01026507","Total",660,79,123,362,96,345,26,22,217,80,315,53,101,145,16
"2011","Broadland 014E","E01026512","Total",646,64,133,361,88,354,19,27,232,76,292,45,106,129,12
"2011","Broadland 014F","E01026513","Total",660,75,145,375,65,340,16,31,240,53,320,59,114,135,12
"2011","Broadland 015A","E01026569","Total",657,82,145,365,65,361,24,37,242,58,296,58,108,123,7
"2011","Broadland 015B","E01026570","Total",722,86,167,405,64,386,14,36,280,56,336,72,131,125,8
"2011","Broadland 015C","E01026571","Total",735,86,168,425,56,370,17,38,266,49,365,69,130,159,7
"2011","Broadland 015D","E01026572","Total",740,59,157,428,96,382,17,26,263,76,358,42,131,165,20
"2011","Broadland 015E","E01026573","Total",611,69,135,348,59,319,21,30,218,50,292,48,105,130,9
"2011","Broadland 016A","E01026574","Total",968,93,193,558,124,488,22,26,341,99,480,71,167,217,25
"2011","Broadland 016B","E01026575","Total",781,80,166,434,101,429,24,47,281,77,352,56,119,153,24
"2011","Broadland 016C","E01026576","Total",1186,105,220,698,163,611,28,49,413,121,575,77,171,285,42
"2011","Broadland 016D","E01026577","Total",902,111,167,467,157,489,37,43,283,126,413,74,124,184,31
"2011","Broadland 017A","E01026508","Total",683,69,136,399,79,352,25,31,239,57,331,44,105,160,22
"2011","Broadland 017B","E01026509","Total",831,74,195,432,130,440,19,48,274,99,391,55,147,158,31
"2011","Broadland 017C","E01026510","Total",745,83,147,384,131,385,17,32,237,99,360,66,115,147,32
"2011","Broadland 017D","E01026511","Total",590,58,118,309,105,303,18,28,171,86,287,40,90,138,19
"2011","Broadland 018A","E01026497","Total",721,75,162,388,96,381,18,37,249,77,340,57,125,139,19
"2011","Broadland 018B","E01026498","Total",581,62,118,319,82,316,21,31,193,71,265,41,87,126,11
"2011","Broadland 018C","E01026538","Total",683,68,138,366,111,354,23,35,213,83,329,45,103,153,28
"2011","Broadland 018D","E01026539","Total",840,81,177,446,136,452,16,39,291,106,388,65,138,155,30
"2011","Great Yarmouth 001A","E01026605","Total",685,73,155,345,112,362,15,37,216,94,323,58,118,129,18
"2011","Great Yarmouth 001B","E01026606","Total",643,97,138,304,104,344,27,32,193,92,299,70,106,111,12
"2011","Great Yarmouth 001C","E01026607","Total",675,88,182,314,91,363,20,50,219,74,312,68,132,95,17
"2011","Great Yarmouth 001D","E01026627","Total",587,93,143,268,83,316,20,42,182,72,271,73,101,86,11
"2011","Great Yarmouth 001E","E01026628","Total",630,56,149,323,102,336,21,36,195,84,294,35,113,128,18
"2011","Great Yarmouth 001F","E01026629","Total",686,73,149,345,119,356,16,29,211,100,330,57,120,134,19
"2011","Great Yarmouth 002A","E01026608","Total",621,64,127,320,110,325,13,31,195,86,296,51,96,125,24
"2011","Great Yarmouth 002B","E01026609","Total",628,80,98,320,130,320,15,23,176,106,308,65,75,144,24
"2011","Great Yarmouth 002C","E01026636","Total",709,83,163,341,122,385,24,52,210,99,324,59,111,131,23
"2011","Great Yarmouth 002D","E01026637","Total",907,111,185,477,134,480,26,41,302,111,427,85,144,175,23
"2011","Great Yarmouth 002E","E01026638","Total",690,72,166,366,86,343,20,47,206,70,347,52,119,160,16
"2011","Great Yarmouth 003A","E01026589","Total",636,66,152,332,86,344,18,43,212,71,292,48,109,120,15
"2011","Great Yarmouth 003B","E01026590","Total",616,71,158,315,72,324,19,35,206,64,292,52,123,109,8
"2011","Great Yarmouth 003C","E01026591","Total",730,79,178,377,96,377,16,42,235,84,353,63,136,142,12
"2011","Great Yarmouth 003D","E01026592","Total",516,60,127,252,77,285,23,35,162,65,231,37,92,90,12
"2011","Great Yarmouth 003E","E01026593","Total",569,67,130,274,98,309,16,31,179,83,260,51,99,95,15
"2011","Great Yarmouth 003F","E01026594","Total",739,94,176,366,103,375,30,39,223,83,364,64,137,143,20
"2011","Great Yarmouth 004A","E01026599","Total",627,77,144,329,77,334,22,46,202,64,293,55,98,127,13
"2011","Great Yarmouth 004B","E01026639","Total",696,79,159,365,93,376,23,54,223,76,320,56,105,142,17
"2011","Great Yarmouth 004C","E01026640","Total",562,54,133,294,81,300,14,38,187,61,262,40,95,107,20
"2011","Great Yarmouth 004D","E01026641","Total",503,62,149,251,41,259,18,43,167,31,244,44,106,84,10
"2011","Great Yarmouth 005A","E01026595","Total",674,62,143,391,78,353,19,33,243,58,321,43,110,148,20
"2011","Great Yarmouth 005B","E01026596","Total",708,81,163,383,81,383,21,52,244,66,325,60,111,139,15
"2011","Great Yarmouth 005C","E01026597","Total",682,75,183,369,55,357,30,54,235,38,325,45,129,134,17
"2011","Great Yarmouth 005D","E01026598","Total",700,54,130,446,70,396,21,43,285,47,304,33,87,161,23
"2011","Great Yarmouth 006A","E01026622","Total",442,58,129,218,37,242,21,49,139,33,200,37,80,79,4
"2011","Great Yarmouth 006B","E01026623","Total",650,51,111,389,99,388,20,50,245,73,262,31,61,144,26
"2011","Great Yarmouth 006C","E01026624","Total",666,57,156,358,95,371,21,53,226,71,295,36,103,132,24
"2011","Great Yarmouth 006D","E01026625","Total",493,34,132,269,58,285,14,49,169,53,208,20,83,100,5
"2011","Great Yarmouth 006E","E01026626","Total",731,61,173,407,90,406,19,68,244,75,325,42,105,163,15
"2011","Great Yarmouth 007A","E01026600","Total",615,49,150,339,77,324,15,31,214,64,291,34,119,125,13
"2011","Great Yarmouth 007B","E01026633","Total",819,77,210,449,83,424,19,61,271,73,395,58,149,178,10
"2011","Great Yarmouth 007C","E01026634","Total",614,56,155,354,49,338,14,43,244,37,276,42,112,110,12
"2011","Great Yarmouth 007D","E01026635","Total",958,104,262,497,95,501,36,74,310,81,457,68,188,187,14
"2011","Great Yarmouth 008A","E01026581","Total",891,117,186,468,120,489,41,34,306,108,402,76,152,162,12
"2011","Great Yarmouth 008B","E01026582","Total",960,89,218,519,134,491,18,45,310,118,469,71,173,209,16
"2011","Great Yarmouth 008C","E01026583","Total",630,60,155,340,75,325,16,25,218,66,305,44,130,122,9
"2011","Great Yarmouth 008D","E01026584","Total",616,74,163,305,74,343,21,41,213,68,273,53,122,92,6
"2011","Great Yarmouth 009A","E01026601","Total",736,53,173,420,90,361,11,32,248,70,375,42,141,172,20
"2011","Great Yarmouth 009B","E01026602","Total",616,67,147,323,79,331,14,28,217,72,285,53,119,106,7
"2011","Great Yarmouth 009C","E01026603","Total",587,62,170,289,66,309,15,51,188,55,278,47,119,101,11
"2011","Great Yarmouth 009D","E01026604","Total",575,54,150,317,54,311,8,45,210,48,264,46,105,107,6
"2011","Great Yarmouth 009E","E01026632","Total",743,62,175,422,84,387,18,39,257,73,356,44,136,165,11
"2011","Great Yarmouth 010A","E01026610","Total",783,74,179,428,102,405,21,54,242,88,378,53,125,186,14
"2011","Great Yarmouth 010B","E01026611","Total",611,74,139,297,101,336,23,39,190,84,275,51,100,107,17
"2011","Great Yarmouth 010C","E01026612","Total",1065,103,252,560,150,540,34,62,320,124,525,69,190,240,26
"2011","Great Yarmouth 010D","E01026630","Total",717,71,176,388,82,371,20,42,243,66,346,51,134,145,16
"2011","Great Yarmouth 010E","E01026631","Total",780,66,189,448,77,417,22,54,278,63,363,44,135,170,14
"2011","Great Yarmouth 011A","E01026617","Total",492,59,102,276,55,270,16,26,179,49,222,43,76,97,6
"2011","Great Yarmouth 011B","E01026618","Total",697,72,144,386,95,386,22,43,235,86,311,50,101,151,9
"2011","Great Yarmouth 011C","E01026619","Total",516,52,142,265,57,255,12,42,156,45,261,40,100,109,12
"2011","Great Yarmouth 011D","E01026620","Total",436,52,112,237,35,234,23,25,156,30,202,29,87,81,5
"2011","Great Yarmouth 011E","E01026621","Total",609,65,152,326,66,322,22,38,211,51,287,43,114,115,15
"2011","Great Yarmouth 012A","E01026613","Total",650,70,146,333,101,349,16,31,219,83,301,54,115,114,18
"2011","Great Yarmouth 012B","E01026614","Total",749,95,144,395,115,399,23,40,245,91,350,72,104,150,24
"2011","Great Yarmouth 012C","E01026615","Total",668,83,153,313,119,353,23,37,191,102,315,60,116,122,17
"2011","Great Yarmouth 012D","E01026616","Total",667,67,161,347,92,355,18,34,222,81,312,49,127,125,11
"2011","Great Yarmouth 013A","E01026585","Total",554,62,144,285,63,298,19,23,195,61,256,43,121,90,2
"2011","Great Yarmouth 013B","E01026586","Total",418,43,89,239,47,214,9,19,147,39,204,34,70,92,8
"2011","Great Yarmouth 013C","E01026587","Total",872,95,207,459,111,468,19,46,309,94,404,76,161,150,17
"2011","Great Yarmouth 013D","E01026588","Total",1219,116,267,674,162,655,28,62,427,138,564,88,205,247,24
"2011","King's Lynn and West Norfolk 001A","E01026680","Total",348,52,98,154,44,173,19,36,87,31,175,33,62,67,13
"2011","King's Lynn and West Norfolk 001B","E01026681","Total",505,61,97,240,107,271,17,27,150,77,234,44,70,90,30
"2011","King's Lynn and West Norfolk 001C","E01026682","Total",454,46,126,211,71,238,18,40,127,53,216,28,86,84,18
"2011","King's Lynn and West Norfolk 001D","E01026683","Total",572,56,125,281,110,310,15,37,172,86,262,41,88,109,24
"2011","King's Lynn and West Norfolk 002A","E01026645","Total",586,89,114,268,115,325,17,43,172,93,261,72,71,96,22
"2011","King's Lynn and West Norfolk 002B","E01026646","Total",673,96,137,300,140,362,20,39,196,107,311,76,98,104,33
"2011","King's Lynn and West Norfolk 002C","E01026656","Total",831,110,180,406,135,420,27,48,245,100,411,83,132,161,35
"2011","King's Lynn and West Norfolk 002D","E01026695","Total",981,102,197,477,205,531,20,60,294,157,450,82,137,183,48
"2011","King's Lynn and West Norfolk 003A","E01026676","Total",610,85,147,300,78,329,27,39,198,65,281,58,108,102,13
"2011","King's Lynn and West Norfolk 003B","E01026677","Total",592,58,152,322,60,316,20,43,206,47,276,38,109,116,13
"2011","King's Lynn and West Norfolk 003C","E01026678","Total",547,68,128,271,80,289,20,43,163,63,258,48,85,108,17
"2011","King's Lynn and West Norfolk 003D","E01026701","Total",581,60,154,294,73,296,22,37,176,61,285,38,117,118,12
"2011","King's Lynn and West Norfolk 003E","E01026702","Total",526,64,137,249,76,267,23,37,148,59,259,41,100,101,17
"2011","King's Lynn and West Norfolk 003F","E01026703","Total",512,63,111,217,121,272,18,31,127,96,240,45,80,90,25
"2011","King's Lynn and West Norfolk 004A","E01026653","Total",663,78,145,341,99,344,23,28,212,81,319,55,117,129,18
"2011","King's Lynn and West Norfolk 004B","E01026654","Total",596,66,151,316,63,302,14,47,194,47,294,52,104,122,16
"2011","King's Lynn and West Norfolk 004C","E01026655","Total",547,59,126,271,91,282,13,24,170,75,265,46,102,101,16
"2011","King's Lynn and West Norfolk 004D","E01026718","Total",1078,120,203,571,184,577,38,37,350,152,501,82,166,221,32
"2011","King's Lynn and West Norfolk 005A","E01026691","Total",558,65,119,272,102,296,20,19,174,83,262,45,100,98,19
"2011","King's Lynn and West Norfolk 005B","E01026692","Total",699,69,145,400,85,348,22,32,232,62,351,47,113,168,23
"2011","King's Lynn and West Norfolk 005C","E01026708","Total",628,81,143,332,72,314,29,29,199,57,314,52,114,133,15
"2011","King's Lynn and West Norfolk 005D","E01026709","Total",881,108,183,470,120,455,32,32,296,95,426,76,151,174,25
"2011","King's Lynn and West Norfolk 005E","E01026710","Total",569,63,113,313,80,310,22,28,201,59,259,41,85,112,21
"2011","King's Lynn and West Norfolk 006A","E01026669","Total",813,80,166,469,98,421,16,36,292,77,392,64,130,177,21
"2011","King's Lynn and West Norfolk 006B","E01026670","Total",752,96,166,416,74,388,23,31,271,63,364,73,135,145,11
"2011","King's Lynn and West Norfolk 006C","E01026671","Total",758,92,164,433,69,392,21,33,281,57,366,71,131,152,12
"2011","King's Lynn and West Norfolk 006D","E01026672","Total",781,86,169,430,96,414,20,31,284,79,367,66,138,146,17
"2011","King's Lynn and West Norfolk 006E","E01026673","Total",875,85,177,515,98,450,14,23,336,77,425,71,154,179,21
"2011","King's Lynn and West Norfolk 007A","E01026687","Total",548,47,134,317,50,296,18,39,195,44,252,29,95,122,6
"2011","King's Lynn and West Norfolk 007B","E01026688","Total",560,50,143,312,55,280,15,30,193,42,280,35,113,119,13
"2011","King's Lynn and West Norfolk 007C","E01026689","Total",823,43,140,563,77,441,13,39,329,60,382,30,101,234,17
"2011","King's Lynn and West Norfolk 007D","E01026690","Total",540,61,119,312,48,285,19,23,205,38,255,42,96,107,10
"2011","King's Lynn and West Norfolk 008A","E01026647","Total",987,114,214,539,120,520,29,52,342,97,467,85,162,197,23
"2011","King's Lynn and West Norfolk 008B","E01026711","Total",671,80,153,334,104,361,20,31,221,89,310,60,122,113,15
"2011","King's Lynn and West Norfolk 008C","E01026712","Total",815,113,157,436,109,421,26,37,265,93,394,87,120,171,16
"2011","King's Lynn and West Norfolk 008D","E01026713","Total",744,75,151,399,119,419,21,38,263,97,325,54,113,136,22
"2011","King's Lynn and West Norfolk 009A","E01026666","Total",747,64,154,456,73,393,19,49,271,54,354,45,105,185,19
"2011","King's Lynn and West Norfolk 009B","E01026667","Total",842,73,172,499,98,438,24,35,302,77,404,49,137,197,21
"2011","King's Lynn and West Norfolk 009C","E01026668","Total",798,77,153,480,88,436,25,27,313,71,362,52,126,167,17
"2011","King's Lynn and West Norfolk 009D","E01026693","Total",933,76,198,555,104,489,21,39,338,91,444,55,159,217,13
"2011","King's Lynn and West Norfolk 010A","E01026662","Total",1069,93,203,668,105,552,25,46,402,79,517,68,157,266,26
"2011","King's Lynn and West Norfolk 010B","E01026663","Total",777,83,168,460,66,394,20,35,283,56,383,63,133,177,10
"2011","King's Lynn and West Norfolk 010C","E01026664","Total",1274,75,230,864,105,645,25,47,488,85,629,50,183,376,20
"2011","King's Lynn and West Norfolk 010D","E01026714","Total",1142,121,184,698,139,562,35,41,392,94,580,86,143,306,45
"2011","King's Lynn and West Norfolk 011A","E01026698","Total",925,71,140,609,105,518,24,44,364,86,407,47,96,245,19
"2011","King's Lynn and West Norfolk 011B","E01026699","Total",730,35,139,481,75,401,16,36,291,58,329,19,103,190,17
"2011","King's Lynn and West Norfolk 011C","E01026700","Total",754,47,112,494,101,421,21,36,292,72,333,26,76,202,29
"2011","King's Lynn and West Norfolk 011D","E01026704","Total",729,46,143,481,59,392,15,33,296,48,337,31,110,185,11
"2011","King's Lynn and West Norfolk 011E","E01026705","Total",731,79,141,422,89,381,18,25,262,76,350,61,116,160,13
"2011","King's Lynn and West Norfolk 011F","E01026706","Total",816,65,146,543,62,441,17,30,346,48,375,48,116,197,14
"2011","King's Lynn and West Norfolk 012A","E01026665","Total",1057,115,218,563,161,552,27,44,352,129,505,88,174,211,32
"2011","King's Lynn and West Norfolk 012B","E01026674","Total",531,67,118,269,77,267,14,26,169,58,264,53,92,100,19
"2011","King's Lynn and West Norfolk 012C","E01026675","Total",634,75,134,321,104,342,18,26,215,83,292,57,108,106,21
"2011","King's Lynn and West Norfolk 012D","E01026694","Total",1127,126,232,568,201,597,27,52,357,161,530,99,180,211,40
"2011","King's Lynn and West Norfolk 013A","E01026684","Total",555,62,104,282,107,314,17,32,176,89,241,45,72,106,18
"2011","King's Lynn and West Norfolk 013B","E01026685","Total",565,54,119,299,93,309,21,23,186,79,256,33,96,113,14
"2011","King's Lynn and West Norfolk 013C","E01026719","Total",1097,113,224,601,159,593,30,49,385,129,504,83,175,216,30
"2011","King's Lynn and West Norfolk 013D","E01026720","Total",656,69,145,329,113,353,22,29,208,94,303,47,116,121,19
"2011","King's Lynn and West Norfolk 013E","E01026721","Total",574,69,103,280,122,313,23,23,174,93,261,46,80,106,29
"2011","King's Lynn and West Norfolk 014A","E01026642","Total",543,51,104,294,94,293,16,25,182,70,250,35,79,112,24
"2011","King's Lynn and West Norfolk 014B","E01026643","Total",671,69,133,349,120,361,18,31,207,105,310,51,102,142,15
"2011","King's Lynn and West Norfolk 014C","E01026644","Total",1822,105,114,1321,282,1305,36,17,1018,234,517,69,97,303,48
"2011","King's Lynn and West Norfolk 014D","E01026723","Total",777,75,166,413,123,418,22,24,278,94,359,53,142,135,29
"2011","King's Lynn and West Norfolk 014E","E01026724","Total",701,83,127,369,122,369,23,25,220,101,332,60,102,149,21
"2011","King's Lynn and West Norfolk 014F","E01026725","Total",672,73,137,329,133,364,23,36,202,103,308,50,101,127,30
"2011","King's Lynn and West Norfolk 015A","E01026696","Total",535,58,107,287,83,287,17,21,181,68,248,41,86,106,15
"2011","King's Lynn and West Norfolk 015B","E01026697","Total",624,61,115,336,112,331,15,28,190,98,293,46,87,146,14
"2011","King's Lynn and West Norfolk 015C","E01026722","Total",1235,104,247,695,189,635,27,40,414,154,600,77,207,281,35
"2011","King's Lynn and West Norfolk 015D","E01026726","Total",969,109,183,521,156,517,38,40,320,119,452,71,143,201,37
"2011","King's Lynn and West Norfolk 016A","E01026659","Total",721,61,145,403,112,393,19,24,258,92,328,42,121,145,20
"2011","King's Lynn and West Norfolk 016B","E01026660","Total",708,84,163,346,115,385,26,36,231,92,323,58,127,115,23
"2011","King's Lynn and West Norfolk 016C","E01026661","Total",680,72,129,356,123,370,18,28,226,98,310,54,101,130,25
"2011","King's Lynn and West Norfolk 016D","E01026715","Total",701,78,130,372,121,374,22,38,218,96,327,56,92,154,25
"2011","King's Lynn and West Norfolk 016E","E01026716","Total",766,87,129,395,155,420,24,29,238,129,346,63,100,157,26
"2011","King's Lynn and West Norfolk 016F","E01026717","Total",717,74,121,406,116,410,18,34,259,99,307,56,87,147,17
"2011","King's Lynn and West Norfolk 017C","E01026686","Total",800,88,151,421,140,437,21,28,271,117,363,67,123,150,23
"2011","King's Lynn and West Norfolk 017D","E01026707","Total",563,71,106,301,85,298,20,30,184,64,265,51,76,117,21
"2011","King's Lynn and West Norfolk 017E","E01033036","Total",729,79,139,408,103,382,13,26,261,82,347,66,113,147,21
"2011","King's Lynn and West Norfolk 017F","E01033037","Total",730,50,142,428,110,384,12,31,259,82,346,38,111,169,28
"2011","King's Lynn and West Norfolk 017G","E01033038","Total",740,48,144,435,113,406,9,44,262,91,334,39,100,173,22
"2011","King's Lynn and West Norfolk 017H","E01033039","Total",422,46,70,232,74,240,14,23,145,58,182,32,47,87,16
"2011","King's Lynn and West Norfolk 018A","E01026679","Total",1165,128,230,590,217,624,27,56,361,180,541,101,174,229,37
"2011","King's Lynn and West Norfolk 018B","E01026727","Total",1210,130,235,618,227,667,38,46,397,186,543,92,189,221,41
"2011","King's Lynn and West Norfolk 018C","E01026728","Total",1034,104,188,565,177,553,25,52,335,141,481,79,136,230,36
"2011","King's Lynn and West Norfolk 019A","E01026648","Total",717,59,149,378,131,389,17,28,237,107,328,42,121,141,24
"2011","King's Lynn and West Norfolk 019B","E01026649","Total",765,65,147,413,140,419,23,31,255,110,346,42,116,158,30
"2011","King's Lynn and West Norfolk 019C","E01026650","Total",600,63,88,304,145,362,10,28,195,129,238,53,60,109,16
"2011","King's Lynn and West Norfolk 019D","E01026651","Total",1073,112,203,540,218,581,28,50,324,179,492,84,153,216,39
"2011","King's Lynn and West Norfolk 019E","E01026652","Total",611,58,107,339,107,339,16,23,209,91,272,42,84,130,16
"2011","North Norfolk 001A","E01026770","Total",781,98,144,403,136,401,30,38,238,95,380,68,106,165,41
"2011","North Norfolk 001B","E01026771","Total",642,88,141,341,72,338,24,38,218,58,304,64,103,123,14
"2011","North Norfolk 001C","E01026772","Total",588,94,147,287,60,300,28,48,177,47,288,66,99,110,13
"2011","North Norfolk 001D","E01026773","Total",754,89,195,374,96,393,24,57,236,76,361,65,138,138,20
"2011","North Norfolk 002A","E01026739","Total",844,114,179,382,169,460,33,54,244,129,384,81,125,138,40
"2011","North Norfolk 002B","E01026763","Total",566,66,129,283,88,311,16,36,186,73,255,50,93,97,15
"2011","North Norfolk 002C","E01026764","Total",515,58,104,247,106,262,18,34,135,75,253,40,70,112,31
"2011","North Norfolk 002D","E01026765","Total",545,62,132,260,91,305,22,35,172,76,240,40,97,88,15
"2011","North Norfolk 003A","E01026734","Total",575,54,110,328,83,320,21,35,201,63,255,33,75,127,20
"2011","North Norfolk 003B","E01026735","Total",463,47,105,249,62,251,16,35,156,44,212,31,70,93,18
"2011","North Norfolk 003C","E01026736","Total",473,59,121,239,54,251,19,26,167,39,222,40,95,72,15
"2011","North Norfolk 003D","E01026777","Total",457,55,116,231,55,232,20,32,134,46,225,35,84,97,9
"2011","North Norfolk 003E","E01026778","Total",444,62,113,215,54,223,23,36,123,41,221,39,77,92,13
"2011","North Norfolk 003F","E01026779","Total",615,62,168,329,56,313,16,48,204,45,302,46,120,125,11
"2011","North Norfolk 004A","E01026741","Total",718,111,150,323,134,388,36,51,202,99,330,75,99,121,35
"2011","North Norfolk 004B","E01026742","Total",374,67,68,170,69,171,15,17,93,46,203,52,51,77,23
"2011","North Norfolk 004C","E01026743","Total",845,108,203,424,110,434,21,67,261,85,411,87,136,163,25
"2011","North Norfolk 005A","E01026762","Total",992,106,251,486,149,534,24,84,312,114,458,82,167,174,35
"2011","North Norfolk 005B","E01026766","Total",1052,126,217,533,176,559,34,56,331,138,493,92,161,202,38
"2011","North Norfolk 005C","E01026781","Total",912,113,183,472,144,499,30,65,299,105,413,83,118,173,39
"2011","North Norfolk 006A","E01026731","Total",336,40,73,182,41,182,11,21,116,34,154,29,52,66,7
"2011","North Norfolk 006B","E01026732","Total",573,62,149,267,95,311,15,40,174,82,262,47,109,93,13
"2011","North Norfolk 006C","E01026733","Total",1041,128,236,480,197,573,31,79,313,150,468,97,157,167,47
"2011","North Norfolk 006D","E01026737","Total",1187,178,253,544,212,630,48,79,338,165,557,130,174,206,47
"2011","North Norfolk 007A","E01026738","Total",1056,134,259,492,171,573,39,75,321,138,483,95,184,171,33
"2011","North Norfolk 007B","E01026750","Total",484,56,129,236,63,244,20,39,132,53,240,36,90,104,10
"2011","North Norfolk 007C","E01026751","Total",475,55,135,231,54,248,17,48,145,38,227,38,87,86,16
"2011","North Norfolk 007D","E01026752","Total",597,76,132,284,105,315,23,36,176,80,282,53,96,108,25
"2011","North Norfolk 008A","E01026729","Total",1102,130,232,550,190,584,31,60,340,153,518,99,172,210,37
"2011","North Norfolk 008B","E01026730","Total",1154,132,248,611,163,627,38,60,391,138,527,94,188,220,25
"2011","North Norfolk 008C","E01026788","Total",576,77,129,275,95,316,18,39,183,76,260,59,90,92,19
"2011","North Norfolk 009A","E01026780","Total",1278,111,247,704,216,682,25,65,409,183,596,86,182,295,33
"2011","North Norfolk 009B","E01026782","Total",1007,130,194,518,165,548,34,49,341,124,459,96,145,177,41
"2011","North Norfolk 009C","E01026787","Total",495,55,98,248,94,263,11,21,157,74,232,44,77,91,20
"2011","North Norfolk 010A","E01026753","Total",585,63,139,327,56,315,18,40,206,51,270,45,99,121,5
"2011","North Norfolk 010B","E01026754","Total",662,73,145,365,79,344,25,30,219,70,318,48,115,146,9
"2011","North Norfolk 010C","E01026755","Total",407,52,89,207,59,209,13,19,136,41,198,39,70,71,18
"2011","North Norfolk 010D","E01026756","Total",491,43,119,278,51,256,10,24,182,40,235,33,95,96,11
"2011","North Norfolk 010E","E01026757","Total",786,99,162,436,89,409,32,42,261,74,377,67,120,175,15
"2011","North Norfolk 010F","E01026758","Total",675,65,122,426,62,354,15,25,262,52,321,50,97,164,10
"2011","North Norfolk 010G","E01026759","Total",515,58,128,273,56,269,16,26,186,41,246,42,102,87,15
"2011","North Norfolk 010H","E01026760","Total",591,65,109,331,86,316,17,33,202,64,275,48,76,129,22
"2011","North Norfolk 010I","E01026761","Total",644,61,136,359,88,359,21,28,239,71,285,40,108,120,17
"2011","North Norfolk 011A","E01026745","Total",767,86,164,441,76,388,18,38,272,60,379,68,126,169,16
"2011","North Norfolk 011B","E01026746","Total",871,78,185,502,106,459,29,44,300,86,412,49,141,202,20
"2011","North Norfolk 011C","E01026747","Total",612,57,117,348,90,330,11,31,218,70,282,46,86,130,20
"2011","North Norfolk 011D","E01026748","Total",626,65,119,361,81,333,14,25,231,63,293,51,94,130,18
"2011","North Norfolk 011E","E01026749","Total",599,72,134,328,65,318,24,31,207,56,281,48,103,121,9
"2011","North Norfolk 012A","E01026740","Total",1042,127,220,526,169,541,32,62,330,117,501,95,158,196,52
"2011","North Norfolk 012B","E01026767","Total",638,86,116,333,103,343,24,30,204,85,295,62,86,129,18
"2011","North Norfolk 012C","E01026768","Total",732,48,140,465,79,410,16,38,296,60,322,32,102,169,19
"2011","North Norfolk 012D","E01026789","Total",646,98,124,317,107,350,29,36,203,82,296,69,88,114,25
"2011","North Norfolk 012E","E01026790","Total",548,71,102,303,72,293,20,35,181,57,255,51,67,122,15
"2011","North Norfolk 013A","E01026774","Total",714,77,124,418,95,403,26,25,274,78,311,51,99,144,17
"2011","North Norfolk 013B","E01026775","Total",462,55,108,247,52,237,9,27,158,43,225,46,81,89,9
"2011","North Norfolk 013C","E01026776","Total",729,75,132,420,102,406,24,44,251,87,323,51,88,169,15
"2011","North Norfolk 013D","E01026786","Total",995,122,224,480,169,532,34,63,299,136,463,88,161,181,33
"2011","North Norfolk 014A","E01026744","Total",733,92,152,368,121,409,26,46,239,98,324,66,106,129,23
"2011","North Norfolk 014B","E01026769","Total",858,115,187,434,122,453,28,48,279,98,405,87,139,155,24
"2011","North Norfolk 014C","E01026783","Total",739,85,180,365,109,412,23,64,231,94,327,62,116,134,15
"2011","North Norfolk 014D","E01026784","Total",437,46,97,227,67,234,13,23,142,56,203,33,74,85,11
"2011","North Norfolk 014E","E01026785","Total",563,85,120,276,82,302,24,28,184,66,261,61,92,92,16
"2011","Norwich 001A","E01026797","Total",1406,81,214,953,158,792,31,58,582,121,614,50,156,371,37
"2011","Norwich 001B","E01026798","Total",685,57,152,417,59,379,15,46,267,51,306,42,106,150,8
"2011","Norwich 001C","E01026799","Total",723,49,147,460,67,388,14,33,289,52,335,35,114,171,15
"2011","Norwich 001D","E01026800","Total",879,75,200,535,69,475,26,68,331,50,404,49,132,204,19
"2011","Norwich 001E","E01026801","Total",813,82,177,474,80,427,30,49,281,67,386,52,128,193,13
"2011","Norwich 001F","E01026802","Total",794,88,146,483,77,421,29,37,296,59,373,59,109,187,18
"2011","Norwich 002A","E01026828","Total",702,79,175,396,52,368,23,55,256,34,334,56,120,140,18
"2011","Norwich 002B","E01026829","Total",983,88,196,612,87,544,30,69,379,66,439,58,127,233,21
"2011","Norwich 002C","E01026830","Total",570,54,109,352,55,307,23,38,201,45,263,31,71,151,10
"2011","Norwich 002D","E01026831","Total",792,72,102,542,76,417,28,33,302,54,375,44,69,240,22
"2011","Norwich 002E","E01026832","Total",553,67,140,308,38,299,18,38,207,36,254,49,102,101,2
"2011","Norwich 002F","E01026833","Total",520,41,127,299,53,309,16,50,202,41,211,25,77,97,12
"2011","Norwich 002G","E01026834","Total",623,69,155,344,55,305,15,36,208,46,318,54,119,136,9
"2011","Norwich 003A","E01026841","Total",927,69,140,622,96,488,22,43,355,68,439,47,97,267,28
"2011","Norwich 003B","E01026842","Total",1040,77,176,699,88,552,26,61,397,68,488,51,115,302,20
"2011","Norwich 003C","E01026843","Total",961,87,188,611,75,483,30,48,348,57,478,57,140,263,18
"2011","Norwich 003D","E01026844","Total",821,57,169,524,71,446,15,55,317,59,375,42,114,207,12
"2011","Norwich 003E","E01026845","Total",1052,61,176,726,89,547,17,61,408,61,505,44,115,318,28
"2011","Norwich 003F","E01026846","Total",982,88,174,631,89,517,34,59,358,66,465,54,115,273,23
"2011","Norwich 004A","E01026803","Total",534,50,128,310,46,282,13,35,196,38,252,37,93,114,8
"2011","Norwich 004B","E01026804","Total",611,67,155,340,49,332,16,43,229,44,279,51,112,111,5
"2011","Norwich 004C","E01026805","Total",594,74,135,334,51,297,13,28,209,47,297,61,107,125,4
"2011","Norwich 004D","E01026806","Total",635,61,148,360,66,369,29,48,233,59,266,32,100,127,7
"2011","Norwich 004E","E01026807","Total",620,53,137,361,69,319,15,42,211,51,301,38,95,150,18
"2011","Norwich 004F","E01026808","Total",500,58,145,256,41,244,20,46,151,27,256,38,99,105,14
"2011","Norwich 004G","E01026809","Total",573,59,118,339,57,334,23,30,233,48,239,36,88,106,9
"2011","Norwich 005A","E01026791","Total",611,80,113,370,48,334,32,34,224,44,277,48,79,146,4
"2011","Norwich 005B","E01026792","Total",662,72,140,387,63,342,20,35,236,51,320,52,105,151,12
"2011","Norwich 005C","E01026793","Total",638,92,140,344,62,351,36,40,231,44,287,56,100,113,18
"2011","Norwich 005D","E01026794","Total",1081,91,223,650,117,562,25,59,376,102,519,66,164,274,15
"2011","Norwich 005F","E01026796","Total",604,115,156,277,56,309,32,52,179,46,295,83,104,98,10
"2011","Norwich 005G","E01033435","Total",891,87,149,529,126,435,28,30,291,86,456,59,119,238,40
"2011","Norwich 005H","E01033436","Total",530,68,122,296,44,260,19,33,172,36,270,49,89,124,8
"2011","Norwich 006A","E01026863","Total",908,128,171,511,98,469,39,51,314,65,439,89,120,197,33
"2011","Norwich 006B","E01026864","Total",781,68,162,460,91,415,20,45,275,75,366,48,117,185,16
"2011","Norwich 006C","E01026865","Total",810,98,179,461,72,412,23,56,278,55,398,75,123,183,17
"2011","Norwich 006D","E01026866","Total",842,106,147,513,76,427,39,42,297,49,415,67,105,216,27
"2011","Norwich 006E","E01026867","Total",575,65,154,292,64,303,27,45,180,51,272,38,109,112,13
"2011","Norwich 006F","E01026868","Total",607,91,163,296,57,326,25,63,198,40,281,66,100,98,17
"2011","Norwich 006G","E01026869","Total",513,52,139,287,35,262,15,31,188,28,251,37,108,99,7
"2011","Norwich 007A","E01026822","Total",1008,107,151,603,147,560,44,52,361,103,448,63,99,242,44
"2011","Norwich 007B","E01026823","Total",1134,108,168,685,173,641,51,81,390,119,493,57,87,295,54
"2011","Norwich 007C","E01026824","Total",676,77,130,400,69,360,29,47,239,45,316,48,83,161,24
"2011","Norwich 007D","E01026825","Total",713,78,130,420,85,383,29,49,243,62,330,49,81,177,23
"2011","Norwich 007E","E01026826","Total",647,68,126,369,84,340,31,44,200,65,307,37,82,169,19
"2011","Norwich 007F","E01026827","Total",558,58,102,344,54,299,13,31,218,37,259,45,71,126,17
"2011","Norwich 009A","E01026835","Total",819,148,159,416,96,385,57,47,219,62,434,91,112,197,34
"2011","Norwich 009B","E01026836","Total",835,136,147,452,100,421,59,45,251,66,414,77,102,201,34
"2011","Norwich 009C","E01026837","Total",848,122,149,467,110,441,52,38,275,76,407,70,111,192,34
"2011","Norwich 009D","E01026838","Total",790,129,159,408,94,389,43,55,234,57,401,86,104,174,37
"2011","Norwich 009E","E01026839","Total",864,176,150,432,106,408,42,52,246,68,456,134,98,186,38
"2011","Norwich 009F","E01026840","Total",1016,130,187,591,108,487,40,58,320,69,529,90,129,271,39
"2011","Norwich 010A","E01026858","Total",496,82,110,258,46,255,28,35,161,31,241,54,75,97,15
"2011","Norwich 010B","E01026859","Total",634,101,147,333,53,308,34,32,202,40,326,67,115,131,13
"2011","Norwich 010C","E01026860","Total",876,446,172,217,41,399,173,57,140,29,477,273,115,77,12
"2011","Norwich 010D","E01026861","Total",555,114,144,257,40,271,33,41,165,32,284,81,103,92,8
"2011","Norwich 010E","E01026862","Total",574,106,128,282,58,278,32,28,179,39,296,74,100,103,19
"2011","Norwich 011A","E01026852","Total",677,86,142,364,85,353,34,47,211,61,324,52,95,153,24
"2011","Norwich 011B","E01026853","Total",853,77,166,523,87,470,29,61,318,62,383,48,105,205,25
"2011","Norwich 011D","E01026855","Total",890,119,154,516,101,467,50,56,295,66,423,69,98,221,35
"2011","Norwich 011E","E01026856","Total",1014,184,161,552,117,494,80,45,299,70,520,104,116,253,47
"2011","Norwich 011F","E01026857","Total",694,122,119,351,102,365,49,33,211,72,329,73,86,140,30
"2011","Norwich 011G","E01033434","Total",712,40,82,464,126,416,16,27,282,91,296,24,55,182,35
"2011","Norwich 011H","E01033437","Total",552,66,150,301,35,287,30,57,177,23,265,36,93,124,12
"2011","Norwich 012A","E01026810","Total",571,66,117,307,81,297,19,25,190,63,274,47,92,117,18
"2011","Norwich 012B","E01026811","Total",669,78,140,342,109,370,27,40,222,81,299,51,100,120,28
"2011","Norwich 012C","E01026812","Total",741,85,140,420,96,393,33,35,261,64,348,52,105,159,32
"2011","Norwich 012D","E01026813","Total",595,81,144,294,76,305,20,43,180,62,290,61,101,114,14
"2011","Norwich 012E","E01026814","Total",633,108,118,342,65,327,33,35,208,51,306,75,83,134,14
"2011","Norwich 012F","E01026815","Total",711,92,146,368,105,356,32,33,216,75,355,60,113,152,30
"2011","Norwich 013A","E01026816","Total",987,80,167,643,97,525,31,54,377,63,462,49,113,266,34
"2011","Norwich 013B","E01026817","Total",588,58,143,324,63,300,14,40,194,52,288,44,103,130,11
"2011","Norwich 013C","E01026818","Total",627,61,158,362,46,333,19,39,239,36,294,42,119,123,10
"2011","Norwich 013D","E01026819","Total",609,76,143,344,46,318,30,41,211,36,291,46,102,133,10
"2011","Norwich 013E","E01026820","Total",675,67,184,365,59,360,28,58,222,52,315,39,126,143,7
"2011","Norwich 013F","E01026821","Total",621,47,152,354,68,317,11,33,217,56,304,36,119,137,12
"2011","Norwich 014A","E01033438","Total",621,48,99,367,107,368,20,45,229,74,253,28,54,138,33
"2011","Norwich 014B","E01033439","Total",930,55,133,627,115,519,23,56,349,91,411,32,77,278,24
"2011","Norwich 014C","E01033440","Total",667,43,104,425,95,390,21,31,261,77,277,22,73,164,18
"2011","Norwich 014D","E01033441","Total",846,40,73,578,155,508,19,27,348,114,338,21,46,230,41
"2011","Norwich 015A","E01026848","Total",778,59,144,507,68,405,22,36,293,54,373,37,108,214,14
"2011","Norwich 015B","E01026849","Total",1073,79,143,705,146,610,26,50,433,101,463,53,93,272,45
"2011","Norwich 015C","E01026850","Total",1101,60,155,750,136,597,22,51,432,92,504,38,104,318,44
"2011","South Norfolk 001A","E01026916","Total",990,113,210,563,104,545,36,46,374,89,445,77,164,189,15
"2011","South Norfolk 001B","E01026917","Total",671,76,147,364,84,366,21,44,231,70,305,55,103,133,14
"2011","South Norfolk 001C","E01026918","Total",811,85,192,442,92,470,22,53,313,82,341,63,139,129,10
"2011","South Norfolk 001E","E01026924","Total",677,80,148,359,90,351,20,40,221,70,326,60,108,138,20
"2011","South Norfolk 001F","E01026925","Total",1033,82,243,612,96,530,25,62,366,77,503,57,181,246,19
"2011","South Norfolk 001G","E01033538","Total",1353,89,183,893,188,696,21,36,500,139,657,68,147,393,49
"2011","South Norfolk 001H","E01033540","Total",712,59,138,424,91,396,24,40,256,76,316,35,98,168,15
"2011","South Norfolk 002A","E01026881","Total",724,56,127,421,120,375,16,35,239,85,349,40,92,182,35
"2011","South Norfolk 002B","E01026882","Total",904,101,180,437,186,477,36,45,260,136,427,65,135,177,50
"2011","South Norfolk 002C","E01026883","Total",784,103,173,391,117,398,30,35,241,92,386,73,138,150,25
"2011","South Norfolk 002D","E01026895","Total",806,91,145,460,110,441,29,37,286,89,365,62,108,174,21
"2011","South Norfolk 002E","E01026896","Total",621,79,139,293,110,316,18,31,182,85,305,61,108,111,25
"2011","South Norfolk 003A","E01026905","Total",386,44,96,198,48,207,11,23,130,43,179,33,73,68,5
"2011","South Norfolk 003B","E01026906","Total",627,65,137,350,75,324,20,19,226,59,303,45,118,124,16
"2011","South Norfolk 003C","E01026907","Total",902,80,195,512,115,446,21,38,304,83,456,59,157,208,32
"2011","South Norfolk 003D","E01026908","Total",819,75,142,487,115,405,22,20,280,83,414,53,122,207,32
"2011","South Norfolk 004A","E01026909","Total",609,75,125,303,106,331,26,23,201,81,278,49,102,102,25
"2011","South Norfolk 004B","E01026910","Total",728,95,125,373,135,401,17,34,234,116,327,78,91,139,19
"2011","South Norfolk 004C","E01026947","Total",681,87,151,300,143,355,24,35,188,108,326,63,116,112,35
"2011","South Norfolk 004D","E01026948","Total",747,142,128,338,139,395,46,25,217,107,352,96,103,121,32
"2011","South Norfolk 005A","E01026870","Total",707,71,130,408,98,371,20,33,246,72,336,51,97,162,26
"2011","South Norfolk 005B","E01026871","Total",645,81,134,352,78,324,16,26,220,62,321,65,108,132,16
"2011","South Norfolk 005C","E01026921","Total",687,86,125,386,90,357,18,29,236,74,330,68,96,150,16
"2011","South Norfolk 005D","E01026922","Total",621,71,146,324,80,318,25,45,184,64,303,46,101,140,16
"2011","South Norfolk 006A","E01026875","Total",562,85,116,265,96,297,24,27,175,71,265,61,89,90,25
"2011","South Norfolk 006B","E01026876","Total",671,76,138,321,136,345,15,30,190,110,326,61,108,131,26
"2011","South Norfolk 006C","E01026926","Total",727,114,146,353,114,388,30,45,220,93,339,84,101,133,21
"2011","South Norfolk 006D","E01026927","Total",930,94,191,528,117,492,22,35,338,97,438,72,156,190,20
"2011","South Norfolk 006E","E01026928","Total",663,61,142,380,80,339,15,32,228,64,324,46,110,152,16
"2011","South Norfolk 006F","E01026936","Total",657,86,148,319,104,324,25,25,200,74,333,61,123,119,30
"2011","South Norfolk 006G","E01026937","Total",744,91,139,384,130,392,22,35,231,104,352,69,104,153,26
"2011","South Norfolk 007A","E01026884","Total",550,73,118,281,78,269,18,27,164,60,281,55,91,117,18
"2011","South Norfolk 007B","E01026885","Total",755,93,150,396,116,401,27,28,254,92,354,66,122,142,24
"2011","South Norfolk 007C","E01026933","Total",1444,131,317,807,189,730,37,59,492,142,714,94,258,315,47
"2011","South Norfolk 007D","E01026945","Total",1204,123,251,660,170,607,35,42,395,135,597,88,209,265,35
"2011","South Norfolk 007E","E01026946","Total",470,54,112,251,53,246,17,28,153,48,224,37,84,98,5
"2011","South Norfolk 008A","E01026879","Total",536,77,128,245,86,272,19,30,158,65,264,58,98,87,21
"2011","South Norfolk 008B","E01026880","Total",656,68,151,332,105,365,23,32,217,93,291,45,119,115,12
"2011","South Norfolk 008C","E01026911","Total",495,67,102,256,70,252,13,23,160,56,243,54,79,96,14
"2011","South Norfolk 008D","E01026912","Total",757,96,151,399,111,387,32,34,232,89,370,64,117,167,22
"2011","South Norfolk 008E","E01026929","Total",639,78,133,316,112,329,27,32,186,84,310,51,101,130,28
"2011","South Norfolk 008F","E01026930","Total",725,86,146,365,128,413,29,28,249,107,312,57,118,116,21
"2011","South Norfolk 009A","E01026913","Total",907,82,174,543,108,478,24,36,330,88,429,58,138,213,20
"2011","South Norfolk 009B","E01026914","Total",731,76,145,375,135,373,22,35,220,96,358,54,110,155,39
"2011","South Norfolk 009C","E01026915","Total",1066,129,217,590,130,531,26,42,353,110,535,103,175,237,20
"2011","South Norfolk 009D","E01026919","Total",714,70,157,390,97,361,19,29,237,76,353,51,128,153,21
"2011","South Norfolk 009E","E01026920","Total",595,82,123,292,98,299,22,29,174,74,296,60,94,118,24
"2011","South Norfolk 009F","E01026941","Total",604,96,112,282,114,321,26,30,177,88,283,70,82,105,26
"2011","South Norfolk 009G","E01026942","Total",621,71,130,346,74,329,20,38,214,57,292,51,92,132,17
"2011","South Norfolk 010A","E01026898","Total",636,75,143,318,100,345,18,41,207,79,291,57,102,111,21
"2011","South Norfolk 010B","E01026899","Total",736,92,148,376,120,393,26,30,242,95,343,66,118,134,25
"2011","South Norfolk 010C","E01026943","Total",764,108,140,362,154,423,29,43,235,116,341,79,97,127,38
"2011","South Norfolk 010D","E01026944","Total",568,62,110,296,100,309,14,20,192,83,259,48,90,104,17
"2011","South Norfolk 011A","E01026877","Total",752,90,157,334,171,400,19,32,217,132,352,71,125,117,39
"2011","South Norfolk 011B","E01026878","Total",591,65,119,290,117,309,17,22,172,98,282,48,97,118,19
"2011","South Norfolk 011C","E01026897","Total",1357,159,262,684,252,742,38,64,446,194,615,121,198,238,58
"2011","South Norfolk 011D","E01026938","Total",1057,103,188,613,153,538,23,41,354,120,519,80,147,259,33
"2011","South Norfolk 011E","E01026939","Total",898,86,203,465,144,482,18,42,301,121,416,68,161,164,23
"2011","South Norfolk 011F","E01026940","Total",891,95,203,460,133,457,25,39,283,110,434,70,164,177,23
"2011","South Norfolk 012A","E01026892","Total",613,65,137,321,90,323,12,28,212,71,290,53,109,109,19
"2011","South Norfolk 012B","E01026893","Total",447,46,102,226,73,237,10,28,147,52,210,36,74,79,21
"2011","South Norfolk 012C","E01026894","Total",1140,151,212,559,218,612,37,55,345,175,528,114,157,214,43
"2011","South Norfolk 012D","E01026903","Total",609,70,117,323,99,325,8,24,214,79,284,62,93,109,20
"2011","South Norfolk 012E","E01026904","Total",676,99,116,345,116,336,21,18,203,94,340,78,98,142,22
"2011","South Norfolk 013A","E01026872","Total",1041,109,200,540,192,561,28,47,336,150,480,81,153,204,42
"2011","South Norfolk 013B","E01026900","Total",610,75,117,328,90,322,13,27,214,68,288,62,90,114,22
"2011","South Norfolk 013C","E01026901","Total",654,57,126,364,107,334,13,25,215,81,320,44,101,149,26
"2011","South Norfolk 013D","E01026902","Total",881,100,151,489,141,489,33,26,306,124,392,67,125,183,17
"2011","South Norfolk 014A","E01026873","Total",620,68,116,298,138,348,12,27,195,114,272,56,89,103,24
"2011","South Norfolk 014B","E01026874","Total",740,88,145,355,152,396,26,37,215,118,344,62,108,140,34
"2011","South Norfolk 014C","E01026886","Total",720,78,140,397,105,387,22,37,239,89,333,56,103,158,16
"2011","South Norfolk 014D","E01026887","Total",748,74,159,393,122,406,21,34,248,103,342,53,125,145,19
"2011","South Norfolk 014E","E01026934","Total",508,62,110,257,79,269,18,27,162,62,239,44,83,95,17
"2011","South Norfolk 014F","E01026935","Total",636,57,127,325,127,338,15,33,191,99,298,42,94,134,28
"2011","South Norfolk 015A","E01026888","Total",629,88,148,309,84,337,30,35,204,68,292,58,113,105,16
"2011","South Norfolk 015B","E01026889","Total",740,100,141,410,89,388,31,33,249,75,352,69,108,161,14
"2011","South Norfolk 015D","E01026891","Total",721,77,141,403,100,381,22,37,248,74,340,55,104,155,26
"2011","South Norfolk 015E","E01026931","Total",590,83,118,318,71,322,25,25,213,59,268,58,93,105,12
"2011","South Norfolk 015F","E01026932","Total",627,77,98,369,83,330,25,24,212,69,297,52,74,157,14
"2011","South Norfolk 015G","E01033539","Total",746,71,122,437,116,399,14,21,263,101,347,57,101,174,15
"2011","South Norfolk 015H","E01033541","Total",719,72,137,409,101,382,16,36,242,88,337,56,101,167,13
"2011","Babergh 001A","E01029876","Total",955,116,190,438,211,520,29,42,282,167,435,87,148,156,44
"2011","Babergh 001B","E01029898","Total",742,88,138,380,136,388,19,32,233,104,354,69,106,147,32
"2011","Babergh 001C","E01029907","Total",1050,175,204,465,206,564,47,67,296,154,486,128,137,169,52
"2011","Babergh 002A","E01029881","Total",996,117,185,500,194,539,27,44,323,145,457,90,141,177,49
"2011","Babergh 002B","E01029884","Total",800,83,144,469,104,431,19,33,294,85,369,64,111,175,19
"2011","Babergh 002C","E01029885","Total",1101,137,205,592,167,599,38,54,366,141,502,99,151,226,26
"2011","Babergh 003A","E01029900","Total",688,92,158,358,80,370,24,43,237,66,318,68,115,121,14
"2011","Babergh 003B","E01029901","Total",1102,133,196,588,185,597,29,57,364,147,505,104,139,224,38
"2011","Babergh 003C","E01029917","Total",936,103,189,511,133,479,24,33,315,107,457,79,156,196,26
"2011","Babergh 004A","E01029892","Total",816,88,172,458,98,454,27,40,312,75,362,61,132,146,23
"2011","Babergh 004B","E01029893","Total",1240,137,250,649,204,677,37,39,425,176,563,100,211,224,28
"2011","Babergh 004C","E01029894","Total",613,66,115,351,81,327,19,21,222,65,286,47,94,129,16
"2011","Babergh 004D","E01029895","Total",622,69,142,316,95,320,13,27,200,80,302,56,115,116,15
"2011","Babergh 004E","E01029896","Total",576,81,123,306,66,298,25,20,199,54,278,56,103,107,12
"2011","Babergh 004F","E01029911","Total",1046,124,205,522,195,579,26,52,346,155,467,98,153,176,40
"2011","Babergh 005A","E01029877","Total",657,76,106,341,134,359,22,29,204,104,298,54,77,137,30
"2011","Babergh 005B","E01029878","Total",563,82,114,286,81,298,19,31,181,67,265,63,83,105,14
"2011","Babergh 005C","E01029879","Total",772,102,147,396,127,415,31,34,246,104,357,71,113,150,23
"2011","Babergh 005D","E01029908","Total",1033,84,160,674,115,525,16,21,396,92,508,68,139,278,23
"2011","Babergh 005E","E01029909","Total",973,62,185,629,97,507,16,35,376,80,466,46,150,253,17
"2011","Babergh 005F","E01029910","Total",598,57,139,329,73,316,18,33,206,59,282,39,106,123,14
"2011","Babergh 006A","E01029880","Total",838,118,168,385,167,463,37,43,248,135,375,81,125,137,32
"2011","Babergh 006B","E01029921","Total",624,75,118,322,109,339,20,30,203,86,285,55,88,119,23
"2011","Babergh 006C","E01029922","Total",609,78,120,300,111,305,16,28,174,87,304,62,92,126,24
"2011","Babergh 006D","E01029923","Total",742,87,137,398,120,405,17,32,261,95,337,70,105,137,25
"2011","Babergh 007A","E01029912","Total",745,83,143,450,69,392,31,21,285,55,353,52,122,165,14
"2011","Babergh 007B","E01029913","Total",388,48,79,216,45,205,17,12,141,35,183,31,67,75,10
"2011","Babergh 007C","E01029914","Total",814,71,143,503,97,428,17,24,312,75,386,54,119,191,22
"2011","Babergh 007D","E01029915","Total",603,83,115,328,77,303,27,26,187,63,300,56,89,141,14
"2011","Babergh 007E","E01029916","Total",626,52,133,384,57,336,21,33,235,47,290,31,100,149,10
"2011","Babergh 007F","E01029918","Total",535,43,80,345,67,305,10,26,215,54,230,33,54,130,13
"2011","Babergh 007G","E01029919","Total",698,71,143,389,95,370,21,37,236,76,328,50,106,153,19
"2011","Babergh 007H","E01029920","Total",777,65,118,471,123,404,15,30,269,90,373,50,88,202,33
"2011","Babergh 008A","E01029886","Total",509,63,107,281,58,257,19,24,163,51,252,44,83,118,7
"2011","Babergh 008B","E01029887","Total",940,89,194,544,113,499,25,42,349,83,441,64,152,195,30
"2011","Babergh 008C","E01029888","Total",568,70,105,340,53,300,15,21,217,47,268,55,84,123,6
"2011","Babergh 008D","E01029889","Total",566,61,127,307,71,302,24,30,187,61,264,37,97,120,10
"2011","Babergh 008E","E01029890","Total",768,86,162,424,96,413,25,32,279,77,355,61,130,145,19
"2011","Babergh 008F","E01029891","Total",1041,126,194,590,131,538,27,34,371,106,503,99,160,219,25
"2011","Babergh 009A","E01029875","Total",1011,144,193,472,202,569,34,49,322,164,442,110,144,150,38
"2011","Babergh 009B","E01029899","Total",855,99,155,428,173,460,30,29,275,126,395,69,126,153,47
"2011","Babergh 009C","E01029902","Total",1068,135,206,502,225,596,30,66,319,181,472,105,140,183,44
"2011","Babergh 009D","E01029906","Total",816,120,148,398,150,440,31,44,245,120,376,89,104,153,30
"2011","Babergh 010A","E01029870","Total",570,80,108,312,70,284,21,22,182,59,286,59,86,130,11
"2011","Babergh 010B","E01029872","Total",693,92,137,374,90,371,23,25,252,71,322,69,112,122,19
"2011","Babergh 010C","E01029882","Total",690,86,148,333,123,381,30,27,229,95,309,56,121,104,28
"2011","Babergh 010D","E01029883","Total",887,112,180,419,176,486,33,46,265,142,401,79,134,154,34
"2011","Babergh 010E","E01029903","Total",701,97,161,356,87,375,26,33,246,70,326,71,128,110,17
"2011","Babergh 010F","E01029904","Total",661,78,151,347,85,351,26,40,217,68,310,52,111,130,17
"2011","Babergh 010G","E01029905","Total",519,66,113,243,97,279,24,30,142,83,240,42,83,101,14
"2011","Babergh 011A","E01029871","Total",625,80,107,326,112,330,21,29,194,86,295,59,78,132,26
"2011","Babergh 011B","E01029873","Total",980,99,209,499,173,533,28,47,323,135,447,71,162,176,38
"2011","Babergh 011C","E01029874","Total",941,95,184,516,146,483,22,36,313,112,458,73,148,203,34
"2011","Babergh 011D","E01029897","Total",963,114,213,451,185,489,32,44,277,136,474,82,169,174,49
"2011","Forest Heath 001A","E01029926","Total",686,67,144,383,92,379,15,35,249,80,307,52,109,134,12
"2011","Forest Heath 001B","E01029927","Total",1153,90,177,728,158,624,24,44,420,136,529,66,133,308,22
"2011","Forest Heath 001C","E01029928","Total",948,101,161,528,158,515,23,33,326,133,433,78,128,202,25
"2011","Forest Heath 001D","E01029929","Total",1032,92,207,601,132,566,28,46,375,117,466,64,161,226,15
"2011","Forest Heath 001E","E01029930","Total",761,50,133,454,124,422,7,36,277,102,339,43,97,177,22
"2011","Forest Heath 002C","E01029942","Total",743,69,116,447,111,425,23,35,277,90,318,46,81,170,21
"2011","Forest Heath 002E","E01029944","Total",766,70,133,434,129,424,21,23,270,110,342,49,110,164,19
"2011","Forest Heath 002F","E01033453","Total",1994,96,155,1085,658,1334,39,32,738,525,660,57,123,347,133
"2011","Forest Heath 003E","E01029945","Total",1027,83,169,553,222,570,19,43,332,176,457,64,126,221,46
"2011","Forest Heath 003F","E01032523","Total",705,48,53,399,205,459,20,21,250,168,246,28,32,149,37
"2011","Forest Heath 003G","E01032524","Total",492,41,76,262,113,280,11,20,155,94,212,30,56,107,19
"2011","Forest Heath 003H","E01032525","Total",1297,91,166,728,312,768,19,52,443,254,529,72,114,285,58
"2011","Forest Heath 003I","E01032526","Total",909,84,157,490,178,519,21,47,309,142,390,63,110,181,36
"2011","Forest Heath 004A","E01029938","Total",682,54,133,408,87,398,14,31,279,74,284,40,102,129,13
"2011","Forest Heath 004B","E01029939","Total",814,78,132,481,123,463,28,25,312,98,351,50,107,169,25
"2011","Forest Heath 004C","E01029940","Total",678,55,114,426,83,376,13,26,270,67,302,42,88,156,16
"2011","Forest Heath 004D","E01029946","Total",1015,78,168,639,130,572,23,40,406,103,443,55,128,233,27
"2011","Forest Heath 004E","E01029947","Total",1121,87,162,670,202,633,25,36,414,158,488,62,126,256,44
"2011","Forest Heath 005A","E01029941","Total",932,105,173,465,189,511,33,41,283,154,421,72,132,182,35
"2011","Forest Heath 005C","E01029957","Total",892,107,158,442,185,483,23,37,295,128,409,84,121,147,57
"2011","Forest Heath 005D","E01033451","Total",882,37,90,549,206,479,7,10,305,157,403,30,80,244,49
"2011","Forest Heath 005E","E01033452","Total",778,62,115,438,163,442,15,26,274,127,336,47,89,164,36
"2011","Forest Heath 005F","E01033454","Total",764,57,101,467,139,428,13,21,280,114,336,44,80,187,25
"2011","Forest Heath 006A","E01029937","Total",1057,100,186,613,158,571,29,49,372,121,486,71,137,241,37
"2011","Forest Heath 006B","E01029953","Total",789,59,128,496,106,411,17,25,288,81,378,42,103,208,25
"2011","Forest Heath 006C","E01029954","Total",1251,92,200,722,237,677,26,47,425,179,574,66,153,297,58
"2011","Forest Heath 006D","E01029955","Total",1087,94,163,658,172,577,34,37,374,132,510,60,126,284,40
"2011","Forest Heath 006E","E01029956","Total",846,63,114,550,119,441,20,32,298,91,405,43,82,252,28
"2011","Forest Heath 008A","E01029925","Total",1023,98,115,602,208,566,43,35,342,146,457,55,80,260,62
"2011","Forest Heath 008B","E01029949","Total",742,58,135,437,112,389,10,27,269,83,353,48,108,168,29
"2011","Forest Heath 008C","E01029950","Total",966,87,140,621,118,533,31,38,374,90,433,56,102,247,28
"2011","Forest Heath 008D","E01029951","Total",769,80,135,424,130,413,15,28,266,104,356,65,107,158,26
"2011","Forest Heath 008E","E01029952","Total",631,52,104,404,71,331,12,20,241,58,300,40,84,163,13
"2011","Forest Heath 008F","E01032612","Total",1308,92,168,852,196,700,23,44,494,139,608,69,124,358,57
"2011","Ipswich 001A","E01030032","Total",600,84,149,315,52,306,27,38,197,44,294,57,111,118,8
"2011","Ipswich 001B","E01030033","Total",770,106,175,421,68,410,30,37,286,57,360,76,138,135,11
"2011","Ipswich 001C","E01030034","Total",689,81,165,382,61,358,20,31,254,53,331,61,134,128,8
"2011","Ipswich 001D","E01030035","Total",730,90,183,385,72,373,22,41,249,61,357,68,142,136,11
"2011","Ipswich 001E","E01030036","Total",649,74,162,352,61,352,20,54,227,51,297,54,108,125,10
"2011","Ipswich 002A","E01029973","Total",719,93,138,402,86,379,27,23,263,66,340,66,115,139,20
"2011","Ipswich 002B","E01029974","Total",858,90,199,470,99,445,20,41,300,84,413,70,158,170,15
"2011","Ipswich 002C","E01029975","Total",625,63,143,356,63,329,14,26,235,54,296,49,117,121,9
"2011","Ipswich 002D","E01029976","Total",764,75,171,441,77,422,22,47,285,68,342,53,124,156,9
"2011","Ipswich 002E","E01029977","Total",799,96,181,445,77,422,31,33,294,64,377,65,148,151,13
"2011","Ipswich 003A","E01030027","Total",1231,88,227,776,140,636,19,43,453,121,595,69,184,323,19
"2011","Ipswich 003B","E01030028","Total",803,80,178,453,92,407,24,30,273,80,396,56,148,180,12
"2011","Ipswich 003C","E01030029","Total",723,74,165,417,67,392,16,43,275,58,331,58,122,142,9
"2011","Ipswich 003D","E01030030","Total",1080,101,204,664,111,568,20,40,413,95,512,81,164,251,16
"2011","Ipswich 003E","E01030031","Total",615,64,138,359,54,329,22,28,233,46,286,42,110,126,8
"2011","Ipswich 004A","E01029997","Total",769,96,194,409,70,399,30,37,276,56,370,66,157,133,14
"2011","Ipswich 004B","E01029998","Total",735,83,189,403,60,383,20,47,266,50,352,63,142,137,10
"2011","Ipswich 004C","E01029999","Total",849,104,200,440,105,455,23,45,302,85,394,81,155,138,20
"2011","Ipswich 004D","E01030000","Total",857,96,172,496,93,438,28,33,306,71,419,68,139,190,22
"2011","Ipswich 004E","E01030001","Total",690,82,173,356,79,347,24,30,226,67,343,58,143,130,12
"2011","Ipswich 005A","E01030007","Total",841,76,151,493,121,433,21,36,296,80,408,55,115,197,41
"2011","Ipswich 005B","E01030008","Total",617,80,129,298,110,320,22,30,182,86,297,58,99,116,24
"2011","Ipswich 005C","E01030009","Total",671,84,108,356,123,367,24,29,221,93,304,60,79,135,30
"2011","Ipswich 005D","E01030010","Total",935,89,191,550,105,506,29,65,329,83,429,60,126,221,22
"2011","Ipswich 005E","E01030011","Total",734,83,170,377,104,394,20,38,246,90,340,63,132,131,14
"2011","Ipswich 006A","E01030022","Total",1254,94,212,801,147,689,33,59,490,107,565,61,153,311,40
"2011","Ipswich 006B","E01030023","Total",1029,73,185,660,111,566,26,57,398,85,463,47,128,262,26
"2011","Ipswich 006C","E01030024","Total",1043,145,193,610,95,632,76,84,395,77,411,69,109,215,18
"2011","Ipswich 006D","E01030025","Total",916,82,140,555,139,516,28,61,330,97,400,54,79,225,42
"2011","Ipswich 006E","E01030026","Total",871,68,169,521,113,469,16,47,313,93,402,52,122,208,20
"2011","Ipswich 007A","E01029958","Total",764,73,147,462,82,397,12,33,288,64,367,61,114,174,18
"2011","Ipswich 007C","E01029960","Total",1018,107,174,631,106,513,42,35,358,78,505,65,139,273,28
"2011","Ipswich 007D","E01029961","Total",799,74,172,469,84,400,18,30,290,62,399,56,142,179,22
"2011","Ipswich 007E","E01029962","Total",923,76,171,604,72,522,27,51,387,57,401,49,120,217,15
"2011","Ipswich 007F","E01033124","Total",589,117,56,346,70,306,38,26,193,49,283,79,30,153,21
"2011","Ipswich 007G","E01033125","Total",602,32,66,417,87,373,15,22,270,66,229,17,44,147,21
"2011","Ipswich 007H","E01033129","Total",612,70,111,356,75,371,31,51,241,48,241,39,60,115,27
"2011","Ipswich 008A","E01030002","Total",969,83,182,587,117,509,28,44,345,92,460,55,138,242,25
"2011","Ipswich 008B","E01030003","Total",911,85,174,568,84,484,25,41,360,58,427,60,133,208,26
"2011","Ipswich 008C","E01030004","Total",703,68,159,397,79,363,18,29,252,64,340,50,130,145,15
"2011","Ipswich 008D","E01030005","Total",1214,125,224,746,119,620,32,40,452,96,594,93,184,294,23
"2011","Ipswich 008E","E01030006","Total",918,94,198,547,79,479,25,46,343,65,439,69,152,204,14
"2011","Ipswich 009A","E01029963","Total",717,104,162,354,97,372,32,34,223,83,345,72,128,131,14
"2011","Ipswich 009B","E01029964","Total",700,70,136,414,80,388,21,43,256,68,312,49,93,158,12
"2011","Ipswich 009C","E01029965","Total",704,89,147,401,67,368,29,30,255,54,336,60,117,146,13
"2011","Ipswich 009D","E01029966","Total",664,60,131,386,87,358,17,33,248,60,306,43,98,138,27
"2011","Ipswich 009E","E01029967","Total",511,60,142,252,57,258,15,27,169,47,253,45,115,83,10
"2011","Ipswich 010A","E01029984","Total",728,94,145,413,76,380,31,32,257,60,348,63,113,156,16
"2011","Ipswich 010B","E01029985","Total",1326,92,200,874,160,751,22,64,542,123,575,70,136,332,37
"2011","Ipswich 010C","E01029986","Total",634,66,161,348,59,328,21,40,219,48,306,45,121,129,11
"2011","Ipswich 010D","E01029987","Total",617,78,147,338,54,335,21,32,235,47,282,57,115,103,7
"2011","Ipswich 010E","E01029988","Total",962,78,153,618,113,578,32,53,403,90,384,46,100,215,23
"2011","Ipswich 011B","E01029990","Total",926,93,170,575,88,500,28,40,358,74,426,65,130,217,14
"2011","Ipswich 011C","E01029991","Total",868,99,195,486,88,467,25,47,322,73,401,74,148,164,15
"2011","Ipswich 011D","E01029992","Total",722,61,149,429,83,380,19,32,264,65,342,42,117,165,18
"2011","Ipswich 011E","E01033123","Total",1019,73,177,674,95,539,30,35,398,76,480,43,142,276,19
"2011","Ipswich 011F","E01033126","Total",1003,42,89,727,145,630,14,37,469,110,373,28,52,258,35
"2011","Ipswich 012A","E01029968","Total",789,54,145,505,85,432,17,32,317,66,357,37,113,188,19
"2011","Ipswich 012B","E01029969","Total",694,68,128,428,70,370,21,27,268,54,324,47,101,160,16
"2011","Ipswich 012C","E01029970","Total",945,69,183,596,97,514,25,32,377,80,431,44,151,219,17
"2011","Ipswich 012D","E01029971","Total",636,67,147,356,66,326,12,37,222,55,310,55,110,134,11
"2011","Ipswich 012F","E01033122","Total",703,45,129,441,88,383,9,39,271,64,320,36,90,170,24
"2011","Ipswich 012G","E01033130","Total",567,52,107,348,60,324,37,37,205,45,243,15,70,143,15
"2011","Ipswich 013A","E01030012","Total",405,47,103,219,36,215,19,24,143,29,190,28,79,76,7
"2011","Ipswich 013B","E01030013","Total",556,62,126,297,71,287,11,33,182,61,269,51,93,115,10
"2011","Ipswich 013C","E01030014","Total",569,65,138,318,48,297,14,42,200,41,272,51,96,118,7
"2011","Ipswich 013D","E01030015","Total",706,92,156,383,75,377,26,35,253,63,329,66,121,130,12
"2011","Ipswich 013E","E01030016","Total",761,79,181,430,71,402,18,29,296,59,359,61,152,134,12
"2011","Ipswich 014B","E01029994","Total",527,54,151,273,49,278,15,42,177,44,249,39,109,96,5
"2011","Ipswich 014C","E01029995","Total",919,85,170,565,99,484,20,37,347,80,435,65,133,218,19
"2011","Ipswich 014D","E01029996","Total",743,81,171,415,76,403,25,49,262,67,340,56,122,153,9
"2011","Ipswich 014E","E01033127","Total",799,49,141,490,119,431,15,30,300,86,368,34,111,190,33
"2011","Ipswich 014F","E01033128","Total",635,50,107,391,87,338,20,15,232,71,297,30,92,159,16
"2011","Ipswich 014G","E01033131","Total",616,57,168,325,66,307,12,39,205,51,309,45,129,120,15
"2011","Ipswich 015A","E01030017","Total",619,71,141,352,55,324,15,35,226,48,295,56,106,126,7
"2011","Ipswich 015B","E01030018","Total",632,57,167,358,50,335,16,41,234,44,297,41,126,124,6
"2011","Ipswich 015C","E01030019","Total",779,93,166,425,95,417,23,31,278,85,362,70,135,147,10
"2011","Ipswich 015D","E01030020","Total",753,89,166,416,82,391,28,26,266,71,362,61,140,150,11
"2011","Ipswich 015E","E01030021","Total",576,59,154,317,46,290,14,39,198,39,286,45,115,119,7
"2011","Ipswich 016A","E01029978","Total",655,62,150,372,71,356,24,31,241,60,299,38,119,131,11
"2011","Ipswich 016B","E01029979","Total",596,61,152,333,50,328,13,47,223,45,268,48,105,110,5
"2011","Ipswich 016C","E01029980","Total",646,85,138,346,77,328,23,27,218,60,318,62,111,128,17
"2011","Ipswich 016D","E01029981","Total",634,56,116,382,80,350,16,20,245,69,284,40,96,137,11
"2011","Ipswich 016E","E01029982","Total",610,62,159,353,36,327,18,42,237,30,283,44,117,116,6
"2011","Ipswich 016F","E01029983","Total",820,73,181,476,90,426,13,41,300,72,394,60,140,176,18
"2011","Mid Suffolk 001A","E01030052","Total",944,127,188,464,165,505,40,46,297,122,439,87,142,167,43
"2011","Mid Suffolk 001B","E01030058","Total",984,122,177,469,216,527,34,48,278,167,457,88,129,191,49
"2011","Mid Suffolk 001C","E01030064","Total",1112,110,235,539,228,615,12,63,348,192,497,98,172,191,36
"2011","Mid Suffolk 001D","E01030088","Total",587,95,110,285,97,307,21,26,184,76,280,74,84,101,21
"2011","Mid Suffolk 002A","E01030039","Total",727,104,138,345,140,407,28,33,229,117,320,76,105,116,23
"2011","Mid Suffolk 002B","E01030054","Total",608,98,126,266,118,327,30,31,167,99,281,68,95,99,19
"2011","Mid Suffolk 002C","E01030055","Total",723,87,139,366,131,385,15,30,231,109,338,72,109,135,22
"2011","Mid Suffolk 002D","E01030066","Total",714,89,129,356,140,390,21,28,227,114,324,68,101,129,26
"2011","Mid Suffolk 002E","E01030067","Total",617,72,107,311,127,323,13,17,193,100,294,59,90,118,27
"2011","Mid Suffolk 002F","E01030068","Total",880,125,166,427,162,476,27,35,270,144,404,98,131,157,18
"2011","Mid Suffolk 003A","E01030053","Total",1090,142,221,515,212,604,38,58,339,169,486,104,163,176,43
"2011","Mid Suffolk 003B","E01030082","Total",1212,161,231,579,241,648,50,49,360,189,564,111,182,219,52
"2011","Mid Suffolk 003C","E01030090","Total",1214,173,243,556,242,654,49,63,342,200,560,124,180,214,42
"2011","Mid Suffolk 004A","E01030040","Total",605,83,123,291,108,317,16,27,182,92,288,67,96,109,16
"2011","Mid Suffolk 004B","E01030049","Total",819,96,184,398,141,430,25,45,251,109,389,71,139,147,32
"2011","Mid Suffolk 004C","E01030050","Total",1186,136,212,643,195,630,40,39,393,158,556,96,173,250,37
"2011","Mid Suffolk 004D","E01030084","Total",813,94,168,415,136,425,20,34,263,108,388,74,134,152,28
"2011","Mid Suffolk 004E","E01030085","Total",881,98,180,473,130,454,25,23,302,104,427,73,157,171,26
"2011","Mid Suffolk 005A","E01030037","Total",600,80,117,311,92,316,24,21,194,77,284,56,96,117,15
"2011","Mid Suffolk 005B","E01030038","Total",612,80,135,306,91,336,20,27,211,78,276,60,108,95,13
"2011","Mid Suffolk 005C","E01030059","Total",1110,139,217,550,204,602,29,47,356,170,508,110,170,194,34
"2011","Mid Suffolk 005D","E01030081","Total",1087,149,235,568,135,579,37,46,385,111,508,112,189,183,24
"2011","Mid Suffolk 006A","E01030051","Total",803,98,164,416,125,428,23,33,264,108,375,75,131,152,17
"2011","Mid Suffolk 006B","E01030056","Total",1029,109,220,533,167,551,30,54,337,130,478,79,166,196,37
"2011","Mid Suffolk 006C","E01030065","Total",1014,141,230,455,188,552,44,48,309,151,462,97,182,146,37
"2011","Mid Suffolk 006D","E01030086","Total",594,76,116,288,114,311,15,30,178,88,283,61,86,110,26
"2011","Mid Suffolk 006E","E01030089","Total",961,105,209,484,163,507,35,45,295,132,454,70,164,189,31
"2011","Mid Suffolk 007A","E01030048","Total",1080,128,222,544,186,572,34,40,352,146,508,94,182,192,40
"2011","Mid Suffolk 007B","E01030057","Total",1194,150,233,561,250,661,40,62,368,191,533,110,171,193,59
"2011","Mid Suffolk 007C","E01030083","Total",1205,171,207,619,208,639,32,45,394,168,566,139,162,225,40
"2011","Mid Suffolk 007D","E01030087","Total",662,89,134,314,125,366,19,33,213,101,296,70,101,101,24
"2011","Mid Suffolk 008A","E01030073","Total",595,80,109,334,72,309,18,25,207,59,286,62,84,127,13
"2011","Mid Suffolk 008B","E01030077","Total",567,62,122,319,64,308,13,22,219,54,259,49,100,100,10
"2011","Mid Suffolk 008C","E01030079","Total",626,76,127,359,64,310,14,21,223,52,316,62,106,136,12
"2011","Mid Suffolk 008D","E01030080","Total",775,99,158,427,91,416,20,27,292,77,359,79,131,135,14
"2011","Mid Suffolk 009A","E01030063","Total",1114,161,216,541,196,598,38,50,348,162,516,123,166,193,34
"2011","Mid Suffolk 009B","E01030069","Total",710,95,143,351,121,382,28,35,219,100,328,67,108,132,21
"2011","Mid Suffolk 009C","E01030072","Total",817,105,158,461,93,443,30,42,291,80,374,75,116,170,13
"2011","Mid Suffolk 009D","E01030075","Total",953,110,191,528,124,504,16,29,353,106,449,94,162,175,18
"2011","Mid Suffolk 010A","E01030060","Total",868,106,160,475,127,441,19,35,282,105,427,87,125,193,22
"2011","Mid Suffolk 010B","E01030071","Total",814,100,135,478,101,412,33,26,278,75,402,67,109,200,26
"2011","Mid Suffolk 010D","E01030076","Total",787,73,170,458,86,423,30,34,288,71,364,43,136,170,15
"2011","Mid Suffolk 010E","E01030078","Total",991,112,188,587,104,520,20,30,376,94,471,92,158,211,10
"2011","Mid Suffolk 010F","E01033316","Total",935,72,145,571,147,486,11,20,339,116,449,61,125,232,31
"2011","Mid Suffolk 010G","E01033317","Total",884,76,167,513,128,482,14,34,318,116,402,62,133,195,12
"2011","Mid Suffolk 010H","E01033319","Total",1107,99,181,664,163,595,25,28,408,134,512,74,153,256,29
"2011","Mid Suffolk 011A","E01030041","Total",1102,151,183,582,186,593,40,33,361,159,509,111,150,221,27
"2011","Mid Suffolk 011B","E01030043","Total",707,64,127,418,98,367,13,16,262,76,340,51,111,156,22
"2011","Mid Suffolk 011C","E01030061","Total",684,99,129,368,88,374,28,27,244,75,310,71,102,124,13
"2011","Mid Suffolk 011D","E01030062","Total",673,75,125,395,78,342,7,22,251,62,331,68,103,144,16
"2011","Mid Suffolk 011E","E01030070","Total",1478,70,129,935,344,1121,16,29,767,309,357,54,100,168,35
"2011","Mid Suffolk 012A","E01030042","Total",775,92,158,407,118,413,20,37,258,98,362,72,121,149,20
"2011","Mid Suffolk 012B","E01030044","Total",530,65,106,289,70,274,13,21,184,56,256,52,85,105,14
"2011","Mid Suffolk 012C","E01030045","Total",906,107,167,498,134,482,26,36,310,110,424,81,131,188,24
"2011","Mid Suffolk 012D","E01030046","Total",797,96,159,391,151,420,24,26,245,125,377,72,133,146,26
"2011","Mid Suffolk 012E","E01030047","Total",708,59,141,416,92,361,11,29,240,81,347,48,112,176,11
"2011","St Edmundsbury 001A","E01030095","Total",612,74,117,322,99,319,24,21,196,78,293,50,96,126,21
"2011","St Edmundsbury 001B","E01030096","Total",739,73,165,355,146,395,21,35,216,123,344,52,130,139,23
"2011","St Edmundsbury 001C","E01030097","Total",556,78,105,286,87,299,31,21,181,66,257,47,84,105,21
"2011","St Edmundsbury 001D","E01030145","Total",741,79,150,394,118,403,19,37,241,106,338,60,113,153,12
"2011","St Edmundsbury 001E","E01030146","Total",405,45,73,204,83,229,14,16,124,75,176,31,57,80,8
"2011","St Edmundsbury 002A","E01030094","Total",701,81,138,350,132,374,22,25,221,106,327,59,113,129,26
"2011","St Edmundsbury 002B","E01030121","Total",1166,135,225,638,168,624,42,46,394,142,542,93,179,244,26
"2011","St Edmundsbury 002C","E01030132","Total",1356,70,123,752,411,1031,22,24,598,387,325,48,99,154,24
"2011","St Edmundsbury 002D","E01030133","Total",765,75,160,374,156,418,20,37,233,128,347,55,123,141,28
"2011","St Edmundsbury 003A","E01030130","Total",617,77,113,355,72,317,18,23,217,59,300,59,90,138,13
"2011","St Edmundsbury 003B","E01030131","Total",556,54,112,337,53,314,18,31,223,42,242,36,81,114,11
"2011","St Edmundsbury 003C","E01030139","Total",769,85,170,432,82,422,25,46,284,67,347,60,124,148,15
"2011","St Edmundsbury 003D","E01030140","Total",679,58,140,412,69,356,14,25,262,55,323,44,115,150,14
"2011","St Edmundsbury 003E","E01030141","Total",821,91,173,470,87,408,16,23,292,77,413,75,150,178,10
"2011","St Edmundsbury 004A","E01030103","Total",959,105,192,503,159,497,27,37,307,126,462,78,155,196,33
"2011","St Edmundsbury 004B","E01030104","Total",1043,166,204,511,162,567,50,51,339,127,476,116,153,172,35
"2011","St Edmundsbury 004C","E01030138","Total",1150,157,218,589,186,614,45,49,365,155,536,112,169,224,31
"2011","St Edmundsbury 005B","E01030127","Total",779,67,138,460,114,405,21,26,271,87,374,46,112,189,27
"2011","St Edmundsbury 005C","E01030128","Total",967,76,171,582,138,517,19,34,360,104,450,57,137,222,34
"2011","St Edmundsbury 005D","E01030129","Total",824,92,148,481,103,438,34,23,306,75,386,58,125,175,28
"2011","St Edmundsbury 005E","E01033044","Total",831,79,148,481,123,418,13,19,291,95,413,66,129,190,28
"2011","St Edmundsbury 005F","E01033045","Total",615,56,113,348,98,308,12,18,204,74,307,44,95,144,24
"2011","St Edmundsbury 005G","E01033050","Total",751,61,141,395,154,386,19,18,233,116,365,42,123,162,38
"2011","St Edmundsbury 006A","E01030091","Total",966,65,141,567,193,530,26,49,309,146,436,39,92,258,47
"2011","St Edmundsbury 006B","E01030093","Total",839,65,140,508,126,440,20,41,288,91,399,45,99,220,35
"2011","St Edmundsbury 006D","E01030137","Total",983,75,159,601,148,530,19,44,359,108,453,56,115,242,40
"2011","St Edmundsbury 006E","E01033043","Total",668,66,103,400,99,360,20,25,235,80,308,46,78,165,19
"2011","St Edmundsbury 006F","E01033046","Total",645,48,85,403,109,365,14,26,233,92,280,34,59,170,17
"2011","St Edmundsbury 006G","E01033047","Total",663,62,137,380,84,357,23,34,230,70,306,39,103,150,14
"2011","St Edmundsbury 007A","E01030092","Total",833,71,154,504,104,428,25,44,285,74,405,46,110,219,30
"2011","St Edmundsbury 007B","E01030123","Total",740,70,194,380,96,395,15,63,244,73,345,55,131,136,23
"2011","St Edmundsbury 007C","E01030124","Total",729,81,132,423,93,391,22,29,263,77,338,59,103,160,16
"2011","St Edmundsbury 007D","E01030125","Total",751,80,157,436,78,393,23,30,271,69,358,57,127,165,9
"2011","St Edmundsbury 007E","E01030148","Total",672,83,145,382,62,352,19,26,251,56,320,64,119,131,6
"2011","St Edmundsbury 007F","E01030149","Total",749,91,166,416,76,372,23,29,258,62,377,68,137,158,14
"2011","St Edmundsbury 008A","E01030098","Total",1095,126,237,553,179,576,34,40,362,140,519,92,197,191,39
"2011","St Edmundsbury 008B","E01030100","Total",1016,119,193,503,201,558,37,42,309,170,458,82,151,194,31
"2011","St Edmundsbury 008C","E01030119","Total",1155,122,245,604,184,631,33,50,393,155,524,89,195,211,29
"2011","St Edmundsbury 008D","E01030134","Total",610,76,119,297,118,322,17,23,183,99,288,59,96,114,19
"2011","St Edmundsbury 008E","E01030135","Total",689,90,127,332,140,370,26,32,210,102,319,64,95,122,38
"2011","St Edmundsbury 009B","E01030142","Total",839,108,184,450,97,438,38,47,277,76,401,70,137,173,21
"2011","St Edmundsbury 009C","E01030143","Total",883,79,179,525,100,485,19,49,339,78,398,60,130,186,22
"2011","St Edmundsbury 009D","E01030144","Total",620,81,147,306,86,318,20,30,204,64,302,61,117,102,22
"2011","St Edmundsbury 009E","E01030147","Total",634,71,132,367,64,335,20,35,229,51,299,51,97,138,13
"2011","St Edmundsbury 009F","E01033048","Total",616,59,96,353,108,330,23,23,201,83,286,36,73,152,25
"2011","St Edmundsbury 009G","E01033049","Total",589,57,82,364,86,310,18,26,201,65,279,39,56,163,21
"2011","St Edmundsbury 010A","E01030099","Total",929,121,199,448,161,488,37,66,252,133,441,84,133,196,28
"2011","St Edmundsbury 010B","E01030101","Total",912,125,168,473,146,478,33,39,292,114,434,92,129,181,32
"2011","St Edmundsbury 010C","E01030150","Total",1119,134,219,544,222,603,43,46,340,174,516,91,173,204,48
"2011","St Edmundsbury 011A","E01030120","Total",1257,172,251,629,205,760,81,107,408,164,497,91,144,221,41
"2011","St Edmundsbury 011B","E01030122","Total",952,100,204,508,140,508,31,44,325,108,444,69,160,183,32
"2011","St Edmundsbury 011C","E01030151","Total",1066,129,189,550,198,581,40,57,334,150,485,89,132,216,48
"2011","St Edmundsbury 012A","E01030109","Total",793,71,165,483,74,429,20,35,312,62,364,51,130,171,12
"2011","St Edmundsbury 012B","E01030110","Total",1359,117,238,843,161,697,21,37,506,133,662,96,201,337,28
"2011","St Edmundsbury 012C","E01030111","Total",731,78,147,423,83,399,26,26,280,67,332,52,121,143,16
"2011","St Edmundsbury 012D","E01030112","Total",925,79,162,591,93,522,32,43,373,74,403,47,119,218,19
"2011","St Edmundsbury 013A","E01030115","Total",1154,102,216,709,127,605,19,42,430,114,549,83,174,279,13
"2011","St Edmundsbury 013B","E01030116","Total",1235,112,215,747,161,644,31,31,446,136,591,81,184,301,25
"2011","St Edmundsbury 013C","E01030117","Total",965,78,161,605,121,525,22,21,377,105,440,56,140,228,16
"2011","St Edmundsbury 013D","E01030118","Total",868,70,154,564,80,464,22,29,350,63,404,48,125,214,17
"2011","St Edmundsbury 014A","E01030105","Total",1001,70,161,668,102,551,23,30,410,88,450,47,131,258,14
"2011","St Edmundsbury 014B","E01030106","Total",1307,90,193,882,142,712,24,33,539,116,595,66,160,343,26
"2011","St Edmundsbury 014C","E01030107","Total",900,95,163,527,115,487,28,39,332,88,413,67,124,195,27
"2011","St Edmundsbury 014D","E01030108","Total",932,67,151,604,110,518,19,29,385,85,414,48,122,219,25
"2011","St Edmundsbury 014E","E01030113","Total",946,89,154,614,89,506,25,42,368,71,440,64,112,246,18
"2011","St Edmundsbury 014F","E01030114","Total",746,62,143,476,65,392,16,26,298,52,354,46,117,178,13
"2011","Suffolk Coastal 001A","E01030201","Total",1065,158,222,460,225,560,35,56,293,176,505,123,166,167,49
"2011","Suffolk Coastal 001B","E01030219","Total",888,127,191,408,162,466,39,51,262,114,422,88,140,146,48
"2011","Suffolk Coastal 001C","E01030222","Total",754,107,160,350,137,402,31,49,229,93,352,76,111,121,44
"2011","Suffolk Coastal 002A","E01030154","Total",1019,147,203,475,194,528,34,43,302,149,491,113,160,173,45
"2011","Suffolk Coastal 002B","E01030172","Total",771,91,157,377,146,422,18,37,251,116,349,73,120,126,30
"2011","Suffolk Coastal 002C","E01030173","Total",628,88,134,303,103,312,18,36,177,81,316,70,98,126,22
"2011","Suffolk Coastal 002D","E01030174","Total",693,104,118,324,147,369,29,27,195,118,324,75,91,129,29
"2011","Suffolk Coastal 002E","E01030176","Total",979,144,210,434,191,506,32,54,267,153,473,112,156,167,38
"2011","Suffolk Coastal 003A","E01030186","Total",640,86,147,324,83,352,22,35,230,65,288,64,112,94,18
"2011","Suffolk Coastal 003B","E01030208","Total",533,70,122,259,82,290,15,30,175,70,243,55,92,84,12
"2011","Suffolk Coastal 003C","E01030209","Total",657,77,137,352,91,344,23,29,223,69,313,54,108,129,22
"2011","Suffolk Coastal 003D","E01030210","Total",905,123,199,492,91,476,35,37,325,79,429,88,162,167,12
"2011","Suffolk Coastal 003E","E01030212","Total",915,135,193,422,165,471,35,56,253,127,444,100,137,169,38
"2011","Suffolk Coastal 004A","E01030152","Total",667,94,146,315,112,354,22,48,199,85,313,72,98,116,27
"2011","Suffolk Coastal 004B","E01030153","Total",576,75,116,286,99,318,19,31,202,66,258,56,85,84,33
"2011","Suffolk Coastal 004C","E01030187","Total",698,76,154,398,70,370,14,35,268,53,328,62,119,130,17
"2011","Suffolk Coastal 004D","E01030188","Total",829,85,172,486,86,454,24,38,325,67,375,61,134,161,19
"2011","Suffolk Coastal 004E","E01030189","Total",823,96,167,474,86,418,21,27,301,69,405,75,140,173,17
"2011","Suffolk Coastal 005A","E01030193","Total",782,115,154,371,142,414,38,29,233,114,368,77,125,138,28
"2011","Suffolk Coastal 005B","E01030194","Total",760,83,159,427,91,378,18,38,252,70,382,65,121,175,21
"2011","Suffolk Coastal 005C","E01030195","Total",800,117,178,388,117,426,33,48,254,91,374,84,130,134,26
"2011","Suffolk Coastal 005D","E01030220","Total",908,118,195,487,108,489,39,39,318,93,419,79,156,169,15
"2011","Suffolk Coastal 006A","E01030175","Total",1046,138,218,514,176,553,31,47,334,141,493,107,171,180,35
"2011","Suffolk Coastal 006B","E01030200","Total",1089,150,228,504,207,599,43,52,332,172,490,107,176,172,35
"2011","Suffolk Coastal 006C","E01030221","Total",985,131,222,450,182,524,37,54,286,147,461,94,168,164,35
"2011","Suffolk Coastal 007C","E01030199","Total",889,118,183,408,180,471,37,47,250,137,418,81,136,158,43
"2011","Suffolk Coastal 007F","E01033443","Total",1078,70,140,414,454,758,20,31,289,418,320,50,109,125,36
"2011","Suffolk Coastal 007G","E01033445","Total",920,93,186,530,111,466,24,26,326,90,454,69,160,204,21
"2011","Suffolk Coastal 007H","E01033446","Total",1128,219,207,519,183,658,119,52,344,143,470,100,155,175,40
"2011","Suffolk Coastal 007I","E01033448","Total",605,76,129,293,107,337,23,34,193,87,268,53,95,100,20
"2011","Suffolk Coastal 007J","E01033449","Total",879,97,175,471,136,473,30,34,300,109,406,67,141,171,27
"2011","Suffolk Coastal 008A","E01030155","Total",978,129,216,527,106,520,31,50,352,87,458,98,166,175,19
"2011","Suffolk Coastal 008B","E01030185","Total",849,131,190,403,125,441,30,54,260,97,408,101,136,143,28
"2011","Suffolk Coastal 008C","E01030203","Total",695,110,140,332,113,390,38,39,223,90,305,72,101,109,23
"2011","Suffolk Coastal 008D","E01030211","Total",824,115,129,441,139,412,42,43,236,91,412,73,86,205,48
"2011","Suffolk Coastal 009A","E01030179","Total",1420,133,264,858,165,731,30,44,515,142,689,103,220,343,23
"2011","Suffolk Coastal 009B","E01030180","Total",730,99,147,391,93,385,29,35,243,78,345,70,112,148,15
"2011","Suffolk Coastal 009C","E01030183","Total",861,126,196,448,91,449,39,45,289,76,412,87,151,159,15
"2011","Suffolk Coastal 009D","E01030184","Total",722,82,165,388,87,377,26,38,240,73,345,56,127,148,14
"2011","Suffolk Coastal 009E","E01030207","Total",664,75,161,344,84,353,19,42,224,68,311,56,119,120,16
"2011","Suffolk Coastal 010A","E01030181","Total",1102,100,213,641,148,596,27,31,413,125,506,73,182,228,23
"2011","Suffolk Coastal 010C","E01030190","Total",722,101,159,371,91,378,34,36,233,75,344,67,123,138,16
"2011","Suffolk Coastal 010D","E01030191","Total",818,106,184,450,78,442,31,48,296,67,376,75,136,154,11
"2011","Suffolk Coastal 010E","E01030192","Total",799,115,158,447,79,427,32,41,289,65,372,83,117,158,14
"2011","Suffolk Coastal 010F","E01030198","Total",629,92,121,301,115,331,23,30,188,90,298,69,91,113,25
"2011","Suffolk Coastal 010G","E01033442","Total",911,90,184,513,124,452,17,23,310,102,459,73,161,203,22
"2011","Suffolk Coastal 010H","E01033444","Total",858,93,131,511,123,433,15,22,291,105,425,78,109,220,18
"2011","Suffolk Coastal 010I","E01033447","Total",683,88,149,359,87,349,24,16,238,71,334,64,133,121,16
"2011","Suffolk Coastal 011A","E01030196","Total",960,110,173,529,148,510,29,28,335,118,450,81,145,194,30
"2011","Suffolk Coastal 011B","E01030197","Total",742,105,131,363,143,396,19,33,234,110,346,86,98,129,33
"2011","Suffolk Coastal 011C","E01030204","Total",905,114,182,479,130,474,26,33,310,105,431,88,149,169,25
"2011","Suffolk Coastal 011D","E01030205","Total",761,86,148,431,96,381,14,20,273,74,380,72,128,158,22
"2011","Suffolk Coastal 011E","E01030206","Total",676,100,134,340,102,362,22,30,230,80,314,78,104,110,22
"2011","Suffolk Coastal 012A","E01030171","Total",1009,103,211,550,145,547,31,46,347,123,462,72,165,203,22
"2011","Suffolk Coastal 012B","E01030214","Total",767,75,141,453,98,417,21,29,289,78,350,54,112,164,20
"2011","Suffolk Coastal 012C","E01030215","Total",642,59,114,373,96,344,20,16,231,77,298,39,98,142,19
"2011","Suffolk Coastal 012D","E01030216","Total",739,83,158,423,75,378,22,22,267,67,361,61,136,156,8
"2011","Suffolk Coastal 012E","E01030217","Total",645,90,145,329,81,342,22,38,215,67,303,68,107,114,14
"2011","Suffolk Coastal 012F","E01030218","Total",784,78,154,429,123,405,19,31,254,101,379,59,123,175,22
"2011","Suffolk Coastal 013C","E01030158","Total",550,94,112,274,70,292,21,32,182,57,258,73,80,92,13
"2011","Suffolk Coastal 013D","E01030159","Total",696,91,145,376,84,366,27,29,240,70,330,64,116,136,14
"2011","Suffolk Coastal 013E","E01030164","Total",666,80,162,339,85,339,25,28,219,67,327,55,134,120,18
"2011","Suffolk Coastal 013F","E01030166","Total",592,81,120,291,100,322,23,28,187,84,270,58,92,104,16
"2011","Suffolk Coastal 013G","E01033450","Total",958,147,179,531,101,509,50,40,336,83,449,97,139,195,18
"2011","Suffolk Coastal 014A","E01030160","Total",622,69,130,350,73,325,20,29,219,57,297,49,101,131,16
"2011","Suffolk Coastal 014B","E01030161","Total",655,67,150,355,83,326,23,35,202,66,329,44,115,153,17
"2011","Suffolk Coastal 014C","E01030168","Total",607,95,146,289,77,309,28,40,179,62,298,67,106,110,15
"2011","Suffolk Coastal 014D","E01030169","Total",788,87,137,455,109,416,27,26,265,98,372,60,111,190,11
"2011","Suffolk Coastal 014E","E01030170","Total",648,76,155,338,79,344,24,43,207,70,304,52,112,131,9
"2011","Suffolk Coastal 015A","E01030162","Total",599,51,123,324,101,332,18,38,197,79,267,33,85,127,22
"2011","Suffolk Coastal 015B","E01030163","Total",724,64,133,382,145,396,19,31,230,116,328,45,102,152,29
"2011","Suffolk Coastal 015C","E01030165","Total",750,78,138,405,129,406,23,27,248,108,344,55,111,157,21
"2011","Suffolk Coastal 015D","E01030167","Total",598,78,126,306,88,319,20,35,194,70,279,58,91,112,18
"2011","Waveney 001A","E01030240","Total",635,85,139,320,91,341,31,38,198,74,294,54,101,122,17
"2011","Waveney 001B","E01030241","Total",602,59,142,301,100,318,13,33,189,83,284,46,109,112,17
"2011","Waveney 001C","E01030242","Total",608,88,144,299,77,331,26,37,204,64,277,62,107,95,13
"2011","Waveney 001D","E01030259","Total",575,83,119,261,112,306,15,27,168,96,269,68,92,93,16
"2011","Waveney 001E","E01030260","Total",571,84,120,277,90,318,29,32,185,72,253,55,88,92,18
"2011","Waveney 002A","E01030261","Total",462,66,132,217,47,243,21,43,140,39,219,45,89,77,8
"2011","Waveney 002B","E01030262","Total",506,48,127,276,55,270,14,36,171,49,236,34,91,105,6
"2011","Waveney 002C","E01030277","Total",406,52,105,205,44,203,14,28,126,35,203,38,77,79,9
"2011","Waveney 002D","E01030279","Total",450,45,132,239,34,231,10,42,152,27,219,35,90,87,7
"2011","Waveney 002E","E01030281","Total",1131,122,248,614,147,590,32,50,386,122,541,90,198,228,25
"2011","Waveney 003A","E01030266","Total",699,80,168,359,92,377,25,43,229,80,322,55,125,130,12
"2011","Waveney 003B","E01030267","Total",605,64,150,308,83,319,12,23,207,77,286,52,127,101,6
"2011","Waveney 003C","E01030271","Total",567,65,133,308,61,309,17,31,211,50,258,48,102,97,11
"2011","Waveney 003D","E01030278","Total",524,64,137,257,66,284,18,31,174,61,240,46,106,83,5
"2011","Waveney 003E","E01030280","Total",633,73,141,325,94,341,13,23,220,85,292,60,118,105,9
"2011","Waveney 004A","E01030246","Total",639,59,156,363,61,327,13,33,233,48,312,46,123,130,13
"2011","Waveney 004B","E01030248","Total",668,65,170,365,68,349,22,40,234,53,319,43,130,131,15
"2011","Waveney 004C","E01030249","Total",710,78,194,380,58,368,15,68,237,48,342,63,126,143,10
"2011","Waveney 004D","E01030250","Total",709,78,188,385,58,380,24,61,246,49,329,54,127,139,9
"2011","Waveney 004E","E01030264","Total",616,58,142,356,60,328,13,40,227,48,288,45,102,129,12
"2011","Waveney 004F","E01030265","Total",630,66,140,352,72,331,11,34,221,65,299,55,106,131,7
"2011","Waveney 005A","E01030255","Total",593,65,135,301,92,325,21,22,200,82,268,44,113,101,10
"2011","Waveney 005B","E01030263","Total",526,69,102,279,76,294,21,27,180,66,232,48,75,99,10
"2011","Waveney 005C","E01030270","Total",634,70,141,341,82,332,15,31,216,70,302,55,110,125,12
"2011","Waveney 005D","E01030289","Total",611,62,139,315,95,322,15,34,195,78,289,47,105,120,17
"2011","Waveney 005E","E01030290","Total",551,54,120,314,63,305,13,22,218,52,246,41,98,96,11
"2011","Waveney 006A","E01030233","Total",723,78,165,380,100,388,22,28,250,88,335,56,137,130,12
"2011","Waveney 006B","E01030235","Total",625,95,141,303,86,332,13,28,211,80,293,82,113,92,6
"2011","Waveney 006C","E01030268","Total",632,95,124,329,84,335,25,25,212,73,297,70,99,117,11
"2011","Waveney 006D","E01030269","Total",719,102,143,355,119,390,27,28,239,96,329,75,115,116,23
"2011","Waveney 006E","E01030288","Total",563,68,141,282,72,302,18,24,195,65,261,50,117,87,7
"2011","Waveney 007A","E01030247","Total",496,46,94,292,64,271,16,24,181,50,225,30,70,111,14
"2011","Waveney 007B","E01030254","Total",638,88,156,336,58,321,19,38,213,51,317,69,118,123,7
"2011","Waveney 007C","E01030256","Total",615,74,131,337,73,330,26,40,209,55,285,48,91,128,18
"2011","Waveney 007D","E01030258","Total",582,61,127,320,74,331,27,51,196,57,251,34,76,124,17
"2011","Waveney 007E","E01030276","Total",575,63,132,312,68,292,14,35,195,48,283,49,97,117,20
"2011","Waveney 008A","E01030257","Total",650,77,176,328,69,341,25,45,219,52,309,52,131,109,17
"2011","Waveney 008B","E01030274","Total",379,54,74,203,48,205,11,26,133,35,174,43,48,70,13
"2011","Waveney 008C","E01030275","Total",537,58,129,290,60,282,17,27,187,51,255,41,102,103,9
"2011","Waveney 008D","E01030287","Total",462,45,105,255,57,245,10,22,167,46,217,35,83,88,11
"2011","Waveney 008E","E01030291","Total",498,63,133,247,55,248,17,30,158,43,250,46,103,89,12
"2011","Waveney 009A","E01030234","Total",742,86,173,404,79,362,19,39,238,66,380,67,134,166,13
"2011","Waveney 009B","E01030236","Total",743,75,158,426,84,396,16,32,277,71,347,59,126,149,13
"2011","Waveney 009C","E01030237","Total",1468,147,326,795,200,764,30,58,497,179,704,117,268,298,21
"2011","Waveney 009D","E01030238","Total",959,115,199,523,122,511,25,38,340,108,448,90,161,183,14
"2011","Waveney 010A","E01030223","Total",695,93,154,387,61,367,18,38,259,52,328,75,116,128,9
"2011","Waveney 010B","E01030224","Total",636,77,136,338,85,338,24,38,211,65,298,53,98,127,20
"2011","Waveney 010C","E01030225","Total",763,78,164,429,92,408,22,44,274,68,355,56,120,155,24
"2011","Waveney 010D","E01030227","Total",519,64,125,273,57,278,19,28,181,50,241,45,97,92,7
"2011","Waveney 010E","E01030228","Total",763,115,165,398,85,401,35,31,273,62,362,80,134,125,23
"2011","Waveney 011A","E01030226","Total",895,114,200,483,98,478,23,44,326,85,417,91,156,157,13
"2011","Waveney 011B","E01030286","Total",1105,123,246,515,221,592,34,59,321,178,513,89,187,194,43
"2011","Waveney 011C","E01030292","Total",665,100,122,348,95,359,28,29,218,84,306,72,93,130,11
"2011","Waveney 011D","E01030293","Total",784,114,170,395,105,404,26,38,258,82,380,88,132,137,23
"2011","Waveney 011E","E01030294","Total",686,87,150,362,87,357,24,33,229,71,329,63,117,133,16
"2011","Waveney 012A","E01030239","Total",1083,116,233,570,164,592,27,51,385,129,491,89,182,185,35
"2011","Waveney 012B","E01030251","Total",685,81,160,355,89,362,24,41,225,72,323,57,119,130,17
"2011","Waveney 012C","E01030252","Total",675,85,137,349,104,374,23,35,226,90,301,62,102,123,14
"2011","Waveney 012D","E01030253","Total",732,62,159,406,105,392,22,31,253,86,340,40,128,153,19
"2011","Waveney 012E","E01030272","Total",582,84,133,284,81,293,28,18,182,65,289,56,115,102,16
"2011","Waveney 012F","E01030273","Total",557,71,132,287,67,299,18,37,184,60,258,53,95,103,7
"2011","Waveney 013A","E01030230","Total",838,104,178,431,125,447,19,55,282,91,391,85,123,149,34
"2011","Waveney 013B","E01030231","Total",718,81,161,398,78,381,20,39,257,65,337,61,122,141,13
"2011","Waveney 013C","E01030232","Total",770,88,186,414,82,403,24,34,280,65,367,64,152,134,17
"2011","Waveney 013D","E01030285","Total",1120,156,230,496,238,599,43,54,310,192,521,113,176,186,46
"2011","Waveney 014A","E01030282","Total",379,52,96,155,76,199,17,37,94,51,180,35,59,61,25
"2011","Waveney 014B","E01030283","Total",573,89,136,270,78,295,27,33,179,56,278,62,103,91,22
"2011","Waveney 014C","E01030284","Total",447,59,105,212,71,221,13,23,127,58,226,46,82,85,13
"2011","Waveney 014D","E01030295","Total",1068,136,240,500,192,571,40,61,317,153,497,96,179,183,39
"2011","Waveney 015A","E01030229","Total",962,121,199,502,140,507,32,54,311,110,455,89,145,191,30
"2011","Waveney 015B","E01030243","Total",670,77,137,385,71,357,18,26,253,60,313,59,111,132,11
"2011","Waveney 015C","E01030244","Total",683,98,144,352,89,343,34,32,206,71,340,64,112,146,18
"2011","Waveney 015D","E01030245","Total",661,78,139,359,85,356,27,32,227,70,305,51,107,132,15
"2011","Camden 001A","E01000907","Total",639,51,122,356,110,312,14,44,178,76,327,37,78,178,34
"2011","Camden 001B","E01000908","Total",758,88,153,397,120,336,31,36,194,75,422,57,117,203,45
"2011","Camden 001C","E01000909","Total",836,92,129,444,171,423,29,39,234,121,413,63,90,210,50
"2011","Camden 001D","E01000912","Total",757,67,124,461,105,352,17,41,223,71,405,50,83,238,34
"2011","Camden 001E","E01000913","Total",938,104,136,446,252,510,32,50,244,184,428,72,86,202,68
"2011","Camden 002A","E01000893","Total",900,94,137,410,259,449,21,57,197,174,451,73,80,213,85
"2011","Camden 002B","E01000894","Total",767,65,106,325,271,426,17,43,166,200,341,48,63,159,71
"2011","Camden 002C","E01000895","Total",893,75,99,426,293,501,17,45,223,216,392,58,54,203,77
"2011","Camden 002D","E01000896","Total",910,59,124,415,312,514,19,61,208,226,396,40,63,207,86
"2011","Camden 002E","E01000899","Total",826,87,91,352,296,467,24,28,201,214,359,63,63,151,82
"2011","Camden 003A","E01000910","Total",810,71,120,449,170,406,22,37,231,116,404,49,83,218,54
"2011","Camden 003B","E01000911","Total",755,53,141,420,141,373,16,50,214,93,382,37,91,206,48
"2011","Camden 003C","E01000921","Total",1257,70,168,801,218,632,28,71,408,125,625,42,97,393,93
"2011","Camden 003D","E01000923","Total",795,67,113,434,181,390,23,38,216,113,405,44,75,218,68
"2011","Camden 003E","E01000928","Total",846,81,127,477,161,440,25,41,265,109,406,56,86,212,52
"2011","Camden 004A","E01000878","Total",675,103,84,292,196,385,41,34,171,139,290,62,50,121,57
"2011","Camden 004B","E01000879","Total",737,74,91,340,232,408,26,34,180,168,329,48,57,160,64
"2011","Camden 004C","E01000880","Total",790,57,81,356,296,444,18,28,179,219,346,39,53,177,77
"2011","Camden 004D","E01000884","Total",716,89,108,277,242,396,34,31,149,182,320,55,77,128,60
"2011","Camden 004E","E01000885","Total",664,78,100,274,212,382,29,39,161,153,282,49,61,113,59
"2011","Camden 005A","E01000871","Total",865,79,123,462,201,457,25,40,247,145,408,54,83,215,56
"2011","Camden 005B","E01000872","Total",1191,77,141,772,201,637,20,59,414,144,554,57,82,358,57
"2011","Camden 005C","E01000873","Total",1004,69,113,581,241,527,36,42,296,153,477,33,71,285,88
"2011","Camden 005D","E01000874","Total",943,82,109,502,250,482,28,41,251,162,461,54,68,251,88
"2011","Camden 005E","E01000877","Total",973,49,105,588,231,505,20,36,290,159,468,29,69,298,72
"2011","Camden 006A","E01000886","Total",802,54,138,437,173,404,15,52,217,120,398,39,86,220,53
"2011","Camden 006B","E01000887","Total",885,55,105,493,232,450,23,23,252,152,435,32,82,241,80
"2011","Camden 006C","E01000888","Total",812,67,123,424,198,421,22,36,228,135,391,45,87,196,63
"2011","Camden 006D","E01000892","Total",943,45,133,521,244,498,12,46,274,166,445,33,87,247,78
"2011","Camden 006E","E01000903","Total",768,67,97,403,201,400,24,40,201,135,368,43,57,202,66
"2011","Camden 007A","E01000889","Total",659,71,137,368,83,329,31,49,195,54,330,40,88,173,29
"2011","Camden 007B","E01000890","Total",575,68,147,314,46,304,27,70,170,37,271,41,77,144,9
"2011","Camden 007C","E01000891","Total",540,56,120,303,61,290,20,65,163,42,250,36,55,140,19
"2011","Camden 007D","E01000901","Total",680,63,149,377,91,341,27,62,196,56,339,36,87,181,35
"2011","Camden 007E","E01000922","Total",756,69,91,461,135,406,27,35,256,88,350,42,56,205,47
"2011","Camden 007F","E01000927","Total",998,80,128,573,217,538,37,44,322,135,460,43,84,251,82
"2011","Camden 008A","E01000881","Total",795,55,95,384,261,424,16,40,193,175,371,39,55,191,86
"2011","Camden 008B","E01000882","Total",954,69,92,464,329,506,24,32,231,219,448,45,60,233,110
"2011","Camden 008C","E01000883","Total",717,48,57,383,229,384,16,23,203,142,333,32,34,180,87
"2011","Camden 008D","E01000897","Total",870,74,95,355,346,484,17,37,184,246,386,57,58,171,100
"2011","Camden 008E","E01000898","Total",978,60,79,571,268,510,22,44,276,168,468,38,35,295,100
"2011","Camden 009A","E01000866","Total",1044,83,169,591,201,511,21,66,310,114,533,62,103,281,87
"2011","Camden 009B","E01000870","Total",873,66,142,506,159,419,18,44,255,102,454,48,98,251,57
"2011","Camden 009C","E01000924","Total",989,78,134,564,213,509,31,42,309,127,480,47,92,255,86
"2011","Camden 009D","E01000925","Total",583,61,114,328,80,286,18,43,167,58,297,43,71,161,22
"2011","Camden 009E","E01000926","Total",1103,75,107,753,168,553,29,40,371,113,550,46,67,382,55
"2011","Camden 010A","E01000969","Total",1369,65,120,782,402,683,22,37,365,259,686,43,83,417,143
"2011","Camden 010B","E01000970","Total",1098,44,79,639,336,558,14,28,325,191,540,30,51,314,145
"2011","Camden 010C","E01000971","Total",903,54,112,519,218,458,16,35,266,141,445,38,77,253,77
"2011","Camden 010D","E01000972","Total",985,73,116,594,202,500,24,43,309,124,485,49,73,285,78
"2011","Camden 010E","E01000973","Total",1149,73,118,693,265,564,24,50,336,154,585,49,68,357,111
"2011","Camden 011A","E01000842","Total",849,64,90,401,294,450,26,32,197,195,399,38,58,204,99
"2011","Camden 011B","E01000844","Total",1089,58,96,546,389,594,16,38,293,247,495,42,58,253,142
"2011","Camden 011C","E01000848","Total",1008,62,108,502,336,521,21,29,244,227,487,41,79,258,109
"2011","Camden 011D","E01000849","Total",982,58,128,511,285,487,20,39,249,179,495,38,89,262,106
"2011","Camden 012A","E01000900","Total",885,70,122,518,175,446,29,55,254,108,439,41,67,264,67
"2011","Camden 012B","E01000902","Total",550,61,111,301,77,276,32,46,143,55,274,29,65,158,22
"2011","Camden 012C","E01000904","Total",1016,83,181,561,191,515,31,78,273,133,501,52,103,288,58
"2011","Camden 012D","E01000905","Total",693,78,155,381,79,340,25,70,199,46,353,53,85,182,33
"2011","Camden 012E","E01000906","Total",945,59,86,508,292,454,20,30,215,189,491,39,56,293,103
"2011","Camden 013A","E01000875","Total",982,55,119,610,198,525,21,60,325,119,457,34,59,285,79
"2011","Camden 013B","E01000876","Total",839,74,106,502,157,433,27,49,264,93,406,47,57,238,64
"2011","Camden 013C","E01000931","Total",897,71,154,520,152,449,27,66,258,98,448,44,88,262,54
"2011","Camden 013D","E01000932","Total",1223,79,110,691,343,662,39,44,334,245,561,40,66,357,98
"2011","Camden 013E","E01000974","Total",940,70,119,568,183,468,41,40,281,106,472,29,79,287,77
"2011","Camden 014A","E01000843","Total",909,71,96,446,296,455,18,38,217,182,454,53,58,229,114
"2011","Camden 014B","E01000845","Total",847,61,87,441,258,432,19,22,218,173,415,42,65,223,85
"2011","Camden 014C","E01000846","Total",582,62,127,289,104,308,20,49,163,76,274,42,78,126,28
"2011","Camden 014D","E01000847","Total",712,59,112,347,194,404,20,44,185,155,308,39,68,162,39
"2011","Camden 015A","E01000864","Total",876,56,132,516,172,449,16,51,265,117,427,40,81,251,55
"2011","Camden 015B","E01000865","Total",642,107,100,309,126,333,41,48,164,80,309,66,52,145,46
"2011","Camden 015C","E01000867","Total",700,57,134,403,106,380,24,61,227,68,320,33,73,176,38
"2011","Camden 015D","E01000868","Total",605,72,130,332,71,312,27,61,182,42,293,45,69,150,29
"2011","Camden 015E","E01000869","Total",1166,101,165,660,240,617,39,67,360,151,549,62,98,300,89
"2011","Camden 016A","E01000962","Total",1076,44,101,604,327,521,14,31,261,215,555,30,70,343,112
"2011","Camden 016B","E01000964","Total",842,43,96,444,259,427,15,32,207,173,415,28,64,237,86
"2011","Camden 016C","E01000965","Total",928,42,103,536,247,474,14,31,274,155,454,28,72,262,92
"2011","Camden 016D","E01000966","Total",997,61,80,529,327,521,22,24,265,210,476,39,56,264,117
"2011","Camden 016E","E01000968","Total",973,60,75,566,272,478,16,26,269,167,495,44,49,297,105
"2011","Camden 017A","E01000960","Total",926,71,118,478,259,474,25,55,229,165,452,46,63,249,94
"2011","Camden 017B","E01000961","Total",622,58,112,312,140,316,22,49,146,99,306,36,63,166,41
"2011","Camden 017C","E01000963","Total",853,67,61,443,282,517,25,24,255,213,336,42,37,188,69
"2011","Camden 017D","E01000967","Total",684,50,77,337,220,363,15,22,173,153,321,35,55,164,67
"2011","Camden 018A","E01000857","Total",773,43,98,390,242,412,15,32,205,160,361,28,66,185,82
"2011","Camden 018B","E01000858","Total",801,67,138,421,175,429,21,60,235,113,372,46,78,186,62
"2011","Camden 018C","E01000859","Total",992,72,122,450,348,522,19,53,229,221,470,53,69,221,127
"2011","Camden 018D","E01000860","Total",656,58,85,346,167,316,20,33,156,107,340,38,52,190,60
"2011","Camden 018E","E01000862","Total",1020,64,120,514,322,560,27,41,261,231,460,37,79,253,91
"2011","Camden 019A","E01000856","Total",731,77,130,417,107,395,36,53,225,81,336,41,77,192,26
"2011","Camden 019B","E01000861","Total",839,88,122,482,147,455,34,59,260,102,384,54,63,222,45
"2011","Camden 019C","E01000957","Total",829,78,127,513,111,443,35,64,279,65,386,43,63,234,46
"2011","Camden 019D","E01000958","Total",969,102,140,591,136,549,39,80,340,90,420,63,60,251,46
"2011","Camden 019E","E01000959","Total",602,105,124,316,57,343,46,64,187,46,259,59,60,129,11
"2011","Camden 020A","E01000929","Total",641,72,113,353,103,330,27,47,182,74,311,45,66,171,29
"2011","Camden 020B","E01000930","Total",814,68,133,463,150,395,30,65,209,91,419,38,68,254,59
"2011","Camden 020C","E01000933","Total",1037,71,115,632,219,560,30,51,343,136,477,41,64,289,83
"2011","Camden 020D","E01000934","Total",663,72,141,370,80,358,32,77,196,53,305,40,64,174,27
"2011","Camden 020E","E01000935","Total",594,48,124,333,89,300,20,51,174,55,294,28,73,159,34
"2011","Camden 021A","E01000863","Total",907,86,101,513,207,485,37,42,260,146,422,49,59,253,61
"2011","Camden 021B","E01000946","Total",756,66,87,407,196,384,26,39,198,121,372,40,48,209,75
"2011","Camden 021C","E01000947","Total",1014,91,132,585,206,613,43,62,349,159,401,48,70,236,47
"2011","Camden 021D","E01000948","Total",905,77,111,517,200,516,28,52,306,130,389,49,59,211,70
"2011","Camden 022A","E01000952","Total",654,76,143,360,75,331,26,58,192,55,323,50,85,168,20
"2011","Camden 022B","E01000953","Total",594,79,109,341,65,291,28,48,171,44,303,51,61,170,21
"2011","Camden 022C","E01000954","Total",527,57,127,277,66,278,20,56,151,51,249,37,71,126,15
"2011","Camden 022D","E01000955","Total",523,72,132,257,62,271,32,65,124,50,252,40,67,133,12
"2011","Camden 022E","E01000956","Total",586,73,113,330,70,335,29,65,191,50,251,44,48,139,20
"2011","Camden 023A","E01000944","Total",564,114,98,277,75,326,72,47,163,44,238,42,51,114,31
"2011","Camden 023B","E01000945","Total",667,140,118,299,110,332,41,57,158,76,335,99,61,141,34
"2011","Camden 023C","E01000949","Total",749,53,111,517,68,362,19,32,267,44,387,34,79,250,24
"2011","Camden 023D","E01000950","Total",485,63,120,268,34,269,25,57,163,24,216,38,63,105,10
"2011","Camden 023E","E01000951","Total",497,71,103,278,45,278,25,50,174,29,219,46,53,104,16
"2011","Camden 024A","E01000936","Total",612,89,117,301,105,333,40,52,171,70,279,49,65,130,35
"2011","Camden 024B","E01000938","Total",801,126,151,395,129,445,65,66,222,92,356,61,85,173,37
"2011","Camden 024C","E01000939","Total",391,76,92,180,43,236,36,55,117,28,155,40,37,63,15
"2011","Camden 024D","E01000940","Total",394,60,65,209,60,211,20,24,124,43,183,40,41,85,17
"2011","Camden 025A","E01000853","Total",622,66,119,349,88,306,33,48,166,59,316,33,71,183,29
"2011","Camden 025B","E01000937","Total",513,92,80,253,88,251,31,27,137,56,262,61,53,116,32
"2011","Camden 025C","E01000941","Total",476,56,103,252,65,273,16,62,150,45,203,40,41,102,20
"2011","Camden 025D","E01000942","Total",694,159,73,320,142,388,69,39,192,88,306,90,34,128,54
"2011","Camden 025E","E01000943","Total",499,66,60,267,106,260,30,18,147,65,239,36,42,120,41
"2011","Camden 026A","E01000850","Total",937,66,93,543,235,559,29,41,328,161,378,37,52,215,74
"2011","Camden 026B","E01000851","Total",1017,147,113,526,231,625,86,51,327,161,392,61,62,199,70
"2011","Camden 026C","E01000852","Total",497,127,58,218,94,277,58,23,136,60,220,69,35,82,34
"2011","Camden 026D","E01000854","Total",638,77,104,307,150,356,41,39,179,97,282,36,65,128,53
"2011","Camden 027A","E01000915","Total",675,52,109,374,140,393,20,55,224,94,282,32,54,150,46
"2011","Camden 027B","E01000916","Total",972,55,109,496,312,575,22,54,278,221,397,33,55,218,91
"2011","Camden 027C","E01000917","Total",726,75,154,386,111,423,41,80,228,74,303,34,74,158,37
"2011","Camden 027D","E01000920","Total",1094,77,143,566,308,636,29,73,336,198,458,48,70,230,110
"2011","Camden 028A","E01000855","Total",1110,53,118,696,243,600,30,65,352,153,510,23,53,344,90
"2011","Camden 028B","E01000914","Total",952,75,86,493,298,556,27,41,287,201,396,48,45,206,97
"2011","Camden 028C","E01000918","Total",1038,131,168,515,224,617,62,95,295,165,421,69,73,220,59
"2011","Camden 028D","E01000919","Total",1008,124,154,494,236,610,40,106,289,175,398,84,48,205,61
"2011","City of London 001A","E01000001","Total",926,55,87,424,360,529,28,41,229,231,397,27,46,195,129
"2011","City of London 001B","E01000002","Total",910,62,80,443,325,538,33,32,243,230,372,29,48,200,95
"2011","City of London 001C","E01000003","Total",764,39,104,414,207,450,20,47,245,138,314,19,57,169,69
"2011","City of London 001E","E01000005","Total",476,38,76,271,91,276,19,41,153,63,200,19,35,118,28
"2011","City of London 001F","E01032739","Total",819,29,36,338,416,534,15,11,208,300,285,14,25,130,116
"2011","City of London 001G","E01032740","Total",852,37,35,362,418,556,22,18,217,299,296,15,17,145,119
"2011","Hackney 001A","E01001808","Total",655,72,291,232,60,304,25,102,129,48,351,47,189,103,12
"2011","Hackney 001B","E01001809","Total",678,85,234,296,63,354,16,109,183,46,324,69,125,113,17
"2011","Hackney 001C","E01001814","Total",696,70,201,361,64,355,21,76,215,43,341,49,125,146,21
"2011","Hackney 001D","E01001823","Total",581,83,237,224,37,307,31,122,130,24,274,52,115,94,13
"2011","Hackney 001E","E01001825","Total",471,63,219,151,38,245,20,105,93,27,226,43,114,58,11
"2011","Hackney 002A","E01001714","Total",656,62,129,387,78,353,22,62,217,52,303,40,67,170,26
"2011","Hackney 002D","E01001811","Total",552,67,150,301,34,279,27,63,165,24,273,40,87,136,10
"2011","Hackney 002E","E01001813","Total",489,70,117,251,51,258,29,46,142,41,231,41,71,109,10
"2011","Hackney 002F","E01033701","Total",650,59,143,390,58,377,25,74,234,44,273,34,69,156,14
"2011","Hackney 003A","E01001799","Total",582,60,203,258,61,277,23,81,141,32,305,37,122,117,29
"2011","Hackney 003B","E01001802","Total",482,52,156,239,35,264,24,69,141,30,218,28,87,98,5
"2011","Hackney 003C","E01001804","Total",545,57,181,261,46,267,25,69,142,31,278,32,112,119,15
"2011","Hackney 003D","E01001807","Total",780,58,213,407,102,403,24,93,217,69,377,34,120,190,33
"2011","Hackney 003E","E01001812","Total",620,71,217,274,58,290,26,92,139,33,330,45,125,135,25
"2011","Hackney 004A","E01001725","Total",647,55,217,315,60,321,20,99,163,39,326,35,118,152,21
"2011","Hackney 004B","E01001726","Total",523,46,172,252,53,279,20,80,147,32,244,26,92,105,21
"2011","Hackney 004C","E01001800","Total",550,74,209,228,39,240,31,77,106,26,310,43,132,122,13
"2011","Hackney 004D","E01001824","Total",480,67,180,187,46,240,31,83,89,37,240,36,97,98,9
"2011","Hackney 004E","E01001826","Total",598,72,239,249,38,325,35,116,151,23,273,37,123,98,15
"2011","Hackney 006A","E01001723","Total",998,105,219,559,115,532,47,104,302,79,466,58,115,257,36
"2011","Hackney 006B","E01001724","Total",1362,109,229,809,215,706,48,103,425,130,656,61,126,384,85
"2011","Hackney 006C","E01001727","Total",786,80,223,393,90,423,29,112,221,61,363,51,111,172,29
"2011","Hackney 006D","E01001768","Total",1034,78,188,615,153,513,23,90,301,99,521,55,98,314,54
"2011","Hackney 006E","E01001769","Total",898,72,144,577,105,454,34,65,288,67,444,38,79,289,38
"2011","Hackney 007A","E01001715","Total",953,49,98,663,143,520,26,43,358,93,433,23,55,305,50
"2011","Hackney 007B","E01001716","Total",745,64,104,477,100,406,38,41,267,60,339,26,63,210,40
"2011","Hackney 007C","E01001717","Total",589,40,94,376,79,296,14,45,180,57,293,26,49,196,22
"2011","Hackney 007D","E01001718","Total",1284,92,130,764,298,668,43,59,384,182,616,49,71,380,116
"2011","Hackney 007E","E01001719","Total",542,50,99,330,63,291,20,55,170,46,251,30,44,160,17
"2011","Hackney 007F","E01001720","Total",1237,79,132,768,258,599,25,55,371,148,638,54,77,397,110
"2011","Hackney 008A","E01001742","Total",955,67,175,560,153,452,27,73,265,87,503,40,102,295,66
"2011","Hackney 008B","E01001801","Total",588,72,166,259,91,270,26,63,128,53,318,46,103,131,38
"2011","Hackney 008C","E01001803","Total",953,68,190,543,152,483,25,76,285,97,470,43,114,258,55
"2011","Hackney 008D","E01001806","Total",788,60,132,470,126,371,27,43,229,72,417,33,89,241,54
"2011","Hackney 009A","E01001741","Total",869,69,144,483,173,427,22,45,251,109,442,47,99,232,64
"2011","Hackney 009B","E01001805","Total",734,51,134,436,113,366,24,52,228,62,368,27,82,208,51
"2011","Hackney 009C","E01001829","Total",1052,79,150,625,198,522,30,47,330,115,530,49,103,295,83
"2011","Hackney 009D","E01001831","Total",1009,62,126,643,178,527,24,52,323,128,482,38,74,320,50
"2011","Hackney 009E","E01001832","Total",934,74,141,586,133,480,33,60,299,88,454,41,81,287,45
"2011","Hackney 010A","E01001764","Total",847,68,157,523,99,444,36,83,268,57,403,32,74,255,42
"2011","Hackney 010B","E01001765","Total",591,76,151,324,40,310,37,67,177,29,281,39,84,147,11
"2011","Hackney 010D","E01001767","Total",792,67,167,450,108,425,30,80,248,67,367,37,87,202,41
"2011","Hackney 010E","E01001770","Total",730,79,171,395,85,394,34,85,218,57,336,45,86,177,28
"2011","Hackney 010F","E01033703","Total",691,38,127,438,88,352,18,46,230,58,339,20,81,208,30
"2011","Hackney 010G","E01033713","Total",699,58,122,432,87,368,27,50,237,54,331,31,72,195,33
"2011","Hackney 011A","E01001792","Total",816,84,153,489,90,430,38,65,268,59,386,46,88,221,31
"2011","Hackney 011B","E01001793","Total",907,68,167,558,114,475,34,65,305,71,432,34,102,253,43
"2011","Hackney 011C","E01001794","Total",961,88,178,559,136,482,28,69,307,78,479,60,109,252,58
"2011","Hackney 011D","E01001795","Total",774,55,150,455,114,374,22,58,231,63,400,33,92,224,51
"2011","Hackney 011E","E01001796","Total",900,71,175,546,108,480,30,73,311,66,420,41,102,235,42
"2011","Hackney 012A","E01001736","Total",926,56,156,581,133,468,25,60,295,88,458,31,96,286,45
"2011","Hackney 012B","E01001737","Total",1114,63,173,676,202,597,25,67,381,124,517,38,106,295,78
"2011","Hackney 012C","E01001738","Total",1041,59,164,649,169,528,25,67,337,99,513,34,97,312,70
"2011","Hackney 012D","E01001739","Total",1236,80,191,762,203,617,32,66,401,118,619,48,125,361,85
"2011","Hackney 013A","E01001786","Total",655,57,166,382,50,356,33,72,216,35,299,24,94,166,15
"2011","Hackney 013B","E01001787","Total",471,53,103,258,57,232,22,34,134,42,239,31,69,124,15
"2011","Hackney 013C","E01001788","Total",492,50,114,279,49,241,19,47,140,35,251,31,67,139,14
"2011","Hackney 013D","E01001790","Total",465,60,120,249,36,234,26,49,132,27,231,34,71,117,9
"2011","Hackney 014A","E01001740","Total",624,61,152,341,70,326,27,67,176,56,298,34,85,165,14
"2011","Hackney 014B","E01001747","Total",1229,98,186,742,203,659,55,78,394,132,570,43,108,348,71
"2011","Hackney 014C","E01001830","Total",997,94,149,646,108,566,51,70,363,82,431,43,79,283,26
"2011","Hackney 014D","E01001833","Total",1122,94,195,652,181,540,33,84,322,101,582,61,111,330,80
"2011","Hackney 014E","E01001834","Total",1230,107,198,733,192,638,54,86,369,129,592,53,112,364,63
"2011","Hackney 014F","E01001835","Total",763,48,112,469,134,377,18,44,228,87,386,30,68,241,47
"2011","Hackney 015A","E01001733","Total",959,88,199,539,133,499,35,79,305,80,460,53,120,234,53
"2011","Hackney 015B","E01001785","Total",684,56,135,397,96,318,25,53,187,53,366,31,82,210,43
"2011","Hackney 015C","E01001789","Total",871,97,181,466,127,450,47,64,250,89,421,50,117,216,38
"2011","Hackney 015D","E01001791","Total",604,70,149,314,71,277,25,54,150,48,327,45,95,164,23
"2011","Hackney 016A","E01001745","Total",1070,107,201,601,161,560,39,88,324,109,510,68,113,277,52
"2011","Hackney 016B","E01001746","Total",606,51,177,319,59,301,23,71,168,39,305,28,106,151,20
"2011","Hackney 016C","E01001757","Total",716,66,192,404,54,348,36,76,205,31,368,30,116,199,23
"2011","Hackney 016D","E01001758","Total",931,74,172,575,110,498,34,86,309,69,433,40,86,266,41
"2011","Hackney 016E","E01001759","Total",922,79,158,541,144,479,42,66,285,86,443,37,92,256,58
"2011","Hackney 016F","E01001761","Total",895,74,175,517,129,463,33,73,284,73,432,41,102,233,56
"2011","Hackney 017A","E01001731","Total",1145,91,218,700,136,625,46,106,378,95,520,45,112,322,41
"2011","Hackney 017B","E01001734","Total",992,78,208,585,121,509,31,93,314,71,483,47,115,271,50
"2011","Hackney 017C","E01001760","Total",945,70,159,587,129,466,34,65,291,76,479,36,94,296,53
"2011","Hackney 017D","E01001762","Total",1067,75,170,611,211,523,26,62,311,124,544,49,108,300,87
"2011","Hackney 018A","E01001846","Total",493,42,94,310,47,238,18,39,151,30,255,24,55,159,17
"2011","Hackney 018B","E01001847","Total",490,50,95,268,77,251,22,37,139,53,239,28,58,129,24
"2011","Hackney 018C","E01001848","Total",695,57,112,419,107,364,22,55,219,68,331,35,57,200,39
"2011","Hackney 018D","E01001849","Total",1136,99,176,712,149,597,49,69,385,94,539,50,107,327,55
"2011","Hackney 019A","E01001729","Total",809,69,175,490,75,448,37,88,269,54,361,32,87,221,21
"2011","Hackney 019B","E01001730","Total",685,68,152,405,60,368,30,75,228,35,317,38,77,177,25
"2011","Hackney 019C","E01001732","Total",633,58,137,368,70,340,36,60,199,45,293,22,77,169,25
"2011","Hackney 019D","E01001735","Total",773,59,136,468,110,385,23,46,252,64,388,36,90,216,46
"2011","Hackney 019E","E01001838","Total",535,71,142,263,59,286,34,55,154,43,249,37,87,109,16
"2011","Hackney 019F","E01001850","Total",603,79,142,340,42,308,35,51,189,33,295,44,91,151,9
"2011","Hackney 020A","E01001748","Total",1406,103,187,838,278,759,56,80,447,176,647,47,107,391,102
"2011","Hackney 020B","E01001749","Total",1057,65,146,643,203,541,27,50,341,123,516,38,96,302,80
"2011","Hackney 020C","E01001763","Total",841,79,137,483,142,430,28,53,261,88,411,51,84,222,54
"2011","Hackney 020D","E01001816","Total",805,59,130,483,133,408,24,52,257,75,397,35,78,226,58
"2011","Hackney 020E","E01001819","Total",842,60,139,478,165,435,25,55,243,112,407,35,84,235,53
"2011","Hackney 021B","E01001744","Total",969,86,184,536,163,496,31,90,274,101,473,55,94,262,62
"2011","Hackney 021C","E01001750","Total",1005,66,172,559,208,517,20,69,286,142,488,46,103,273,66
"2011","Hackney 021D","E01001751","Total",1065,49,129,596,291,563,19,47,307,190,502,30,82,289,101
"2011","Hackney 021E","E01001756","Total",1401,79,185,848,289,717,22,76,444,175,684,57,109,404,114
"2011","Hackney 021F","E01033698","Total",523,44,104,303,72,288,22,49,167,50,235,22,55,136,22
"2011","Hackney 021G","E01033699","Total",788,55,109,507,117,437,25,55,283,74,351,30,54,224,43
"2011","Hackney 021H","E01033700","Total",994,54,121,628,191,553,24,50,350,129,441,30,71,278,62
"2011","Hackney 021I","E01033707","Total",768,73,100,446,149,405,31,40,229,105,363,42,60,217,44
"2011","Hackney 022A","E01001836","Total",950,55,149,588,158,488,26,60,303,99,462,29,89,285,59
"2011","Hackney 022B","E01001840","Total",667,65,135,373,94,353,31,52,204,66,314,34,83,169,28
"2011","Hackney 022C","E01001841","Total",675,51,109,407,108,355,22,34,221,78,320,29,75,186,30
"2011","Hackney 022D","E01001844","Total",996,82,168,573,173,515,31,77,295,112,481,51,91,278,61
"2011","Hackney 022E","E01001845","Total",596,51,143,346,56,313,23,59,194,37,283,28,84,152,19
"2011","Hackney 023B","E01001837","Total",926,48,128,563,187,452,17,50,270,115,474,31,78,293,72
"2011","Hackney 023C","E01001839","Total",1292,91,198,771,232,631,36,73,370,152,661,55,125,401,80
"2011","Hackney 023D","E01001842","Total",717,69,141,412,95,361,22,53,224,62,356,47,88,188,33
"2011","Hackney 023E","E01001843","Total",572,39,99,347,87,277,17,35,167,58,295,22,64,180,29
"2011","Hackney 023F","E01033704","Total",1141,73,157,697,214,615,33,63,394,125,526,40,94,303,89
"2011","Hackney 023G","E01033712","Total",883,62,170,489,162,430,18,65,254,93,453,44,105,235,69
"2011","Hackney 024A","E01001772","Total",415,41,104,220,50,230,24,50,125,31,185,17,54,95,19
"2011","Hackney 024B","E01001774","Total",1111,72,174,659,206,588,31,66,365,126,523,41,108,294,80
"2011","Hackney 024C","E01001775","Total",745,63,116,452,114,400,31,44,248,77,345,32,72,204,37
"2011","Hackney 024D","E01001815","Total",734,69,117,449,99,374,40,46,223,65,360,29,71,226,34
"2011","Hackney 024E","E01001820","Total",638,78,118,367,75,329,32,62,186,49,309,46,56,181,26
"2011","Hackney 024F","E01001821","Total",627,60,112,374,81,326,23,47,201,55,301,37,65,173,26
"2011","Hackney 025A","E01001752","Total",1433,80,132,851,370,811,37,56,470,248,622,43,76,381,122
"2011","Hackney 025B","E01001753","Total",625,58,146,354,67,333,25,61,198,49,292,33,85,156,18
"2011","Hackney 025C","E01001754","Total",1264,106,157,783,218,696,44,67,430,155,568,62,90,353,63
"2011","Hackney 025D","E01001755","Total",763,74,159,446,84,407,42,74,240,51,356,32,85,206,33
"2011","Hackney 025E","E01001773","Total",965,69,157,543,196,526,29,67,304,126,439,40,90,239,70
"2011","Hackney 025F","E01001776","Total",624,47,109,376,92,357,26,54,212,65,267,21,55,164,27
"2011","Hackney 026A","E01001779","Total",1197,90,162,683,262,629,29,72,365,163,568,61,90,318,99
"2011","Hackney 026B","E01001781","Total",662,82,123,360,97,361,36,59,197,69,301,46,64,163,28
"2011","Hackney 026C","E01001782","Total",1356,76,154,773,353,765,29,48,445,243,591,47,106,328,110
"2011","Hackney 026D","E01001783","Total",755,98,168,400,89,369,40,80,187,62,386,58,88,213,27
"2011","Hackney 027B","E01001777","Total",1228,86,171,753,218,692,35,91,419,147,536,51,80,334,71
"2011","Hackney 027D","E01001780","Total",884,52,162,484,186,505,19,73,278,135,379,33,89,206,51
"2011","Hackney 027E","E01001784","Total",969,115,172,539,143,511,40,75,297,99,458,75,97,242,44
"2011","Hackney 027F","E01033706","Total",1095,55,91,565,384,656,25,39,321,271,439,30,52,244,113
"2011","Hackney 027G","E01033708","Total",1227,65,101,595,466,805,33,63,371,338,422,32,38,224,128
"2011","Hackney 027H","E01033709","Total",998,73,111,629,185,541,26,50,331,134,457,47,61,298,51
"2011","Hackney 027I","E01033711","Total",675,34,76,393,172,396,16,36,212,132,279,18,40,181,40
"2011","Hackney 028A","E01001798","Total",657,73,159,362,63,375,39,75,216,45,282,34,84,146,18
"2011","Hackney 028B","E01001828","Total",759,79,199,409,72,377,33,89,210,45,382,46,110,199,27
"2011","Hackney 028C","E01033702","Total",514,50,99,294,71,286,22,43,172,49,228,28,56,122,22
"2011","Hackney 028D","E01033705","Total",600,54,127,354,65,306,21,52,186,47,294,33,75,168,18
"2011","Hackney 028E","E01033710","Total",570,54,100,338,78,322,29,40,195,58,248,25,60,143,20
"2011","Hackney 029A","E01001722","Total",887,91,190,500,106,453,52,76,265,60,434,39,114,235,46
"2011","Hackney 029B","E01001728","Total",619,93,277,218,31,262,24,98,123,17,357,69,179,95,14
"2011","Hackney 029C","E01001822","Total",613,81,191,283,58,326,39,87,159,41,287,42,104,124,17
"2011","Hackney 029D","E01001827","Total",591,75,194,287,35,297,27,77,166,27,294,48,117,121,8
"2011","Hammersmith and Fulham 001A","E01001874","Total",1184,94,157,774,159,557,31,47,376,103,627,63,110,398,56
"2011","Hammersmith and Fulham 001B","E01001875","Total",699,60,145,430,64,349,18,64,219,48,350,42,81,211,16
"2011","Hammersmith and Fulham 001C","E01001876","Total",883,92,128,554,109,445,47,59,264,75,438,45,69,290,34
"2011","Hammersmith and Fulham 001D","E01001877","Total",706,64,110,432,100,356,34,39,215,68,350,30,71,217,32
"2011","Hammersmith and Fulham 001E","E01001878","Total",672,79,151,377,65,320,20,49,208,43,352,59,102,169,22
"2011","Hammersmith and Fulham 002A","E01001955","Total",683,72,123,390,98,347,22,52,196,77,336,50,71,194,21
"2011","Hammersmith and Fulham 002B","E01001957","Total",625,74,136,363,52,336,33,57,205,41,289,41,79,158,11
"2011","Hammersmith and Fulham 002C","E01001958","Total",642,66,182,340,54,314,21,73,179,41,328,45,109,161,13
"2011","Hammersmith and Fulham 002D","E01001961","Total",542,76,133,276,57,267,30,59,138,40,275,46,74,138,17
"2011","Hammersmith and Fulham 003A","E01001954","Total",744,58,124,425,137,366,17,36,224,89,378,41,88,201,48
"2011","Hammersmith and Fulham 003B","E01001956","Total",734,73,109,423,129,372,28,36,216,92,362,45,73,207,37
"2011","Hammersmith and Fulham 003C","E01001959","Total",665,71,126,393,75,351,26,54,219,52,314,45,72,174,23
"2011","Hammersmith and Fulham 003D","E01001960","Total",1174,87,103,738,246,577,40,32,354,151,597,47,71,384,95
"2011","Hammersmith and Fulham 004A","E01001943","Total",1135,74,131,702,228,610,38,56,368,148,525,36,75,334,80
"2011","Hammersmith and Fulham 004B","E01001944","Total",681,84,127,362,108,356,43,51,189,73,325,41,76,173,35
"2011","Hammersmith and Fulham 004C","E01001945","Total",1018,84,138,597,199,504,31,55,294,124,514,53,83,303,75
"2011","Hammersmith and Fulham 004D","E01001946","Total",950,69,115,572,194,490,36,36,288,130,460,33,79,284,64
"2011","Hammersmith and Fulham 005A","E01001862","Total",962,55,136,598,173,512,26,56,321,109,450,29,80,277,64
"2011","Hammersmith and Fulham 005B","E01001940","Total",843,55,108,533,147,415,24,35,268,88,428,31,73,265,59
"2011","Hammersmith and Fulham 005C","E01001941","Total",1150,60,110,774,206,581,31,43,388,119,569,29,67,386,87
"2011","Hammersmith and Fulham 005D","E01001942","Total",1123,56,150,706,211,581,27,63,355,136,542,29,87,351,75
"2011","Hammersmith and Fulham 006A","E01001858","Total",934,85,137,562,150,506,39,60,310,97,428,46,77,252,53
"2011","Hammersmith and Fulham 006B","E01001860","Total",903,87,161,535,120,523,45,79,310,89,380,42,82,225,31
"2011","Hammersmith and Fulham 006C","E01001861","Total",794,70,99,461,164,386,28,30,229,99,408,42,69,232,65
"2011","Hammersmith and Fulham 006D","E01001863","Total",900,59,109,566,166,460,19,34,284,123,440,40,75,282,43
"2011","Hammersmith and Fulham 006E","E01001864","Total",899,53,119,579,148,473,21,38,317,97,426,32,81,262,51
"2011","Hammersmith and Fulham 007A","E01001852","Total",1251,61,115,768,307,649,21,40,408,180,602,40,75,360,127
"2011","Hammersmith and Fulham 007B","E01001853","Total",977,48,120,530,279,501,15,40,267,179,476,33,80,263,100
"2011","Hammersmith and Fulham 007C","E01001854","Total",1084,71,122,648,243,545,27,43,329,146,539,44,79,319,97
"2011","Hammersmith and Fulham 007D","E01001857","Total",723,56,121,427,119,350,25,30,222,73,373,31,91,205,46
"2011","Hammersmith and Fulham 008A","E01001859","Total",1370,95,178,878,219,679,28,70,443,138,691,67,108,435,81
"2011","Hammersmith and Fulham 008B","E01001865","Total",1007,56,127,626,198,541,29,51,357,104,466,27,76,269,94
"2011","Hammersmith and Fulham 008C","E01001927","Total",760,88,114,387,171,464,46,43,248,127,296,42,71,139,44
"2011","Hammersmith and Fulham 008D","E01001930","Total",890,71,118,509,192,479,16,43,286,134,411,55,75,223,58
"2011","Hammersmith and Fulham 009A","E01001895","Total",907,68,130,476,233,467,41,49,225,152,440,27,81,251,81
"2011","Hammersmith and Fulham 009B","E01001896","Total",861,120,88,488,165,457,82,32,245,98,404,38,56,243,67
"2011","Hammersmith and Fulham 009C","E01001897","Total",811,44,112,444,211,438,14,32,239,153,373,30,80,205,58
"2011","Hammersmith and Fulham 009D","E01001929","Total",741,47,85,393,216,391,10,24,206,151,350,37,61,187,65
"2011","Hammersmith and Fulham 010A","E01001851","Total",982,56,124,505,297,499,20,39,235,205,483,36,85,270,92
"2011","Hammersmith and Fulham 010B","E01001855","Total",1106,43,104,634,325,547,14,36,300,197,559,29,68,334,128
"2011","Hammersmith and Fulham 010C","E01001856","Total",874,68,127,471,208,452,38,39,227,148,422,30,88,244,60
"2011","Hammersmith and Fulham 010D","E01001869","Total",714,37,83,345,249,389,13,17,191,168,325,24,66,154,81
"2011","Hammersmith and Fulham 010E","E01001873","Total",812,60,120,475,157,391,22,43,227,99,421,38,77,248,58
"2011","Hammersmith and Fulham 011A","E01001928","Total",876,68,122,487,199,456,23,43,243,147,420,45,79,244,52
"2011","Hammersmith and Fulham 011B","E01001931","Total",795,66,113,482,134,412,18,40,274,80,383,48,73,208,54
"2011","Hammersmith and Fulham 011C","E01001932","Total",956,66,91,596,203,533,30,36,330,137,423,36,55,266,66
"2011","Hammersmith and Fulham 011D","E01001933","Total",703,65,107,373,158,376,24,40,202,110,327,41,67,171,48
"2011","Hammersmith and Fulham 012A","E01001866","Total",884,77,98,482,227,431,26,34,225,146,453,51,64,257,81
"2011","Hammersmith and Fulham 012B","E01001867","Total",637,61,76,343,157,324,32,33,167,92,313,29,43,176,65
"2011","Hammersmith and Fulham 012C","E01001868","Total",626,55,105,380,86,308,21,26,202,59,318,34,79,178,27
"2011","Hammersmith and Fulham 012D","E01001870","Total",1236,82,118,740,296,649,39,48,366,196,587,43,70,374,100
"2011","Hammersmith and Fulham 012E","E01001871","Total",896,52,102,517,225,485,16,55,260,154,411,36,47,257,71
"2011","Hammersmith and Fulham 012F","E01001872","Total",971,73,109,574,215,521,33,52,304,132,450,40,57,270,83
"2011","Hammersmith and Fulham 013A","E01001893","Total",590,54,82,363,91,305,23,29,194,59,285,31,53,169,32
"2011","Hammersmith and Fulham 013B","E01001894","Total",673,50,102,402,119,349,21,50,196,82,324,29,52,206,37
"2011","Hammersmith and Fulham 013C","E01001898","Total",962,73,101,571,217,519,35,38,305,141,443,38,63,266,76
"2011","Hammersmith and Fulham 013D","E01001899","Total",593,40,115,343,95,285,17,39,172,57,308,23,76,171,38
"2011","Hammersmith and Fulham 013E","E01001900","Total",890,69,122,555,144,456,25,49,287,95,434,44,73,268,49
"2011","Hammersmith and Fulham 014A","E01001889","Total",855,51,69,505,230,452,15,24,255,158,403,36,45,250,72
"2011","Hammersmith and Fulham 014B","E01001910","Total",1024,47,109,657,211,525,18,32,342,133,499,29,77,315,78
"2011","Hammersmith and Fulham 014C","E01001913","Total",1185,56,61,685,383,606,21,24,328,233,579,35,37,357,150
"2011","Hammersmith and Fulham 014D","E01001914","Total",1148,58,117,714,259,578,28,56,341,153,570,30,61,373,106
"2011","Hammersmith and Fulham 015A","E01001885","Total",480,62,104,276,38,226,22,46,134,24,254,40,58,142,14
"2011","Hammersmith and Fulham 015B","E01001908","Total",1092,56,102,693,241,574,25,51,345,153,518,31,51,348,88
"2011","Hammersmith and Fulham 015C","E01001909","Total",1044,73,95,620,256,562,29,28,325,180,482,44,67,295,76
"2011","Hammersmith and Fulham 015D","E01001911","Total",784,73,144,454,113,385,27,53,240,65,399,46,91,214,48
"2011","Hammersmith and Fulham 015E","E01001912","Total",624,70,108,341,105,324,28,38,186,72,300,42,70,155,33
"2011","Hammersmith and Fulham 016A","E01001886","Total",751,59,106,435,151,381,24,32,227,98,370,35,74,208,53
"2011","Hammersmith and Fulham 016B","E01001887","Total",800,69,100,451,180,417,21,35,244,117,383,48,65,207,63
"2011","Hammersmith and Fulham 016C","E01001890","Total",1148,66,92,787,203,550,21,33,364,132,598,45,59,423,71
"2011","Hammersmith and Fulham 016D","E01001892","Total",698,51,97,400,150,356,21,34,204,97,342,30,63,196,53
"2011","Hammersmith and Fulham 017A","E01001880","Total",885,56,97,513,219,447,21,33,241,152,438,35,64,272,67
"2011","Hammersmith and Fulham 017B","E01001881","Total",1019,58,92,549,320,507,25,31,248,203,512,33,61,301,117
"2011","Hammersmith and Fulham 017C","E01001882","Total",1162,64,93,690,315,555,36,28,297,194,607,28,65,393,121
"2011","Hammersmith and Fulham 017D","E01001883","Total",825,66,72,474,213,418,31,23,233,131,407,35,49,241,82
"2011","Hammersmith and Fulham 017E","E01001884","Total",1010,67,102,617,224,540,29,31,333,147,470,38,71,284,77
"2011","Hammersmith and Fulham 018A","E01001888","Total",892,76,80,521,215,438,25,26,245,142,454,51,54,276,73
"2011","Hammersmith and Fulham 018B","E01001891","Total",1310,75,109,880,246,651,30,34,428,159,659,45,75,452,87
"2011","Hammersmith and Fulham 018C","E01001917","Total",782,50,102,445,185,389,18,37,211,123,393,32,65,234,62
"2011","Hammersmith and Fulham 018D","E01001918","Total",848,65,87,464,232,426,21,25,213,167,422,44,62,251,65
"2011","Hammersmith and Fulham 018E","E01001919","Total",785,61,109,405,210,402,20,31,195,156,383,41,78,210,54
"2011","Hammersmith and Fulham 019A","E01001879","Total",793,61,96,468,168,383,19,28,230,106,410,42,68,238,62
"2011","Hammersmith and Fulham 019B","E01001901","Total",915,48,94,463,310,469,16,38,207,208,446,32,56,256,102
"2011","Hammersmith and Fulham 019C","E01001902","Total",1056,60,107,590,299,517,17,40,276,184,539,43,67,314,115
"2011","Hammersmith and Fulham 019D","E01001903","Total",847,62,109,518,158,466,36,39,283,108,381,26,70,235,50
"2011","Hammersmith and Fulham 020A","E01001920","Total",750,49,78,455,168,396,22,23,240,111,354,27,55,215,57
"2011","Hammersmith and Fulham 020B","E01001921","Total",857,56,78,415,308,459,17,29,206,207,398,39,49,209,101
"2011","Hammersmith and Fulham 020C","E01001922","Total",871,66,94,397,314,469,13,30,190,236,402,53,64,207,78
"2011","Hammersmith and Fulham 020D","E01001923","Total",823,51,84,414,274,443,16,26,222,179,380,35,58,192,95
"2011","Hammersmith and Fulham 020E","E01001924","Total",890,63,65,473,289,488,27,20,227,214,402,36,45,246,75
"2011","Hammersmith and Fulham 021A","E01001947","Total",595,45,121,341,88,278,15,40,159,64,317,30,81,182,24
"2011","Hammersmith and Fulham 021B","E01001948","Total",1240,64,118,657,401,613,22,36,283,272,627,42,82,374,129
"2011","Hammersmith and Fulham 021C","E01001949","Total",955,40,89,485,341,505,9,22,240,234,450,31,67,245,107
"2011","Hammersmith and Fulham 021D","E01001950","Total",953,49,95,443,366,512,11,33,217,251,441,38,62,226,115
"2011","Hammersmith and Fulham 021E","E01001951","Total",977,45,87,541,304,492,15,26,252,199,485,30,61,289,105
"2011","Hammersmith and Fulham 021F","E01001953","Total",794,50,74,455,215,403,21,27,214,141,391,29,47,241,74
"2011","Hammersmith and Fulham 022A","E01001904","Total",1004,54,91,537,322,493,19,34,235,205,511,35,57,302,117
"2011","Hammersmith and Fulham 022B","E01001905","Total",1034,61,80,561,332,548,16,28,264,240,486,45,52,297,92
"2011","Hammersmith and Fulham 022C","E01001906","Total",982,45,80,570,287,482,13,21,258,190,500,32,59,312,97
"2011","Hammersmith and Fulham 022D","E01001907","Total",744,45,66,389,244,370,17,14,180,159,374,28,52,209,85
"2011","Hammersmith and Fulham 023A","E01001935","Total",1219,70,129,686,334,604,29,40,324,211,615,41,89,362,123
"2011","Hammersmith and Fulham 023C","E01001939","Total",1034,92,156,544,242,554,42,58,292,162,480,50,98,252,80
"2011","Hammersmith and Fulham 023D","E01032788","Total",613,37,94,321,161,286,12,27,143,104,327,25,67,178,57
"2011","Hammersmith and Fulham 023E","E01032789","Total",682,31,80,386,185,337,14,30,172,121,345,17,50,214,64
"2011","Hammersmith and Fulham 023F","E01032790","Total",517,53,70,213,181,285,19,20,123,123,232,34,50,90,58
"2011","Hammersmith and Fulham 024A","E01001915","Total",738,49,81,353,255,411,15,22,203,171,327,34,59,150,84
"2011","Hammersmith and Fulham 024B","E01001916","Total",719,57,88,348,226,395,22,26,191,156,324,35,62,157,70
"2011","Hammersmith and Fulham 024C","E01001926","Total",876,49,79,433,315,469,19,20,211,219,407,30,59,222,96
"2011","Hammersmith and Fulham 024D","E01001952","Total",1129,60,88,658,323,581,17,35,324,205,548,43,53,334,118
"2011","Hammersmith and Fulham 025A","E01001925","Total",840,54,97,378,311,457,21,37,172,227,383,33,60,206,84
"2011","Hammersmith and Fulham 025B","E01001934","Total",767,58,116,418,175,395,21,38,225,111,372,37,78,193,64
"2011","Hammersmith and Fulham 025C","E01001937","Total",1082,75,100,593,314,573,26,30,297,220,509,49,70,296,94
"2011","Hammersmith and Fulham 025D","E01001938","Total",768,49,107,438,174,371,12,36,204,119,397,37,71,234,55
"2011","Haringey 001A","E01001969","Total",966,78,178,564,146,504,37,79,290,98,462,41,99,274,48
"2011","Haringey 001B","E01001971","Total",797,73,166,459,99,461,32,73,270,86,336,41,93,189,13
"2011","Haringey 001C","E01001974","Total",1273,104,226,793,150,655,37,95,412,111,618,67,131,381,39
"2011","Haringey 001D","E01001975","Total",1002,75,176,621,130,508,21,69,331,87,494,54,107,290,43
"2011","Haringey 002A","E01002036","Total",572,86,161,283,42,300,37,86,148,29,272,49,75,135,13
"2011","Haringey 002B","E01002037","Total",609,79,175,304,51,354,37,86,190,41,255,42,89,114,10
"2011","Haringey 002C","E01002039","Total",463,69,152,210,32,241,38,74,113,16,222,31,78,97,16
"2011","Haringey 002D","E01002040","Total",801,91,190,457,63,409,37,76,254,42,392,54,114,203,21
"2011","Haringey 004A","E01001962","Total",854,81,162,493,118,425,18,47,273,87,429,63,115,220,31
"2011","Haringey 004B","E01001970","Total",922,102,202,516,102,475,56,75,268,76,447,46,127,248,26
"2011","Haringey 004C","E01001972","Total",821,77,155,484,105,419,31,61,261,66,402,46,94,223,39
"2011","Haringey 004D","E01001973","Total",1159,91,181,744,143,600,40,61,398,101,559,51,120,346,42
"2011","Haringey 005A","E01002090","Total",624,74,138,361,51,332,30,56,214,32,292,44,82,147,19
"2011","Haringey 005B","E01002093","Total",617,58,151,358,50,302,18,56,191,37,315,40,95,167,13
"2011","Haringey 005C","E01002096","Total",568,70,135,310,53,299,28,52,179,40,269,42,83,131,13
"2011","Haringey 005D","E01002097","Total",604,79,147,318,60,286,31,46,170,39,318,48,101,148,21
"2011","Haringey 006A","E01002091","Total",555,67,137,296,55,288,24,59,167,38,267,43,78,129,17
"2011","Haringey 006B","E01002092","Total",653,64,147,386,56,329,31,57,197,44,324,33,90,189,12
"2011","Haringey 006C","E01002094","Total",570,64,162,304,40,274,28,51,169,26,296,36,111,135,14
"2011","Haringey 006D","E01002095","Total",607,68,148,339,52,295,33,67,160,35,312,35,81,179,17
"2011","Haringey 007A","E01002098","Total",787,70,118,488,111,418,35,37,281,65,369,35,81,207,46
"2011","Haringey 007B","E01002101","Total",979,80,202,596,101,564,25,111,352,76,415,55,91,244,25
"2011","Haringey 007C","E01002102","Total",985,95,169,584,137,504,43,59,314,88,481,52,110,270,49
"2011","Haringey 007D","E01002105","Total",1127,106,201,700,120,621,49,79,406,87,506,57,122,294,33
"2011","Haringey 008A","E01002099","Total",781,95,176,448,62,408,40,79,246,43,373,55,97,202,19
"2011","Haringey 008B","E01002100","Total",844,83,175,516,70,459,33,78,287,61,385,50,97,229,9
"2011","Haringey 008C","E01002103","Total",916,91,172,556,97,498,38,68,319,73,418,53,104,237,24
"2011","Haringey 008D","E01002104","Total",678,71,166,374,67,349,41,60,202,46,329,30,106,172,21
"2011","Haringey 009A","E01001963","Total",943,90,179,491,183,495,31,57,276,131,448,59,122,215,52
"2011","Haringey 009B","E01001964","Total",944,83,145,574,142,478,25,56,308,89,466,58,89,266,53
"2011","Haringey 009C","E01001965","Total",920,65,145,541,169,466,21,34,295,116,454,44,111,246,53
"2011","Haringey 009D","E01001966","Total",790,91,127,411,161,417,26,44,236,111,373,65,83,175,50
"2011","Haringey 010A","E01002027","Total",751,74,148,453,76,399,31,61,262,45,352,43,87,191,31
"2011","Haringey 010B","E01002028","Total",893,76,187,531,99,485,38,93,285,69,408,38,94,246,30
"2011","Haringey 010C","E01002032","Total",800,77,189,464,70,415,27,93,249,46,385,50,96,215,24
"2011","Haringey 010D","E01002033","Total",796,87,162,473,74,433,37,72,271,53,363,50,90,202,21
"2011","Haringey 011A","E01001976","Total",695,51,182,394,68,354,22,72,207,53,341,29,110,187,15
"2011","Haringey 011B","E01001977","Total",635,52,165,359,59,355,25,71,216,43,280,27,94,143,16
"2011","Haringey 011C","E01001978","Total",765,74,190,429,72,393,43,81,231,38,372,31,109,198,34
"2011","Haringey 011D","E01001979","Total",825,84,196,444,101,449,44,73,260,72,376,40,123,184,29
"2011","Haringey 012A","E01002074","Total",756,62,195,454,45,400,30,87,249,34,356,32,108,205,11
"2011","Haringey 012B","E01002077","Total",778,90,210,420,58,405,40,81,236,48,373,50,129,184,10
"2011","Haringey 012C","E01002079","Total",690,54,158,423,55,343,16,59,225,43,347,38,99,198,12
"2011","Haringey 012D","E01002081","Total",598,63,171,341,23,322,33,74,197,18,276,30,97,144,5
"2011","Haringey 013A","E01002082","Total",503,75,142,251,35,247,33,52,135,27,256,42,90,116,8
"2011","Haringey 013B","E01002086","Total",712,57,174,402,79,394,23,92,227,52,318,34,82,175,27
"2011","Haringey 013C","E01002088","Total",914,78,167,542,127,477,33,61,294,89,437,45,106,248,38
"2011","Haringey 013D","E01002089","Total",469,65,149,227,28,248,31,69,126,22,221,34,80,101,6
"2011","Haringey 014A","E01001967","Total",880,84,126,471,199,438,21,31,246,140,442,63,95,225,59
"2011","Haringey 014B","E01001968","Total",1062,86,164,638,174,522,32,43,333,114,540,54,121,305,60
"2011","Haringey 014C","E01001996","Total",901,91,130,537,143,444,24,44,275,101,457,67,86,262,42
"2011","Haringey 014D","E01001997","Total",1006,72,126,594,214,536,29,51,308,148,470,43,75,286,66
"2011","Haringey 015A","E01002075","Total",659,75,145,390,49,324,32,46,212,34,335,43,99,178,15
"2011","Haringey 015B","E01002076","Total",741,61,188,448,44,367,28,70,238,31,374,33,118,210,13
"2011","Haringey 015C","E01002078","Total",965,83,199,595,88,527,37,79,344,67,438,46,120,251,21
"2011","Haringey 015D","E01002080","Total",721,56,160,443,62,427,23,69,294,41,294,33,91,149,21
"2011","Haringey 016A","E01002026","Total",607,64,154,341,48,313,32,68,176,37,294,32,86,165,11
"2011","Haringey 016B","E01002029","Total",779,75,166,458,80,387,24,73,240,50,392,51,93,218,30
"2011","Haringey 016C","E01002030","Total",845,69,161,501,114,491,30,66,307,88,354,39,95,194,26
"2011","Haringey 016D","E01002031","Total",1007,105,212,602,88,517,40,79,336,62,490,65,133,266,26
"2011","Haringey 017A","E01001991","Total",982,75,131,599,177,485,23,40,315,107,497,52,91,284,70
"2011","Haringey 017B","E01001992","Total",899,102,139,485,173,486,27,36,292,131,413,75,103,193,42
"2011","Haringey 017C","E01001993","Total",786,93,145,355,193,417,25,26,222,144,369,68,119,133,49
"2011","Haringey 017D","E01001995","Total",1051,80,211,601,159,496,26,56,313,101,555,54,155,288,58
"2011","Haringey 018A","E01001980","Total",905,74,204,529,98,541,26,106,330,79,364,48,98,199,19
"2011","Haringey 018B","E01001981","Total",792,70,159,476,87,403,24,71,256,52,389,46,88,220,35
"2011","Haringey 018C","E01001982","Total",875,76,173,526,100,492,29,69,313,81,383,47,104,213,19
"2011","Haringey 018D","E01001983","Total",791,61,188,460,82,396,20,68,246,62,395,41,120,214,20
"2011","Haringey 019A","E01002083","Total",766,83,151,442,90,428,34,69,254,71,338,49,82,188,19
"2011","Haringey 019B","E01002084","Total",839,81,159,514,85,470,39,73,300,58,369,42,86,214,27
"2011","Haringey 019C","E01002085","Total",1089,107,196,670,116,593,48,89,386,70,496,59,107,284,46
"2011","Haringey 019D","E01002087","Total",792,64,172,452,104,432,26,70,267,69,360,38,102,185,35
"2011","Haringey 020B","E01002014","Total",1016,58,150,635,173,518,24,60,323,111,498,34,90,312,62
"2011","Haringey 020C","E01002015","Total",716,47,140,425,104,364,17,48,229,70,352,30,92,196,34
"2011","Haringey 020D","E01002018","Total",675,49,135,400,91,330,19,40,212,59,345,30,95,188,32
"2011","Haringey 020E","E01033085","Total",1091,60,141,673,217,584,28,58,352,146,507,32,83,321,71
"2011","Haringey 020F","E01033086","Total",373,43,92,188,50,193,26,34,97,36,180,17,58,91,14
"2011","Haringey 021A","E01002020","Total",901,64,165,513,159,429,24,54,245,106,472,40,111,268,53
"2011","Haringey 021B","E01002022","Total",1269,79,164,810,216,647,29,51,432,135,622,50,113,378,81
"2011","Haringey 021C","E01002023","Total",803,61,130,420,192,400,15,44,224,117,403,46,86,196,75
"2011","Haringey 021D","E01002025","Total",942,76,158,486,222,498,26,48,270,154,444,50,110,216,68
"2011","Haringey 022A","E01002013","Total",816,58,115,496,147,398,15,24,266,93,418,43,91,230,54
"2011","Haringey 022B","E01002019","Total",743,67,122,390,164,366,25,32,193,116,377,42,90,197,48
"2011","Haringey 022C","E01002021","Total",808,74,127,442,165,409,22,40,235,112,399,52,87,207,53
"2011","Haringey 022D","E01002024","Total",697,61,105,398,133,360,20,38,210,92,337,41,67,188,41
"2011","Haringey 023A","E01001998","Total",1254,81,182,797,194,709,38,71,461,139,545,43,111,336,55
"2011","Haringey 023B","E01001999","Total",1133,92,176,698,167,632,40,80,399,113,501,52,96,299,54
"2011","Haringey 023C","E01002003","Total",1043,105,260,564,114,549,49,107,315,78,494,56,153,249,36
"2011","Haringey 023D","E01002004","Total",1033,87,160,645,141,564,31,59,379,95,469,56,101,266,46
"2011","Haringey 024A","E01002067","Total",728,68,175,411,74,372,23,75,224,50,356,45,100,187,24
"2011","Haringey 024B","E01002069","Total",919,86,225,517,91,496,34,101,300,61,423,52,124,217,30
"2011","Haringey 024C","E01002070","Total",990,72,192,614,112,528,30,81,339,78,462,42,111,275,34
"2011","Haringey 024D","E01002073","Total",769,64,178,456,71,420,33,77,252,58,349,31,101,204,13
"2011","Haringey 025A","E01002066","Total",745,64,165,449,67,381,23,75,236,47,364,41,90,213,20
"2011","Haringey 025B","E01002068","Total",930,79,197,542,112,520,30,76,330,84,410,49,121,212,28
"2011","Haringey 025C","E01002071","Total",631,63,166,353,49,326,29,62,199,36,305,34,104,154,13
"2011","Haringey 025D","E01002072","Total",771,76,184,447,64,399,34,68,251,46,372,42,116,196,18
"2011","Haringey 026A","E01002043","Total",968,88,203,575,102,524,34,87,336,67,444,54,116,239,35
"2011","Haringey 026B","E01002045","Total",927,71,231,524,101,549,31,123,323,72,378,40,108,201,29
"2011","Haringey 026C","E01002046","Total",726,82,163,402,79,390,27,69,237,57,336,55,94,165,22
"2011","Haringey 026D","E01002049","Total",806,94,159,473,80,429,41,64,274,50,377,53,95,199,30
"2011","Haringey 027A","E01002042","Total",804,110,149,456,89,458,34,71,289,64,346,76,78,167,25
"2011","Haringey 027B","E01002044","Total",972,95,132,645,100,516,44,52,356,64,456,51,80,289,36
"2011","Haringey 027C","E01002047","Total",944,105,175,545,119,492,41,86,293,72,452,64,89,252,47
"2011","Haringey 027D","E01002048","Total",979,75,174,611,119,583,39,79,379,86,396,36,95,232,33
"2011","Haringey 028A","E01002016","Total",1134,68,189,720,157,560,27,67,370,96,574,41,122,350,61
"2011","Haringey 028B","E01002017","Total",1043,92,193,610,148,538,41,82,324,91,505,51,111,286,57
"2011","Haringey 028C","E01002059","Total",838,58,126,513,141,438,22,51,273,92,400,36,75,240,49
"2011","Haringey 028D","E01002060","Total",1100,59,158,685,198,556,25,55,355,121,544,34,103,330,77
"2011","Haringey 029A","E01002050","Total",649,75,222,320,32,356,28,101,201,26,293,47,121,119,6
"2011","Haringey 029B","E01002051","Total",812,72,218,450,72,423,31,90,254,48,389,41,128,196,24
"2011","Haringey 029C","E01002052","Total",638,76,263,259,40,357,24,142,158,33,281,52,121,101,7
"2011","Haringey 029D","E01002055","Total",622,57,195,321,49,342,15,107,183,37,280,42,88,138,12
"2011","Haringey 030A","E01001994","Total",998,90,140,537,231,517,30,40,275,172,481,60,100,262,59
"2011","Haringey 030B","E01002008","Total",760,74,121,349,216,410,21,42,188,159,350,53,79,161,57
"2011","Haringey 030C","E01002010","Total",853,80,134,457,182,448,18,48,260,122,405,62,86,197,60
"2011","Haringey 030D","E01002011","Total",1023,72,154,544,253,564,29,71,290,174,459,43,83,254,79
"2011","Haringey 031A","E01002000","Total",984,66,150,606,162,523,31,62,327,103,461,35,88,279,59
"2011","Haringey 031B","E01002001","Total",1005,80,141,640,144,563,44,59,359,101,442,36,82,281,43
"2011","Haringey 031C","E01002002","Total",1038,74,198,635,131,551,28,84,355,84,487,46,114,280,47
"2011","Haringey 031D","E01002058","Total",954,55,147,629,123,529,31,63,358,77,425,24,84,271,46
"2011","Haringey 032A","E01002053","Total",735,69,179,415,72,395,32,74,240,49,340,37,105,175,23
"2011","Haringey 032B","E01002054","Total",653,70,186,349,48,352,31,86,200,35,301,39,100,149,13
"2011","Haringey 032C","E01002056","Total",970,85,207,568,110,548,43,99,328,78,422,42,108,240,32
"2011","Haringey 032D","E01002057","Total",755,58,158,446,93,392,25,67,238,62,363,33,91,208,31
"2011","Haringey 033A","E01001984","Total",1019,58,133,633,195,559,26,55,347,131,460,32,78,286,64
"2011","Haringey 033B","E01001985","Total",1024,70,138,580,236,552,19,43,328,162,472,51,95,252,74
"2011","Haringey 033C","E01001987","Total",1097,84,151,598,264,594,21,53,330,190,503,63,98,268,74
"2011","Haringey 033D","E01001989","Total",999,75,155,565,204,509,24,50,294,141,490,51,105,271,63
"2011","Haringey 034A","E01001986","Total",1002,63,176,548,215,520,23,64,287,146,482,40,112,261,69
"2011","Haringey 034B","E01001988","Total",1119,70,142,693,214,555,22,46,339,148,564,48,96,354,66
"2011","Haringey 034C","E01001990","Total",1488,93,181,914,300,816,34,68,497,217,672,59,113,417,83
"2011","Haringey 034D","E01002062","Total",1225,90,176,738,221,611,40,53,384,134,614,50,123,354,87
"2011","Haringey 035A","E01002005","Total",1232,60,155,746,271,679,27,60,408,184,553,33,95,338,87
"2011","Haringey 035B","E01002006","Total",1072,62,100,652,258,539,23,38,312,166,533,39,62,340,92
"2011","Haringey 035C","E01002007","Total",987,79,122,546,240,522,25,57,289,151,465,54,65,257,89
"2011","Haringey 035D","E01002009","Total",1021,90,145,523,263,561,35,59,288,179,460,55,86,235,84
"2011","Haringey 036A","E01002061","Total",1068,52,127,691,198,555,20,45,382,108,513,32,82,309,90
"2011","Haringey 036B","E01002063","Total",938,52,126,581,179,477,20,54,303,100,461,32,72,278,79
"2011","Haringey 036C","E01002064","Total",809,52,140,525,92,400,22,61,267,50,409,30,79,258,42
"2011","Haringey 036D","E01002065","Total",1105,86,131,712,176,584,40,59,376,109,521,46,72,336,67
"2011","Haringey 037A","E01002034","Total",637,82,189,320,46,340,36,79,195,30,297,46,110,125,16
"2011","Haringey 037B","E01002038","Total",564,69,151,290,54,306,35,73,159,39,258,34,78,131,15
"2011","Haringey 037C","E01002041","Total",674,77,156,369,72,349,33,73,192,51,325,44,83,177,21
"2011","Haringey 037D","E01032575","Total",679,69,194,357,59,369,31,86,206,46,310,38,108,151,13
"2011","Islington 001A","E01002755","Total",563,50,113,327,73,287,31,34,177,45,276,19,79,150,28
"2011","Islington 001B","E01002756","Total",745,69,109,437,130,358,29,34,227,68,387,40,75,210,62
"2011","Islington 001C","E01002758","Total",638,61,106,408,63,349,39,46,227,37,289,22,60,181,26
"2011","Islington 001D","E01002804","Total",751,58,138,446,109,374,17,68,224,65,377,41,70,222,44
"2011","Islington 001E","E01002807","Total",861,56,163,554,88,404,27,56,269,52,457,29,107,285,36
"2011","Islington 001F","E01002811","Total",689,55,133,421,80,339,21,47,226,45,350,34,86,195,35
"2011","Islington 002A","E01002753","Total",726,62,124,456,84,367,21,45,249,52,359,41,79,207,32
"2011","Islington 002B","E01002754","Total",825,40,114,486,185,427,13,44,248,122,398,27,70,238,63
"2011","Islington 002C","E01002757","Total",678,57,125,378,118,329,22,43,191,73,349,35,82,187,45
"2011","Islington 002D","E01002759","Total",918,47,144,568,159,451,22,47,283,99,467,25,97,285,60
"2011","Islington 002E","E01002760","Total",585,63,109,347,66,293,22,41,176,54,292,41,68,171,12
"2011","Islington 002F","E01002772","Total",1013,58,139,639,177,521,25,55,327,114,492,33,84,312,63
"2011","Islington 003A","E01002735","Total",936,59,120,639,118,473,21,49,323,80,463,38,71,316,38
"2011","Islington 003B","E01002805","Total",996,56,127,665,148,539,26,40,361,112,457,30,87,304,36
"2011","Islington 003C","E01002806","Total",893,47,116,590,140,437,15,30,306,86,456,32,86,284,54
"2011","Islington 003D","E01002808","Total",1055,71,141,667,176,525,26,58,339,102,530,45,83,328,74
"2011","Islington 003E","E01002809","Total",829,79,143,497,110,413,32,58,258,65,416,47,85,239,45
"2011","Islington 003F","E01002810","Total",800,59,144,499,98,386,25,54,241,66,414,34,90,258,32
"2011","Islington 004A","E01002768","Total",872,66,126,548,132,437,25,43,290,79,435,41,83,258,53
"2011","Islington 004B","E01002770","Total",870,51,137,517,165,463,21,57,274,111,407,30,80,243,54
"2011","Islington 004C","E01002771","Total",783,58,125,459,141,386,22,40,232,92,397,36,85,227,49
"2011","Islington 004D","E01002773","Total",560,54,118,316,72,299,22,51,183,43,261,32,67,133,29
"2011","Islington 004E","E01002774","Total",1138,87,193,724,134,584,34,75,384,91,554,53,118,340,43
"2011","Islington 005A","E01002732","Total",787,79,128,482,98,394,36,42,248,68,393,43,86,234,30
"2011","Islington 005B","E01002734","Total",629,80,149,340,60,322,31,66,180,45,307,49,83,160,15
"2011","Islington 005C","E01002736","Total",515,61,120,279,55,291,26,66,158,41,224,35,54,121,14
"2011","Islington 005D","E01002737","Total",729,71,147,399,112,373,32,68,198,75,356,39,79,201,37
"2011","Islington 005E","E01002751","Total",827,68,161,470,128,446,30,63,264,89,381,38,98,206,39
"2011","Islington 006A","E01002742","Total",994,62,130,573,229,521,32,44,298,147,473,30,86,275,82
"2011","Islington 006B","E01002747","Total",951,74,117,570,190,511,45,44,303,119,440,29,73,267,71
"2011","Islington 006C","E01002748","Total",695,58,103,414,120,369,23,36,224,86,326,35,67,190,34
"2011","Islington 006D","E01002749","Total",636,59,91,351,135,313,21,26,181,85,323,38,65,170,50
"2011","Islington 006F","E01033493","Total",1092,24,37,725,306,629,10,16,394,209,463,14,21,331,97
"2011","Islington 006G","E01033494","Total",955,50,103,585,217,500,14,30,309,147,455,36,73,276,70
"2011","Islington 007A","E01002730","Total",980,86,127,620,147,519,32,56,341,90,461,54,71,279,57
"2011","Islington 007B","E01002731","Total",1512,111,188,937,276,843,47,95,516,185,669,64,93,421,91
"2011","Islington 007C","E01002733","Total",868,68,105,528,167,438,22,34,274,108,430,46,71,254,59
"2011","Islington 007D","E01002763","Total",697,77,109,418,93,378,33,35,252,58,319,44,74,166,35
"2011","Islington 008A","E01002769","Total",1002,107,152,560,183,504,29,60,302,113,498,78,92,258,70
"2011","Islington 008B","E01002785","Total",1033,79,176,582,196,517,22,70,305,120,516,57,106,277,76
"2011","Islington 008C","E01002788","Total",1143,78,133,710,222,563,28,47,345,143,580,50,86,365,79
"2011","Islington 008D","E01002789","Total",1155,82,142,678,253,582,23,48,357,154,573,59,94,321,99
"2011","Islington 009A","E01002738","Total",934,52,103,554,225,471,16,27,275,153,463,36,76,279,72
"2011","Islington 009B","E01002741","Total",642,64,129,375,74,310,31,49,188,42,332,33,80,187,32
"2011","Islington 009C","E01002743","Total",836,62,118,479,177,422,28,44,236,114,414,34,74,243,63
"2011","Islington 009D","E01002744","Total",882,42,97,522,221,477,16,35,283,143,405,26,62,239,78
"2011","Islington 009E","E01002752","Total",779,59,120,432,168,370,18,44,199,109,409,41,76,233,59
"2011","Islington 010A","E01002764","Total",880,82,136,525,137,467,33,48,293,93,413,49,88,232,44
"2011","Islington 010B","E01002783","Total",700,48,119,442,91,358,18,48,240,52,342,30,71,202,39
"2011","Islington 010C","E01002784","Total",802,75,164,457,106,415,38,60,253,64,387,37,104,204,42
"2011","Islington 010D","E01002786","Total",886,79,139,539,129,485,36,60,298,91,401,43,79,241,38
"2011","Islington 010E","E01002787","Total",734,61,131,460,82,352,20,39,244,49,382,41,92,216,33
"2011","Islington 011C","E01002762","Total",1203,75,156,743,229,633,33,55,397,148,570,42,101,346,81
"2011","Islington 011D","E01002767","Total",1001,71,195,589,146,492,31,69,306,86,509,40,126,283,60
"2011","Islington 011E","E01033486","Total",526,45,69,315,97,269,23,26,159,61,257,22,43,156,36
"2011","Islington 011F","E01033487","Total",849,34,49,542,224,458,11,14,287,146,391,23,35,255,78
"2011","Islington 011G","E01033488","Total",609,43,55,398,113,307,14,20,210,63,302,29,35,188,50
"2011","Islington 011H","E01033491","Total",1020,66,128,638,188,549,29,59,338,123,471,37,69,300,65
"2011","Islington 011I","E01033492","Total",1022,23,46,705,248,558,10,14,365,169,464,13,32,340,79
"2011","Islington 012A","E01002777","Total",1015,76,119,596,224,481,30,42,295,114,534,46,77,301,110
"2011","Islington 012B","E01002778","Total",646,49,119,388,90,337,24,47,203,63,309,25,72,185,27
"2011","Islington 012C","E01002779","Total",1049,71,130,641,207,500,28,46,308,118,549,43,84,333,89
"2011","Islington 012D","E01002781","Total",637,51,80,385,121,334,20,32,203,79,303,31,48,182,42
"2011","Islington 012E","E01002782","Total",574,52,121,316,85,290,19,52,164,55,284,33,69,152,30
"2011","Islington 013A","E01002739","Total",1086,72,147,565,302,554,25,51,294,184,532,47,96,271,118
"2011","Islington 013B","E01002740","Total",1145,77,109,589,370,603,19,38,295,251,542,58,71,294,119
"2011","Islington 013C","E01002745","Total",887,55,100,519,213,457,26,23,269,139,430,29,77,250,74
"2011","Islington 013D","E01002795","Total",1142,81,138,657,266,586,35,50,343,158,556,46,88,314,108
"2011","Islington 013E","E01002796","Total",610,33,63,355,159,298,8,24,173,93,312,25,39,182,66
"2011","Islington 014A","E01002716","Total",1062,91,137,605,229,506,27,52,290,137,556,64,85,315,92
"2011","Islington 014B","E01002718","Total",1097,45,98,637,317,562,18,36,330,178,535,27,62,307,139
"2011","Islington 014C","E01002721","Total",931,46,116,532,237,475,15,34,281,145,456,31,82,251,92
"2011","Islington 014D","E01002775","Total",946,42,83,564,257,479,12,24,296,147,467,30,59,268,110
"2011","Islington 014E","E01002776","Total",861,64,121,485,191,439,29,52,242,116,422,35,69,243,75
"2011","Islington 014F","E01002780","Total",927,51,106,588,182,456,23,43,283,107,471,28,63,305,75
"2011","Islington 015A","E01002708","Total",924,72,124,569,159,515,28,41,333,113,409,44,83,236,46
"2011","Islington 015B","E01002712","Total",730,64,105,411,150,425,42,51,231,101,305,22,54,180,49
"2011","Islington 015C","E01002713","Total",624,52,120,386,66,294,23,31,193,47,330,29,89,193,19
"2011","Islington 015D","E01002765","Total",990,90,191,608,101,503,36,76,322,69,487,54,115,286,32
"2011","Islington 015E","E01002766","Total",669,80,128,400,61,363,37,57,228,41,306,43,71,172,20
"2011","Islington 016A","E01002717","Total",705,45,75,406,179,374,19,26,206,123,331,26,49,200,56
"2011","Islington 016B","E01002719","Total",856,42,94,440,280,416,7,26,219,164,440,35,68,221,116
"2011","Islington 016C","E01002720","Total",934,84,168,533,149,438,30,58,259,91,496,54,110,274,58
"2011","Islington 016D","E01002790","Total",673,58,108,394,113,331,25,30,205,71,342,33,78,189,42
"2011","Islington 016E","E01002791","Total",921,41,104,504,272,498,16,35,269,178,423,25,69,235,94
"2011","Islington 016F","E01002793","Total",1027,63,128,599,237,508,22,39,309,138,519,41,89,290,99
"2011","Islington 017A","E01002698","Total",1291,79,128,748,336,682,28,41,395,218,609,51,87,353,118
"2011","Islington 017B","E01002699","Total",920,78,86,469,287,473,29,24,242,178,447,49,62,227,109
"2011","Islington 017C","E01002700","Total",855,60,84,425,286,472,18,27,236,191,383,42,57,189,95
"2011","Islington 017D","E01002714","Total",1072,74,118,602,278,540,26,45,307,162,532,48,73,295,116
"2011","Islington 017E","E01002792","Total",1171,56,106,646,363,590,12,26,314,238,581,44,80,332,125
"2011","Islington 018A","E01002722","Total",622,32,89,380,121,334,12,26,216,80,288,20,63,164,41
"2011","Islington 018B","E01002797","Total",1012,66,118,582,246,552,33,46,307,166,460,33,72,275,80
"2011","Islington 018C","E01002798","Total",1190,71,115,650,354,638,30,45,345,218,552,41,70,305,136
"2011","Islington 018D","E01002799","Total",836,64,127,481,164,429,25,52,247,105,407,39,75,234,59
"2011","Islington 018E","E01002800","Total",359,33,61,211,54,196,17,21,122,36,163,16,40,89,18
"2011","Islington 019A","E01002694","Total",598,64,120,324,90,292,23,45,163,61,306,41,75,161,29
"2011","Islington 019B","E01002697","Total",665,72,142,366,85,338,20,61,201,56,327,52,81,165,29
"2011","Islington 019C","E01002709","Total",804,68,110,481,145,456,23,52,277,104,348,45,58,204,41
"2011","Islington 019D","E01002710","Total",715,57,123,421,114,381,19,51,238,73,334,38,72,183,41
"2011","Islington 019E","E01002715","Total",567,69,124,296,78,284,34,41,158,51,283,35,83,138,27
"2011","Islington 020A","E01002696","Total",1138,62,103,600,373,589,14,40,311,224,549,48,63,289,149
"2011","Islington 020B","E01002794","Total",1079,61,99,521,398,578,20,32,271,255,501,41,67,250,143
"2011","Islington 020C","E01002801","Total",980,59,110,469,342,527,21,36,235,235,453,38,74,234,107
"2011","Islington 020D","E01002802","Total",916,48,85,477,306,481,24,26,233,198,435,24,59,244,108
"2011","Islington 020E","E01002803","Total",1117,71,112,552,382,609,25,52,277,255,508,46,60,275,127
"2011","Islington 021A","E01002695","Total",964,53,101,586,224,519,21,38,311,149,445,32,63,275,75
"2011","Islington 021B","E01002711","Total",1168,107,127,657,277,626,47,54,341,184,542,60,73,316,93
"2011","Islington 021C","E01002727","Total",950,50,113,480,307,512,26,36,241,209,438,24,77,239,98
"2011","Islington 021D","E01002728","Total",559,87,75,264,133,311,38,39,141,93,248,49,36,123,40
"2011","Islington 021E","E01002729","Total",848,62,105,444,237,466,22,41,250,153,382,40,64,194,84
"2011","Islington 022B","E01002707","Total",964,53,102,488,321,541,21,49,239,232,423,32,53,249,89
"2011","Islington 022C","E01002723","Total",708,66,128,375,139,390,39,51,206,94,318,27,77,169,45
"2011","Islington 022D","E01002724","Total",1237,68,103,589,477,752,34,40,342,336,485,34,63,247,141
"2011","Islington 022E","E01002725","Total",636,66,115,336,119,355,38,40,185,92,281,28,75,151,27
"2011","Islington 022F","E01002726","Total",905,66,114,465,260,500,23,40,258,179,405,43,74,207,81
"2011","Islington 022G","E01033489","Total",1001,102,73,400,426,577,39,33,224,281,424,63,40,176,145
"2011","Islington 022H","E01033490","Total",720,57,61,344,258,376,20,23,172,161,344,37,38,172,97
"2011","Islington 023A","E01002701","Total",701,60,101,390,150,379,25,44,200,110,322,35,57,190,40
"2011","Islington 023B","E01002702","Total",818,69,111,430,208,461,36,40,241,144,357,33,71,189,64
"2011","Islington 023C","E01002703","Total",743,51,127,396,169,420,19,57,224,120,323,32,70,172,49
"2011","Islington 023D","E01002704","Total",1059,108,124,505,322,657,60,57,302,238,402,48,67,203,84
"2011","Islington 023E","E01002706","Total",980,56,143,535,246,546,20,57,277,192,434,36,86,258,54
"2011","Kensington and Chelsea 001A","E01002852","Total",810,63,161,468,118,407,30,68,241,68,403,33,93,227,50
"2011","Kensington and Chelsea 001B","E01002853","Total",420,30,97,222,71,237,18,45,120,54,183,12,52,102,17
"2011","Kensington and Chelsea 001C","E01002854","Total",413,43,94,223,53,208,16,32,121,39,205,27,62,102,14
"2011","Kensington and Chelsea 001D","E01002855","Total",720,60,139,388,133,388,25,63,216,84,332,35,76,172,49
"2011","Kensington and Chelsea 001E","E01002857","Total",493,46,124,266,57,262,20,47,153,42,231,26,77,113,15
"2011","Kensington and Chelsea 002A","E01002904","Total",435,42,119,237,37,215,13,43,137,22,220,29,76,100,15
"2011","Kensington and Chelsea 002B","E01002905","Total",664,59,111,382,112,323,28,53,177,65,341,31,58,205,47
"2011","Kensington and Chelsea 002C","E01002906","Total",734,60,108,436,130,355,25,38,201,91,379,35,70,235,39
"2011","Kensington and Chelsea 002D","E01002907","Total",420,56,122,201,41,201,11,41,116,33,219,45,81,85,8
"2011","Kensington and Chelsea 003A","E01002876","Total",850,72,121,442,215,434,25,37,235,137,416,47,84,207,78
"2011","Kensington and Chelsea 003B","E01002877","Total",657,87,114,360,96,314,34,32,181,67,343,53,82,179,29
"2011","Kensington and Chelsea 003C","E01002878","Total",893,66,140,478,209,433,20,46,243,124,460,46,94,235,85
"2011","Kensington and Chelsea 003D","E01002908","Total",739,64,125,411,139,356,20,36,211,89,383,44,89,200,50
"2011","Kensington and Chelsea 003E","E01002909","Total",1243,85,178,637,343,598,24,60,290,224,645,61,118,347,119
"2011","Kensington and Chelsea 004A","E01002829","Total",838,59,124,440,215,454,22,54,235,143,384,37,70,205,72
"2011","Kensington and Chelsea 004B","E01002830","Total",922,75,131,489,227,485,30,52,250,153,437,45,79,239,74
"2011","Kensington and Chelsea 004C","E01002831","Total",1040,75,149,539,277,518,26,64,255,173,522,49,85,284,104
"2011","Kensington and Chelsea 004D","E01002832","Total",916,79,136,414,287,451,32,55,168,196,465,47,81,246,91
"2011","Kensington and Chelsea 004E","E01002856","Total",995,76,138,555,226,504,40,45,271,148,491,36,93,284,78
"2011","Kensington and Chelsea 005A","E01002870","Total",553,57,93,318,85,288,20,41,165,62,265,37,52,153,23
"2011","Kensington and Chelsea 005B","E01002872","Total",561,54,96,264,147,279,14,34,131,100,282,40,62,133,47
"2011","Kensington and Chelsea 005C","E01002879","Total",646,58,125,354,109,301,22,42,169,68,345,36,83,185,41
"2011","Kensington and Chelsea 005D","E01002880","Total",559,52,119,323,65,283,18,55,176,34,276,34,64,147,31
"2011","Kensington and Chelsea 005E","E01002881","Total",570,66,97,313,94,286,24,33,169,60,284,42,64,144,34
"2011","Kensington and Chelsea 006A","E01002882","Total",718,49,94,293,282,367,14,20,142,191,351,35,74,151,91
"2011","Kensington and Chelsea 006B","E01002883","Total",945,75,125,367,378,522,26,46,191,259,423,49,79,176,119
"2011","Kensington and Chelsea 006C","E01002884","Total",841,71,84,377,309,469,29,40,194,206,372,42,44,183,103
"2011","Kensington and Chelsea 006D","E01002885","Total",1039,69,88,542,340,558,22,36,275,225,481,47,52,267,115
"2011","Kensington and Chelsea 006E","E01002886","Total",894,42,100,364,388,491,15,27,182,267,403,27,73,182,121
"2011","Kensington and Chelsea 007A","E01002833","Total",881,48,86,394,353,442,17,31,172,222,439,31,55,222,131
"2011","Kensington and Chelsea 007B","E01002871","Total",898,67,102,332,397,498,23,39,159,277,400,44,63,173,120
"2011","Kensington and Chelsea 007C","E01002873","Total",695,65,97,289,244,361,24,24,143,170,334,41,73,146,74
"2011","Kensington and Chelsea 007D","E01002874","Total",765,48,98,337,282,396,16,34,154,192,369,32,64,183,90
"2011","Kensington and Chelsea 007E","E01002875","Total",726,58,106,280,282,380,14,35,143,188,346,44,71,137,94
"2011","Kensington and Chelsea 008A","E01002824","Total",844,49,110,332,353,458,16,35,154,253,386,33,75,178,100
"2011","Kensington and Chelsea 008B","E01002825","Total",918,72,105,376,365,513,26,35,184,268,405,46,70,192,97
"2011","Kensington and Chelsea 008C","E01002826","Total",891,56,53,403,379,505,17,19,213,256,386,39,34,190,123
"2011","Kensington and Chelsea 008D","E01002827","Total",1066,41,120,436,469,594,10,50,213,321,472,31,70,223,148
"2011","Kensington and Chelsea 008E","E01002828","Total",738,31,75,322,310,431,15,33,172,211,307,16,42,150,99
"2011","Kensington and Chelsea 009A","E01002864","Total",609,61,82,269,197,343,26,29,142,146,266,35,53,127,51
"2011","Kensington and Chelsea 009B","E01002866","Total",976,59,149,505,263,507,23,57,265,162,469,36,92,240,101
"2011","Kensington and Chelsea 009C","E01002867","Total",1036,79,146,527,284,576,35,71,287,183,460,44,75,240,101
"2011","Kensington and Chelsea 009D","E01002868","Total",827,62,102,309,354,494,24,42,167,261,333,38,60,142,93
"2011","Kensington and Chelsea 009E","E01002869","Total",802,49,99,372,282,459,25,44,196,194,343,24,55,176,88
"2011","Kensington and Chelsea 010A","E01002887","Total",831,54,74,352,351,480,22,27,183,248,351,32,47,169,103
"2011","Kensington and Chelsea 010B","E01002889","Total",654,69,71,275,239,371,25,26,151,169,283,44,45,124,70
"2011","Kensington and Chelsea 010C","E01002890","Total",787,62,85,295,345,476,16,29,175,256,311,46,56,120,89
"2011","Kensington and Chelsea 010D","E01002891","Total",751,45,63,313,330,443,19,22,164,238,308,26,41,149,92
"2011","Kensington and Chelsea 010E","E01002892","Total",1000,54,79,420,447,597,23,25,223,326,403,31,54,197,121
"2011","Kensington and Chelsea 011A","E01002813","Total",973,72,94,395,412,568,26,30,219,293,405,46,64,176,119
"2011","Kensington and Chelsea 011B","E01002815","Total",719,46,98,319,256,430,28,38,184,180,289,18,60,135,76
"2011","Kensington and Chelsea 011C","E01002816","Total",714,54,64,299,297,437,25,24,154,234,277,29,40,145,63
"2011","Kensington and Chelsea 011D","E01002817","Total",776,62,86,299,329,456,28,26,163,239,320,34,60,136,90
"2011","Kensington and Chelsea 011E","E01002865","Total",566,38,56,225,247,359,13,27,127,192,207,25,29,98,55
"2011","Kensington and Chelsea 012A","E01002818","Total",1137,76,139,433,489,705,39,62,256,348,432,37,77,177,141
"2011","Kensington and Chelsea 012B","E01002819","Total",854,63,85,326,380,503,18,46,154,285,351,45,39,172,95
"2011","Kensington and Chelsea 012C","E01002859","Total",940,55,102,338,445,564,16,30,200,318,376,39,72,138,127
"2011","Kensington and Chelsea 012D","E01002860","Total",839,60,65,303,411,477,20,16,152,289,362,40,49,151,122
"2011","Kensington and Chelsea 012E","E01002863","Total",811,59,97,286,369,492,24,39,161,268,319,35,58,125,101
"2011","Kensington and Chelsea 013A","E01002812","Total",950,64,92,403,391,582,28,39,225,290,368,36,53,178,101
"2011","Kensington and Chelsea 013B","E01002834","Total",752,37,61,326,328,417,14,19,153,231,335,23,42,173,97
"2011","Kensington and Chelsea 013C","E01002839","Total",825,58,76,337,354,500,30,42,189,239,325,28,34,148,115
"2011","Kensington and Chelsea 013D","E01002850","Total",726,58,89,341,238,416,20,34,208,154,310,38,55,133,84
"2011","Kensington and Chelsea 013E","E01002888","Total",1131,70,93,475,493,699,35,35,269,360,432,35,58,206,133
"2011","Kensington and Chelsea 014A","E01002821","Total",758,57,71,279,351,430,26,22,132,250,328,31,49,147,101
"2011","Kensington and Chelsea 014B","E01002823","Total",614,45,102,286,181,317,9,40,157,111,297,36,62,129,70
"2011","Kensington and Chelsea 014C","E01002858","Total",563,66,83,247,167,273,22,26,120,105,290,44,57,127,62
"2011","Kensington and Chelsea 014D","E01002861","Total",738,60,68,302,308,431,23,24,165,219,307,37,44,137,89
"2011","Kensington and Chelsea 014E","E01002862","Total",776,56,109,418,193,405,18,39,218,130,371,38,70,200,63
"2011","Kensington and Chelsea 015A","E01002814","Total",910,77,149,452,232,508,28,69,251,160,402,49,80,201,72
"2011","Kensington and Chelsea 015B","E01002847","Total",1008,47,101,470,390,591,22,43,257,269,417,25,58,213,121
"2011","Kensington and Chelsea 015C","E01002848","Total",899,63,100,467,269,530,25,43,267,195,369,38,57,200,74
"2011","Kensington and Chelsea 015D","E01002851","Total",784,60,130,397,197,435,23,65,217,130,349,37,65,180,67
"2011","Kensington and Chelsea 016A","E01002820","Total",722,30,55,317,320,403,9,21,158,215,319,21,34,159,105
"2011","Kensington and Chelsea 016B","E01002822","Total",646,48,64,240,294,361,16,24,114,207,285,32,40,126,87
"2011","Kensington and Chelsea 016C","E01002835","Total",831,35,58,320,418,480,12,21,158,289,351,23,37,162,129
"2011","Kensington and Chelsea 016D","E01002836","Total",821,47,74,289,411,476,19,22,142,293,345,28,52,147,118
"2011","Kensington and Chelsea 016E","E01002837","Total",782,50,75,320,337,446,17,30,160,239,336,33,45,160,98
"2011","Kensington and Chelsea 017A","E01002846","Total",808,63,94,435,216,423,20,36,219,148,385,43,58,216,68
"2011","Kensington and Chelsea 017B","E01002849","Total",878,56,80,399,343,488,15,39,203,231,390,41,41,196,112
"2011","Kensington and Chelsea 017C","E01002893","Total",1035,53,99,501,382,582,21,43,256,262,453,32,56,245,120
"2011","Kensington and Chelsea 017D","E01002894","Total",887,52,70,378,387,512,17,30,191,274,375,35,40,187,113
"2011","Kensington and Chelsea 017E","E01002898","Total",812,40,66,323,383,473,16,18,168,271,339,24,48,155,112
"2011","Kensington and Chelsea 018A","E01002899","Total",732,59,94,335,244,413,26,35,176,176,319,33,59,159,68
"2011","Kensington and Chelsea 018B","E01002900","Total",800,64,83,315,338,445,21,30,165,229,355,43,53,150,109
"2011","Kensington and Chelsea 018C","E01002901","Total",489,46,58,196,189,292,26,24,108,134,197,20,34,88,55
"2011","Kensington and Chelsea 018D","E01002902","Total",983,62,87,388,446,552,32,29,187,304,431,30,58,201,142
"2011","Kensington and Chelsea 018E","E01002903","Total",823,55,83,325,360,489,21,27,176,265,334,34,56,149,95
"2011","Kensington and Chelsea 019A","E01002844","Total",721,49,64,324,284,411,19,18,161,213,310,30,46,163,71
"2011","Kensington and Chelsea 019B","E01002845","Total",678,56,106,276,240,382,24,44,141,173,296,32,62,135,67
"2011","Kensington and Chelsea 019C","E01002910","Total",719,55,80,308,276,382,21,23,138,200,337,34,57,170,76
"2011","Kensington and Chelsea 019D","E01002911","Total",929,71,93,347,418,504,27,27,157,293,425,44,66,190,125
"2011","Kensington and Chelsea 019E","E01002914","Total",829,67,66,369,327,444,19,20,183,222,385,48,46,186,105
"2011","Kensington and Chelsea 020A","E01002838","Total",675,71,54,237,313,410,40,24,126,220,265,31,30,111,93
"2011","Kensington and Chelsea 020B","E01002895","Total",714,40,75,283,316,407,13,30,141,223,307,27,45,142,93
"2011","Kensington and Chelsea 020C","E01002896","Total",1078,64,74,488,452,585,21,20,232,312,493,43,54,256,140
"2011","Kensington and Chelsea 020D","E01002897","Total",806,52,102,373,279,423,21,43,181,178,383,31,59,192,101
"2011","Kensington and Chelsea 020E","E01002912","Total",947,62,88,470,327,463,18,29,202,214,484,44,59,268,113
"2011","Kensington and Chelsea 021A","E01002840","Total",539,57,97,281,104,270,18,37,148,67,269,39,60,133,37
"2011","Kensington and Chelsea 021B","E01002841","Total",762,59,97,402,204,418,23,31,223,141,344,36,66,179,63
"2011","Kensington and Chelsea 021C","E01002842","Total",418,42,97,228,51,207,15,39,116,37,211,27,58,112,14
"2011","Kensington and Chelsea 021D","E01002843","Total",521,61,107,263,90,228,22,38,107,61,293,39,69,156,29
"2011","Kensington and Chelsea 021E","E01002913","Total",1016,61,111,481,363,565,17,43,256,249,451,44,68,225,114
"2011","Lambeth 002A","E01003015","Total",744,72,126,440,106,377,23,35,241,78,367,49,91,199,28
"2011","Lambeth 002B","E01003108","Total",742,55,113,469,105,416,27,52,260,77,326,28,61,209,28
"2011","Lambeth 002C","E01003110","Total",1138,75,133,665,265,628,34,52,363,179,510,41,81,302,86
"2011","Lambeth 002D","E01003111","Total",626,74,129,346,77,342,34,47,205,56,284,40,82,141,21
"2011","Lambeth 002E","E01003112","Total",731,73,110,407,141,410,37,41,236,96,321,36,69,171,45
"2011","Lambeth 003A","E01003101","Total",905,55,129,523,198,506,19,46,300,141,399,36,83,223,57
"2011","Lambeth 003B","E01003105","Total",827,61,144,511,111,438,24,37,296,81,389,37,107,215,30
"2011","Lambeth 003C","E01003106","Total",1127,70,155,663,239,625,30,61,378,156,502,40,94,285,83
"2011","Lambeth 003D","E01003107","Total",1249,72,140,734,303,749,32,60,434,223,500,40,80,300,80
"2011","Lambeth 003E","E01003109","Total",1193,90,172,713,218,718,43,82,433,160,475,47,90,280,58
"2011","Lambeth 004A","E01003102","Total",1108,69,135,668,236,664,38,62,399,165,444,31,73,269,71
"2011","Lambeth 004C","E01003104","Total",1027,65,109,649,204,585,27,41,388,129,442,38,68,261,75
"2011","Lambeth 004D","E01003122","Total",1102,77,123,714,188,636,34,57,405,140,466,43,66,309,48
"2011","Lambeth 004E","E01003129","Total",1148,89,145,719,195,638,37,57,408,136,510,52,88,311,59
"2011","Lambeth 004F","E01033207","Total",840,63,139,506,132,484,27,53,314,90,356,36,86,192,42
"2011","Lambeth 004G","E01033208","Total",1039,51,91,591,306,631,24,41,344,222,408,27,50,247,84
"2011","Lambeth 005A","E01003098","Total",833,55,113,508,157,477,23,51,295,108,356,32,62,213,49
"2011","Lambeth 005B","E01003099","Total",922,72,147,555,148,529,31,66,327,105,393,41,81,228,43
"2011","Lambeth 005C","E01003100","Total",1494,71,134,1018,271,871,45,61,585,180,623,26,73,433,91
"2011","Lambeth 005D","E01003180","Total",825,53,126,523,123,440,17,53,292,78,385,36,73,231,45
"2011","Lambeth 005E","E01003183","Total",738,67,111,451,109,394,28,39,252,75,344,39,72,199,34
"2011","Lambeth 006A","E01003097","Total",808,68,117,498,125,436,30,45,273,88,372,38,72,225,37
"2011","Lambeth 006B","E01003121","Total",720,86,137,410,87,381,35,42,235,69,339,51,95,175,18
"2011","Lambeth 006C","E01003123","Total",975,68,119,558,230,549,28,50,309,162,426,40,69,249,68
"2011","Lambeth 006D","E01003124","Total",794,64,108,493,129,463,23,56,292,92,331,41,52,201,37
"2011","Lambeth 006E","E01003125","Total",715,76,147,420,72,360,27,53,225,55,355,49,94,195,17
"2011","Lambeth 007A","E01003181","Total",753,38,118,480,117,396,17,41,268,70,357,21,77,212,47
"2011","Lambeth 007B","E01003184","Total",550,66,109,318,57,251,22,31,158,40,299,44,78,160,17
"2011","Lambeth 007C","E01003185","Total",958,72,106,599,181,540,26,45,349,120,418,46,61,250,61
"2011","Lambeth 007D","E01003186","Total",1203,72,154,708,269,677,26,50,416,185,526,46,104,292,84
"2011","Lambeth 007E","E01003187","Total",704,79,133,408,84,366,33,47,224,62,338,46,86,184,22
"2011","Lambeth 008A","E01003089","Total",882,83,205,468,126,483,45,83,265,90,399,38,122,203,36
"2011","Lambeth 008B","E01003091","Total",877,34,139,558,146,464,20,53,290,101,413,14,86,268,45
"2011","Lambeth 008C","E01003092","Total",806,49,126,512,119,431,26,47,274,84,375,23,79,238,35
"2011","Lambeth 008D","E01003126","Total",784,72,143,474,95,427,27,63,259,78,357,45,80,215,17
"2011","Lambeth 008E","E01003128","Total",740,61,113,470,96,407,29,42,267,69,333,32,71,203,27
"2011","Lambeth 009A","E01003046","Total",746,73,198,385,90,398,35,82,221,60,348,38,116,164,30
"2011","Lambeth 009B","E01003048","Total",668,69,163,359,77,340,23,59,199,59,328,46,104,160,18
"2011","Lambeth 009C","E01003075","Total",660,66,141,387,66,341,29,49,215,48,319,37,92,172,18
"2011","Lambeth 009D","E01003182","Total",908,69,156,546,137,504,25,59,318,102,404,44,97,228,35
"2011","Lambeth 009E","E01003188","Total",597,55,122,359,61,298,24,47,184,43,299,31,75,175,18
"2011","Lambeth 010A","E01003088","Total",1066,77,148,646,195,531,31,56,322,122,535,46,92,324,73
"2011","Lambeth 010B","E01003093","Total",1029,97,173,638,121,532,42,59,344,87,497,55,114,294,34
"2011","Lambeth 010C","E01003094","Total",934,54,111,619,150,458,17,41,300,100,476,37,70,319,50
"2011","Lambeth 010D","E01003096","Total",1519,77,123,1009,310,836,37,65,538,196,683,40,58,471,114
"2011","Lambeth 010E","E01003127","Total",1007,67,123,614,203,589,16,37,387,149,418,51,86,227,54
"2011","Lambeth 011A","E01003045","Total",781,72,156,484,69,415,25,51,292,47,366,47,105,192,22
"2011","Lambeth 011B","E01003047","Total",841,77,122,512,130,435,40,51,249,95,406,37,71,263,35
"2011","Lambeth 011C","E01003049","Total",743,69,149,445,80,393,27,56,254,56,350,42,93,191,24
"2011","Lambeth 011D","E01003059","Total",779,79,139,474,87,419,27,55,281,56,360,52,84,193,31
"2011","Lambeth 011E","E01003060","Total",685,83,130,408,64,360,34,44,237,45,325,49,86,171,19
"2011","Lambeth 011F","E01003061","Total",732,79,131,411,111,402,40,49,237,76,330,39,82,174,35
"2011","Lambeth 012A","E01003034","Total",1048,60,136,608,244,541,21,49,308,163,507,39,87,300,81
"2011","Lambeth 012B","E01003035","Total",1138,49,90,716,283,576,23,35,334,184,562,26,55,382,99
"2011","Lambeth 012C","E01003036","Total",977,48,85,592,252,522,19,29,300,174,455,29,56,292,78
"2011","Lambeth 012D","E01003090","Total",1615,70,117,1050,378,870,31,47,557,235,745,39,70,493,143
"2011","Lambeth 012E","E01003095","Total",1133,54,120,691,268,600,23,43,359,175,533,31,77,332,93
"2011","Lambeth 013A","E01003037","Total",744,38,102,497,107,345,16,33,235,61,399,22,69,262,46
"2011","Lambeth 013B","E01003038","Total",1045,40,86,613,306,549,14,25,313,197,496,26,61,300,109
"2011","Lambeth 013C","E01003039","Total",1447,46,121,831,449,822,14,39,445,324,625,32,82,386,125
"2011","Lambeth 013D","E01003040","Total",813,46,83,447,237,407,15,30,217,145,406,31,53,230,92
"2011","Lambeth 013E","E01003042","Total",653,35,58,421,139,337,15,27,203,92,316,20,31,218,47
"2011","Lambeth 014A","E01003072","Total",968,77,144,529,218,488,29,36,267,156,480,48,108,262,62
"2011","Lambeth 014B","E01003073","Total",848,58,139,522,129,416,24,39,270,83,432,34,100,252,46
"2011","Lambeth 014C","E01003076","Total",1179,102,196,730,151,634,44,76,410,104,545,58,120,320,47
"2011","Lambeth 014D","E01003077","Total",1072,84,137,681,170,535,32,45,349,109,537,52,92,332,61
"2011","Lambeth 014E","E01003078","Total",916,59,130,571,156,474,25,34,309,106,442,34,96,262,50
"2011","Lambeth 015A","E01003019","Total",1450,72,124,972,282,741,24,46,497,174,709,48,78,475,108
"2011","Lambeth 015B","E01003053","Total",1230,51,85,814,280,656,21,30,420,185,574,30,55,394,95
"2011","Lambeth 015C","E01003054","Total",1459,50,92,949,368,721,25,40,459,197,738,25,52,490,171
"2011","Lambeth 015D","E01003056","Total",1312,50,99,895,268,659,20,32,451,156,653,30,67,444,112
"2011","Lambeth 015E","E01003058","Total",1405,61,132,940,272,744,27,44,477,196,661,34,88,463,76
"2011","Lambeth 016A","E01003020","Total",1079,58,127,710,184,535,21,52,341,121,544,37,75,369,63
"2011","Lambeth 016B","E01003050","Total",1059,56,120,703,180,536,18,55,344,119,523,38,65,359,61
"2011","Lambeth 016C","E01003052","Total",754,77,170,426,81,386,32,68,235,51,368,45,102,191,30
"2011","Lambeth 016D","E01003055","Total",943,54,108,589,192,488,24,43,298,123,455,30,65,291,69
"2011","Lambeth 016E","E01003176","Total",830,76,181,489,84,402,36,63,256,47,428,40,118,233,37
"2011","Lambeth 017A","E01003029","Total",1182,52,75,755,300,641,18,20,399,204,541,34,55,356,96
"2011","Lambeth 017B","E01003032","Total",971,46,125,600,200,496,18,47,309,122,475,28,78,291,78
"2011","Lambeth 017C","E01003041","Total",881,61,116,580,124,453,24,44,307,78,428,37,72,273,46
"2011","Lambeth 017D","E01003057","Total",946,47,127,617,155,452,18,40,289,105,494,29,87,328,50
"2011","Lambeth 018A","E01003043","Total",1020,53,147,644,176,485,22,51,299,113,535,31,96,345,63
"2011","Lambeth 018B","E01003044","Total",575,79,114,322,60,305,35,43,183,44,270,44,71,139,16
"2011","Lambeth 018C","E01003051","Total",761,60,152,438,111,369,25,55,211,78,392,35,97,227,33
"2011","Lambeth 018D","E01003071","Total",1531,76,194,965,296,792,19,60,534,179,739,57,134,431,117
"2011","Lambeth 018E","E01003074","Total",1417,85,213,863,256,739,34,77,464,164,678,51,136,399,92
"2011","Lambeth 019A","E01003026","Total",1064,37,60,644,323,580,15,23,326,216,484,22,37,318,107
"2011","Lambeth 019B","E01003027","Total",818,42,90,409,277,420,11,29,198,182,398,31,61,211,95
"2011","Lambeth 019C","E01003028","Total",839,48,71,492,228,442,13,28,242,159,397,35,43,250,69
"2011","Lambeth 019D","E01003030","Total",1289,50,99,735,405,652,24,29,352,247,637,26,70,383,158
"2011","Lambeth 019E","E01003033","Total",909,47,111,462,289,474,12,42,231,189,435,35,69,231,100
"2011","Lambeth 020A","E01003018","Total",1439,78,157,947,257,754,36,66,490,162,685,42,91,457,95
"2011","Lambeth 020B","E01003171","Total",1048,69,110,704,165,519,33,38,347,101,529,36,72,357,64
"2011","Lambeth 020C","E01003173","Total",1012,71,146,628,167,535,32,57,336,110,477,39,89,292,57
"2011","Lambeth 020D","E01003177","Total",972,62,148,605,157,533,26,67,330,110,439,36,81,275,47
"2011","Lambeth 020E","E01003178","Total",1054,58,121,697,178,543,24,41,362,116,511,34,80,335,62
"2011","Lambeth 021A","E01003021","Total",758,52,125,479,102,399,23,51,252,73,359,29,74,227,29
"2011","Lambeth 021B","E01003022","Total",1070,71,124,684,191,531,28,35,350,118,539,43,89,334,73
"2011","Lambeth 021C","E01003023","Total",1531,94,178,1039,220,771,33,61,526,151,760,61,117,513,69
"2011","Lambeth 021D","E01003024","Total",885,80,180,531,94,446,33,66,276,71,439,47,114,255,23
"2011","Lambeth 021E","E01003025","Total",1092,86,181,686,139,576,33,71,382,90,516,53,110,304,49
"2011","Lambeth 022A","E01003136","Total",906,73,112,580,141,440,22,38,288,92,466,51,74,292,49
"2011","Lambeth 022B","E01003137","Total",712,53,127,447,85,364,15,53,244,52,348,38,74,203,33
"2011","Lambeth 022C","E01003159","Total",767,50,140,476,101,411,20,61,263,67,356,30,79,213,34
"2011","Lambeth 022D","E01003160","Total",661,80,165,364,52,323,33,48,206,36,338,47,117,158,16
"2011","Lambeth 022E","E01003162","Total",891,90,231,493,77,435,34,89,261,51,456,56,142,232,26
"2011","Lambeth 023A","E01003031","Total",1066,49,112,676,229,551,16,48,334,153,515,33,64,342,76
"2011","Lambeth 023B","E01003156","Total",886,47,100,554,185,424,11,21,276,116,462,36,79,278,69
"2011","Lambeth 023C","E01003157","Total",903,44,98,579,182,437,15,13,291,118,466,29,85,288,64
"2011","Lambeth 023D","E01003158","Total",1134,32,87,745,270,542,9,19,350,164,592,23,68,395,106
"2011","Lambeth 023E","E01003161","Total",690,38,67,414,171,351,13,20,211,107,339,25,47,203,64
"2011","Lambeth 023F","E01003163","Total",814,50,117,520,127,412,20,34,268,90,402,30,83,252,37
"2011","Lambeth 024A","E01003132","Total",591,53,114,347,77,296,22,40,178,56,295,31,74,169,21
"2011","Lambeth 024B","E01003172","Total",952,68,141,618,125,478,27,47,328,76,474,41,94,290,49
"2011","Lambeth 024C","E01003174","Total",911,84,208,538,81,416,25,68,261,62,495,59,140,277,19
"2011","Lambeth 024D","E01003175","Total",679,75,144,411,49,291,23,45,197,26,388,52,99,214,23
"2011","Lambeth 024E","E01003179","Total",692,67,171,385,69,333,20,58,207,48,359,47,113,178,21
"2011","Lambeth 025A","E01003164","Total",1145,70,174,745,156,576,22,53,400,101,569,48,121,345,55
"2011","Lambeth 025B","E01003165","Total",804,62,115,506,121,408,18,27,280,83,396,44,88,226,38
"2011","Lambeth 025C","E01003168","Total",678,64,140,414,60,328,19,41,230,38,350,45,99,184,22
"2011","Lambeth 025D","E01003169","Total",1339,86,199,860,194,686,28,71,460,127,653,58,128,400,67
"2011","Lambeth 025E","E01003170","Total",1007,76,155,572,204,513,28,54,309,122,494,48,101,263,82
"2011","Lambeth 026A","E01003130","Total",1043,59,165,631,188,590,34,51,370,135,453,25,114,261,53
"2011","Lambeth 026B","E01003131","Total",846,61,122,483,180,438,20,39,248,131,408,41,83,235,49
"2011","Lambeth 026C","E01003135","Total",935,60,145,575,155,462,28,43,286,105,473,32,102,289,50
"2011","Lambeth 026D","E01003138","Total",1072,56,112,657,247,552,18,32,338,164,520,38,80,319,83
"2011","Lambeth 026E","E01003151","Total",801,69,142,511,79,353,22,45,235,51,448,47,97,276,28
"2011","Lambeth 027A","E01003079","Total",825,62,150,501,112,423,29,53,257,84,402,33,97,244,28
"2011","Lambeth 027B","E01003080","Total",904,62,118,606,118,464,28,35,329,72,440,34,83,277,46
"2011","Lambeth 027C","E01003133","Total",981,65,151,600,165,518,24,55,323,116,463,41,96,277,49
"2011","Lambeth 027D","E01003134","Total",827,58,115,538,116,423,21,37,285,80,404,37,78,253,36
"2011","Lambeth 027E","E01003152","Total",1111,72,160,709,170,568,26,52,372,118,543,46,108,337,52
"2011","Lambeth 028A","E01003064","Total",927,48,126,579,174,467,12,51,290,114,460,36,75,289,60
"2011","Lambeth 028B","E01003066","Total",802,58,146,498,100,391,26,49,254,62,411,32,97,244,38
"2011","Lambeth 028C","E01003081","Total",918,71,171,539,137,469,30,56,283,100,449,41,115,256,37
"2011","Lambeth 028D","E01003166","Total",1310,86,222,790,212,672,32,69,428,143,638,54,153,362,69
"2011","Lambeth 028E","E01003167","Total",935,58,162,527,188,491,16,42,306,127,444,42,120,221,61
"2011","Lambeth 029A","E01003116","Total",837,59,131,497,150,426,19,41,260,106,411,40,90,237,44
"2011","Lambeth 029B","E01003117","Total",1158,87,142,737,192,610,37,59,387,127,548,50,83,350,65
"2011","Lambeth 029C","E01003118","Total",981,68,150,590,173,518,21,55,316,126,463,47,95,274,47
"2011","Lambeth 029D","E01003153","Total",1456,63,171,992,230,762,25,67,515,155,694,38,104,477,75
"2011","Lambeth 029E","E01003155","Total",1048,56,123,706,163,549,22,38,385,104,499,34,85,321,59
"2011","Lambeth 030A","E01003083","Total",759,50,126,461,122,380,17,37,249,77,379,33,89,212,45
"2011","Lambeth 030B","E01003084","Total",912,56,178,554,124,476,20,62,300,94,436,36,116,254,30
"2011","Lambeth 030C","E01003085","Total",848,59,162,523,104,443,25,57,291,70,405,34,105,232,34
"2011","Lambeth 030D","E01003149","Total",952,75,137,579,161,505,34,51,317,103,447,41,86,262,58
"2011","Lambeth 030E","E01003154","Total",882,75,142,554,111,445,23,51,294,77,437,52,91,260,34
"2011","Lambeth 031A","E01003065","Total",602,64,118,349,71,282,17,36,178,51,320,47,82,171,20
"2011","Lambeth 031B","E01003068","Total",727,54,142,439,92,354,24,44,223,63,373,30,98,216,29
"2011","Lambeth 031C","E01003082","Total",644,35,119,421,69,309,10,39,218,42,335,25,80,203,27
"2011","Lambeth 031D","E01003086","Total",636,56,128,390,62,289,13,36,199,41,347,43,92,191,21
"2011","Lambeth 031E","E01003087","Total",562,36,145,318,63,273,15,40,174,44,289,21,105,144,19
"2011","Lambeth 032A","E01003113","Total",1147,68,175,734,170,593,19,71,393,110,554,49,104,341,60
"2011","Lambeth 032B","E01003114","Total",1085,63,149,707,166,556,29,53,375,99,529,34,96,332,67
"2011","Lambeth 032C","E01003119","Total",1138,79,173,725,161,594,32,78,372,112,544,47,95,353,49
"2011","Lambeth 032D","E01003120","Total",1158,74,180,740,164,596,25,61,398,112,562,49,119,342,52
"2011","Lambeth 032E","E01003148","Total",1001,50,150,656,145,521,19,52,357,93,480,31,98,299,52
"2011","Lambeth 032F","E01003150","Total",858,38,148,533,139,430,8,54,281,87,428,30,94,252,52
"2011","Lambeth 033A","E01003062","Total",1016,58,135,678,145,485,26,41,333,85,531,32,94,345,60
"2011","Lambeth 033B","E01003063","Total",647,55,116,408,68,318,17,35,217,49,329,38,81,191,19
"2011","Lambeth 033C","E01003067","Total",793,69,114,479,131,417,24,47,249,97,376,45,67,230,34
"2011","Lambeth 033D","E01003069","Total",592,44,128,356,64,283,12,35,192,44,309,32,93,164,20
"2011","Lambeth 033E","E01003070","Total",642,58,103,407,74,301,23,35,197,46,341,35,68,210,28
"2011","Lambeth 034A","E01003115","Total",916,47,140,609,120,434,16,48,295,75,482,31,92,314,45
"2011","Lambeth 034B","E01003141","Total",807,59,137,509,102,419,21,50,282,66,388,38,87,227,36
"2011","Lambeth 034C","E01003144","Total",773,69,135,425,144,411,30,39,239,103,362,39,96,186,41
"2011","Lambeth 034D","E01003145","Total",967,60,145,622,140,502,22,57,339,84,465,38,88,283,56
"2011","Lambeth 034E","E01003147","Total",1044,84,195,613,152,562,39,78,346,99,482,45,117,267,53
"2011","Lambeth 035A","E01003139","Total",789,65,165,487,72,390,30,55,262,43,399,35,110,225,29
"2011","Lambeth 035B","E01003140","Total",742,52,166,439,85,386,24,64,240,58,356,28,102,199,27
"2011","Lambeth 035C","E01003142","Total",580,41,106,380,53,327,14,47,220,46,253,27,59,160,7
"2011","Lambeth 035D","E01003143","Total",617,58,118,374,67,331,28,42,211,50,286,30,76,163,17
"2011","Lambeth 035E","E01003146","Total",728,59,127,468,74,402,20,53,277,52,326,39,74,191,22
"2011","Lambeth 036A","E01003013","Total",1087,50,64,668,305,619,22,20,352,225,468,28,44,316,80
"2011","Lambeth 036B","E01003014","Total",797,68,114,469,146,459,27,54,274,104,338,41,60,195,42
"2011","Lambeth 036C","E01003016","Total",572,78,66,265,163,314,34,24,132,124,258,44,42,133,39
"2011","Lambeth 036D","E01003017","Total",958,83,129,550,196,535,33,55,312,135,423,50,74,238,61
"2011","Lambeth 036E","E01032582","Total",1068,65,138,618,247,629,33,65,364,167,439,32,73,254,80
"2011","Lewisham 001A","E01003244","Total",621,69,144,364,44,331,28,62,205,36,290,41,82,159,8
"2011","Lewisham 001B","E01003245","Total",595,61,136,338,60,281,23,47,172,39,314,38,89,166,21
"2011","Lewisham 001C","E01003247","Total",1077,86,117,695,179,608,35,53,390,130,469,51,64,305,49
"2011","Lewisham 001D","E01003249","Total",1023,78,120,680,145,557,31,39,377,110,466,47,81,303,35
"2011","Lewisham 001E","E01003250","Total",905,72,121,535,177,524,31,41,303,149,381,41,80,232,28
"2011","Lewisham 002A","E01003246","Total",647,64,127,385,71,340,20,53,213,54,307,44,74,172,17
"2011","Lewisham 002B","E01003248","Total",735,49,123,476,87,382,23,46,250,63,353,26,77,226,24
"2011","Lewisham 002C","E01003251","Total",754,64,188,409,93,413,25,64,247,77,341,39,124,162,16
"2011","Lewisham 002D","E01003252","Total",523,66,149,253,55,255,30,57,127,41,268,36,92,126,14
"2011","Lewisham 002E","E01003253","Total",680,70,135,386,89,354,24,42,228,60,326,46,93,158,29
"2011","Lewisham 003A","E01003297","Total",845,70,159,500,116,459,40,59,275,85,386,30,100,225,31
"2011","Lewisham 003B","E01003299","Total",741,85,159,425,72,399,37,64,245,53,342,48,95,180,19
"2011","Lewisham 003C","E01003301","Total",1163,139,204,672,148,655,59,82,397,117,508,80,122,275,31
"2011","Lewisham 003D","E01003302","Total",720,67,143,445,65,375,32,63,237,43,345,35,80,208,22
"2011","Lewisham 003E","E01003305","Total",599,74,103,338,84,302,29,39,182,52,297,45,64,156,32
"2011","Lewisham 005A","E01003207","Total",646,76,132,389,49,337,30,54,219,34,309,46,78,170,15
"2011","Lewisham 005B","E01003209","Total",1038,104,236,609,89,545,45,84,357,59,493,59,152,252,30
"2011","Lewisham 005C","E01003210","Total",1064,103,178,628,155,586,40,77,364,105,478,63,101,264,50
"2011","Lewisham 005D","E01003212","Total",1131,99,183,674,175,583,38,74,356,115,548,61,109,318,60
"2011","Lewisham 005E","E01003215","Total",986,165,189,523,109,482,52,83,270,77,504,113,106,253,32
"2011","Lewisham 006A","E01003338","Total",737,71,172,425,69,406,33,66,252,55,331,38,106,173,14
"2011","Lewisham 006B","E01003339","Total",945,108,159,557,121,537,60,56,324,97,408,48,103,233,24
"2011","Lewisham 006C","E01003340","Total",1140,135,192,667,146,631,60,96,380,95,509,75,96,287,51
"2011","Lewisham 006D","E01003341","Total",851,89,155,479,128,450,35,71,267,77,401,54,84,212,51
"2011","Lewisham 006E","E01003343","Total",726,76,143,413,94,389,35,60,226,68,337,41,83,187,26
"2011","Lewisham 007A","E01003199","Total",1049,79,131,608,231,545,23,44,325,153,504,56,87,283,78
"2011","Lewisham 007B","E01003201","Total",798,76,142,447,133,381,21,42,228,90,417,55,100,219,43
"2011","Lewisham 007C","E01003204","Total",727,46,99,437,145,381,17,32,226,106,346,29,67,211,39
"2011","Lewisham 007D","E01003205","Total",460,47,123,245,45,207,18,34,124,31,253,29,89,121,14
"2011","Lewisham 007E","E01003206","Total",881,63,124,482,212,490,19,49,278,144,391,44,75,204,68
"2011","Lewisham 008B","E01003211","Total",979,57,190,588,144,476,22,63,307,84,503,35,127,281,60
"2011","Lewisham 008C","E01003213","Total",1127,80,198,693,156,586,34,77,378,97,541,46,121,315,59
"2011","Lewisham 008D","E01003214","Total",921,75,176,552,118,457,35,63,274,85,464,40,113,278,33
"2011","Lewisham 008E","E01033324","Total",815,60,158,488,109,388,29,53,237,69,427,31,105,251,40
"2011","Lewisham 008F","E01033325","Total",989,26,55,700,208,609,12,31,420,146,380,14,24,280,62
"2011","Lewisham 009A","E01003198","Total",741,54,98,373,216,369,18,31,175,145,372,36,67,198,71
"2011","Lewisham 009B","E01003200","Total",959,73,106,521,259,536,25,35,291,185,423,48,71,230,74
"2011","Lewisham 009C","E01003202","Total",920,67,102,578,173,479,32,34,299,114,441,35,68,279,59
"2011","Lewisham 009D","E01003203","Total",1021,63,140,649,169,554,26,57,355,116,467,37,83,294,53
"2011","Lewisham 010A","E01003336","Total",556,66,125,323,42,291,32,43,188,28,265,34,82,135,14
"2011","Lewisham 010B","E01003337","Total",681,70,170,371,70,297,33,32,174,58,384,37,138,197,12
"2011","Lewisham 010C","E01003342","Total",967,65,151,629,122,534,25,55,368,86,433,40,96,261,36
"2011","Lewisham 010D","E01003344","Total",1029,118,152,598,161,454,33,43,273,105,575,85,109,325,56
"2011","Lewisham 010E","E01003345","Total",1013,72,150,652,139,574,35,60,367,112,439,37,90,285,27
"2011","Lewisham 011A","E01003273","Total",880,88,181,515,96,468,46,68,287,67,412,42,113,228,29
"2011","Lewisham 011B","E01003277","Total",992,99,164,576,153,508,46,59,312,91,484,53,105,264,62
"2011","Lewisham 011C","E01003278","Total",1093,93,195,654,151,548,28,56,350,114,545,65,139,304,37
"2011","Lewisham 011D","E01003279","Total",903,83,150,561,109,430,42,53,266,69,473,41,97,295,40
"2011","Lewisham 012A","E01003288","Total",791,68,151,495,77,438,33,68,282,55,353,35,83,213,22
"2011","Lewisham 012C","E01003290","Total",922,64,136,582,140,507,30,56,320,101,415,34,80,262,39
"2011","Lewisham 012D","E01003291","Total",595,52,111,372,60,310,18,37,211,44,285,34,74,161,16
"2011","Lewisham 012E","E01003296","Total",1175,82,159,791,143,661,44,57,460,100,514,38,102,331,43
"2011","Lewisham 012F","E01033327","Total",869,50,135,560,124,462,23,55,305,79,407,27,80,255,45
"2011","Lewisham 012G","E01033341","Total",612,56,108,374,74,334,21,52,207,54,278,35,56,167,20
"2011","Lewisham 013A","E01003282","Total",1483,124,262,894,203,787,61,82,498,146,696,63,180,396,57
"2011","Lewisham 013B","E01003283","Total",1188,84,194,706,204,614,18,60,400,136,574,66,134,306,68
"2011","Lewisham 013C","E01003284","Total",956,68,150,599,139,514,24,58,338,94,442,44,92,261,45
"2011","Lewisham 013D","E01003286","Total",688,53,152,398,85,352,26,44,227,55,336,27,108,171,30
"2011","Lewisham 014A","E01003272","Total",1067,100,167,629,171,547,29,62,345,111,520,71,105,284,60
"2011","Lewisham 014B","E01003274","Total",973,79,184,568,142,500,23,63,310,104,473,56,121,258,38
"2011","Lewisham 014C","E01003275","Total",714,75,133,427,79,363,32,48,227,56,351,43,85,200,23
"2011","Lewisham 014D","E01003276","Total",954,92,168,547,147,466,29,57,279,101,488,63,111,268,46
"2011","Lewisham 015A","E01003225","Total",839,68,137,523,111,414,22,48,274,70,425,46,89,249,41
"2011","Lewisham 015B","E01003231","Total",854,80,138,529,107,427,40,43,277,67,427,40,95,252,40
"2011","Lewisham 015C","E01003232","Total",887,74,161,523,129,448,25,49,284,90,439,49,112,239,39
"2011","Lewisham 015D","E01003233","Total",896,58,174,561,103,445,17,47,306,75,451,41,127,255,28
"2011","Lewisham 016A","E01003280","Total",738,65,165,434,74,374,24,60,235,55,364,41,105,199,19
"2011","Lewisham 016B","E01003281","Total",763,55,117,476,115,398,22,38,265,73,365,33,79,211,42
"2011","Lewisham 016C","E01003285","Total",905,67,144,582,112,460,16,55,320,69,445,51,89,262,43
"2011","Lewisham 016D","E01003287","Total",1087,80,152,659,196,535,22,36,354,123,552,58,116,305,73
"2011","Lewisham 017A","E01003292","Total",913,68,123,562,160,470,21,37,310,102,443,47,86,252,58
"2011","Lewisham 017B","E01003293","Total",772,54,114,489,115,393,20,43,260,70,379,34,71,229,45
"2011","Lewisham 017D","E01003295","Total",788,82,155,454,97,362,22,43,233,64,426,60,112,221,33
"2011","Lewisham 017E","E01033320","Total",762,66,108,496,92,378,18,47,250,63,384,48,61,246,29
"2011","Lewisham 017F","E01033322","Total",829,33,91,596,109,434,10,32,321,71,395,23,59,275,38
"2011","Lewisham 018A","E01003319","Total",807,101,152,487,67,407,44,50,265,48,400,57,102,222,19
"2011","Lewisham 018B","E01003320","Total",665,71,120,418,56,306,26,34,205,41,359,45,86,213,15
"2011","Lewisham 018C","E01003323","Total",717,74,131,430,82,363,15,45,243,60,354,59,86,187,22
"2011","Lewisham 018D","E01003325","Total",766,84,146,465,71,387,32,58,247,50,379,52,88,218,21
"2011","Lewisham 019A","E01003226","Total",1019,105,178,599,137,524,43,70,318,93,495,62,108,281,44
"2011","Lewisham 019B","E01003227","Total",931,73,139,571,148,488,29,52,306,101,443,44,87,265,47
"2011","Lewisham 019C","E01003228","Total",888,41,129,564,154,446,12,33,306,95,442,29,96,258,59
"2011","Lewisham 019D","E01003229","Total",703,64,114,445,80,345,35,42,218,50,358,29,72,227,30
"2011","Lewisham 019E","E01003230","Total",996,76,182,624,114,493,28,69,329,67,503,48,113,295,47
"2011","Lewisham 020A","E01003317","Total",879,67,172,543,97,498,33,78,313,74,381,34,94,230,23
"2011","Lewisham 020B","E01003318","Total",772,63,159,479,71,412,34,77,254,47,360,29,82,225,24
"2011","Lewisham 020C","E01003321","Total",972,98,208,558,108,467,30,75,299,63,505,68,133,259,45
"2011","Lewisham 020D","E01003322","Total",699,53,140,425,81,384,27,63,236,58,315,26,77,189,23
"2011","Lewisham 020E","E01003324","Total",666,68,138,401,59,363,34,54,234,41,303,34,84,167,18
"2011","Lewisham 021A","E01003254","Total",808,68,144,472,124,423,26,39,273,85,385,42,105,199,39
"2011","Lewisham 021B","E01003255","Total",1205,66,169,744,226,676,22,62,437,155,529,44,107,307,71
"2011","Lewisham 021C","E01003260","Total",906,88,200,459,159,457,25,58,263,111,449,63,142,196,48
"2011","Lewisham 021D","E01003261","Total",794,61,141,470,122,397,17,45,257,78,397,44,96,213,44
"2011","Lewisham 021E","E01003262","Total",741,63,130,453,95,380,22,37,254,67,361,41,93,199,28
"2011","Lewisham 022A","E01003217","Total",799,78,148,501,72,394,24,61,257,52,405,54,87,244,20
"2011","Lewisham 022B","E01003218","Total",748,49,137,478,84,349,19,29,247,54,399,30,108,231,30
"2011","Lewisham 022C","E01003220","Total",773,60,143,465,105,365,26,42,230,67,408,34,101,235,38
"2011","Lewisham 022D","E01003222","Total",755,72,141,462,80,359,26,40,240,53,396,46,101,222,27
"2011","Lewisham 022E","E01003224","Total",825,78,149,522,76,386,28,42,269,47,439,50,107,253,29
"2011","Lewisham 023A","E01003263","Total",719,74,128,446,71,342,26,35,224,57,377,48,93,222,14
"2011","Lewisham 023B","E01003268","Total",901,71,167,549,114,439,30,50,285,74,462,41,117,264,40
"2011","Lewisham 023C","E01003269","Total",754,69,135,443,107,362,20,39,228,75,392,49,96,215,32
"2011","Lewisham 023D","E01003270","Total",913,62,152,579,120,459,22,34,316,87,454,40,118,263,33
"2011","Lewisham 023E","E01003271","Total",901,72,184,519,126,462,25,58,290,89,439,47,126,229,37
"2011","Lewisham 024A","E01003307","Total",776,49,117,504,106,377,22,38,241,76,399,27,79,263,30
"2011","Lewisham 024B","E01003308","Total",931,78,154,567,132,460,23,43,310,84,471,55,111,257,48
"2011","Lewisham 024C","E01003314","Total",928,65,129,600,134,486,15,41,344,86,442,50,88,256,48
"2011","Lewisham 024D","E01003315","Total",717,42,121,445,109,397,16,49,255,77,320,26,72,190,32
"2011","Lewisham 024E","E01003316","Total",805,68,141,479,117,395,19,35,270,71,410,49,106,209,46
"2011","Lewisham 025A","E01003216","Total",905,112,152,526,115,445,31,47,301,66,460,81,105,225,49
"2011","Lewisham 025B","E01003219","Total",817,58,149,521,89,404,23,54,267,60,413,35,95,254,29
"2011","Lewisham 025C","E01003221","Total",882,64,168,524,126,470,17,79,288,86,412,47,89,236,40
"2011","Lewisham 025D","E01003223","Total",823,69,136,504,114,444,28,59,274,83,379,41,77,230,31
"2011","Lewisham 026A","E01003346","Total",647,63,155,373,56,305,23,44,204,34,342,40,111,169,22
"2011","Lewisham 026B","E01003349","Total",542,48,138,302,54,258,14,40,162,42,284,34,98,140,12
"2011","Lewisham 026C","E01003351","Total",578,46,135,337,60,266,15,44,171,36,312,31,91,166,24
"2011","Lewisham 026D","E01003354","Total",824,67,141,521,95,416,29,46,278,63,408,38,95,243,32
"2011","Lewisham 027A","E01003309","Total",620,69,117,382,52,318,31,41,216,30,302,38,76,166,22
"2011","Lewisham 027B","E01003310","Total",840,76,127,527,110,473,39,55,313,66,367,37,72,214,44
"2011","Lewisham 027C","E01003311","Total",801,67,125,478,131,419,28,37,272,82,382,39,88,206,49
"2011","Lewisham 027D","E01003312","Total",958,67,127,638,126,483,24,35,338,86,475,43,92,300,40
"2011","Lewisham 027E","E01003313","Total",711,56,159,406,90,373,21,75,212,65,338,35,84,194,25
"2011","Lewisham 028A","E01003256","Total",991,74,191,594,132,520,29,83,316,92,471,45,108,278,40
"2011","Lewisham 028B","E01003257","Total",778,73,142,437,126,394,28,49,231,86,384,45,93,206,40
"2011","Lewisham 028C","E01003258","Total",582,57,131,335,59,292,29,53,164,46,290,28,78,171,13
"2011","Lewisham 028D","E01003259","Total",893,68,129,589,107,425,26,40,290,69,468,42,89,299,38
"2011","Lewisham 029A","E01003193","Total",706,68,141,406,91,356,20,51,226,59,350,48,90,180,32
"2011","Lewisham 029B","E01003194","Total",779,70,181,448,80,375,31,54,240,50,404,39,127,208,30
"2011","Lewisham 029C","E01003195","Total",754,65,138,478,73,370,27,54,244,45,384,38,84,234,28
"2011","Lewisham 029D","E01003196","Total",683,52,161,395,75,348,16,58,216,58,335,36,103,179,17
"2011","Lewisham 029E","E01003197","Total",656,50,153,385,68,316,13,54,192,57,340,37,99,193,11
"2011","Lewisham 030A","E01003347","Total",596,68,153,341,34,264,17,56,167,24,332,51,97,174,10
"2011","Lewisham 030B","E01003348","Total",630,59,126,374,71,329,25,43,208,53,301,34,83,166,18
"2011","Lewisham 030C","E01003350","Total",535,52,140,300,43,268,18,52,162,36,267,34,88,138,7
"2011","Lewisham 030D","E01003352","Total",735,75,158,413,89,386,26,55,237,68,349,49,103,176,21
"2011","Lewisham 030E","E01003353","Total",824,87,157,499,81,438,34,66,281,57,386,53,91,218,24
"2011","Lewisham 031A","E01003264","Total",749,59,142,458,90,375,15,55,243,62,374,44,87,215,28
"2011","Lewisham 031B","E01003265","Total",675,37,132,429,77,331,8,43,221,59,344,29,89,208,18
"2011","Lewisham 031C","E01003266","Total",665,58,142,412,53,316,21,43,215,37,349,37,99,197,16
"2011","Lewisham 031D","E01003267","Total",641,56,131,387,67,328,21,39,216,52,313,35,92,171,15
"2011","Lewisham 033A","E01003329","Total",835,60,156,533,86,412,26,41,287,58,423,34,115,246,28
"2011","Lewisham 033B","E01003330","Total",601,56,123,352,70,287,19,36,188,44,314,37,87,164,26
"2011","Lewisham 033C","E01003331","Total",617,48,105,394,70,312,21,31,220,40,305,27,74,174,30
"2011","Lewisham 033D","E01003332","Total",751,44,115,489,103,379,19,36,259,65,372,25,79,230,38
"2011","Lewisham 033E","E01003334","Total",842,55,153,534,100,434,28,61,281,64,408,27,92,253,36
"2011","Lewisham 034A","E01003189","Total",613,55,138,371,49,284,17,37,193,37,329,38,101,178,12
"2011","Lewisham 034B","E01003190","Total",791,70,200,446,75,355,34,69,212,40,436,36,131,234,35
"2011","Lewisham 034C","E01003191","Total",662,41,149,421,51,324,12,48,228,36,338,29,101,193,15
"2011","Lewisham 034D","E01003192","Total",656,71,148,380,57,331,36,41,207,47,325,35,107,173,10
"2011","Lewisham 035A","E01003326","Total",698,45,140,428,85,353,19,44,230,60,345,26,96,198,25
"2011","Lewisham 035B","E01003327","Total",881,92,144,515,130,481,47,51,290,93,400,45,93,225,37
"2011","Lewisham 035C","E01003328","Total",873,66,142,543,122,456,27,55,288,86,417,39,87,255,36
"2011","Lewisham 035D","E01003333","Total",747,58,127,473,89,376,31,33,250,62,371,27,94,223,27
"2011","Lewisham 035E","E01003335","Total",630,65,149,354,62,297,23,45,184,45,333,42,104,170,17
"2011","Lewisham 037A","E01003236","Total",589,55,92,397,45,297,17,27,218,35,292,38,65,179,10
"2011","Lewisham 037B","E01003237","Total",589,59,137,339,54,287,20,36,191,40,302,39,101,148,14
"2011","Lewisham 037C","E01003238","Total",587,45,133,353,56,271,12,35,182,42,316,33,98,171,14
"2011","Lewisham 037D","E01003239","Total",596,44,121,374,57,287,14,27,205,41,309,30,94,169,16
"2011","Lewisham 037E","E01032564","Total",519,55,127,310,27,250,20,39,168,23,269,35,88,142,4
"2011","Lewisham 038A","E01003235","Total",573,61,116,322,74,279,29,30,169,51,294,32,86,153,23
"2011","Lewisham 038B","E01003240","Total",750,65,136,476,73,363,23,33,252,55,387,42,103,224,18
"2011","Lewisham 038C","E01003241","Total",632,55,124,384,69,318,18,49,205,46,314,37,75,179,23
"2011","Lewisham 038D","E01003243","Total",547,53,141,301,52,261,18,41,165,37,286,35,100,136,15
"2011","Lewisham 038E","E01032565","Total",538,45,115,327,51,266,15,21,193,37,272,30,94,134,14
"2011","Lewisham 039A","E01003298","Total",558,60,127,319,52,295,30,56,173,36,263,30,71,146,16
"2011","Lewisham 039B","E01003300","Total",578,72,132,329,45,282,28,52,169,33,296,44,80,160,12
"2011","Lewisham 039C","E01003303","Total",682,80,132,391,79,391,35,63,237,56,291,45,69,154,23
"2011","Lewisham 039D","E01003304","Total",985,84,211,575,115,554,43,93,328,90,431,41,118,247,25
"2011","Lewisham 039E","E01032579","Total",725,85,176,390,74,382,45,64,222,51,343,40,112,168,23
"2011","Newham 001A","E01003543","Total",1239,138,220,753,128,707,65,101,450,91,532,73,119,303,37
"2011","Newham 001B","E01003544","Total",921,97,172,561,91,545,54,71,347,73,376,43,101,214,18
"2011","Newham 001C","E01003546","Total",793,96,165,460,72,427,47,85,245,50,366,49,80,215,22
"2011","Newham 001D","E01003550","Total",791,82,173,445,91,457,41,100,253,63,334,41,73,192,28
"2011","Newham 002A","E01003576","Total",673,72,224,340,37,433,47,144,216,26,240,25,80,124,11
"2011","Newham 002B","E01003581","Total",673,104,176,342,51,417,59,99,215,44,256,45,77,127,7
"2011","Newham 002C","E01003582","Total",542,74,142,298,28,343,50,90,184,19,199,24,52,114,9
"2011","Newham 002D","E01003583","Total",712,86,182,373,71,449,44,115,233,57,263,42,67,140,14
"2011","Newham 003A","E01003578","Total",758,130,224,333,71,469,81,129,211,48,289,49,95,122,23
"2011","Newham 003B","E01003584","Total",842,92,203,442,105,505,52,106,273,74,337,40,97,169,31
"2011","Newham 003C","E01003586","Total",733,98,174,399,62,486,62,111,271,42,247,36,63,128,20
"2011","Newham 003D","E01003590","Total",601,77,139,349,36,344,42,72,206,24,257,35,67,143,12
"2011","Newham 004A","E01003579","Total",671,92,215,330,34,450,48,141,230,31,221,44,74,100,3
"2011","Newham 004B","E01003585","Total",592,78,180,295,39,386,48,120,191,27,206,30,60,104,12
"2011","Newham 004C","E01003587","Total",1049,140,250,573,86,686,94,162,368,62,363,46,88,205,24
"2011","Newham 004D","E01003591","Total",814,103,248,391,72,519,61,154,252,52,295,42,94,139,20
"2011","Newham 005A","E01003528","Total",466,79,130,225,32,266,39,89,115,23,200,40,41,110,9
"2011","Newham 005B","E01003575","Total",609,79,178,304,48,380,46,100,191,43,229,33,78,113,5
"2011","Newham 005C","E01003577","Total",565,63,159,311,32,316,33,84,175,24,249,30,75,136,8
"2011","Newham 005D","E01003580","Total",622,76,184,331,31,357,40,103,191,23,265,36,81,140,8
"2011","Newham 006A","E01003545","Total",768,84,157,456,71,403,35,82,233,53,365,49,75,223,18
"2011","Newham 006B","E01003548","Total",1154,155,259,618,122,628,74,106,361,87,526,81,153,257,35
"2011","Newham 006C","E01003549","Total",1040,72,223,636,109,573,35,98,367,73,467,37,125,269,36
"2011","Newham 006D","E01003557","Total",950,105,219,548,78,573,56,108,345,64,377,49,111,203,14
"2011","Newham 007A","E01003547","Total",940,106,189,530,115,485,47,81,289,68,455,59,108,241,47
"2011","Newham 007B","E01003555","Total",807,109,169,459,70,507,71,99,280,57,300,38,70,179,13
"2011","Newham 007C","E01003561","Total",779,126,225,378,50,523,84,148,248,43,256,42,77,130,7
"2011","Newham 007D","E01003567","Total",726,122,203,347,54,495,81,137,235,42,231,41,66,112,12
"2011","Newham 008A","E01003556","Total",770,142,187,372,69,452,73,99,226,54,318,69,88,146,15
"2011","Newham 008B","E01003558","Total",625,110,152,299,64,414,70,94,199,51,211,40,58,100,13
"2011","Newham 008C","E01003570","Total",823,120,235,406,62,534,60,154,269,51,289,60,81,137,11
"2011","Newham 008D","E01003571","Total",835,111,255,415,54,574,71,171,291,41,261,40,84,124,13
"2011","Newham 008E","E01003572","Total",652,89,166,339,58,429,51,94,232,52,223,38,72,107,6
"2011","Newham 009A","E01003551","Total",812,92,190,446,84,457,49,93,264,51,355,43,97,182,33
"2011","Newham 009B","E01003553","Total",862,102,183,438,139,492,47,85,252,108,370,55,98,186,31
"2011","Newham 009C","E01003554","Total",1017,72,218,616,111,554,46,93,337,78,463,26,125,279,33
"2011","Newham 009D","E01003559","Total",1509,87,219,991,212,853,39,105,561,148,656,48,114,430,64
"2011","Newham 010A","E01003529","Total",1008,133,258,556,61,681,79,168,386,48,327,54,90,170,13
"2011","Newham 010B","E01003530","Total",744,112,203,388,41,502,67,139,262,34,242,45,64,126,7
"2011","Newham 010C","E01003531","Total",829,134,227,409,59,566,89,144,286,47,263,45,83,123,12
"2011","Newham 010D","E01003532","Total",822,109,194,473,46,536,67,126,309,34,286,42,68,164,12
"2011","Newham 010E","E01003534","Total",903,128,228,478,69,589,63,144,325,57,314,65,84,153,12
"2011","Newham 011A","E01003533","Total",764,97,207,397,63,524,58,137,280,49,240,39,70,117,14
"2011","Newham 011B","E01003560","Total",713,120,197,351,45,495,77,135,247,36,218,43,62,104,9
"2011","Newham 011C","E01003563","Total",750,113,204,375,58,492,65,133,243,51,258,48,71,132,7
"2011","Newham 011D","E01003588","Total",669,100,191,343,35,451,67,124,232,28,218,33,67,111,7
"2011","Newham 011E","E01003589","Total",713,91,171,389,62,479,57,105,271,46,234,34,66,118,16
"2011","Newham 012A","E01003616","Total",880,89,193,494,104,521,31,103,305,82,359,58,90,189,22
"2011","Newham 012B","E01003617","Total",1554,117,242,963,232,829,50,104,513,162,725,67,138,450,70
"2011","Newham 012C","E01003618","Total",1268,123,239,721,185,657,65,109,357,126,611,58,130,364,59
"2011","Newham 012D","E01003619","Total",1159,99,157,735,168,647,51,74,409,113,512,48,83,326,55
"2011","Newham 013C","E01003615","Total",913,84,206,544,79,516,47,103,310,56,397,37,103,234,23
"2011","Newham 013E","E01033578","Total",736,54,116,446,120,446,26,63,272,85,290,28,53,174,35
"2011","Newham 013F","E01033579","Total",832,53,73,566,140,466,18,39,315,94,366,35,34,251,46
"2011","Newham 013G","E01033583","Total",1675,139,290,1037,209,1001,72,134,639,156,674,67,156,398,53
"2011","Newham 013H","E01033586","Total",729,61,133,424,111,409,27,65,233,84,320,34,68,191,27
"2011","Newham 014A","E01003562","Total",935,132,267,473,63,602,72,176,306,48,333,60,91,167,15
"2011","Newham 014B","E01003564","Total",1046,164,281,527,74,706,105,182,362,57,340,59,99,165,17
"2011","Newham 014C","E01003565","Total",732,109,239,345,39,519,79,156,251,33,213,30,83,94,6
"2011","Newham 014D","E01003566","Total",708,128,175,368,37,482,92,114,249,27,226,36,61,119,10
"2011","Newham 015A","E01003625","Total",664,83,188,357,36,418,43,112,233,30,246,40,76,124,6
"2011","Newham 015B","E01003626","Total",702,83,166,403,50,463,54,93,280,36,239,29,73,123,14
"2011","Newham 015C","E01003627","Total",667,97,167,343,60,435,57,96,235,47,232,40,71,108,13
"2011","Newham 015D","E01003628","Total",695,100,172,381,42,450,62,111,242,35,245,38,61,139,7
"2011","Newham 015E","E01003629","Total",662,92,175,345,50,441,50,119,230,42,221,42,56,115,8
"2011","Newham 016A","E01003552","Total",713,72,145,393,103,448,36,86,238,88,265,36,59,155,15
"2011","Newham 016B","E01003596","Total",789,90,187,455,57,465,52,87,284,42,324,38,100,171,15
"2011","Newham 016C","E01003597","Total",686,79,173,374,60,423,40,98,238,47,263,39,75,136,13
"2011","Newham 016D","E01003635","Total",1018,85,188,630,115,576,38,76,370,92,442,47,112,260,23
"2011","Newham 017A","E01003568","Total",937,127,249,490,71,633,81,172,329,51,304,46,77,161,20
"2011","Newham 017B","E01003569","Total",774,141,191,400,42,552,97,137,283,35,222,44,54,117,7
"2011","Newham 017C","E01003573","Total",848,101,246,435,66,549,52,163,277,57,299,49,83,158,9
"2011","Newham 017D","E01003574","Total",1070,129,263,583,95,674,67,159,374,74,396,62,104,209,21
"2011","Newham 018A","E01003520","Total",820,125,225,411,59,574,86,155,284,49,246,39,70,127,10
"2011","Newham 018B","E01003521","Total",1104,148,318,551,87,798,93,232,398,75,306,55,86,153,12
"2011","Newham 018C","E01003522","Total",736,117,199,371,49,492,77,133,240,42,244,40,66,131,7
"2011","Newham 018D","E01003525","Total",852,91,217,485,59,608,57,147,354,50,244,34,70,131,9
"2011","Newham 018E","E01003526","Total",719,107,181,391,40,467,63,118,258,28,252,44,63,133,12
"2011","Newham 019A","E01003488","Total",631,78,144,369,40,394,41,78,241,34,237,37,66,128,6
"2011","Newham 019B","E01003489","Total",619,82,201,304,32,409,53,140,196,20,210,29,61,108,12
"2011","Newham 019C","E01003490","Total",719,89,199,385,46,487,56,141,251,39,232,33,58,134,7
"2011","Newham 019D","E01003524","Total",794,130,209,407,48,518,81,136,263,38,276,49,73,144,10
"2011","Newham 020A","E01003631","Total",907,81,166,548,112,520,43,86,307,84,387,38,80,241,28
"2011","Newham 020B","E01003632","Total",1098,118,196,686,98,624,56,91,398,79,474,62,105,288,19
"2011","Newham 020C","E01003633","Total",709,76,184,383,66,406,38,96,221,51,303,38,88,162,15
"2011","Newham 020D","E01003634","Total",757,62,192,414,89,423,27,92,235,69,334,35,100,179,20
"2011","Newham 020E","E01003636","Total",796,79,173,475,69,450,40,87,272,51,346,39,86,203,18
"2011","Newham 021A","E01003598","Total",681,71,150,406,54,381,31,88,230,32,300,40,62,176,22
"2011","Newham 021B","E01003600","Total",730,70,157,432,71,405,31,86,240,48,325,39,71,192,23
"2011","Newham 021C","E01003630","Total",895,93,222,497,83,493,48,110,275,60,402,45,112,222,23
"2011","Newham 021D","E01003637","Total",910,121,194,512,83,543,70,100,313,60,367,51,94,199,23
"2011","Newham 022A","E01003491","Total",783,127,229,381,46,526,90,146,252,38,257,37,83,129,8
"2011","Newham 022B","E01003592","Total",808,130,239,375,64,508,80,135,246,47,300,50,104,129,17
"2011","Newham 022C","E01003599","Total",630,73,159,357,41,390,39,96,220,35,240,34,63,137,6
"2011","Newham 022D","E01003606","Total",874,79,200,493,102,514,48,103,283,80,360,31,97,210,22
"2011","Newham 023A","E01003535","Total",583,64,139,335,45,331,34,61,198,38,252,30,78,137,7
"2011","Newham 023B","E01003536","Total",747,94,172,429,52,411,45,87,243,36,336,49,85,186,16
"2011","Newham 023C","E01003621","Total",637,99,192,301,45,406,61,117,196,32,231,38,75,105,13
"2011","Newham 023D","E01003622","Total",599,78,162,308,51,375,45,102,189,39,224,33,60,119,12
"2011","Newham 023E","E01003623","Total",605,76,187,312,30,392,45,116,208,23,213,31,71,104,7
"2011","Newham 024A","E01003523","Total",795,88,182,474,51,483,57,103,283,40,312,31,79,191,11
"2011","Newham 024B","E01003527","Total",758,70,143,474,71,437,32,68,285,52,321,38,75,189,19
"2011","Newham 024C","E01003537","Total",898,94,222,514,68,508,51,93,313,51,390,43,129,201,17
"2011","Newham 024D","E01003542","Total",682,85,180,363,54,381,37,82,216,46,301,48,98,147,8
"2011","Newham 024E","E01003624","Total",620,81,147,349,43,360,37,85,206,32,260,44,62,143,11
"2011","Newham 025A","E01003492","Total",799,115,199,424,61,504,61,117,277,49,295,54,82,147,12
"2011","Newham 025B","E01003493","Total",945,143,251,479,72,598,92,159,298,49,347,51,92,181,23
"2011","Newham 025C","E01003494","Total",881,111,219,485,66,506,52,117,286,51,375,59,102,199,15
"2011","Newham 025D","E01003495","Total",981,99,230,590,62,538,39,114,335,50,443,60,116,255,12
"2011","Newham 026A","E01003594","Total",736,73,153,436,74,420,34,74,249,63,316,39,79,187,11
"2011","Newham 026B","E01003595","Total",651,60,168,351,72,383,29,93,206,55,268,31,75,145,17
"2011","Newham 026C","E01003602","Total",965,114,198,574,79,543,57,96,337,53,422,57,102,237,26
"2011","Newham 026D","E01003607","Total",740,80,171,424,65,406,39,88,232,47,334,41,83,192,18
"2011","Newham 027A","E01003496","Total",724,77,152,422,73,413,46,77,236,54,311,31,75,186,19
"2011","Newham 027B","E01003498","Total",753,84,155,445,69,423,49,66,265,43,330,35,89,180,26
"2011","Newham 027C","E01003500","Total",868,85,161,541,81,443,34,69,286,54,425,51,92,255,27
"2011","Newham 027D","E01003593","Total",607,78,162,330,37,326,40,75,186,25,281,38,87,144,12
"2011","Newham 028A","E01003601","Total",825,81,191,490,63,456,45,88,272,51,369,36,103,218,12
"2011","Newham 028B","E01003603","Total",843,88,193,481,81,461,45,89,269,58,382,43,104,212,23
"2011","Newham 028C","E01003605","Total",830,101,206,461,62,490,53,113,272,52,340,48,93,189,10
"2011","Newham 028D","E01003608","Total",952,69,159,643,81,529,33,65,370,61,423,36,94,273,20
"2011","Newham 029A","E01003538","Total",782,69,192,470,51,472,35,104,292,41,310,34,88,178,10
"2011","Newham 029B","E01003539","Total",924,94,227,525,78,525,52,98,319,56,399,42,129,206,22
"2011","Newham 029C","E01003540","Total",672,56,169,386,61,361,20,89,215,37,311,36,80,171,24
"2011","Newham 029D","E01003541","Total",732,76,165,422,69,419,36,78,252,53,313,40,87,170,16
"2011","Newham 030A","E01003499","Total",818,108,177,466,67,471,54,80,284,53,347,54,97,182,14
"2011","Newham 030B","E01003501","Total",866,81,186,544,55,479,33,73,325,48,387,48,113,219,7
"2011","Newham 030C","E01003502","Total",795,98,172,461,64,422,38,83,255,46,373,60,89,206,18
"2011","Newham 030D","E01003503","Total",635,58,135,382,60,341,25,58,212,46,294,33,77,170,14
"2011","Newham 031A","E01003507","Total",910,104,191,521,94,504,41,91,307,65,406,63,100,214,29
"2011","Newham 031B","E01003508","Total",616,60,155,349,52,331,28,70,197,36,285,32,85,152,16
"2011","Newham 031C","E01003509","Total",843,80,173,514,76,476,34,66,314,62,367,46,107,200,14
"2011","Newham 031D","E01003604","Total",969,91,197,596,85,515,36,86,332,61,454,55,111,264,24
"2011","Newham 032A","E01003483","Total",626,69,155,355,47,325,22,67,202,34,301,47,88,153,13
"2011","Newham 032B","E01003484","Total",855,55,173,521,106,454,19,68,296,71,401,36,105,225,35
"2011","Newham 032C","E01003516","Total",705,51,157,421,76,347,14,62,214,57,358,37,95,207,19
"2011","Newham 032D","E01003518","Total",831,57,145,520,109,448,21,54,288,85,383,36,91,232,24
"2011","Newham 032E","E01003519","Total",762,70,133,485,74,394,19,53,260,62,368,51,80,225,12
"2011","Newham 033A","E01003480","Total",889,138,181,495,75,462,61,67,276,58,427,77,114,219,17
"2011","Newham 033B","E01003482","Total",1353,87,229,864,173,741,37,87,496,121,612,50,142,368,52
"2011","Newham 033C","E01003486","Total",411,43,110,241,17,179,13,38,116,12,232,30,72,125,5
"2011","Newham 033D","E01003487","Total",500,55,132,287,26,256,26,51,165,14,244,29,81,122,12
"2011","Newham 034A","E01003497","Total",727,59,147,430,91,398,32,54,240,72,329,27,93,190,19
"2011","Newham 034D","E01003506","Total",569,54,128,352,35,291,25,57,182,27,278,29,71,170,8
"2011","Newham 034F","E01033574","Total",819,42,52,526,199,515,24,22,333,136,304,18,30,193,63
"2011","Newham 034G","E01033575","Total",767,22,41,529,175,486,14,20,331,121,281,8,21,198,54
"2011","Newham 034H","E01033576","Total",765,29,72,501,163,457,13,30,291,123,308,16,42,210,40
"2011","Newham 034I","E01033584","Total",655,71,127,412,45,360,45,51,232,32,295,26,76,180,13
"2011","Newham 034J","E01033585","Total",1084,115,179,676,114,602,63,75,372,92,482,52,104,304,22
"2011","Newham 035A","E01003479","Total",751,57,157,451,86,387,26,47,245,69,364,31,110,206,17
"2011","Newham 035B","E01003481","Total",582,69,123,324,66,313,31,38,192,52,269,38,85,132,14
"2011","Newham 035C","E01003485","Total",761,51,152,469,89,390,19,52,254,65,371,32,100,215,24
"2011","Newham 035D","E01003513","Total",784,58,174,458,94,426,21,71,262,72,358,37,103,196,22
"2011","Newham 036A","E01003511","Total",447,50,113,250,34,220,13,44,136,27,227,37,69,114,7
"2011","Newham 036B","E01003512","Total",752,52,157,466,77,401,22,59,260,60,351,30,98,206,17
"2011","Newham 036C","E01003514","Total",635,46,127,417,45,329,17,43,236,33,306,29,84,181,12
"2011","Newham 036D","E01003515","Total",718,65,155,425,73,383,32,62,232,57,335,33,93,193,16
"2011","Newham 036E","E01003517","Total",722,53,164,436,69,350,22,49,232,47,372,31,115,204,22
"2011","Newham 037A","E01003609","Total",1321,86,212,829,194,758,46,87,482,143,563,40,125,347,51
"2011","Newham 037C","E01003611","Total",685,62,173,389,61,341,23,61,211,46,344,39,112,178,15
"2011","Newham 037E","E01033577","Total",883,41,108,566,168,501,14,39,324,124,382,27,69,242,44
"2011","Newham 037F","E01033580","Total",1126,41,86,785,214,664,20,34,464,146,462,21,52,321,68
"2011","Newham 037G","E01033581","Total",823,62,151,510,100,459,29,54,303,73,364,33,97,207,27
"2011","Newham 037H","E01033582","Total",946,50,95,638,163,541,22,25,377,117,405,28,70,261,46
"2011","Southwark 001A","E01004029","Total",1228,47,99,821,261,677,18,43,447,169,551,29,56,374,92
"2011","Southwark 001B","E01004032","Total",1145,53,100,733,259,613,18,41,382,172,532,35,59,351,87
"2011","Southwark 001C","E01004053","Total",1300,60,120,771,349,721,27,43,400,251,579,33,77,371,98
"2011","Southwark 001D","E01004054","Total",1197,47,84,749,317,672,24,35,390,223,525,23,49,359,94
"2011","Southwark 001E","E01004055","Total",556,37,112,342,65,289,12,28,205,44,267,25,84,137,21
"2011","Southwark 002A","E01003927","Total",1367,92,142,761,372,793,29,50,451,263,574,63,92,310,109
"2011","Southwark 002B","E01003929","Total",1440,74,141,802,423,839,30,56,479,274,601,44,85,323,149
"2011","Southwark 002C","E01003934","Total",783,45,83,428,227,433,17,32,245,139,350,28,51,183,88
"2011","Southwark 002D","E01003935","Total",579,55,70,297,157,336,28,28,158,122,243,27,42,139,35
"2011","Southwark 002E","E01003939","Total",1182,58,111,709,304,601,22,43,351,185,581,36,68,358,119
"2011","Southwark 003A","E01003976","Total",1092,60,129,607,296,586,27,44,310,205,506,33,85,297,91
"2011","Southwark 003E","E01004027","Total",1233,60,125,696,352,665,26,42,362,235,568,34,83,334,117
"2011","Southwark 003F","E01032637","Total",951,33,37,475,406,558,13,18,263,264,393,20,19,212,142
"2011","Southwark 003G","E01032638","Total",948,27,48,437,436,546,13,18,225,290,402,14,30,212,146
"2011","Southwark 003H","E01032640","Total",1021,23,45,481,472,639,9,21,290,319,382,14,24,191,153
"2011","Southwark 003I","E01032646","Total",1155,39,88,621,407,709,15,32,368,294,446,24,56,253,113
"2011","Southwark 003J","E01032803","Total",1001,31,57,510,403,588,16,19,278,275,413,15,38,232,128
"2011","Southwark 003K","E01032834","Total",917,22,34,395,466,550,11,13,204,322,367,11,21,191,144
"2011","Southwark 004A","E01003975","Total",706,58,118,411,119,355,23,36,214,82,351,35,82,197,37
"2011","Southwark 004B","E01003978","Total",1050,72,129,589,260,524,22,45,284,173,526,50,84,305,87
"2011","Southwark 004C","E01004022","Total",1378,85,156,911,226,739,32,51,514,142,639,53,105,397,84
"2011","Southwark 004D","E01004023","Total",730,54,116,430,130,399,18,37,258,86,331,36,79,172,44
"2011","Southwark 004E","E01004028","Total",835,67,113,512,143,400,31,33,246,90,435,36,80,266,53
"2011","Southwark 006A","E01003938","Total",952,67,135,563,187,485,17,46,297,125,467,50,89,266,62
"2011","Southwark 006B","E01003940","Total",656,62,106,404,84,316,30,27,199,60,340,32,79,205,24
"2011","Southwark 006C","E01003941","Total",1208,78,116,644,370,686,25,49,356,256,522,53,67,288,114
"2011","Southwark 006D","E01003942","Total",656,98,120,362,76,345,41,46,202,56,311,57,74,160,20
"2011","Southwark 006E","E01003979","Total",944,74,113,552,205,493,18,45,294,136,451,56,68,258,69
"2011","Southwark 006F","E01003981","Total",888,88,103,508,189,483,31,46,271,135,405,57,57,237,54
"2011","Southwark 007A","E01004030","Total",875,77,118,525,155,460,33,50,275,102,415,44,68,250,53
"2011","Southwark 007B","E01004031","Total",1054,74,131,655,194,531,24,36,342,129,523,50,95,313,65
"2011","Southwark 007C","E01004033","Total",729,49,123,444,113,378,20,39,243,76,351,29,84,201,37
"2011","Southwark 007D","E01004034","Total",693,51,126,421,95,370,21,41,245,63,323,30,85,176,32
"2011","Southwark 007E","E01004036","Total",832,74,167,501,90,428,25,73,262,68,404,49,94,239,22
"2011","Southwark 008A","E01004056","Total",1267,72,124,810,261,703,31,43,446,183,564,41,81,364,78
"2011","Southwark 008B","E01004057","Total",902,47,119,579,157,455,21,37,301,96,447,26,82,278,61
"2011","Southwark 008C","E01004058","Total",1323,56,108,842,317,758,17,35,485,221,565,39,73,357,96
"2011","Southwark 008D","E01004059","Total",1114,39,81,720,274,605,15,40,369,181,509,24,41,351,93
"2011","Southwark 008E","E01004060","Total",988,60,140,624,164,506,20,34,334,118,482,40,106,290,46
"2011","Southwark 009A","E01003936","Total",1000,127,72,487,314,542,49,27,254,212,458,78,45,233,102
"2011","Southwark 009B","E01003937","Total",1033,53,106,639,235,592,28,45,361,158,441,25,61,278,77
"2011","Southwark 009C","E01003943","Total",618,68,117,360,73,327,28,52,186,61,291,40,65,174,12
"2011","Southwark 009F","E01032720","Total",854,98,169,462,125,495,47,72,283,93,359,51,97,179,32
"2011","Southwark 010A","E01003977","Total",785,56,140,477,112,395,16,47,253,79,390,40,93,224,33
"2011","Southwark 010B","E01004037","Total",1013,66,156,644,147,538,23,70,341,104,475,43,86,303,43
"2011","Southwark 010C","E01004038","Total",1177,82,201,743,151,562,31,59,363,109,615,51,142,380,42
"2011","Southwark 010D","E01004042","Total",721,55,140,445,81,379,21,48,247,63,342,34,92,198,18
"2011","Southwark 010E","E01004043","Total",696,47,108,426,115,367,20,33,240,74,329,27,75,186,41
"2011","Southwark 011A","E01003986","Total",485,44,94,288,59,238,18,32,149,39,247,26,62,139,20
"2011","Southwark 011B","E01003987","Total",739,64,140,464,71,376,24,47,249,56,363,40,93,215,15
"2011","Southwark 011C","E01004024","Total",835,57,147,533,98,458,13,59,311,75,377,44,88,222,23
"2011","Southwark 011D","E01004035","Total",694,41,155,401,97,348,18,36,225,69,346,23,119,176,28
"2011","Southwark 012A","E01003960","Total",951,90,144,559,158,516,36,57,320,103,435,54,87,239,55
"2011","Southwark 012B","E01003961","Total",840,91,191,470,88,442,41,74,266,61,398,50,117,204,27
"2011","Southwark 012E","E01003994","Total",746,78,140,425,103,402,30,65,237,70,344,48,75,188,33
"2011","Southwark 012F","E01032722","Total",1100,90,173,683,154,598,45,73,368,112,502,45,100,315,42
"2011","Southwark 013A","E01003980","Total",899,107,169,513,110,471,40,80,274,77,428,67,89,239,33
"2011","Southwark 013B","E01004039","Total",809,65,127,501,116,433,25,46,282,80,376,40,81,219,36
"2011","Southwark 013C","E01004040","Total",754,62,141,495,56,372,29,46,253,44,382,33,95,242,12
"2011","Southwark 013D","E01004041","Total",754,68,146,435,105,402,25,58,242,77,352,43,88,193,28
"2011","Southwark 013E","E01004044","Total",589,57,115,349,68,297,21,36,192,48,292,36,79,157,20
"2011","Southwark 014A","E01003992","Total",611,59,129,363,60,301,23,45,190,43,310,36,84,173,17
"2011","Southwark 014B","E01003995","Total",721,70,129,424,98,383,35,50,237,61,338,35,79,187,37
"2011","Southwark 014D","E01003998","Total",784,36,119,478,151,451,16,46,282,107,333,20,73,196,44
"2011","Southwark 014E","E01003999","Total",783,58,127,491,107,427,27,53,271,76,356,31,74,220,31
"2011","Southwark 014F","E01032639","Total",943,61,128,567,187,563,24,54,355,130,380,37,74,212,57
"2011","Southwark 014G","E01032719","Total",575,42,88,351,94,344,17,37,216,74,231,25,51,135,20
"2011","Southwark 015A","E01003964","Total",956,91,198,546,121,478,28,78,294,78,478,63,120,252,43
"2011","Southwark 015B","E01003966","Total",849,102,173,475,99,445,36,63,272,74,404,66,110,203,25
"2011","Southwark 015C","E01003968","Total",562,55,129,335,43,292,21,50,189,32,270,34,79,146,11
"2011","Southwark 015D","E01003971","Total",622,64,168,343,47,304,27,49,189,39,318,37,119,154,8
"2011","Southwark 015E","E01003974","Total",510,43,144,290,33,269,16,46,177,30,241,27,98,113,3
"2011","Southwark 016A","E01003963","Total",681,66,162,388,65,378,33,61,238,46,303,33,101,150,19
"2011","Southwark 016B","E01003967","Total",715,63,172,398,82,434,35,81,249,69,281,28,91,149,13
"2011","Southwark 016C","E01003970","Total",602,58,153,343,48,318,23,68,189,38,284,35,85,154,10
"2011","Southwark 016D","E01003972","Total",824,67,172,490,95,460,21,70,303,66,364,46,102,187,29
"2011","Southwark 016E","E01003973","Total",792,64,174,462,92,402,26,62,255,59,390,38,112,207,33
"2011","Southwark 017A","E01003923","Total",971,62,149,603,157,508,22,51,339,96,463,40,98,264,61
"2011","Southwark 017B","E01003969","Total",1028,108,159,629,132,562,49,71,354,88,466,59,88,275,44
"2011","Southwark 017C","E01003991","Total",537,57,111,308,61,285,21,37,182,45,252,36,74,126,16
"2011","Southwark 017D","E01003993","Total",738,73,158,432,75,357,29,63,210,55,381,44,95,222,20
"2011","Southwark 017E","E01003997","Total",619,60,107,363,89,304,21,34,194,55,315,39,73,169,34
"2011","Southwark 018A","E01003983","Total",762,125,158,423,56,360,29,61,227,43,402,96,97,196,13
"2011","Southwark 018B","E01003988","Total",952,95,205,559,93,541,51,80,345,65,411,44,125,214,28
"2011","Southwark 018C","E01003989","Total",779,93,197,423,66,401,45,75,235,46,378,48,122,188,20
"2011","Southwark 018D","E01003990","Total",872,86,179,522,85,434,34,70,266,64,438,52,109,256,21
"2011","Southwark 018E","E01004007","Total",487,51,134,275,27,236,23,51,141,21,251,28,83,134,6
"2011","Southwark 019A","E01003912","Total",565,64,131,319,51,293,28,49,181,35,272,36,82,138,16
"2011","Southwark 019B","E01004011","Total",857,60,211,510,76,415,24,77,266,48,442,36,134,244,28
"2011","Southwark 019C","E01004012","Total",1185,79,218,729,159,621,32,74,391,124,564,47,144,338,35
"2011","Southwark 019D","E01004013","Total",691,57,161,402,71,328,20,56,206,46,363,37,105,196,25
"2011","Southwark 019E","E01004014","Total",718,58,150,437,73,385,25,59,244,57,333,33,91,193,16
"2011","Southwark 020A","E01003911","Total",953,77,210,555,111,481,29,78,295,79,472,48,132,260,32
"2011","Southwark 020B","E01003916","Total",1117,118,200,654,145,565,45,73,354,93,552,73,127,300,52
"2011","Southwark 020C","E01003917","Total",917,87,157,555,118,474,39,59,293,83,443,48,98,262,35
"2011","Southwark 020D","E01003918","Total",650,73,145,364,68,308,34,48,181,45,342,39,97,183,23
"2011","Southwark 020E","E01003925","Total",571,61,131,331,48,292,22,48,188,34,279,39,83,143,14
"2011","Southwark 021A","E01003919","Total",937,76,156,558,147,493,31,59,301,102,444,45,97,257,45
"2011","Southwark 021B","E01003920","Total",790,67,154,482,87,396,22,54,260,60,394,45,100,222,27
"2011","Southwark 021C","E01003921","Total",690,61,145,413,71,336,27,64,200,45,354,34,81,213,26
"2011","Southwark 021D","E01003922","Total",919,90,191,525,113,458,36,69,279,74,461,54,122,246,39
"2011","Southwark 021E","E01003924","Total",875,96,204,478,97,479,43,99,274,63,396,53,105,204,34
"2011","Southwark 021F","E01003926","Total",620,50,137,377,56,340,21,57,217,45,280,29,80,160,11
"2011","Southwark 022B","E01004008","Total",879,81,201,512,85,439,39,74,266,60,440,42,127,246,25
"2011","Southwark 022D","E01004010","Total",703,63,156,385,99,387,29,70,215,73,316,34,86,170,26
"2011","Southwark 022E","E01004067","Total",1017,81,204,635,97,527,34,75,349,69,490,47,129,286,28
"2011","Southwark 022F","E01032805","Total",1077,96,234,633,114,518,31,88,316,83,559,65,146,317,31
"2011","Southwark 023A","E01003984","Total",976,96,184,573,123,506,42,83,299,82,470,54,101,274,41
"2011","Southwark 023B","E01004003","Total",750,78,169,420,83,394,32,73,235,54,356,46,96,185,29
"2011","Southwark 023C","E01004004","Total",1317,113,244,812,148,751,49,97,486,119,566,64,147,326,29
"2011","Southwark 023D","E01004005","Total",902,90,167,513,132,477,37,64,285,91,425,53,103,228,41
"2011","Southwark 023E","E01004006","Total",962,121,174,563,104,518,60,59,328,71,444,61,115,235,33
"2011","Southwark 024A","E01003913","Total",1019,64,176,601,178,513,18,60,329,106,506,46,116,272,72
"2011","Southwark 024B","E01003914","Total",1006,85,165,578,178,502,29,68,288,117,504,56,97,290,61
"2011","Southwark 024C","E01003915","Total",964,80,189,559,136,494,37,75,300,82,470,43,114,259,54
"2011","Southwark 024D","E01004050","Total",933,76,108,537,212,522,35,45,292,150,411,41,63,245,62
"2011","Southwark 024E","E01004052","Total",1063,57,130,674,202,561,22,61,351,127,502,35,69,323,75
"2011","Southwark 025A","E01004061","Total",1039,67,167,612,193,512,31,58,295,128,527,36,109,317,65
"2011","Southwark 025B","E01004062","Total",954,66,157,595,136,499,35,58,321,85,455,31,99,274,51
"2011","Southwark 025C","E01004063","Total",1091,77,145,687,182,558,29,60,351,118,533,48,85,336,64
"2011","Southwark 025D","E01004065","Total",892,54,106,577,155,445,20,34,294,97,447,34,72,283,58
"2011","Southwark 025E","E01004066","Total",1037,120,178,595,144,508,42,62,318,86,529,78,116,277,58
"2011","Southwark 026A","E01004000","Total",936,77,171,585,103,468,32,53,303,80,468,45,118,282,23
"2011","Southwark 026B","E01004001","Total",683,58,163,385,77,323,18,50,200,55,360,40,113,185,22
"2011","Southwark 026C","E01004019","Total",1181,84,202,768,127,602,29,81,410,82,579,55,121,358,45
"2011","Southwark 026D","E01004064","Total",879,78,166,522,113,436,25,58,273,80,443,53,108,249,33
"2011","Southwark 026E","E01004068","Total",829,79,162,511,77,398,32,63,254,49,431,47,99,257,28
"2011","Southwark 027A","E01004045","Total",685,70,137,412,66,328,28,49,207,44,357,42,88,205,22
"2011","Southwark 027B","E01004047","Total",638,53,149,370,66,302,18,50,194,40,336,35,99,176,26
"2011","Southwark 027C","E01004048","Total",885,38,138,567,142,393,16,36,257,84,492,22,102,310,58
"2011","Southwark 027D","E01004049","Total",710,93,130,428,59,324,36,37,212,39,386,57,93,216,20
"2011","Southwark 027E","E01004051","Total",803,41,96,519,147,423,20,34,283,86,380,21,62,236,61
"2011","Southwark 028A","E01003953","Total",1333,67,154,865,247,632,27,59,393,153,701,40,95,472,94
"2011","Southwark 028B","E01003955","Total",1074,56,141,712,165,549,19,42,383,105,525,37,99,329,60
"2011","Southwark 028C","E01004015","Total",899,60,125,536,178,441,23,35,259,124,458,37,90,277,54
"2011","Southwark 028D","E01004021","Total",1396,70,171,891,264,677,22,66,432,157,719,48,105,459,107
"2011","Southwark 028E","E01004046","Total",929,67,102,584,176,451,25,29,290,107,478,42,73,294,69
"2011","Southwark 029A","E01004002","Total",859,61,153,535,110,423,16,49,298,60,436,45,104,237,50
"2011","Southwark 029B","E01004016","Total",1172,87,210,714,161,569,26,67,373,103,603,61,143,341,58
"2011","Southwark 029C","E01004017","Total",853,52,144,511,146,424,19,48,267,90,429,33,96,244,56
"2011","Southwark 029D","E01004020","Total",757,66,155,437,99,363,27,51,230,55,394,39,104,207,44
"2011","Southwark 030A","E01003952","Total",981,55,122,602,202,504,21,48,307,128,477,34,74,295,74
"2011","Southwark 030B","E01003954","Total",931,59,149,559,164,462,22,35,294,111,469,37,114,265,53
"2011","Southwark 030C","E01003956","Total",1030,54,127,662,187,490,17,30,323,120,540,37,97,339,67
"2011","Southwark 030D","E01004071","Total",832,54,116,492,170,411,17,28,263,103,421,37,88,229,67
"2011","Southwark 030E","E01004072","Total",944,72,131,509,232,485,20,31,278,156,459,52,100,231,76
"2011","Southwark 031A","E01004069","Total",710,79,106,327,198,384,27,26,190,141,326,52,80,137,57
"2011","Southwark 031B","E01004070","Total",1061,100,158,560,243,530,28,50,287,165,531,72,108,273,78
"2011","Southwark 031C","E01004073","Total",1069,86,129,624,230,546,26,34,325,161,523,60,95,299,69
"2011","Southwark 031D","E01004074","Total",933,83,147,440,263,488,21,44,238,185,445,62,103,202,78
"2011","Southwark 031E","E01004075","Total",908,73,140,420,275,468,17,23,227,201,440,56,117,193,74
"2011","Southwark 032A","E01003949","Total",1130,66,151,674,239,570,19,46,347,158,560,47,105,327,81
"2011","Southwark 032B","E01003950","Total",865,91,159,515,100,409,24,63,258,64,456,67,96,257,36
"2011","Southwark 032C","E01003957","Total",990,67,138,624,161,467,22,41,299,105,523,45,97,325,56
"2011","Southwark 032D","E01003958","Total",941,80,143,553,165,463,30,31,292,110,478,50,112,261,55
"2011","Southwark 032E","E01004018","Total",1120,70,162,701,187,569,27,46,372,124,551,43,116,329,63
"2011","Southwark 033A","E01003945","Total",925,74,133,532,186,471,31,44,271,125,454,43,89,261,61
"2011","Southwark 033B","E01003946","Total",808,67,131,457,153,428,28,50,245,105,380,39,81,212,48
"2011","Southwark 033C","E01003947","Total",577,62,116,338,61,269,21,38,174,36,308,41,78,164,25
"2011","Southwark 033D","E01003948","Total",883,56,131,562,134,468,20,47,323,78,415,36,84,239,56
"2011","Southwark 033E","E01003951","Total",697,67,114,345,171,365,24,36,185,120,332,43,78,160,51
"2011","Southwark 034A","E01003930","Total",621,104,96,318,103,343,53,41,182,67,278,51,55,136,36
"2011","Southwark 034B","E01003932","Total",730,65,140,421,104,397,28,59,238,72,333,37,81,183,32
"2011","Southwark 034C","E01003933","Total",787,107,122,414,144,427,44,59,239,85,360,63,63,175,59
"2011","Southwark 034D","E01032583","Total",855,82,117,478,178,452,27,50,258,117,403,55,67,220,61
"2011","Southwark 034E","E01032584","Total",681,46,108,402,125,369,25,42,216,86,312,21,66,186,39
"2011","Tower Hamlets 001A","E01004222","Total",931,85,185,540,121,496,29,84,305,78,435,56,101,235,43
"2011","Tower Hamlets 001B","E01004223","Total",936,75,172,561,128,464,27,61,291,85,472,48,111,270,43
"2011","Tower Hamlets 001C","E01004224","Total",950,69,146,575,160,521,26,75,322,98,429,43,71,253,62
"2011","Tower Hamlets 001D","E01004226","Total",775,75,185,416,99,402,32,78,227,65,373,43,107,189,34
"2011","Tower Hamlets 002A","E01004197","Total",1196,100,237,687,172,613,47,119,341,106,583,53,118,346,66
"2011","Tower Hamlets 002B","E01004198","Total",641,51,144,360,86,351,28,76,190,57,290,23,68,170,29
"2011","Tower Hamlets 002C","E01004199","Total",553,63,143,297,50,325,25,87,178,35,228,38,56,119,15
"2011","Tower Hamlets 002D","E01004201","Total",743,61,141,448,93,410,34,71,242,63,333,27,70,206,30
"2011","Tower Hamlets 003A","E01004228","Total",1024,60,143,638,183,516,16,51,333,116,508,44,92,305,67
"2011","Tower Hamlets 003B","E01004230","Total",979,77,149,592,161,501,31,72,296,102,478,46,77,296,59
"2011","Tower Hamlets 003C","E01004232","Total",979,84,119,585,191,508,33,53,297,125,471,51,66,288,66
"2011","Tower Hamlets 003D","E01004233","Total",719,71,152,414,82,380,28,80,223,49,339,43,72,191,33
"2011","Tower Hamlets 003E","E01004234","Total",1281,92,177,768,244,656,25,59,416,156,625,67,118,352,88
"2011","Tower Hamlets 004A","E01004225","Total",1622,58,142,1033,389,906,28,62,564,252,716,30,80,469,137
"2011","Tower Hamlets 004C","E01004229","Total",697,74,141,380,102,389,40,75,214,60,308,34,66,166,42
"2011","Tower Hamlets 004D","E01004231","Total",685,87,170,354,74,370,47,86,189,48,315,40,84,165,26
"2011","Tower Hamlets 004E","E01032764","Total",830,56,86,513,175,452,22,38,285,107,378,34,48,228,68
"2011","Tower Hamlets 004F","E01032765","Total",784,61,93,474,156,445,22,43,272,108,339,39,50,202,48
"2011","Tower Hamlets 004G","E01032784","Total",896,69,78,574,175,469,29,30,299,111,427,40,48,275,64
"2011","Tower Hamlets 005A","E01004200","Total",925,108,110,524,183,483,49,54,276,104,442,59,56,248,79
"2011","Tower Hamlets 005B","E01004202","Total",1004,65,143,602,194,564,38,83,334,109,440,27,60,268,85
"2011","Tower Hamlets 005C","E01004203","Total",973,72,142,599,160,542,35,75,316,116,431,37,67,283,44
"2011","Tower Hamlets 005D","E01004204","Total",594,40,133,372,49,342,19,80,210,33,252,21,53,162,16
"2011","Tower Hamlets 006A","E01004311","Total",651,63,117,382,89,372,27,67,219,59,279,36,50,163,30
"2011","Tower Hamlets 006B","E01004314","Total",670,46,86,353,185,355,19,41,178,117,315,27,45,175,68
"2011","Tower Hamlets 006C","E01004315","Total",887,78,137,488,184,494,27,75,275,117,393,51,62,213,67
"2011","Tower Hamlets 006D","E01004318","Total",666,61,157,369,79,401,38,89,226,48,265,23,68,143,31
"2011","Tower Hamlets 007A","E01004259","Total",1014,75,148,636,155,558,45,75,335,103,456,30,73,301,52
"2011","Tower Hamlets 007B","E01004260","Total",743,65,173,400,105,402,26,93,212,71,341,39,80,188,34
"2011","Tower Hamlets 007C","E01004263","Total",543,58,128,302,55,294,24,70,159,41,249,34,58,143,14
"2011","Tower Hamlets 007D","E01004266","Total",772,52,144,456,120,392,26,62,235,69,380,26,82,221,51
"2011","Tower Hamlets 008A","E01004235","Total",501,73,146,240,42,320,42,94,154,30,181,31,52,86,12
"2011","Tower Hamlets 008B","E01004236","Total",528,75,142,270,41,329,43,100,157,29,199,32,42,113,12
"2011","Tower Hamlets 008C","E01004237","Total",521,56,81,324,60,284,26,42,175,41,237,30,39,149,19
"2011","Tower Hamlets 008D","E01004238","Total",1183,88,240,721,134,701,54,145,406,96,482,34,95,315,38
"2011","Tower Hamlets 008E","E01004239","Total",595,60,167,322,46,348,25,94,200,29,247,35,73,122,17
"2011","Tower Hamlets 009A","E01004312","Total",680,61,154,402,63,433,30,103,253,47,247,31,51,149,16
"2011","Tower Hamlets 009B","E01004313","Total",933,56,160,562,155,506,28,96,282,100,427,28,64,280,55
"2011","Tower Hamlets 009C","E01004316","Total",565,57,92,320,96,326,21,50,193,62,239,36,42,127,34
"2011","Tower Hamlets 009D","E01004317","Total",1702,97,203,951,451,986,52,102,527,305,716,45,101,424,146
"2011","Tower Hamlets 010A","E01004261","Total",620,224,185,187,24,314,82,111,107,14,306,142,74,80,10
"2011","Tower Hamlets 010B","E01004262","Total",591,127,148,256,60,338,59,77,163,39,253,68,71,93,21
"2011","Tower Hamlets 010C","E01004264","Total",495,79,159,229,28,317,41,109,147,20,178,38,50,82,8
"2011","Tower Hamlets 010E","E01032785","Total",851,27,80,550,194,481,3,41,303,134,370,24,39,247,60
"2011","Tower Hamlets 010F","E01032786","Total",704,59,150,412,83,394,27,78,235,54,310,32,72,177,29
"2011","Tower Hamlets 011A","E01004207","Total",562,61,135,299,67,315,23,87,162,43,247,38,48,137,24
"2011","Tower Hamlets 011B","E01004209","Total",478,48,125,260,45,289,20,75,162,32,189,28,50,98,13
"2011","Tower Hamlets 011D","E01004212","Total",717,60,145,401,111,409,33,93,213,70,308,27,52,188,41
"2011","Tower Hamlets 011F","E01032787","Total",959,115,246,500,98,575,62,155,297,61,384,53,91,203,37
"2011","Tower Hamlets 012A","E01004240","Total",630,63,165,337,65,356,27,102,184,43,274,36,63,153,22
"2011","Tower Hamlets 012B","E01004241","Total",533,82,154,266,31,309,36,92,159,22,224,46,62,107,9
"2011","Tower Hamlets 012C","E01004242","Total",942,87,204,535,116,566,42,137,297,90,376,45,67,238,26
"2011","Tower Hamlets 012D","E01004267","Total",912,80,131,524,177,530,39,73,298,120,382,41,58,226,57
"2011","Tower Hamlets 012E","E01004268","Total",656,54,148,373,81,385,22,97,207,59,271,32,51,166,22
"2011","Tower Hamlets 013A","E01004205","Total",741,92,237,345,67,472,52,167,206,47,269,40,70,139,20
"2011","Tower Hamlets 013B","E01004206","Total",533,63,146,281,43,298,26,95,153,24,235,37,51,128,19
"2011","Tower Hamlets 013C","E01004208","Total",1085,73,168,636,208,630,27,94,364,145,455,46,74,272,63
"2011","Tower Hamlets 013D","E01004211","Total",903,63,124,546,170,510,47,63,301,99,393,16,61,245,71
"2011","Tower Hamlets 014A","E01004269","Total",799,82,195,432,90,446,35,114,240,57,353,47,81,192,33
"2011","Tower Hamlets 014B","E01004270","Total",1149,123,196,644,186,654,66,110,351,127,495,57,86,293,59
"2011","Tower Hamlets 014C","E01004271","Total",542,61,155,283,43,296,18,92,151,35,246,43,63,132,8
"2011","Tower Hamlets 014D","E01004272","Total",657,93,204,317,43,420,52,134,197,37,237,41,70,120,6
"2011","Tower Hamlets 014E","E01004273","Total",611,89,168,301,53,356,43,109,167,37,255,46,59,134,16
"2011","Tower Hamlets 015A","E01004306","Total",967,68,126,507,266,599,36,77,294,192,368,32,49,213,74
"2011","Tower Hamlets 015B","E01004307","Total",1367,80,131,661,495,815,37,59,374,345,552,43,72,287,150
"2011","Tower Hamlets 015C","E01004308","Total",678,74,128,390,86,408,37,96,226,49,270,37,32,164,37
"2011","Tower Hamlets 015D","E01004309","Total",1137,160,236,547,194,686,78,147,315,146,451,82,89,232,48
"2011","Tower Hamlets 015E","E01004310","Total",949,99,173,503,174,582,52,94,310,126,367,47,79,193,48
"2011","Tower Hamlets 016A","E01004283","Total",850,114,212,444,80,470,59,125,233,53,380,55,87,211,27
"2011","Tower Hamlets 016B","E01004287","Total",829,97,203,432,97,482,48,114,247,73,347,49,89,185,24
"2011","Tower Hamlets 016C","E01004289","Total",718,86,161,383,88,416,51,90,208,67,302,35,71,175,21
"2011","Tower Hamlets 016D","E01004290","Total",662,92,111,351,108,350,39,58,180,73,312,53,53,171,35
"2011","Tower Hamlets 017A","E01004322","Total",502,60,81,290,71,290,26,53,158,53,212,34,28,132,18
"2011","Tower Hamlets 017B","E01004323","Total",685,77,134,381,93,400,38,77,224,61,285,39,57,157,32
"2011","Tower Hamlets 017C","E01004324","Total",600,76,168,294,62,382,42,121,178,41,218,34,47,116,21
"2011","Tower Hamlets 017D","E01004326","Total",694,69,133,401,91,410,32,80,235,63,284,37,53,166,28
"2011","Tower Hamlets 018A","E01004245","Total",417,45,135,210,27,240,20,83,116,21,177,25,52,94,6
"2011","Tower Hamlets 018B","E01004246","Total",928,63,174,561,130,541,33,87,333,88,387,30,87,228,42
"2011","Tower Hamlets 018C","E01004248","Total",386,47,109,193,37,217,26,65,105,21,169,21,44,88,16
"2011","Tower Hamlets 018D","E01004249","Total",727,76,198,382,71,423,32,117,224,50,304,44,81,158,21
"2011","Tower Hamlets 019A","E01004284","Total",1032,75,181,653,123,573,38,104,349,82,459,37,77,304,41
"2011","Tower Hamlets 019B","E01004285","Total",696,101,229,322,44,425,44,145,204,32,271,57,84,118,12
"2011","Tower Hamlets 019C","E01004286","Total",860,85,181,484,110,510,39,111,287,73,350,46,70,197,37
"2011","Tower Hamlets 019D","E01004288","Total",533,53,136,289,55,313,33,81,161,38,220,20,55,128,17
"2011","Tower Hamlets 020A","E01004243","Total",607,87,166,303,51,371,54,101,182,34,236,33,65,121,17
"2011","Tower Hamlets 020B","E01004244","Total",593,65,150,310,68,336,27,84,170,55,257,38,66,140,13
"2011","Tower Hamlets 020C","E01004247","Total",700,82,164,389,65,414,38,91,235,50,286,44,73,154,15
"2011","Tower Hamlets 020D","E01004250","Total",824,77,206,462,79,460,26,109,266,59,364,51,97,196,20
"2011","Tower Hamlets 021A","E01004319","Total",720,97,171,354,98,464,37,122,230,75,256,60,49,124,23
"2011","Tower Hamlets 021C","E01004321","Total",784,91,155,407,131,491,55,103,236,97,293,36,52,171,34
"2011","Tower Hamlets 021D","E01004325","Total",1564,76,126,922,440,985,43,80,552,310,579,33,46,370,130
"2011","Tower Hamlets 021E","E01032766","Total",799,53,98,406,242,479,27,58,228,166,320,26,40,178,76
"2011","Tower Hamlets 021F","E01032767","Total",1220,36,56,613,515,762,17,27,358,360,458,19,29,255,155
"2011","Tower Hamlets 022A","E01004298","Total",656,79,133,361,83,387,32,94,204,57,269,47,39,157,26
"2011","Tower Hamlets 022B","E01004300","Total",497,76,119,234,68,288,30,63,139,56,209,46,56,95,12
"2011","Tower Hamlets 022C","E01004304","Total",672,73,158,359,82,438,43,117,219,59,234,30,41,140,23
"2011","Tower Hamlets 022D","E01004305","Total",715,91,173,347,104,442,37,112,211,82,273,54,61,136,22
"2011","Tower Hamlets 023A","E01004251","Total",808,87,201,418,102,534,59,132,264,79,274,28,69,154,23
"2011","Tower Hamlets 023B","E01004254","Total",1554,58,99,888,509,935,27,41,521,346,619,31,58,367,163
"2011","Tower Hamlets 023C","E01004255","Total",692,45,158,376,113,416,23,97,230,66,276,22,61,146,47
"2011","Tower Hamlets 023D","E01004258","Total",884,49,81,456,298,517,24,43,255,195,367,25,38,201,103
"2011","Tower Hamlets 024A","E01004252","Total",1256,95,214,735,212,741,38,111,454,138,515,57,103,281,74
"2011","Tower Hamlets 024B","E01004253","Total",856,84,234,454,84,493,36,139,265,53,363,48,95,189,31
"2011","Tower Hamlets 024C","E01004256","Total",665,71,174,363,57,385,37,103,204,41,280,34,71,159,16
"2011","Tower Hamlets 024D","E01004257","Total",663,69,182,353,59,360,23,97,198,42,303,46,85,155,17
"2011","Tower Hamlets 025B","E01004301","Total",497,54,109,254,80,317,31,75,155,56,180,23,34,99,24
"2011","Tower Hamlets 025C","E01004302","Total",730,75,202,372,81,480,47,139,234,60,250,28,63,138,21
"2011","Tower Hamlets 025D","E01004303","Total",1068,91,189,545,243,641,50,109,311,171,427,41,80,234,72
"2011","Tower Hamlets 025E","E01032768","Total",974,38,46,504,386,594,19,22,288,265,380,19,24,216,121
"2011","Tower Hamlets 025F","E01032769","Total",792,37,67,412,276,481,18,37,234,192,311,19,30,178,84
"2011","Tower Hamlets 026A","E01004292","Total",1285,63,88,709,425,772,38,37,413,284,513,25,51,296,141
"2011","Tower Hamlets 026B","E01004294","Total",1093,66,115,605,307,657,37,62,338,220,436,29,53,267,87
"2011","Tower Hamlets 026C","E01004295","Total",515,53,160,245,57,327,31,112,143,41,188,22,48,102,16
"2011","Tower Hamlets 026D","E01004296","Total",803,61,132,464,146,474,29,79,270,96,329,32,53,194,50
"2011","Tower Hamlets 027A","E01004291","Total",1281,45,82,714,440,776,21,45,400,310,505,24,37,314,130
"2011","Tower Hamlets 027B","E01004293","Total",1468,47,109,818,494,885,22,50,452,361,583,25,59,366,133
"2011","Tower Hamlets 027C","E01004297","Total",1280,51,118,696,415,720,14,48,397,261,560,37,70,299,154
"2011","Tower Hamlets 028A","E01004215","Total",1371,90,161,794,326,813,37,82,459,235,558,53,79,335,91
"2011","Tower Hamlets 028B","E01004219","Total",1009,91,181,602,135,610,35,100,378,97,399,56,81,224,38
"2011","Tower Hamlets 028D","E01004221","Total",1108,57,129,702,220,668,21,59,424,164,440,36,70,278,56
"2011","Tower Hamlets 028E","E01032776","Total",763,24,39,433,267,477,13,17,253,194,286,11,22,180,73
"2011","Tower Hamlets 028F","E01032777","Total",691,33,65,429,164,381,19,29,225,108,310,14,36,204,56
"2011","Tower Hamlets 028G","E01032778","Total",721,28,53,439,201,427,10,26,244,147,294,18,27,195,54
"2011","Tower Hamlets 028H","E01032779","Total",698,28,47,364,259,416,10,20,207,179,282,18,27,157,80
"2011","Tower Hamlets 028I","E01032780","Total",985,31,44,580,330,575,15,11,319,230,410,16,33,261,100
"2011","Tower Hamlets 030A","E01004214","Total",582,65,153,297,67,334,24,88,175,47,248,41,65,122,20
"2011","Tower Hamlets 030B","E01004216","Total",952,53,100,600,199,566,28,42,349,147,386,25,58,251,52
"2011","Tower Hamlets 030C","E01004217","Total",893,50,150,549,144,490,19,60,304,107,403,31,90,245,37
"2011","Tower Hamlets 030D","E01004218","Total",989,56,111,621,201,553,22,42,347,142,436,34,69,274,59
"2011","Tower Hamlets 031A","E01004274","Total",844,62,131,510,141,487,31,68,289,99,357,31,63,221,42
"2011","Tower Hamlets 031B","E01004275","Total",1057,79,128,638,212,578,23,54,353,148,479,56,74,285,64
"2011","Tower Hamlets 031C","E01004276","Total",1549,65,93,940,451,882,23,39,520,300,667,42,54,420,151
"2011","Tower Hamlets 031D","E01004281","Total",1166,38,111,756,261,693,19,46,455,173,473,19,65,301,88
"2011","Tower Hamlets 031F","E01032775","Total",788,30,48,468,242,480,12,28,273,167,308,18,20,195,75
"2011","Tower Hamlets 031G","E01032783","Total",865,43,82,557,183,465,13,38,285,129,400,30,44,272,54
"2011","Tower Hamlets 032A","E01004280","Total",934,56,126,524,228,544,25,60,295,164,390,31,66,229,64
"2011","Tower Hamlets 032B","E01032770","Total",723,38,45,437,203,404,14,11,234,145,319,24,34,203,58
"2011","Tower Hamlets 032C","E01032772","Total",591,45,63,323,160,358,23,24,199,112,233,22,39,124,48
"2011","Tower Hamlets 032D","E01032773","Total",932,38,69,555,270,571,16,33,335,187,361,22,36,220,83
"2011","Tower Hamlets 032E","E01032774","Total",651,44,86,338,183,346,8,35,186,117,305,36,51,152,66
"2011","Tower Hamlets 033A","E01004277","Total",1189,40,57,552,540,746,16,27,306,397,443,24,30,246,143
"2011","Tower Hamlets 033B","E01032771","Total",624,26,37,299,262,386,13,19,160,194,238,13,18,139,68
"2011","Tower Hamlets 033C","E01032781","Total",1108,41,66,595,406,657,19,22,327,289,451,22,44,268,117
"2011","Tower Hamlets 033D","E01032782","Total",817,46,90,386,295,514,14,53,219,228,303,32,37,167,67
"2011","Wandsworth 001A","E01004560","Total",1297,77,114,725,381,702,33,37,374,258,595,44,77,351,123
"2011","Wandsworth 001B","E01004566","Total",1038,60,100,559,319,525,17,33,263,212,513,43,67,296,107
"2011","Wandsworth 001C","E01004582","Total",1279,81,152,705,341,725,32,64,382,247,554,49,88,323,94
"2011","Wandsworth 001D","E01004583","Total",1018,60,106,599,253,541,29,32,304,176,477,31,74,295,77
"2011","Wandsworth 002B","E01004562","Total",897,64,131,554,148,490,23,53,313,101,407,41,78,241,47
"2011","Wandsworth 002C","E01004563","Total",1020,72,163,592,193,517,30,60,300,127,503,42,103,292,66
"2011","Wandsworth 002D","E01004564","Total",1220,69,111,755,285,584,27,41,342,174,636,42,70,413,111
"2011","Wandsworth 002E","E01004567","Total",1114,74,199,675,166,567,29,85,345,108,547,45,114,330,58
"2011","Wandsworth 002F","E01033098","Total",642,36,43,321,242,381,23,14,182,162,261,13,29,139,80
"2011","Wandsworth 002G","E01033100","Total",779,50,109,481,139,381,26,41,227,87,398,24,68,254,52
"2011","Wandsworth 002H","E01033132","Total",652,43,68,390,151,350,17,20,209,104,302,26,48,181,47
"2011","Wandsworth 003A","E01004539","Total",889,66,199,523,101,417,23,68,247,79,472,43,131,276,22
"2011","Wandsworth 003B","E01004540","Total",1179,76,162,682,259,577,18,62,329,168,602,58,100,353,91
"2011","Wandsworth 003C","E01004577","Total",1179,68,124,647,340,568,25,33,299,211,611,43,91,348,129
"2011","Wandsworth 003D","E01004584","Total",683,76,129,403,75,316,21,37,202,56,367,55,92,201,19
"2011","Wandsworth 004B","E01004579","Total",943,53,117,564,209,487,17,29,291,150,456,36,88,273,59
"2011","Wandsworth 004C","E01004580","Total",1310,61,132,816,301,663,24,41,406,192,647,37,91,410,109
"2011","Wandsworth 004D","E01004581","Total",1151,71,138,691,251,583,31,42,339,171,568,40,96,352,80
"2011","Wandsworth 004E","E01033099","Total",627,31,85,367,144,323,13,29,196,85,304,18,56,171,59
"2011","Wandsworth 004F","E01033101","Total",900,32,72,484,312,536,15,31,268,222,364,17,41,216,90
"2011","Wandsworth 004G","E01033133","Total",857,33,65,504,255,483,16,30,281,156,374,17,35,223,99
"2011","Wandsworth 005A","E01004565","Total",1153,49,91,718,295,553,21,23,344,165,600,28,68,374,130
"2011","Wandsworth 005B","E01004590","Total",925,58,115,570,182,488,18,31,306,133,437,40,84,264,49
"2011","Wandsworth 005C","E01004591","Total",1164,63,97,770,234,583,33,37,365,148,581,30,60,405,86
"2011","Wandsworth 005D","E01004592","Total",929,40,103,570,216,442,15,34,274,119,487,25,69,296,97
"2011","Wandsworth 006A","E01004604","Total",886,70,126,422,268,480,18,33,229,200,406,52,93,193,68
"2011","Wandsworth 006B","E01004605","Total",971,59,123,561,228,484,14,28,291,151,487,45,95,270,77
"2011","Wandsworth 006C","E01004606","Total",1181,59,96,687,339,600,27,27,340,206,581,32,69,347,133
"2011","Wandsworth 006D","E01004607","Total",1015,64,98,543,310,509,23,25,269,192,506,41,73,274,118
"2011","Wandsworth 006E","E01004608","Total",1078,37,92,680,269,529,8,25,334,162,549,29,67,346,107
"2011","Wandsworth 007A","E01004535","Total",696,64,161,413,58,336,33,51,218,34,360,31,110,195,24
"2011","Wandsworth 007B","E01004537","Total",890,59,152,556,123,415,27,38,265,85,475,32,114,291,38
"2011","Wandsworth 007C","E01004538","Total",1070,60,175,679,156,512,19,61,326,106,558,41,114,353,50
"2011","Wandsworth 007D","E01004541","Total",730,39,128,478,85,319,12,39,218,50,411,27,89,260,35
"2011","Wandsworth 008A","E01004534","Total",1309,66,101,788,354,631,28,28,362,213,678,38,73,426,141
"2011","Wandsworth 008B","E01004536","Total",1240,63,138,838,201,603,25,57,407,114,637,38,81,431,87
"2011","Wandsworth 008C","E01004552","Total",1583,55,97,988,443,786,22,42,462,260,797,33,55,526,183
"2011","Wandsworth 008D","E01004585","Total",1301,51,106,814,330,618,20,30,368,200,683,31,76,446,130
"2011","Wandsworth 008E","E01004588","Total",1408,57,77,860,414,740,18,29,425,268,668,39,48,435,146
"2011","Wandsworth 009A","E01004554","Total",1059,46,87,592,334,560,15,22,286,237,499,31,65,306,97
"2011","Wandsworth 009B","E01004556","Total",926,56,114,420,336,506,9,28,226,243,420,47,86,194,93
"2011","Wandsworth 009C","E01004586","Total",1375,40,89,834,412,686,13,33,385,255,689,27,56,449,157
"2011","Wandsworth 009D","E01004587","Total",1200,35,84,719,362,613,9,23,347,234,587,26,61,372,128
"2011","Wandsworth 009E","E01004589","Total",1181,43,100,664,374,621,21,22,332,246,560,22,78,332,128
"2011","Wandsworth 010A","E01004509","Total",1639,69,90,1026,454,882,39,39,513,291,757,30,51,513,163
"2011","Wandsworth 010B","E01004511","Total",1222,39,94,771,318,635,7,33,375,220,587,32,61,396,98
"2011","Wandsworth 010C","E01004602","Total",1139,48,87,672,332,555,15,29,306,205,584,33,58,366,127
"2011","Wandsworth 010E","E01004609","Total",1543,62,111,952,418,785,25,38,477,245,758,37,73,475,173
"2011","Wandsworth 010F","E01033093","Total",1091,56,84,603,348,608,25,32,313,238,483,31,52,290,110
"2011","Wandsworth 010G","E01033135","Total",751,24,59,473,195,392,8,22,230,132,359,16,37,243,63
"2011","Wandsworth 011A","E01004506","Total",1290,52,84,791,363,660,20,31,366,243,630,32,53,425,120
"2011","Wandsworth 011B","E01004638","Total",710,72,93,305,240,408,15,31,168,194,302,57,62,137,46
"2011","Wandsworth 011C","E01004639","Total",1037,72,108,621,236,534,21,35,322,156,503,51,73,299,80
"2011","Wandsworth 011D","E01004640","Total",1098,71,99,640,288,572,24,33,343,172,526,47,66,297,116
"2011","Wandsworth 011E","E01004641","Total",1002,86,154,567,195,496,25,61,284,126,506,61,93,283,69
"2011","Wandsworth 012A","E01004508","Total",1432,35,105,900,392,723,10,38,429,246,709,25,67,471,146
"2011","Wandsworth 012B","E01004510","Total",1426,52,107,877,390,750,24,34,426,266,676,28,73,451,124
"2011","Wandsworth 012C","E01004514","Total",1185,49,98,677,361,638,20,26,342,250,547,29,72,335,111
"2011","Wandsworth 012D","E01004515","Total",1137,56,99,753,229,548,14,33,351,150,589,42,66,402,79
"2011","Wandsworth 012E","E01004551","Total",1244,52,94,838,260,600,22,32,395,151,644,30,62,443,109
"2011","Wandsworth 013A","E01004568","Total",600,197,134,220,49,251,49,57,116,29,349,148,77,104,20
"2011","Wandsworth 013B","E01004574","Total",666,110,162,343,51,311,34,47,192,38,355,76,115,151,13
"2011","Wandsworth 013C","E01004575","Total",786,128,154,422,82,375,42,52,223,58,411,86,102,199,24
"2011","Wandsworth 013D","E01004576","Total",695,76,142,373,104,375,28,50,210,87,320,48,92,163,17
"2011","Wandsworth 014A","E01004500","Total",1065,47,93,690,235,527,18,23,352,134,538,29,70,338,101
"2011","Wandsworth 014B","E01004501","Total",927,41,117,587,182,458,17,41,279,121,469,24,76,308,61
"2011","Wandsworth 014C","E01004503","Total",1000,57,90,614,239,509,13,36,306,154,491,44,54,308,85
"2011","Wandsworth 014D","E01004505","Total",1035,47,99,677,212,541,21,34,334,152,494,26,65,343,60
"2011","Wandsworth 014E","E01004507","Total",1282,59,96,829,298,638,25,42,388,183,644,34,54,441,115
"2011","Wandsworth 015A","E01004553","Total",1134,25,88,663,358,596,2,29,335,230,538,23,59,328,128
"2011","Wandsworth 015B","E01004557","Total",934,52,97,485,300,477,15,26,231,205,457,37,71,254,95
"2011","Wandsworth 015C","E01004558","Total",1012,45,97,557,313,526,12,31,264,219,486,33,66,293,94
"2011","Wandsworth 015D","E01004559","Total",741,46,90,357,248,398,9,19,194,176,343,37,71,163,72
"2011","Wandsworth 015E","E01004619","Total",755,41,88,396,230,409,11,25,204,169,346,30,63,192,61
"2011","Wandsworth 016A","E01004572","Total",853,92,155,450,156,456,35,55,257,109,397,57,100,193,47
"2011","Wandsworth 016B","E01004642","Total",873,110,150,490,123,432,37,48,263,84,441,73,102,227,39
"2011","Wandsworth 016C","E01004643","Total",1012,86,165,586,175,477,29,58,276,114,535,57,107,310,61
"2011","Wandsworth 016D","E01004644","Total",932,76,131,521,204,453,23,42,259,129,479,53,89,262,75
"2011","Wandsworth 016E","E01004645","Total",900,94,144,539,123,441,36,57,261,87,459,58,87,278,36
"2011","Wandsworth 017A","E01004477","Total",900,53,82,449,316,512,19,19,242,232,388,34,63,207,84
"2011","Wandsworth 017B","E01004478","Total",813,55,76,402,280,443,12,20,209,202,370,43,56,193,78
"2011","Wandsworth 017C","E01004479","Total",870,65,82,462,261,480,16,26,245,193,390,49,56,217,68
"2011","Wandsworth 017D","E01004550","Total",755,59,98,390,208,380,21,26,186,147,375,38,72,204,61
"2011","Wandsworth 017E","E01004555","Total",886,50,96,451,289,484,18,24,228,214,402,32,72,223,75
"2011","Wandsworth 018A","E01004494","Total",1044,50,113,659,222,521,12,39,336,134,523,38,74,323,88
"2011","Wandsworth 018B","E01004513","Total",1107,59,158,696,194,550,17,46,348,139,557,42,112,348,55
"2011","Wandsworth 018C","E01004600","Total",1053,69,161,669,154,540,26,64,346,104,513,43,97,323,50
"2011","Wandsworth 018D","E01004601","Total",1317,77,159,832,249,723,36,64,459,164,594,41,95,373,85
"2011","Wandsworth 019A","E01004493","Total",1174,50,112,739,273,590,19,51,359,161,584,31,61,380,112
"2011","Wandsworth 019B","E01004512","Total",860,72,78,450,260,450,23,25,237,165,410,49,53,213,95
"2011","Wandsworth 019C","E01004620","Total",958,48,110,538,262,516,17,34,279,186,442,31,76,259,76
"2011","Wandsworth 019D","E01004621","Total",998,57,117,566,258,539,24,47,294,174,459,33,70,272,84
"2011","Wandsworth 019E","E01004623","Total",1029,63,111,571,284,529,12,40,285,192,500,51,71,286,92
"2011","Wandsworth 019F","E01004627","Total",901,57,106,477,261,448,20,30,219,179,453,37,76,258,82
"2011","Wandsworth 020A","E01004499","Total",1050,53,89,643,265,519,18,36,298,167,531,35,53,345,98
"2011","Wandsworth 020B","E01004502","Total",1012,75,107,574,256,535,25,28,307,175,477,50,79,267,81
"2011","Wandsworth 020C","E01004504","Total",843,63,123,459,198,456,23,49,246,138,387,40,74,213,60
"2011","Wandsworth 020D","E01004594","Total",929,68,132,544,185,472,20,44,278,130,457,48,88,266,55
"2011","Wandsworth 020E","E01004596","Total",967,57,128,537,245,506,22,37,285,162,461,35,91,252,83
"2011","Wandsworth 020F","E01004629","Total",830,58,125,464,183,441,14,43,269,115,389,44,82,195,68
"2011","Wandsworth 021A","E01004472","Total",1125,55,96,662,312,569,15,23,324,207,556,40,73,338,105
"2011","Wandsworth 021B","E01004474","Total",1394,53,107,934,300,693,19,29,473,172,701,34,78,461,128
"2011","Wandsworth 021C","E01004476","Total",1136,53,94,691,298,612,21,36,343,212,524,32,58,348,86
"2011","Wandsworth 021D","E01004542","Total",977,45,97,543,292,516,17,21,281,197,461,28,76,262,95
"2011","Wandsworth 021E","E01004544","Total",902,55,95,502,250,462,16,25,250,171,440,39,70,252,79
"2011","Wandsworth 022A","E01004628","Total",1256,61,157,783,255,682,33,62,417,170,574,28,95,366,85
"2011","Wandsworth 022B","E01004630","Total",784,57,170,444,113,388,23,61,228,76,396,34,109,216,37
"2011","Wandsworth 022C","E01004631","Total",810,62,94,530,124,415,27,42,265,81,395,35,52,265,43
"2011","Wandsworth 022D","E01004633","Total",802,71,162,476,93,398,26,73,236,63,404,45,89,240,30
"2011","Wandsworth 023A","E01004569","Total",1042,247,186,490,119,504,75,64,280,85,538,172,122,210,34
"2011","Wandsworth 023B","E01004570","Total",795,157,220,366,52,354,35,81,199,39,441,122,139,167,13
"2011","Wandsworth 023C","E01004571","Total",767,121,180,395,71,387,42,63,228,54,380,79,117,167,17
"2011","Wandsworth 023D","E01004573","Total",806,68,155,482,101,435,32,68,264,71,371,36,87,218,30
"2011","Wandsworth 024A","E01004495","Total",780,64,118,461,137,390,24,48,237,81,390,40,70,224,56
"2011","Wandsworth 024B","E01004496","Total",1468,43,100,971,354,746,16,42,461,227,722,27,58,510,127
"2011","Wandsworth 024C","E01004497","Total",776,49,100,463,164,384,13,28,230,113,392,36,72,233,51
"2011","Wandsworth 024D","E01004622","Total",796,39,94,511,152,477,23,41,306,107,319,16,53,205,45
"2011","Wandsworth 024E","E01004624","Total",944,60,112,579,193,476,21,34,300,121,468,39,78,279,72
"2011","Wandsworth 025A","E01004593","Total",1216,67,134,790,225,595,24,37,392,142,621,43,97,398,83
"2011","Wandsworth 025B","E01004595","Total",1150,57,114,786,193,550,20,34,374,122,600,37,80,412,71
"2011","Wandsworth 025C","E01004597","Total",1081,81,119,637,244,529,25,23,321,160,552,56,96,316,84
"2011","Wandsworth 025D","E01004598","Total",1321,50,93,870,308,660,19,31,417,193,661,31,62,453,115
"2011","Wandsworth 025E","E01004599","Total",854,57,121,442,234,441,13,25,234,169,413,44,96,208,65
"2011","Wandsworth 026A","E01004473","Total",1140,46,85,721,288,556,16,23,342,175,584,30,62,379,113
"2011","Wandsworth 026B","E01004475","Total",947,35,84,607,221,480,14,29,296,141,467,21,55,311,80
"2011","Wandsworth 026C","E01004480","Total",1201,42,56,768,335,589,17,15,347,210,612,25,41,421,125
"2011","Wandsworth 026D","E01004483","Total",1461,41,114,1011,295,779,21,44,514,200,682,20,70,497,95
"2011","Wandsworth 026E","E01004484","Total",1026,46,90,681,209,493,11,29,332,121,533,35,61,349,88
"2011","Wandsworth 026F","E01004486","Total",995,37,60,669,229,498,9,21,317,151,497,28,39,352,78
"2011","Wandsworth 027A","E01004543","Total",1089,57,110,581,341,573,16,33,284,240,516,41,77,297,101
"2011","Wandsworth 027B","E01004545","Total",1220,35,81,822,282,598,21,24,386,167,622,14,57,436,115
"2011","Wandsworth 027C","E01004546","Total",1030,45,91,628,266,499,12,30,291,166,531,33,61,337,100
"2011","Wandsworth 027D","E01004549","Total",939,47,94,549,249,488,17,26,275,170,451,30,68,274,79
"2011","Wandsworth 027E","E01004625","Total",660,72,110,307,171,345,11,29,167,138,315,61,81,140,33
"2011","Wandsworth 027F","E01004626","Total",1045,68,93,620,264,552,17,19,316,200,493,51,74,304,64
"2011","Wandsworth 028A","E01004632","Total",859,57,123,506,173,423,19,41,235,128,436,38,82,271,45
"2011","Wandsworth 028B","E01004634","Total",905,44,98,580,183,483,18,36,301,128,422,26,62,279,55
"2011","Wandsworth 028C","E01004635","Total",927,57,135,600,135,491,20,60,319,92,436,37,75,281,43
"2011","Wandsworth 028D","E01004636","Total",812,53,113,475,171,429,23,49,236,121,383,30,64,239,50
"2011","Wandsworth 028E","E01004637","Total",774,51,109,473,141,404,22,42,243,97,370,29,67,230,44
"2011","Wandsworth 029A","E01004481","Total",1161,65,110,763,223,555,22,36,360,137,606,43,74,403,86
"2011","Wandsworth 029B","E01004488","Total",830,42,104,490,194,422,18,29,250,125,408,24,75,240,69
"2011","Wandsworth 029C","E01004547","Total",739,66,94,415,164,366,27,33,195,111,373,39,61,220,53
"2011","Wandsworth 029D","E01004548","Total",1347,60,139,898,250,681,23,55,445,158,666,37,84,453,92
"2011","Wandsworth 030A","E01004482","Total",926,56,102,629,139,465,18,41,313,93,461,38,61,316,46
"2011","Wandsworth 030B","E01004485","Total",1018,47,96,659,216,556,22,26,360,148,462,25,70,299,68
"2011","Wandsworth 030C","E01004487","Total",934,40,100,572,222,489,24,30,287,148,445,16,70,285,74
"2011","Wandsworth 030D","E01004489","Total",830,42,108,440,240,425,15,34,217,159,405,27,74,223,81
"2011","Wandsworth 031A","E01004490","Total",977,42,98,606,231,456,10,21,289,136,521,32,77,317,95
"2011","Wandsworth 031B","E01004491","Total",1151,98,118,800,135,528,40,43,361,84,623,58,75,439,51
"2011","Wandsworth 031C","E01004492","Total",1076,68,125,670,213,535,31,53,320,131,541,37,72,350,82
"2011","Wandsworth 031D","E01004498","Total",1218,52,87,798,281,564,12,24,369,159,654,40,63,429,122
"2011","Wandsworth 032A","E01004532","Total",844,49,124,523,148,400,18,34,264,84,444,31,90,259,64
"2011","Wandsworth 032B","E01004611","Total",852,41,144,538,129,433,15,60,277,81,419,26,84,261,48
"2011","Wandsworth 032C","E01004612","Total",868,75,138,538,117,468,38,61,281,88,400,37,77,257,29
"2011","Wandsworth 032D","E01004618","Total",881,61,107,547,166,454,24,49,272,109,427,37,58,275,57
"2011","Wandsworth 033A","E01004531","Total",827,65,129,526,107,407,18,45,273,71,420,47,84,253,36
"2011","Wandsworth 033B","E01004533","Total",694,50,108,443,93,333,17,39,227,50,361,33,69,216,43
"2011","Wandsworth 033C","E01004610","Total",949,101,158,542,148,526,46,78,291,111,423,55,80,251,37
"2011","Wandsworth 033D","E01004613","Total",705,69,134,421,81,373,33,70,221,49,332,36,64,200,32
"2011","Wandsworth 034A","E01004614","Total",1154,190,142,674,148,516,46,58,327,85,638,144,84,347,63
"2011","Wandsworth 034B","E01004615","Total",736,66,134,455,81,371,21,54,240,56,365,45,80,215,25
"2011","Wandsworth 034C","E01004616","Total",1177,100,179,711,187,588,31,83,348,126,589,69,96,363,61
"2011","Wandsworth 034D","E01004617","Total",854,95,145,519,95,424,39,66,263,56,430,56,79,256,39
"2011","Wandsworth 035A","E01004525","Total",1005,95,141,631,138,568,51,75,346,96,437,44,66,285,42
"2011","Wandsworth 035B","E01004526","Total",930,49,132,631,118,512,18,61,356,77,418,31,71,275,41
"2011","Wandsworth 035C","E01004527","Total",854,82,139,503,130,432,39,61,250,82,422,43,78,253,48
"2011","Wandsworth 035D","E01004528","Total",731,56,140,433,102,372,22,51,232,67,359,34,89,201,35
"2011","Wandsworth 035E","E01004529","Total",1272,71,168,861,172,644,27,64,447,106,628,44,104,414,66
"2011","Wandsworth 035F","E01004530","Total",1062,76,150,676,160,550,26,64,358,102,512,50,86,318,58
"2011","Wandsworth 036A","E01004516","Total",836,116,165,439,116,429,41,57,247,84,407,75,108,192,32
"2011","Wandsworth 036B","E01004518","Total",895,92,156,519,128,435,31,54,268,82,460,61,102,251,46
"2011","Wandsworth 036C","E01004519","Total",852,68,152,515,117,445,14,59,293,79,407,54,93,222,38
"2011","Wandsworth 036D","E01004520","Total",615,60,116,374,65,316,23,42,209,42,299,37,74,165,23
"2011","Wandsworth 036E","E01004523","Total",808,53,138,480,137,406,15,46,254,91,402,38,92,226,46
"2011","Wandsworth 037A","E01004517","Total",1060,68,192,636,164,556,29,66,355,106,504,39,126,281,58
"2011","Wandsworth 037B","E01004521","Total",992,64,171,611,146,490,27,55,312,96,502,37,116,299,50
"2011","Wandsworth 037C","E01004522","Total",833,71,166,501,95,428,20,62,280,66,405,51,104,221,29
"2011","Wandsworth 037D","E01004524","Total",689,56,144,406,83,351,25,58,210,58,338,31,86,196,25
"2011","Westminster 001A","E01004647","Total",666,42,88,295,241,369,13,38,152,166,297,29,50,143,75
"2011","Westminster 001B","E01004649","Total",788,44,87,312,345,454,23,27,163,241,334,21,60,149,104
"2011","Westminster 001C","E01004724","Total",890,70,94,439,287,478,30,36,221,191,412,40,58,218,96
"2011","Westminster 001D","E01004730","Total",773,55,106,352,260,423,13,47,185,178,350,42,59,167,82
"2011","Westminster 002A","E01004646","Total",664,60,82,269,253,385,18,31,145,191,279,42,51,124,62
"2011","Westminster 002B","E01004648","Total",1228,96,122,621,389,658,42,44,300,272,570,54,78,321,117
"2011","Westminster 002C","E01004650","Total",1063,76,112,440,435,597,36,48,210,303,466,40,64,230,132
"2011","Westminster 002D","E01004710","Total",573,51,118,321,83,287,21,51,168,47,286,30,67,153,36
"2011","Westminster 002E","E01004711","Total",757,48,138,406,165,384,19,52,208,105,373,29,86,198,60
"2011","Westminster 003A","E01004651","Total",1063,57,93,548,365,588,21,42,277,248,475,36,51,271,117
"2011","Westminster 003B","E01004725","Total",532,52,102,254,124,291,24,45,126,96,241,28,57,128,28
"2011","Westminster 003C","E01004726","Total",877,61,76,445,295,502,24,35,236,207,375,37,41,209,88
"2011","Westminster 003D","E01004728","Total",702,61,93,362,186,396,25,44,197,130,306,36,49,165,56
"2011","Westminster 003E","E01004729","Total",623,45,100,306,172,345,19,46,159,121,278,26,54,147,51
"2011","Westminster 004A","E01004718","Total",911,70,169,529,143,431,17,64,259,91,480,53,105,270,52
"2011","Westminster 004B","E01004719","Total",835,69,177,459,130,408,23,67,236,82,427,46,110,223,48
"2011","Westminster 004C","E01004720","Total",800,71,156,459,114,401,28,67,233,73,399,43,89,226,41
"2011","Westminster 004D","E01004721","Total",801,80,169,433,119,394,22,82,218,72,407,58,87,215,47
"2011","Westminster 004E","E01004722","Total",812,93,203,428,88,439,36,113,233,57,373,57,90,195,31
"2011","Westminster 005A","E01004674","Total",790,65,145,456,124,396,26,59,235,76,394,39,86,221,48
"2011","Westminster 005B","E01004675","Total",1015,77,168,586,184,546,36,84,304,122,469,41,84,282,62
"2011","Westminster 005C","E01004677","Total",1000,47,143,639,171,491,16,65,304,106,509,31,78,335,65
"2011","Westminster 005D","E01004678","Total",958,69,132,561,196,481,30,53,275,123,477,39,79,286,73
"2011","Westminster 005E","E01004679","Total",957,64,195,563,135,476,26,68,292,90,481,38,127,271,45
"2011","Westminster 005F","E01004723","Total",1051,82,177,604,188,522,37,80,299,106,529,45,97,305,82
"2011","Westminster 006A","E01004676","Total",920,51,126,520,223,502,20,55,288,139,418,31,71,232,84
"2011","Westminster 006B","E01004706","Total",1078,44,94,562,378,572,14,34,274,250,506,30,60,288,128
"2011","Westminster 006C","E01004707","Total",1175,60,98,600,417,643,25,34,309,275,532,35,64,291,142
"2011","Westminster 006D","E01004708","Total",944,60,122,544,218,497,31,63,262,141,447,29,59,282,77
"2011","Westminster 006E","E01004756","Total",997,54,138,556,249,511,21,67,266,157,486,33,71,290,92
"2011","Westminster 007A","E01004701","Total",928,48,112,424,344,501,17,58,203,223,427,31,54,221,121
"2011","Westminster 007B","E01004703","Total",1188,73,135,520,460,685,21,64,273,327,503,52,71,247,133
"2011","Westminster 007D","E01004705","Total",890,51,84,428,327,485,16,35,218,216,405,35,49,210,111
"2011","Westminster 007E","E01004709","Total",861,58,123,413,267,426,25,45,194,162,435,33,78,219,105
"2011","Westminster 007F","E01033600","Total",757,35,74,359,289,422,13,26,187,196,335,22,48,172,93
"2011","Westminster 007G","E01033608","Total",897,47,74,480,296,482,20,31,235,196,415,27,43,245,100
"2011","Westminster 008A","E01004659","Total",1055,74,110,539,332,595,37,48,286,224,460,37,62,253,108
"2011","Westminster 008B","E01004660","Total",937,60,83,423,371,535,34,38,200,263,402,26,45,223,108
"2011","Westminster 008C","E01004712","Total",954,70,93,394,397,567,26,33,228,280,387,44,60,166,117
"2011","Westminster 008D","E01004727","Total",1010,56,83,472,399,616,26,32,280,278,394,30,51,192,121
"2011","Westminster 009A","E01004670","Total",637,89,180,306,62,347,33,98,173,43,290,56,82,133,19
"2011","Westminster 009E","E01004702","Total",880,85,173,474,148,467,28,89,244,106,413,57,84,230,42
"2011","Westminster 009F","E01033598","Total",369,38,76,195,60,205,15,40,103,47,164,23,36,92,13
"2011","Westminster 009G","E01033601","Total",562,45,125,311,81,278,15,55,149,59,284,30,70,162,22
"2011","Westminster 009H","E01033602","Total",487,55,131,240,61,259,16,66,133,44,228,39,65,107,17
"2011","Westminster 009I","E01033603","Total",594,54,104,292,144,321,26,44,152,99,273,28,60,140,45
"2011","Westminster 009J","E01033604","Total",549,68,126,273,82,339,44,77,156,62,210,24,49,117,20
"2011","Westminster 009K","E01033605","Total",647,57,155,336,99,370,26,75,194,75,277,31,80,142,24
"2011","Westminster 010A","E01004754","Total",520,51,128,287,54,270,19,53,153,45,250,32,75,134,9
"2011","Westminster 010B","E01004755","Total",1048,81,197,606,164,564,34,103,323,104,484,47,94,283,60
"2011","Westminster 010C","E01004757","Total",557,69,117,273,98,296,23,56,155,62,261,46,61,118,36
"2011","Westminster 010F","E01032512","Total",857,100,187,450,120,466,44,97,238,87,391,56,90,212,33
"2011","Westminster 010G","E01032513","Total",475,37,98,271,69,244,17,48,131,48,231,20,50,140,21
"2011","Westminster 011A","E01004713","Total",1208,42,90,526,550,687,12,34,250,391,521,30,56,276,159
"2011","Westminster 011B","E01004714","Total",1340,52,124,568,596,794,19,50,299,426,546,33,74,269,170
"2011","Westminster 011C","E01004716","Total",808,54,89,324,341,471,18,39,177,237,337,36,50,147,104
"2011","Westminster 011D","E01004717","Total",991,69,69,388,465,583,33,21,210,319,408,36,48,178,146
"2011","Westminster 011E","E01004762","Total",1088,93,148,436,411,676,53,63,254,306,412,40,85,182,105
"2011","Westminster 012A","E01004657","Total",899,61,83,325,430,553,23,43,179,308,346,38,40,146,122
"2011","Westminster 012B","E01004658","Total",712,70,85,297,260,421,33,41,165,182,291,37,44,132,78
"2011","Westminster 012C","E01004661","Total",962,65,133,464,300,540,32,84,223,201,422,33,49,241,99
"2011","Westminster 012D","E01004662","Total",1111,63,93,507,448,666,24,45,272,325,445,39,48,235,123
"2011","Westminster 012E","E01004663","Total",843,57,103,402,281,468,20,37,220,191,375,37,66,182,90
"2011","Westminster 013A","E01004715","Total",863,111,103,413,236,488,57,37,232,162,375,54,66,181,74
"2011","Westminster 013B","E01004763","Total",1483,101,139,838,405,919,57,82,482,298,564,44,57,356,107
"2011","Westminster 013D","E01004765","Total",1179,94,149,509,427,706,46,75,289,296,473,48,74,220,131
"2011","Westminster 013E","E01033595","Total",750,40,80,331,299,479,21,38,211,209,271,19,42,120,90
"2011","Westminster 013F","E01033596","Total",701,45,87,334,235,471,17,56,220,178,230,28,31,114,57
"2011","Westminster 014A","E01004653","Total",1059,56,97,487,419,558,16,30,228,284,501,40,67,259,135
"2011","Westminster 014B","E01004654","Total",1454,107,136,649,562,827,47,53,335,392,627,60,83,314,170
"2011","Westminster 014D","E01004656","Total",1176,72,123,597,384,657,28,47,322,260,519,44,76,275,124
"2011","Westminster 014E","E01004760","Total",830,78,125,393,234,392,34,45,172,141,438,44,80,221,93
"2011","Westminster 014F","E01033606","Total",708,32,55,383,238,388,13,30,175,170,320,19,25,208,68
"2011","Westminster 014G","E01033607","Total",703,47,68,373,215,368,17,25,180,146,335,30,43,193,69
"2011","Westminster 015A","E01004680","Total",761,45,80,352,284,464,17,37,205,205,297,28,43,147,79
"2011","Westminster 015B","E01004683","Total",947,36,111,431,369,570,14,46,246,264,377,22,65,185,105
"2011","Westminster 015C","E01004684","Total",541,67,97,229,148,331,37,54,136,104,210,30,43,93,44
"2011","Westminster 015E","E01004686","Total",653,70,112,276,195,404,43,68,160,133,249,27,44,116,62
"2011","Westminster 015F","E01033593","Total",493,53,71,212,157,323,27,51,121,124,170,26,20,91,33
"2011","Westminster 015G","E01033594","Total",691,59,90,348,194,418,27,46,196,149,273,32,44,152,45
"2011","Westminster 016A","E01004681","Total",1343,50,131,640,522,780,18,59,353,350,563,32,72,287,172
"2011","Westminster 016B","E01004682","Total",867,54,90,438,285,512,20,48,241,203,355,34,42,197,82
"2011","Westminster 016C","E01004694","Total",1118,56,94,539,429,645,27,41,278,299,473,29,53,261,130
"2011","Westminster 016D","E01004697","Total",912,54,75,451,332,500,20,34,240,206,412,34,41,211,126
"2011","Westminster 016E","E01004700","Total",1101,66,108,537,390,610,26,44,272,268,491,40,64,265,122
"2011","Westminster 017A","E01004652","Total",1041,51,101,581,308,574,25,53,294,202,467,26,48,287,106
"2011","Westminster 017B","E01004693","Total",787,49,68,348,322,457,16,23,173,245,330,33,45,175,77
"2011","Westminster 017C","E01004695","Total",777,49,72,372,284,467,19,39,220,189,310,30,33,152,95
"2011","Westminster 017D","E01004696","Total",617,53,101,328,135,339,24,55,173,87,278,29,46,155,48
"2011","Westminster 017E","E01004698","Total",985,73,119,515,278,559,36,54,280,189,426,37,65,235,89
"2011","Westminster 017F","E01004699","Total",1379,64,137,635,543,802,27,78,325,372,577,37,59,310,171
"2011","Westminster 018A","E01004734","Total",1109,76,136,505,392,681,38,64,310,269,428,38,72,195,123
"2011","Westminster 018B","E01004735","Total",975,56,111,503,305,591,24,52,291,224,384,32,59,212,81
"2011","Westminster 018C","E01004736","Total",1155,51,73,501,530,823,24,39,341,419,332,27,34,160,111
"2011","Westminster 018D","E01004761","Total",1186,61,77,553,495,775,32,41,333,369,411,29,36,220,126
"2011","Westminster 019A","E01004687","Total",894,64,118,344,368,507,20,43,165,279,387,44,75,179,89
"2011","Westminster 019B","E01004688","Total",562,74,61,215,212,344,42,23,124,155,218,32,38,91,57
"2011","Westminster 019C","E01004689","Total",615,42,41,187,345,435,19,18,110,288,180,23,23,77,57
"2011","Westminster 019D","E01004690","Total",716,48,83,300,285,435,15,36,164,220,281,33,47,136,65
"2011","Westminster 019E","E01004691","Total",789,50,89,334,316,500,22,37,196,245,289,28,52,138,71
"2011","Westminster 019F","E01004692","Total",668,65,62,275,266,412,30,26,161,195,256,35,36,114,71
"2011","Westminster 020A","E01004731","Total",1190,57,86,572,475,717,23,39,317,338,473,34,47,255,137
"2011","Westminster 020B","E01004732","Total",568,49,87,314,118,298,22,33,167,76,270,27,54,147,42
"2011","Westminster 020C","E01004733","Total",1117,67,108,461,481,679,28,38,276,337,438,39,70,185,144
"2011","Westminster 020D","E01004744","Total",695,38,80,370,207,398,14,31,204,149,297,24,49,166,58
"2011","Westminster 020E","E01004748","Total",747,47,71,336,293,467,20,34,210,203,280,27,37,126,90
"2011","Westminster 021A","E01004740","Total",675,37,97,381,160,383,13,40,204,126,292,24,57,177,34
"2011","Westminster 021B","E01004743","Total",717,48,94,369,206,414,24,42,205,143,303,24,52,164,63
"2011","Westminster 021C","E01004745","Total",1207,69,146,620,372,653,29,55,324,245,554,40,91,296,127
"2011","Westminster 021D","E01004746","Total",660,50,106,348,156,349,17,49,173,110,311,33,57,175,46
"2011","Westminster 021E","E01004747","Total",1237,71,129,678,359,679,27,55,358,239,558,44,74,320,120
"2011","Westminster 022A","E01004742","Total",961,47,57,503,354,528,15,26,247,240,433,32,31,256,114
"2011","Westminster 022B","E01004749","Total",1430,87,111,700,532,790,27,47,355,361,640,60,64,345,171
"2011","Westminster 022C","E01004751","Total",1148,64,91,560,433,660,28,31,300,301,488,36,60,260,132
"2011","Westminster 022D","E01004752","Total",932,49,99,527,257,497,18,35,264,180,435,31,64,263,77
"2011","Westminster 022E","E01004753","Total",1180,63,128,642,347,631,31,62,330,208,549,32,66,312,139
"2011","Westminster 023B","E01004666","Total",551,50,84,285,132,296,22,31,157,86,255,28,53,128,46
"2011","Westminster 023C","E01004667","Total",727,60,111,390,166,397,27,49,209,112,330,33,62,181,54
"2011","Westminster 023D","E01004668","Total",671,57,103,347,164,378,28,38,201,111,293,29,65,146,53
"2011","Westminster 023E","E01004750","Total",908,55,97,454,302,532,17,38,268,209,376,38,59,186,93
"2011","Westminster 023F","E01033597","Total",542,37,70,286,149,307,22,31,148,106,235,15,39,138,43
"2011","Westminster 023G","E01033599","Total",588,53,104,335,96,295,24,38,168,65,293,29,66,167,31
"2011","Westminster 024A","E01004665","Total",488,54,115,259,60,258,16,57,146,39,230,38,58,113,21
"2011","Westminster 024B","E01004669","Total",691,50,117,406,118,394,16,54,249,75,297,34,63,157,43
"2011","Westminster 024C","E01004737","Total",634,53,81,333,167,344,24,36,176,108,290,29,45,157,59
"2011","Westminster 024D","E01004738","Total",844,44,101,418,281,457,16,40,207,194,387,28,61,211,87
"2011","Westminster 024E","E01004739","Total",895,34,70,458,333,488,19,30,223,216,407,15,40,235,117
"2011","Westminster 024F","E01004741","Total",724,30,96,399,199,375,15,29,205,126,349,15,67,194,73
"2011","Barking and Dagenham 001A","E01000027","Total",634,46,135,393,60,309,15,29,216,49,325,31,106,177,11
"2011","Barking and Dagenham 001B","E01000028","Total",535,42,110,340,43,279,18,29,196,36,256,24,81,144,7
"2011","Barking and Dagenham 001C","E01000029","Total",636,66,124,393,53,333,21,40,232,40,303,45,84,161,13
"2011","Barking and Dagenham 001D","E01000030","Total",665,41,164,413,47,348,10,50,250,38,317,31,114,163,9
"2011","Barking and Dagenham 002A","E01000031","Total",728,59,111,482,76,385,20,41,267,57,343,39,70,215,19
"2011","Barking and Dagenham 002B","E01000032","Total",718,62,144,426,86,404,18,53,263,70,314,44,91,163,16
"2011","Barking and Dagenham 002C","E01000110","Total",671,54,126,411,80,344,19,38,233,54,327,35,88,178,26
"2011","Barking and Dagenham 002D","E01000111","Total",757,67,159,455,76,400,20,56,266,58,357,47,103,189,18
"2011","Barking and Dagenham 002E","E01000112","Total",876,75,151,550,100,479,26,52,325,76,397,49,99,225,24
"2011","Barking and Dagenham 002F","E01000113","Total",770,75,134,482,79,390,19,38,279,54,380,56,96,203,25
"2011","Barking and Dagenham 003A","E01000034","Total",559,49,93,359,58,296,17,27,204,48,263,32,66,155,10
"2011","Barking and Dagenham 003B","E01000037","Total",890,78,146,573,93,465,30,34,329,72,425,48,112,244,21
"2011","Barking and Dagenham 003C","E01000038","Total",650,71,112,403,64,339,16,29,246,48,311,55,83,157,16
"2011","Barking and Dagenham 003D","E01000039","Total",748,54,122,487,85,384,11,26,278,69,364,43,96,209,16
"2011","Barking and Dagenham 004A","E01000063","Total",661,46,139,411,65,357,15,43,248,51,304,31,96,163,14
"2011","Barking and Dagenham 004B","E01000100","Total",640,66,112,411,51,327,14,32,238,43,313,52,80,173,8
"2011","Barking and Dagenham 004C","E01000101","Total",646,66,117,389,74,324,17,32,219,56,322,49,85,170,18
"2011","Barking and Dagenham 004D","E01000109","Total",740,80,143,435,82,390,22,47,259,62,350,58,96,176,20
"2011","Barking and Dagenham 004E","E01000114","Total",895,88,152,565,90,459,26,41,321,71,436,62,111,244,19
"2011","Barking and Dagenham 006A","E01000033","Total",512,49,110,297,56,263,13,28,177,45,249,36,82,120,11
"2011","Barking and Dagenham 006B","E01000060","Total",685,67,135,425,58,341,17,39,234,51,344,50,96,191,7
"2011","Barking and Dagenham 006C","E01000061","Total",591,51,124,361,55,278,22,38,182,36,313,29,86,179,19
"2011","Barking and Dagenham 006D","E01000062","Total",770,73,133,498,66,423,29,45,295,54,347,44,88,203,12
"2011","Barking and Dagenham 006E","E01000064","Total",754,66,155,461,72,376,18,41,259,58,378,48,114,202,14
"2011","Barking and Dagenham 007A","E01000065","Total",661,64,132,395,70,333,19,40,222,52,328,45,92,173,18
"2011","Barking and Dagenham 007B","E01000078","Total",611,43,130,390,48,302,9,28,225,40,309,34,102,165,8
"2011","Barking and Dagenham 007C","E01000080","Total",612,47,143,364,58,300,8,45,201,46,312,39,98,163,12
"2011","Barking and Dagenham 007D","E01000081","Total",701,58,127,444,72,384,19,34,274,57,317,39,93,170,15
"2011","Barking and Dagenham 007E","E01000082","Total",670,57,133,417,63,330,10,35,238,47,340,47,98,179,16
"2011","Barking and Dagenham 007F","E01000083","Total",671,61,139,410,61,341,14,48,225,54,330,47,91,185,7
"2011","Barking and Dagenham 007G","E01000102","Total",616,47,108,404,57,308,15,29,219,45,308,32,79,185,12
"2011","Barking and Dagenham 008A","E01000021","Total",614,53,121,398,42,333,28,38,237,30,281,25,83,161,12
"2011","Barking and Dagenham 008B","E01000022","Total",532,60,105,315,52,280,20,31,192,37,252,40,74,123,15
"2011","Barking and Dagenham 008C","E01000023","Total",521,44,86,319,72,288,11,34,193,50,233,33,52,126,22
"2011","Barking and Dagenham 008D","E01000024","Total",534,51,111,327,45,277,15,32,193,37,257,36,79,134,8
"2011","Barking and Dagenham 008E","E01000025","Total",678,58,138,400,82,360,22,46,222,70,318,36,92,178,12
"2011","Barking and Dagenham 008F","E01000077","Total",608,58,118,383,49,313,16,35,222,40,295,42,83,161,9
"2011","Barking and Dagenham 009A","E01000015","Total",885,76,185,544,80,456,25,46,319,66,429,51,139,225,14
"2011","Barking and Dagenham 009B","E01000016","Total",678,62,149,412,55,360,19,40,255,46,318,43,109,157,9
"2011","Barking and Dagenham 009C","E01000017","Total",642,44,127,414,57,340,14,39,242,45,302,30,88,172,12
"2011","Barking and Dagenham 009D","E01000018","Total",644,55,140,399,50,317,9,35,235,38,327,46,105,164,12
"2011","Barking and Dagenham 009E","E01000079","Total",575,52,120,334,69,298,16,37,191,54,277,36,83,143,15
"2011","Barking and Dagenham 010A","E01000035","Total",684,68,131,416,69,372,27,40,244,61,312,41,91,172,8
"2011","Barking and Dagenham 010B","E01000036","Total",643,54,110,417,62,349,24,39,239,47,294,30,71,178,15
"2011","Barking and Dagenham 010C","E01000107","Total",693,65,143,424,61,361,23,42,247,49,332,42,101,177,12
"2011","Barking and Dagenham 010D","E01000108","Total",746,57,141,486,62,383,19,36,280,48,363,38,105,206,14
"2011","Barking and Dagenham 011A","E01000066","Total",802,71,155,506,70,442,25,59,306,52,360,46,96,200,18
"2011","Barking and Dagenham 011B","E01000067","Total",824,84,180,487,73,471,37,73,299,62,353,47,107,188,11
"2011","Barking and Dagenham 011C","E01000069","Total",798,81,158,474,85,450,32,66,286,66,348,49,92,188,19
"2011","Barking and Dagenham 011D","E01000070","Total",843,82,148,530,83,451,30,54,302,65,392,52,94,228,18
"2011","Barking and Dagenham 011E","E01000071","Total",973,82,195,589,107,541,37,73,353,78,432,45,122,236,29
"2011","Barking and Dagenham 012A","E01000057","Total",595,39,117,372,67,302,11,34,205,52,293,28,83,167,15
"2011","Barking and Dagenham 012B","E01000073","Total",652,51,145,406,50,332,11,43,237,41,320,40,102,169,9
"2011","Barking and Dagenham 012C","E01000074","Total",641,48,146,369,78,319,12,32,217,58,322,36,114,152,20
"2011","Barking and Dagenham 012D","E01000075","Total",678,56,138,421,63,373,15,49,257,52,305,41,89,164,11
"2011","Barking and Dagenham 012E","E01000076","Total",740,73,132,461,74,383,19,34,271,59,357,54,98,190,15
"2011","Barking and Dagenham 013A","E01000013","Total",669,67,143,392,67,339,20,41,227,51,330,47,102,165,16
"2011","Barking and Dagenham 013B","E01000014","Total",696,62,125,441,68,346,24,27,244,51,350,38,98,197,17
"2011","Barking and Dagenham 013C","E01000059","Total",621,50,119,400,52,324,15,33,232,44,297,35,86,168,8
"2011","Barking and Dagenham 013D","E01000084","Total",561,64,121,316,60,296,16,40,187,53,265,48,81,129,7
"2011","Barking and Dagenham 013E","E01000085","Total",630,48,145,373,64,335,24,39,215,57,295,24,106,158,7
"2011","Barking and Dagenham 013F","E01000086","Total",602,53,105,387,57,331,13,29,244,45,271,40,76,143,12
"2011","Barking and Dagenham 014A","E01000103","Total",670,62,139,413,56,331,19,43,226,43,339,43,96,187,13
"2011","Barking and Dagenham 014B","E01000104","Total",678,63,124,428,63,358,20,29,256,53,320,43,95,172,10
"2011","Barking and Dagenham 014C","E01000105","Total",784,57,140,505,82,401,12,43,282,64,383,45,97,223,18
"2011","Barking and Dagenham 014D","E01000106","Total",751,54,137,487,73,411,19,50,284,58,340,35,87,203,15
"2011","Barking and Dagenham 015A","E01000007","Total",607,49,125,384,49,353,24,53,238,38,254,25,72,146,11
"2011","Barking and Dagenham 015B","E01000008","Total",545,60,150,292,43,326,31,67,193,35,219,29,83,99,8
"2011","Barking and Dagenham 015C","E01000010","Total",1327,109,224,876,118,806,61,106,561,78,521,48,118,315,40
"2011","Barking and Dagenham 015D","E01000012","Total",769,66,180,438,85,455,34,82,269,70,314,32,98,169,15
"2011","Barking and Dagenham 016A","E01000006","Total",781,73,170,448,90,457,37,80,278,62,324,36,90,170,28
"2011","Barking and Dagenham 016B","E01000009","Total",769,78,149,478,64,499,47,78,319,55,270,31,71,159,9
"2011","Barking and Dagenham 016C","E01000011","Total",691,89,178,377,47,465,59,117,261,28,226,30,61,116,19
"2011","Barking and Dagenham 016D","E01000044","Total",769,63,180,463,63,432,22,75,290,45,337,41,105,173,18
"2011","Barking and Dagenham 016E","E01000068","Total",739,78,147,428,86,439,37,66,272,64,300,41,81,156,22
"2011","Barking and Dagenham 017A","E01000041","Total",683,60,104,455,64,363,11,22,278,52,320,49,82,177,12
"2011","Barking and Dagenham 017B","E01000042","Total",610,44,147,370,49,325,18,54,217,36,285,26,93,153,13
"2011","Barking and Dagenham 017C","E01000045","Total",664,52,138,422,52,360,14,39,262,45,304,38,99,160,7
"2011","Barking and Dagenham 017D","E01000046","Total",738,63,155,444,76,367,18,34,254,61,371,45,121,190,15
"2011","Barking and Dagenham 017E","E01000072","Total",725,61,132,475,57,395,16,44,290,45,330,45,88,185,12
"2011","Barking and Dagenham 018A","E01000054","Total",694,59,149,424,62,356,13,38,254,51,338,46,111,170,11
"2011","Barking and Dagenham 018B","E01000055","Total",664,63,114,424,63,357,22,35,250,50,307,41,79,174,13
"2011","Barking and Dagenham 018C","E01000056","Total",609,52,135,374,48,332,15,40,238,39,277,37,95,136,9
"2011","Barking and Dagenham 018D","E01000058","Total",796,67,156,506,67,435,16,55,312,52,361,51,101,194,15
"2011","Barking and Dagenham 018E","E01000095","Total",671,60,131,422,58,347,23,42,241,41,324,37,89,181,17
"2011","Barking and Dagenham 019A","E01000040","Total",637,65,133,369,70,345,24,41,229,51,292,41,92,140,19
"2011","Barking and Dagenham 019B","E01000043","Total",519,48,118,307,46,289,18,54,176,41,230,30,64,131,5
"2011","Barking and Dagenham 019C","E01000050","Total",570,53,126,331,60,336,17,64,207,48,234,36,62,124,12
"2011","Barking and Dagenham 019D","E01000052","Total",858,91,174,506,87,466,31,59,311,65,392,60,115,195,22
"2011","Barking and Dagenham 019E","E01000092","Total",1056,101,198,671,86,593,49,77,391,76,463,52,121,280,10
"2011","Barking and Dagenham 020A","E01000053","Total",617,36,99,428,54,323,9,19,247,48,294,27,80,181,6
"2011","Barking and Dagenham 020B","E01000087","Total",559,41,120,343,55,280,10,32,191,47,279,31,88,152,8
"2011","Barking and Dagenham 020C","E01000088","Total",753,67,152,471,63,392,30,44,263,55,361,37,108,208,8
"2011","Barking and Dagenham 020D","E01000089","Total",722,62,154,429,77,390,19,44,264,63,332,43,110,165,14
"2011","Barking and Dagenham 020E","E01000090","Total",664,59,139,403,63,344,14,45,236,49,320,45,94,167,14
"2011","Barking and Dagenham 021B","E01000048","Total",520,61,149,269,41,287,26,64,164,33,233,35,85,105,8
"2011","Barking and Dagenham 021C","E01000049","Total",572,71,144,310,47,317,24,60,193,40,255,47,84,117,7
"2011","Barking and Dagenham 021D","E01000051","Total",581,65,150,323,43,325,31,71,184,39,256,34,79,139,4
"2011","Barking and Dagenham 021E","E01033587","Total",704,42,129,452,81,411,18,57,271,65,293,24,72,181,16
"2011","Barking and Dagenham 021F","E01033588","Total",628,48,142,386,52,340,25,53,225,37,288,23,89,161,15
"2011","Barking and Dagenham 022A","E01000091","Total",585,48,116,366,55,339,17,49,228,45,246,31,67,138,10
"2011","Barking and Dagenham 022B","E01000093","Total",576,63,122,340,51,328,22,48,213,45,248,41,74,127,6
"2011","Barking and Dagenham 022C","E01000094","Total",626,51,122,399,54,340,26,44,226,44,286,25,78,173,10
"2011","Barking and Dagenham 022D","E01000096","Total",619,75,136,348,60,333,29,40,216,48,286,46,96,132,12
"2011","Barking and Dagenham 023A","E01000019","Total",558,57,113,337,51,293,19,43,188,43,265,38,70,149,8
"2011","Barking and Dagenham 023B","E01000020","Total",712,68,118,471,55,371,15,39,275,42,341,53,79,196,13
"2011","Barking and Dagenham 023C","E01000097","Total",642,65,149,368,60,336,20,49,216,51,306,45,100,152,9
"2011","Barking and Dagenham 023D","E01000098","Total",679,68,123,413,75,358,23,35,239,61,321,45,88,174,14
"2011","Barking and Dagenham 023E","E01000099","Total",726,66,149,439,72,378,15,52,255,56,348,51,97,184,16
"2011","Barking and Dagenham 023F","E01032580","Total",525,56,139,295,35,280,22,55,173,30,245,34,84,122,5
"2011","Barnet 001A","E01000248","Total",842,78,152,462,150,453,26,43,268,116,389,52,109,194,34
"2011","Barnet 001B","E01000249","Total",803,80,182,387,154,417,21,50,224,122,386,59,132,163,32
"2011","Barnet 001C","E01000250","Total",1177,115,193,661,208,628,36,55,382,155,549,79,138,279,53
"2011","Barnet 001D","E01000254","Total",759,82,115,407,155,389,23,27,226,113,370,59,88,181,42
"2011","Barnet 001E","E01000292","Total",699,81,125,387,106,362,30,37,219,76,337,51,88,168,30
"2011","Barnet 001F","E01000293","Total",906,103,154,498,151,469,33,39,293,104,437,70,115,205,47
"2011","Barnet 002A","E01000167","Total",627,66,122,365,74,305,24,35,192,54,322,42,87,173,20
"2011","Barnet 002B","E01000246","Total",735,74,140,383,138,375,18,35,227,95,360,56,105,156,43
"2011","Barnet 002C","E01000247","Total",942,83,139,571,149,473,15,31,315,112,469,68,108,256,37
"2011","Barnet 002D","E01000251","Total",931,77,133,596,125,479,26,46,319,88,452,51,87,277,37
"2011","Barnet 002E","E01000252","Total",817,93,129,462,133,411,29,34,254,94,406,64,95,208,39
"2011","Barnet 003A","E01000166","Total",731,65,131,411,124,383,10,42,235,96,348,55,89,176,28
"2011","Barnet 003B","E01000168","Total",728,77,151,387,113,388,22,46,234,86,340,55,105,153,27
"2011","Barnet 003C","E01000169","Total",812,87,131,466,128,419,30,32,257,100,393,57,99,209,28
"2011","Barnet 003D","E01000172","Total",753,83,135,426,109,385,23,34,246,82,368,60,101,180,27
"2011","Barnet 004A","E01000285","Total",703,71,134,411,87,352,20,48,222,62,351,51,86,189,25
"2011","Barnet 004B","E01000287","Total",682,67,147,387,81,340,21,44,215,60,342,46,103,172,21
"2011","Barnet 004C","E01000288","Total",767,77,155,425,110,398,19,45,248,86,369,58,110,177,24
"2011","Barnet 004D","E01000289","Total",680,89,162,374,55,334,30,56,209,39,346,59,106,165,16
"2011","Barnet 004E","E01000291","Total",614,73,149,331,61,305,26,50,185,44,309,47,99,146,17
"2011","Barnet 004F","E01000294","Total",722,82,118,418,104,365,28,38,229,70,357,54,80,189,34
"2011","Barnet 005A","E01000267","Total",817,85,154,440,138,433,35,40,247,111,384,50,114,193,27
"2011","Barnet 005B","E01000268","Total",885,76,143,521,145,464,26,44,289,105,421,50,99,232,40
"2011","Barnet 005C","E01000269","Total",730,87,133,407,103,378,29,31,235,83,352,58,102,172,20
"2011","Barnet 005D","E01000270","Total",762,69,120,453,120,411,26,42,256,87,351,43,78,197,33
"2011","Barnet 006A","E01000170","Total",776,66,134,464,112,384,19,38,243,84,392,47,96,221,28
"2011","Barnet 006B","E01000171","Total",969,84,150,619,116,513,31,56,338,88,456,53,94,281,28
"2011","Barnet 006C","E01000173","Total",851,78,158,494,121,436,19,40,287,90,415,59,118,207,31
"2011","Barnet 006D","E01000174","Total",822,68,167,476,111,420,21,50,265,84,402,47,117,211,27
"2011","Barnet 006E","E01000175","Total",777,90,146,443,98,419,32,44,269,74,358,58,102,174,24
"2011","Barnet 007A","E01000228","Total",702,88,132,369,113,361,19,32,227,83,341,69,100,142,30
"2011","Barnet 007B","E01000253","Total",723,104,135,338,146,384,22,43,202,117,339,82,92,136,29
"2011","Barnet 007C","E01000279","Total",663,89,118,280,176,371,22,38,174,137,292,67,80,106,39
"2011","Barnet 007D","E01000280","Total",689,104,126,312,147,375,31,31,192,121,314,73,95,120,26
"2011","Barnet 007E","E01000286","Total",697,80,108,418,91,349,25,35,224,65,348,55,73,194,26
"2011","Barnet 007F","E01000290","Total",682,63,118,376,125,360,16,31,213,100,322,47,87,163,25
"2011","Barnet 008A","E01000271","Total",715,99,116,358,142,399,33,37,228,101,316,66,79,130,41
"2011","Barnet 008B","E01000272","Total",656,88,95,320,153,357,27,17,197,116,299,61,78,123,37
"2011","Barnet 008C","E01000273","Total",726,71,119,415,121,388,20,38,242,88,338,51,81,173,33
"2011","Barnet 008D","E01000281","Total",584,49,125,322,88,316,19,49,181,67,268,30,76,141,21
"2011","Barnet 008E","E01000282","Total",818,75,140,465,138,440,24,40,273,103,378,51,100,192,35
"2011","Barnet 009A","E01000115","Total",704,88,149,362,105,364,28,42,211,83,340,60,107,151,22
"2011","Barnet 009B","E01000116","Total",866,101,167,493,105,448,29,43,302,74,418,72,124,191,31
"2011","Barnet 009C","E01000119","Total",794,72,146,460,116,417,26,40,274,77,377,46,106,186,39
"2011","Barnet 009D","E01000120","Total",695,65,142,384,104,363,13,50,218,82,332,52,92,166,22
"2011","Barnet 009E","E01000122","Total",746,55,134,441,116,399,23,28,262,86,347,32,106,179,30
"2011","Barnet 010A","E01000117","Total",879,88,148,523,120,465,24,38,310,93,414,64,110,213,27
"2011","Barnet 010B","E01000118","Total",959,96,203,544,116,497,37,60,318,82,462,59,143,226,34
"2011","Barnet 010C","E01000121","Total",543,60,118,301,64,269,20,37,165,47,274,40,81,136,17
"2011","Barnet 010D","E01000123","Total",900,93,156,545,106,463,32,46,303,82,437,61,110,242,24
"2011","Barnet 010E","E01000124","Total",785,73,137,477,98,416,22,41,277,76,369,51,96,200,22
"2011","Barnet 011A","E01000265","Total",917,75,191,504,147,452,28,49,267,108,465,47,142,237,39
"2011","Barnet 011B","E01000266","Total",773,100,145,397,131,407,31,41,237,98,366,69,104,160,33
"2011","Barnet 011C","E01000274","Total",883,83,178,496,126,460,28,56,276,100,423,55,122,220,26
"2011","Barnet 011D","E01000320","Total",703,54,137,387,125,352,20,38,210,84,351,34,99,177,41
"2011","Barnet 011E","E01000322","Total",900,81,191,514,114,438,33,67,267,71,462,48,124,247,43
"2011","Barnet 012A","E01000275","Total",827,71,145,460,151,420,23,36,251,110,407,48,109,209,41
"2011","Barnet 012B","E01000277","Total",700,66,118,406,110,371,22,52,219,78,329,44,66,187,32
"2011","Barnet 012C","E01000283","Total",690,88,129,335,138,368,24,41,190,113,322,64,88,145,25
"2011","Barnet 012D","E01000284","Total",863,67,137,516,143,465,28,46,289,102,398,39,91,227,41
"2011","Barnet 012E","E01000321","Total",933,89,173,536,135,504,37,62,315,90,429,52,111,221,45
"2011","Barnet 013A","E01000195","Total",734,71,145,456,62,385,24,51,263,47,349,47,94,193,15
"2011","Barnet 013B","E01000229","Total",756,74,150,447,85,389,28,45,252,64,367,46,105,195,21
"2011","Barnet 013C","E01000230","Total",807,81,174,438,114,426,21,51,266,88,381,60,123,172,26
"2011","Barnet 013D","E01000231","Total",894,98,173,528,95,448,44,53,279,72,446,54,120,249,23
"2011","Barnet 013E","E01000232","Total",841,77,155,470,139,442,25,48,267,102,399,52,107,203,37
"2011","Barnet 013F","E01000233","Total",901,85,155,506,155,482,31,40,289,122,419,54,115,217,33
"2011","Barnet 014A","E01000186","Total",759,108,153,370,128,400,29,39,225,107,359,79,114,145,21
"2011","Barnet 014B","E01000187","Total",705,83,141,364,117,381,22,52,208,99,324,61,89,156,18
"2011","Barnet 014C","E01000188","Total",813,79,146,428,160,462,20,35,273,134,351,59,111,155,26
"2011","Barnet 014D","E01000189","Total",679,96,168,356,59,299,40,57,160,42,380,56,111,196,17
"2011","Barnet 014E","E01000190","Total",715,82,137,381,115,384,23,39,232,90,331,59,98,149,25
"2011","Barnet 014F","E01000191","Total",710,68,150,392,100,385,13,54,235,83,325,55,96,157,17
"2011","Barnet 015A","E01000158","Total",723,69,138,386,130,369,21,39,218,91,354,48,99,168,39
"2011","Barnet 015B","E01000159","Total",798,84,160,432,122,423,29,51,250,93,375,55,109,182,29
"2011","Barnet 015C","E01000160","Total",1209,92,183,714,220,669,33,63,417,156,540,59,120,297,64
"2011","Barnet 015D","E01000161","Total",993,74,149,642,128,589,30,57,409,93,404,44,92,233,35
"2011","Barnet 015E","E01000162","Total",741,76,144,432,89,393,24,54,251,64,348,52,90,181,25
"2011","Barnet 015F","E01000324","Total",857,98,182,449,128,449,33,56,263,97,408,65,126,186,31
"2011","Barnet 016A","E01000256","Total",893,93,154,472,174,473,27,47,272,127,420,66,107,200,47
"2011","Barnet 016B","E01000258","Total",844,87,154,440,163,442,24,43,252,123,402,63,111,188,40
"2011","Barnet 016C","E01000263","Total",780,117,121,389,153,406,23,25,235,123,374,94,96,154,30
"2011","Barnet 016D","E01000264","Total",807,75,165,419,148,451,18,84,234,115,356,57,81,185,33
"2011","Barnet 017A","E01000255","Total",664,73,139,351,101,331,26,50,183,72,333,47,89,168,29
"2011","Barnet 017B","E01000257","Total",750,67,152,453,78,379,19,58,249,53,371,48,94,204,25
"2011","Barnet 017C","E01000261","Total",721,82,120,355,164,373,21,25,202,125,348,61,95,153,39
"2011","Barnet 017D","E01000262","Total",996,100,168,568,160,528,31,59,318,120,468,69,109,250,40
"2011","Barnet 018A","E01000192","Total",861,104,169,473,115,469,38,56,292,83,392,66,113,181,32
"2011","Barnet 018B","E01000193","Total",812,100,166,428,118,426,29,57,244,96,386,71,109,184,22
"2011","Barnet 018C","E01000194","Total",819,75,149,475,120,454,19,69,277,89,365,56,80,198,31
"2011","Barnet 018D","E01000226","Total",736,95,164,390,87,392,34,59,235,64,344,61,105,155,23
"2011","Barnet 018E","E01000227","Total",880,94,168,513,105,465,31,54,300,80,415,63,114,213,25
"2011","Barnet 019A","E01000299","Total",943,68,154,588,133,498,25,48,329,96,445,43,106,259,37
"2011","Barnet 019B","E01000300","Total",893,83,137,523,150,468,24,42,302,100,425,59,95,221,50
"2011","Barnet 019C","E01000302","Total",908,63,126,588,131,468,22,36,313,97,440,41,90,275,34
"2011","Barnet 019D","E01000317","Total",817,59,142,483,133,442,19,48,288,87,375,40,94,195,46
"2011","Barnet 019E","E01000318","Total",905,92,173,522,118,472,27,70,296,79,433,65,103,226,39
"2011","Barnet 019F","E01000323","Total",1060,108,176,634,142,591,44,74,374,99,469,64,102,260,43
"2011","Barnet 020A","E01000276","Total",713,88,111,356,158,418,29,29,228,132,295,59,82,128,26
"2011","Barnet 020B","E01000278","Total",682,82,115,349,136,394,27,31,219,117,288,55,84,130,19
"2011","Barnet 020C","E01000301","Total",725,75,126,399,125,388,12,41,237,98,337,63,85,162,27
"2011","Barnet 020D","E01000303","Total",745,69,124,411,141,403,20,34,241,108,342,49,90,170,33
"2011","Barnet 020E","E01000304","Total",882,69,136,541,136,456,29,47,290,90,426,40,89,251,46
"2011","Barnet 021A","E01000130","Total",724,65,158,433,68,336,20,51,217,48,388,45,107,216,20
"2011","Barnet 021B","E01000132","Total",631,54,134,379,64,329,21,39,213,56,302,33,95,166,8
"2011","Barnet 021C","E01000133","Total",648,61,130,382,75,327,17,43,208,59,321,44,87,174,16
"2011","Barnet 021D","E01000234","Total",858,68,156,474,160,442,20,45,262,115,416,48,111,212,45
"2011","Barnet 021E","E01000235","Total",755,73,147,427,108,382,32,40,230,80,373,41,107,197,28
"2011","Barnet 022A","E01000156","Total",1003,85,175,574,169,507,28,48,314,117,496,57,127,260,52
"2011","Barnet 022B","E01000157","Total",838,73,121,531,113,424,34,42,286,62,414,39,79,245,51
"2011","Barnet 022C","E01000163","Total",750,59,135,470,86,385,21,51,248,65,365,38,84,222,21
"2011","Barnet 022D","E01000164","Total",782,75,169,446,92,408,25,63,255,65,374,50,106,191,27
"2011","Barnet 022E","E01000165","Total",1005,86,150,625,144,552,36,61,349,106,453,50,89,276,38
"2011","Barnet 022F","E01000315","Total",711,73,149,416,73,363,20,44,249,50,348,53,105,167,23
"2011","Barnet 023A","E01000197","Total",1032,83,196,605,148,543,32,69,334,108,489,51,127,271,40
"2011","Barnet 023B","E01000295","Total",912,73,129,530,180,475,29,40,281,125,437,44,89,249,55
"2011","Barnet 023C","E01000296","Total",974,76,130,586,182,516,26,47,318,125,458,50,83,268,57
"2011","Barnet 023D","E01000298","Total",1022,81,168,624,149,544,28,69,337,110,478,53,99,287,39
"2011","Barnet 024A","E01000125","Total",1170,140,231,656,143,597,57,106,325,109,573,83,125,331,34
"2011","Barnet 024B","E01000127","Total",667,60,135,399,73,346,20,41,224,61,321,40,94,175,12
"2011","Barnet 024C","E01000128","Total",810,75,163,496,76,436,29,62,288,57,374,46,101,208,19
"2011","Barnet 024D","E01000129","Total",723,73,192,393,65,394,33,84,231,46,329,40,108,162,19
"2011","Barnet 024E","E01000131","Total",836,74,181,493,88,451,28,69,286,68,385,46,112,207,20
"2011","Barnet 024F","E01000134","Total",744,75,167,432,70,381,22,64,245,50,363,53,103,187,20
"2011","Barnet 025A","E01000198","Total",906,90,179,490,147,504,25,57,306,116,402,65,122,184,31
"2011","Barnet 025B","E01000199","Total",747,110,139,348,150,405,32,46,206,121,342,78,93,142,29
"2011","Barnet 025C","E01000204","Total",911,90,156,492,173,465,36,46,255,128,446,54,110,237,45
"2011","Barnet 025D","E01000259","Total",1271,114,205,733,219,688,38,66,429,155,583,76,139,304,64
"2011","Barnet 025E","E01000260","Total",985,102,171,547,165,510,38,64,296,112,475,64,107,251,53
"2011","Barnet 026A","E01000126","Total",875,100,194,495,86,425,39,66,257,63,450,61,128,238,23
"2011","Barnet 026B","E01000151","Total",587,63,150,329,45,299,21,55,187,36,288,42,95,142,9
"2011","Barnet 026C","E01000152","Total",607,70,179,321,37,288,22,73,164,29,319,48,106,157,8
"2011","Barnet 026D","E01000153","Total",578,76,143,328,31,278,27,46,178,27,300,49,97,150,4
"2011","Barnet 026E","E01000154","Total",553,45,118,335,55,296,19,47,186,44,257,26,71,149,11
"2011","Barnet 027A","E01000176","Total",706,63,127,409,107,353,19,39,223,72,353,44,88,186,35
"2011","Barnet 027B","E01000178","Total",904,86,150,501,167,460,22,53,276,109,444,64,97,225,58
"2011","Barnet 027C","E01000184","Total",608,52,126,370,60,319,21,48,211,39,289,31,78,159,21
"2011","Barnet 027D","E01000297","Total",805,60,121,491,133,423,24,33,267,99,382,36,88,224,34
"2011","Barnet 027E","E01000316","Total",1169,100,204,703,162,603,31,71,387,114,566,69,133,316,48
"2011","Barnet 027F","E01000319","Total",799,83,124,461,131,421,24,36,272,89,378,59,88,189,42
"2011","Barnet 028A","E01000196","Total",1030,109,150,628,143,538,39,68,337,94,492,70,82,291,49
"2011","Barnet 028B","E01000200","Total",847,86,159,446,156,461,27,54,258,122,386,59,105,188,34
"2011","Barnet 028C","E01000201","Total",727,107,146,333,141,394,29,38,211,116,333,78,108,122,25
"2011","Barnet 028D","E01000202","Total",890,102,161,466,161,478,30,59,259,130,412,72,102,207,31
"2011","Barnet 028E","E01000203","Total",753,97,151,389,116,409,34,58,218,99,344,63,93,171,17
"2011","Barnet 029A","E01000177","Total",995,79,153,590,173,503,29,39,318,117,492,50,114,272,56
"2011","Barnet 029B","E01000179","Total",1029,76,144,647,162,523,25,42,350,106,506,51,102,297,56
"2011","Barnet 029C","E01000180","Total",809,73,109,481,146,386,21,28,245,92,423,52,81,236,54
"2011","Barnet 029D","E01000181","Total",1007,70,155,593,189,522,16,58,332,116,485,54,97,261,73
"2011","Barnet 029E","E01000182","Total",982,69,118,590,205,497,18,39,303,137,485,51,79,287,68
"2011","Barnet 029F","E01000185","Total",618,59,107,374,78,322,22,45,204,51,296,37,62,170,27
"2011","Barnet 030A","E01000147","Total",848,66,171,513,98,484,29,72,312,71,364,37,99,201,27
"2011","Barnet 030B","E01000148","Total",803,61,177,490,75,453,30,88,280,55,350,31,89,210,20
"2011","Barnet 030D","E01000155","Total",1018,83,192,613,130,576,39,72,364,101,442,44,120,249,29
"2011","Barnet 030E","E01033572","Total",793,85,143,462,103,452,31,60,277,84,341,54,83,185,19
"2011","Barnet 030F","E01033573","Total",699,104,98,402,95,365,31,38,230,66,334,73,60,172,29
"2011","Barnet 031A","E01000239","Total",1017,80,152,640,145,532,31,57,339,105,485,49,95,301,40
"2011","Barnet 031B","E01000240","Total",781,87,151,421,122,420,32,54,243,91,361,55,97,178,31
"2011","Barnet 031C","E01000241","Total",914,127,159,470,158,484,47,55,263,119,430,80,104,207,39
"2011","Barnet 031D","E01000309","Total",889,115,164,475,135,477,53,58,271,95,412,62,106,204,40
"2011","Barnet 032A","E01000237","Total",1073,142,153,607,171,600,50,58,355,137,473,92,95,252,34
"2011","Barnet 032B","E01000242","Total",664,74,130,333,127,364,23,41,205,95,300,51,89,128,32
"2011","Barnet 032C","E01000243","Total",924,107,171,509,137,492,39,61,288,104,432,68,110,221,33
"2011","Barnet 032D","E01000244","Total",755,82,138,435,100,401,26,44,251,80,354,56,94,184,20
"2011","Barnet 032E","E01000245","Total",877,85,176,486,130,475,36,62,280,97,402,49,114,206,33
"2011","Barnet 032F","E01000314","Total",955,123,144,529,159,518,52,38,304,124,437,71,106,225,35
"2011","Barnet 033A","E01000183","Total",745,78,97,416,154,392,21,29,231,111,353,57,68,185,43
"2011","Barnet 033B","E01000206","Total",685,72,116,323,174,386,24,37,182,143,299,48,79,141,31
"2011","Barnet 033C","E01000207","Total",735,85,126,343,181,388,26,41,188,133,347,59,85,155,48
"2011","Barnet 033D","E01000208","Total",808,94,126,396,192,428,30,36,214,148,380,64,90,182,44
"2011","Barnet 033E","E01000210","Total",784,75,122,407,180,406,17,36,217,136,378,58,86,190,44
"2011","Barnet 033F","E01000213","Total",609,83,93,257,176,321,17,15,144,145,288,66,78,113,31
"2011","Barnet 034A","E01000236","Total",803,121,166,393,123,436,38,65,237,96,367,83,101,156,27
"2011","Barnet 034B","E01000238","Total",862,124,172,453,113,465,44,58,280,83,397,80,114,173,30
"2011","Barnet 034C","E01000310","Total",1065,120,202,594,149,572,42,68,344,118,493,78,134,250,31
"2011","Barnet 034D","E01000311","Total",648,86,131,306,125,370,24,37,201,108,278,62,94,105,17
"2011","Barnet 035A","E01000205","Total",756,82,139,358,177,395,21,41,210,123,361,61,98,148,54
"2011","Barnet 035B","E01000209","Total",706,91,116,348,151,344,15,36,185,108,362,76,80,163,43
"2011","Barnet 035C","E01000211","Total",1110,105,190,641,174,570,49,82,311,128,540,56,108,330,46
"2011","Barnet 035D","E01000212","Total",719,90,103,369,157,371,23,37,189,122,348,67,66,180,35
"2011","Barnet 035E","E01000216","Total",906,111,162,471,162,465,34,55,259,117,441,77,107,212,45
"2011","Barnet 035F","E01000217","Total",756,93,152,376,135,426,30,66,225,105,330,63,86,151,30
"2011","Barnet 036A","E01000150","Total",1020,96,213,586,125,566,42,89,340,95,454,54,124,246,30
"2011","Barnet 036B","E01000305","Total",779,76,175,431,97,464,39,67,279,79,315,37,108,152,18
"2011","Barnet 036C","E01000306","Total",859,84,150,513,112,499,43,61,310,85,360,41,89,203,27
"2011","Barnet 036D","E01000308","Total",575,64,148,317,46,288,20,53,183,32,287,44,95,134,14
"2011","Barnet 036E","E01000312","Total",809,76,182,465,86,426,27,64,268,67,383,49,118,197,19
"2011","Barnet 036F","E01000313","Total",919,108,190,516,105,525,47,90,315,73,394,61,100,201,32
"2011","Barnet 037A","E01000145","Total",625,69,131,312,113,361,25,62,189,85,264,44,69,123,28
"2011","Barnet 037B","E01000215","Total",819,97,192,412,118,457,32,75,248,102,362,65,117,164,16
"2011","Barnet 037C","E01000218","Total",787,98,168,389,132,432,34,61,239,98,355,64,107,150,34
"2011","Barnet 037D","E01000219","Total",836,95,199,438,104,444,29,75,263,77,392,66,124,175,27
"2011","Barnet 037E","E01000220","Total",821,99,176,437,109,457,42,84,246,85,364,57,92,191,24
"2011","Barnet 037F","E01000225","Total",618,79,168,261,110,351,23,66,174,88,267,56,102,87,22
"2011","Barnet 038A","E01000135","Total",713,96,123,347,147,375,28,43,193,111,338,68,80,154,36
"2011","Barnet 038B","E01000136","Total",704,69,109,343,183,393,22,37,190,144,311,47,72,153,39
"2011","Barnet 038C","E01000144","Total",839,91,147,425,176,449,33,58,227,131,390,58,89,198,45
"2011","Barnet 038D","E01000146","Total",942,98,153,552,139,486,35,61,288,102,456,63,92,264,37
"2011","Barnet 038E","E01000214","Total",947,86,129,528,204,519,32,45,288,154,428,54,84,240,50
"2011","Barnet 039A","E01000141","Total",1142,96,234,669,143,595,44,106,347,98,547,52,128,322,45
"2011","Barnet 039B","E01000221","Total",484,60,98,260,66,243,21,38,143,41,241,39,60,117,25
"2011","Barnet 039C","E01000223","Total",575,46,137,329,63,297,19,53,180,45,278,27,84,149,18
"2011","Barnet 039D","E01000307","Total",761,79,159,460,63,424,37,63,274,50,337,42,96,186,13
"2011","Barnet 040A","E01000138","Total",664,69,137,364,94,338,30,58,172,78,326,39,79,192,16
"2011","Barnet 040B","E01000142","Total",1213,105,231,710,167,632,43,103,370,116,581,62,128,340,51
"2011","Barnet 040C","E01000222","Total",667,81,143,368,75,370,32,64,216,58,297,49,79,152,17
"2011","Barnet 040D","E01000224","Total",678,73,135,359,111,384,24,66,214,80,294,49,69,145,31
"2011","Barnet 041A","E01000137","Total",682,50,148,401,83,350,16,57,217,60,332,34,91,184,23
"2011","Barnet 041B","E01000139","Total",742,78,121,385,158,400,34,48,207,111,342,44,73,178,47
"2011","Barnet 041C","E01000140","Total",842,80,158,444,160,422,26,62,228,106,420,54,96,216,54
"2011","Barnet 041D","E01000143","Total",591,64,136,314,77,314,23,55,182,54,277,41,81,132,23
"2011","Bexley 001A","E01000466","Total",630,44,140,383,63,329,17,49,219,44,301,27,91,164,19
"2011","Bexley 001B","E01000467","Total",714,55,132,462,65,358,17,35,261,45,356,38,97,201,20
"2011","Bexley 001C","E01000468","Total",1173,84,236,747,106,595,33,74,405,83,578,51,162,342,23
"2011","Bexley 001D","E01000469","Total",757,63,136,480,78,385,26,51,245,63,372,37,85,235,15
"2011","Bexley 002A","E01000416","Total",668,53,137,408,70,349,23,47,225,54,319,30,90,183,16
"2011","Bexley 002B","E01000418","Total",922,79,177,559,107,481,29,46,320,86,441,50,131,239,21
"2011","Bexley 002C","E01000422","Total",644,67,142,372,63,321,19,44,214,44,323,48,98,158,19
"2011","Bexley 002D","E01000464","Total",614,55,116,386,57,319,17,38,220,44,295,38,78,166,13
"2011","Bexley 002E","E01000465","Total",649,61,129,395,64,362,18,49,240,55,287,43,80,155,9
"2011","Bexley 002F","E01000470","Total",538,36,126,333,43,268,15,40,180,33,270,21,86,153,10
"2011","Bexley 003A","E01000333","Total",738,53,126,460,99,384,12,34,264,74,354,41,92,196,25
"2011","Bexley 003B","E01000335","Total",745,70,132,461,82,381,22,39,257,63,364,48,93,204,19
"2011","Bexley 003C","E01000336","Total",813,62,181,478,92,421,21,51,277,72,392,41,130,201,20
"2011","Bexley 003D","E01000337","Total",841,64,160,538,79,432,16,36,316,64,409,48,124,222,15
"2011","Bexley 003E","E01000338","Total",922,86,159,574,103,485,35,39,331,80,437,51,120,243,23
"2011","Bexley 004A","E01000403","Total",866,67,157,556,86,446,22,35,324,65,420,45,122,232,21
"2011","Bexley 004B","E01000404","Total",996,79,149,631,137,531,32,46,362,91,465,47,103,269,46
"2011","Bexley 004C","E01000405","Total",655,58,122,406,69,359,20,42,241,56,296,38,80,165,13
"2011","Bexley 004D","E01000408","Total",751,71,135,454,91,384,22,36,264,62,367,49,99,190,29
"2011","Bexley 005A","E01000332","Total",706,76,131,406,93,370,22,36,239,73,336,54,95,167,20
"2011","Bexley 005B","E01000402","Total",699,56,115,446,82,368,17,34,251,66,331,39,81,195,16
"2011","Bexley 005C","E01000406","Total",751,59,147,456,89,401,18,41,266,76,350,41,106,190,13
"2011","Bexley 005D","E01000407","Total",639,54,119,403,63,335,18,29,239,49,304,36,90,164,14
"2011","Bexley 006A","E01000334","Total",798,67,145,500,86,422,23,32,295,72,376,44,113,205,14
"2011","Bexley 006B","E01000417","Total",802,68,154,481,99,414,22,43,270,79,388,46,111,211,20
"2011","Bexley 006C","E01000419","Total",678,65,134,404,75,354,18,31,243,62,324,47,103,161,13
"2011","Bexley 006D","E01000420","Total",773,71,158,452,92,394,15,29,277,73,379,56,129,175,19
"2011","Bexley 006E","E01000442","Total",753,79,143,443,88,399,18,33,276,72,354,61,110,167,16
"2011","Bexley 007A","E01000437","Total",630,65,132,358,75,313,16,16,217,64,317,49,116,141,11
"2011","Bexley 007B","E01000438","Total",800,70,140,498,92,438,18,34,314,72,362,52,106,184,20
"2011","Bexley 007C","E01000439","Total",674,59,125,402,88,354,14,28,240,72,320,45,97,162,16
"2011","Bexley 007D","E01000440","Total",704,73,133,417,81,368,15,34,251,68,336,58,99,166,13
"2011","Bexley 007E","E01000441","Total",729,67,136,438,88,350,16,21,251,62,379,51,115,187,26
"2011","Bexley 008A","E01000373","Total",585,52,141,330,62,316,24,32,204,56,269,28,109,126,6
"2011","Bexley 008B","E01000429","Total",692,71,141,410,70,367,37,38,233,59,325,34,103,177,11
"2011","Bexley 008C","E01000430","Total",828,51,137,552,88,437,19,40,307,71,391,32,97,245,17
"2011","Bexley 008D","E01000431","Total",650,70,132,388,60,331,22,31,230,48,319,48,101,158,12
"2011","Bexley 008E","E01000432","Total",650,55,118,404,73,335,18,20,242,55,315,37,98,162,18
"2011","Bexley 008F","E01000433","Total",689,61,134,420,74,342,15,28,241,58,347,46,106,179,16
"2011","Bexley 008G","E01000434","Total",580,59,134,326,61,261,15,23,172,51,319,44,111,154,10
"2011","Bexley 009A","E01000356","Total",693,56,134,431,72,369,19,38,256,56,324,37,96,175,16
"2011","Bexley 009B","E01000357","Total",731,70,146,427,88,377,15,26,270,66,354,55,120,157,22
"2011","Bexley 009C","E01000359","Total",636,53,116,392,75,339,12,21,250,56,297,41,95,142,19
"2011","Bexley 009D","E01000421","Total",661,62,121,411,67,352,12,29,258,53,309,50,92,153,14
"2011","Bexley 009E","E01000450","Total",788,82,152,461,93,409,21,41,275,72,379,61,111,186,21
"2011","Bexley 009F","E01000451","Total",869,72,150,555,92,459,19,32,330,78,410,53,118,225,14
"2011","Bexley 009G","E01000452","Total",756,83,152,433,88,390,22,30,267,71,366,61,122,166,17
"2011","Bexley 010A","E01000367","Total",694,64,152,412,66,357,14,32,253,58,337,50,120,159,8
"2011","Bexley 010B","E01000368","Total",664,54,130,410,70,321,17,27,223,54,343,37,103,187,16
"2011","Bexley 010C","E01000372","Total",682,76,139,387,80,364,32,39,225,68,318,44,100,162,12
"2011","Bexley 010D","E01000380","Total",737,59,138,476,64,369,18,37,267,47,368,41,101,209,17
"2011","Bexley 010E","E01000435","Total",592,46,113,365,68,293,11,23,203,56,299,35,90,162,12
"2011","Bexley 011A","E01000353","Total",822,96,139,479,108,429,21,30,296,82,393,75,109,183,26
"2011","Bexley 011B","E01000354","Total",739,88,145,427,79,367,23,30,257,57,372,65,115,170,22
"2011","Bexley 011C","E01000355","Total",701,69,133,403,96,371,21,36,243,71,330,48,97,160,25
"2011","Bexley 011D","E01000358","Total",818,77,122,517,102,430,17,19,311,83,388,60,103,206,19
"2011","Bexley 011E","E01000436","Total",851,83,176,495,97,449,23,34,311,81,402,60,142,184,16
"2011","Bexley 013A","E01000401","Total",743,61,139,455,88,364,19,35,242,68,379,42,104,213,20
"2011","Bexley 013B","E01000453","Total",769,72,143,463,91,397,26,28,275,68,372,46,115,188,23
"2011","Bexley 013C","E01000454","Total",764,58,141,485,80,396,16,40,279,61,368,42,101,206,19
"2011","Bexley 013D","E01000455","Total",853,73,165,530,85,445,19,34,324,68,408,54,131,206,17
"2011","Bexley 013E","E01000456","Total",749,80,143,457,69,380,22,31,273,54,369,58,112,184,15
"2011","Bexley 014A","E01000325","Total",839,95,155,482,107,441,25,33,297,86,398,70,122,185,21
"2011","Bexley 014B","E01000326","Total",735,46,118,507,64,375,12,28,281,54,360,34,90,226,10
"2011","Bexley 014C","E01000369","Total",835,79,166,503,87,421,19,31,301,70,414,60,135,202,17
"2011","Bexley 014D","E01000370","Total",763,63,160,456,84,405,22,34,283,66,358,41,126,173,18
"2011","Bexley 014E","E01000371","Total",832,47,146,539,100,434,10,32,316,76,398,37,114,223,24
"2011","Bexley 015A","E01000360","Total",852,66,130,547,109,467,26,34,326,81,385,40,96,221,28
"2011","Bexley 015B","E01000362","Total",702,82,133,400,87,364,18,36,235,75,338,64,97,165,12
"2011","Bexley 015C","E01000365","Total",757,64,133,467,93,401,21,34,279,67,356,43,99,188,26
"2011","Bexley 015D","E01000366","Total",876,78,138,546,114,410,12,38,278,82,466,66,100,268,32
"2011","Bexley 015E","E01000394","Total",711,59,123,426,103,385,19,26,253,87,326,40,97,173,16
"2011","Bexley 016A","E01000388","Total",682,73,117,407,85,365,25,28,243,69,317,48,89,164,16
"2011","Bexley 016B","E01000392","Total",779,71,160,461,87,398,25,42,264,67,381,46,118,197,20
"2011","Bexley 016C","E01000409","Total",859,63,148,551,97,433,13,19,323,78,426,50,129,228,19
"2011","Bexley 016D","E01000411","Total",704,52,149,432,71,360,14,33,257,56,344,38,116,175,15
"2011","Bexley 016E","E01000414","Total",792,79,137,481,95,444,33,44,287,80,348,46,93,194,15
"2011","Bexley 016F","E01000415","Total",758,70,136,470,82,406,23,21,294,68,352,47,115,176,14
"2011","Bexley 017A","E01000327","Total",751,75,142,453,81,398,19,34,280,65,353,56,108,173,16
"2011","Bexley 017B","E01000328","Total",733,77,137,419,100,382,21,26,261,74,351,56,111,158,26
"2011","Bexley 017C","E01000329","Total",624,56,112,393,63,323,15,19,246,43,301,41,93,147,20
"2011","Bexley 017D","E01000330","Total",715,36,132,450,97,386,16,29,261,80,329,20,103,189,17
"2011","Bexley 017E","E01000331","Total",694,60,151,408,75,349,15,39,230,65,345,45,112,178,10
"2011","Bexley 018A","E01000340","Total",744,65,142,445,92,399,24,31,275,69,345,41,111,170,23
"2011","Bexley 018B","E01000395","Total",734,82,132,425,95,398,20,37,261,80,336,62,95,164,15
"2011","Bexley 018C","E01000396","Total",738,69,128,454,87,389,18,29,265,77,349,51,99,189,10
"2011","Bexley 018D","E01000410","Total",819,69,149,500,101,418,22,24,288,84,401,47,125,212,17
"2011","Bexley 018E","E01000412","Total",878,63,140,570,105,469,22,33,332,82,409,41,107,238,23
"2011","Bexley 018F","E01000413","Total",694,61,121,441,71,362,18,27,263,54,332,43,94,178,17
"2011","Bexley 019A","E01000374","Total",568,46,112,347,63,317,16,27,221,53,251,30,85,126,10
"2011","Bexley 019B","E01000375","Total",672,67,106,436,63,360,20,23,265,52,312,47,83,171,11
"2011","Bexley 019C","E01000376","Total",753,80,130,462,81,390,15,29,275,71,363,65,101,187,10
"2011","Bexley 019D","E01000377","Total",729,54,144,442,89,375,18,23,268,66,354,36,121,174,23
"2011","Bexley 019E","E01000378","Total",1095,98,178,673,146,584,35,50,392,107,511,63,128,281,39
"2011","Bexley 019F","E01000379","Total",797,71,137,501,88,412,19,32,298,63,385,52,105,203,25
"2011","Bexley 020A","E01000348","Total",753,88,146,417,102,409,15,28,275,91,344,73,118,142,11
"2011","Bexley 020B","E01000349","Total",782,81,121,461,119,420,28,24,273,95,362,53,97,188,24
"2011","Bexley 020C","E01000361","Total",817,90,134,474,119,438,24,27,292,95,379,66,107,182,24
"2011","Bexley 020D","E01000363","Total",757,66,122,456,113,398,21,28,260,89,359,45,94,196,24
"2011","Bexley 020E","E01000389","Total",837,64,140,507,126,449,21,31,300,97,388,43,109,207,29
"2011","Bexley 020F","E01000390","Total",633,56,118,376,83,329,21,22,219,67,304,35,96,157,16
"2011","Bexley 020G","E01000393","Total",856,69,165,515,107,444,18,33,306,87,412,51,132,209,20
"2011","Bexley 021A","E01000346","Total",840,78,142,512,108,435,15,37,298,85,405,63,105,214,23
"2011","Bexley 021B","E01000347","Total",741,80,148,427,86,372,21,32,255,64,369,59,116,172,22
"2011","Bexley 021C","E01000350","Total",774,73,175,442,84,417,24,40,286,67,357,49,135,156,17
"2011","Bexley 021D","E01000352","Total",777,68,141,478,90,396,17,31,278,70,381,51,110,200,20
"2011","Bexley 021E","E01000391","Total",877,82,156,547,92,453,25,34,328,66,424,57,122,219,26
"2011","Bexley 022A","E01000341","Total",721,62,150,428,81,381,18,30,268,65,340,44,120,160,16
"2011","Bexley 022B","E01000342","Total",871,70,160,542,99,428,13,33,310,72,443,57,127,232,27
"2011","Bexley 022C","E01000343","Total",752,76,162,397,117,399,16,30,258,95,353,60,132,139,22
"2011","Bexley 022D","E01000345","Total",714,73,122,409,110,375,24,30,229,92,339,49,92,180,18
"2011","Bexley 022E","E01000460","Total",757,95,114,438,110,412,33,27,262,90,345,62,87,176,20
"2011","Bexley 023A","E01000364","Total",776,72,141,457,106,428,16,40,286,86,348,56,101,171,20
"2011","Bexley 023B","E01000444","Total",779,91,155,403,130,406,19,34,249,104,373,72,121,154,26
"2011","Bexley 023C","E01000447","Total",817,71,116,497,133,443,16,28,305,94,374,55,88,192,39
"2011","Bexley 023D","E01000448","Total",634,64,123,362,85,338,19,21,227,71,296,45,102,135,14
"2011","Bexley 023E","E01000449","Total",659,57,99,373,130,362,13,15,237,97,297,44,84,136,33
"2011","Bexley 024A","E01000351","Total",824,81,163,491,89,421,19,42,288,72,403,62,121,203,17
"2011","Bexley 024B","E01000443","Total",596,50,118,366,62,309,13,28,226,42,287,37,90,140,20
"2011","Bexley 024C","E01000445","Total",756,75,145,429,107,412,19,37,269,87,344,56,108,160,20
"2011","Bexley 024D","E01000446","Total",886,84,146,547,109,441,19,29,314,79,445,65,117,233,30
"2011","Bexley 024E","E01000461","Total",896,117,160,511,108,461,34,46,299,82,435,83,114,212,26
"2011","Bexley 025A","E01000339","Total",724,76,122,435,91,366,17,21,256,72,358,59,101,179,19
"2011","Bexley 025B","E01000344","Total",798,78,148,488,84,411,18,29,295,69,387,60,119,193,15
"2011","Bexley 025C","E01000423","Total",817,91,155,470,101,420,28,30,281,81,397,63,125,189,20
"2011","Bexley 025D","E01000425","Total",822,101,159,468,94,427,21,48,290,68,395,80,111,178,26
"2011","Bexley 025E","E01000463","Total",653,70,104,395,84,339,14,22,239,64,314,56,82,156,20
"2011","Bexley 026A","E01000424","Total",881,77,115,551,138,465,20,29,311,105,416,57,86,240,33
"2011","Bexley 026B","E01000426","Total",895,85,139,566,105,466,21,34,336,75,429,64,105,230,30
"2011","Bexley 026C","E01000427","Total",871,76,157,524,114,426,16,38,289,83,445,60,119,235,31
"2011","Bexley 026D","E01000457","Total",874,99,114,546,115,446,39,35,290,82,428,60,79,256,33
"2011","Bexley 026E","E01000462","Total",738,76,130,441,91,387,25,47,248,67,351,51,83,193,24
"2011","Bexley 027A","E01000382","Total",725,83,122,416,104,377,24,31,248,74,348,59,91,168,30
"2011","Bexley 027B","E01000384","Total",837,76,139,506,116,435,24,32,287,92,402,52,107,219,24
"2011","Bexley 027C","E01000387","Total",724,63,140,438,83,367,16,37,246,68,357,47,103,192,15
"2011","Bexley 027D","E01000428","Total",773,71,121,459,122,383,25,23,234,101,390,46,98,225,21
"2011","Bexley 027E","E01000458","Total",704,86,126,397,95,367,26,32,236,73,337,60,94,161,22
"2011","Bexley 027F","E01000459","Total",717,79,110,420,108,400,28,36,255,81,317,51,74,165,27
"2011","Bexley 028A","E01000381","Total",739,63,122,467,87,367,21,25,256,65,372,42,97,211,22
"2011","Bexley 028B","E01000383","Total",703,73,146,395,89,378,21,40,244,73,325,52,106,151,16
"2011","Bexley 028C","E01000385","Total",793,68,142,481,102,393,25,27,265,76,400,43,115,216,26
"2011","Bexley 028D","E01000386","Total",559,64,118,321,56,270,20,30,172,48,289,44,88,149,8
"2011","Bexley 029A","E01000398","Total",714,54,141,447,72,369,20,31,262,56,345,34,110,185,16
"2011","Bexley 029B","E01000399","Total",739,68,136,450,85,385,22,30,260,73,354,46,106,190,12
"2011","Bexley 029C","E01000400","Total",755,79,134,470,72,409,27,41,290,51,346,52,93,180,21
"2011","Bexley 029D","E01032566","Total",750,54,141,495,60,383,21,29,289,44,367,33,112,206,16
"2011","Brent 001A","E01000587","Total",779,84,146,460,89,446,30,60,279,77,333,54,86,181,12
"2011","Brent 001B","E01000589","Total",939,97,170,575,97,519,29,68,345,77,420,68,102,230,20
"2011","Brent 001C","E01000590","Total",855,79,165,493,118,440,25,50,276,89,415,54,115,217,29
"2011","Brent 001D","E01000592","Total",793,65,146,496,86,444,26,60,292,66,349,39,86,204,20
"2011","Brent 001E","E01000593","Total",1039,90,189,639,121,559,37,68,363,91,480,53,121,276,30
"2011","Brent 001F","E01000594","Total",816,85,178,478,75,463,38,69,297,59,353,47,109,181,16
"2011","Brent 002A","E01000513","Total",785,84,157,462,82,437,27,65,277,68,348,57,92,185,14
"2011","Brent 002B","E01000514","Total",790,79,143,452,116,449,37,52,268,92,341,42,91,184,24
"2011","Brent 002C","E01000516","Total",844,90,181,471,102,493,36,73,300,84,351,54,108,171,18
"2011","Brent 002D","E01000520","Total",707,72,142,396,97,426,33,60,247,86,281,39,82,149,11
"2011","Brent 002E","E01000588","Total",951,78,191,567,115,511,30,69,325,87,440,48,122,242,28
"2011","Brent 003A","E01000515","Total",754,71,156,444,83,436,33,68,271,64,318,38,88,173,19
"2011","Brent 003B","E01000517","Total",775,77,131,462,105,428,23,52,266,87,347,54,79,196,18
"2011","Brent 003E","E01000543","Total",764,84,135,461,84,442,41,59,278,64,322,43,76,183,20
"2011","Brent 003F","E01000591","Total",947,107,161,592,87,556,43,78,364,71,391,64,83,228,16
"2011","Brent 003G","E01033463","Total",1334,149,247,775,163,732,77,71,458,126,602,72,176,317,37
"2011","Brent 004A","E01000536","Total",786,96,135,448,107,432,32,41,269,90,354,64,94,179,17
"2011","Brent 004B","E01000538","Total",774,78,157,414,125,428,32,48,237,111,346,46,109,177,14
"2011","Brent 004C","E01000539","Total",762,63,113,473,113,421,24,35,269,93,341,39,78,204,20
"2011","Brent 004D","E01000540","Total",740,69,134,417,120,395,26,39,246,84,345,43,95,171,36
"2011","Brent 004E","E01000541","Total",724,58,154,410,102,407,18,55,250,84,317,40,99,160,18
"2011","Brent 005A","E01000518","Total",721,73,138,419,91,426,35,58,250,83,295,38,80,169,8
"2011","Brent 005B","E01000519","Total",829,75,166,489,99,481,32,78,295,76,348,43,88,194,23
"2011","Brent 005C","E01000623","Total",825,69,155,504,97,478,23,63,318,74,347,46,92,186,23
"2011","Brent 005D","E01000624","Total",753,72,163,443,75,403,31,66,247,59,350,41,97,196,16
"2011","Brent 005E","E01000629","Total",956,109,174,587,86,543,42,76,353,72,413,67,98,234,14
"2011","Brent 006A","E01000480","Total",864,87,147,486,144,484,35,59,283,107,380,52,88,203,37
"2011","Brent 006B","E01000484","Total",497,43,107,300,47,246,14,38,150,44,251,29,69,150,3
"2011","Brent 006C","E01000485","Total",636,45,126,395,70,350,21,44,230,55,286,24,82,165,15
"2011","Brent 006D","E01000486","Total",805,94,152,457,102,465,37,61,278,89,340,57,91,179,13
"2011","Brent 006E","E01000487","Total",887,90,153,533,111,506,37,73,316,80,381,53,80,217,31
"2011","Brent 007A","E01000572","Total",718,78,120,446,74,407,39,31,277,60,311,39,89,169,14
"2011","Brent 007B","E01000573","Total",720,65,111,455,89,392,32,41,249,70,328,33,70,206,19
"2011","Brent 007C","E01000574","Total",663,48,124,403,88,367,17,52,225,73,296,31,72,178,15
"2011","Brent 007D","E01000575","Total",969,101,140,606,122,559,40,72,357,90,410,61,68,249,32
"2011","Brent 007E","E01000577","Total",1000,82,185,621,112,558,28,76,369,85,442,54,109,252,27
"2011","Brent 008A","E01000562","Total",778,81,138,422,137,403,31,54,213,105,375,50,84,209,32
"2011","Brent 008B","E01000563","Total",718,51,131,422,114,410,23,51,245,91,308,28,80,177,23
"2011","Brent 008C","E01000566","Total",736,55,120,462,99,403,19,40,273,71,333,36,80,189,28
"2011","Brent 008D","E01000568","Total",1163,129,139,799,96,549,45,57,381,66,614,84,82,418,30
"2011","Brent 008E","E01000569","Total",803,91,152,442,118,418,37,38,251,92,385,54,114,191,26
"2011","Brent 009A","E01000479","Total",739,68,137,416,118,432,27,58,252,95,307,41,79,164,23
"2011","Brent 009B","E01000481","Total",701,71,119,421,90,380,37,47,240,56,321,34,72,181,34
"2011","Brent 009C","E01000482","Total",1147,124,245,674,104,618,47,97,400,74,529,77,148,274,30
"2011","Brent 009D","E01000483","Total",693,67,168,401,57,384,25,73,243,43,309,42,95,158,14
"2011","Brent 009E","E01000625","Total",654,68,122,388,76,340,25,52,208,55,314,43,70,180,21
"2011","Brent 010B","E01000498","Total",638,71,138,372,57,351,29,66,214,42,287,42,72,158,15
"2011","Brent 010D","E01000622","Total",767,57,147,466,97,413,19,53,268,73,354,38,94,198,24
"2011","Brent 010E","E01000626","Total",575,62,118,344,51,282,23,42,175,42,293,39,76,169,9
"2011","Brent 010F","E01033464","Total",1162,125,241,679,117,665,51,105,414,95,497,74,136,265,22
"2011","Brent 011A","E01000497","Total",771,75,151,429,116,416,34,58,242,82,355,41,93,187,34
"2011","Brent 011B","E01000499","Total",659,72,142,392,53,381,31,62,243,45,278,41,80,149,8
"2011","Brent 011C","E01000501","Total",717,72,144,419,82,378,24,62,238,54,339,48,82,181,28
"2011","Brent 011D","E01000502","Total",575,43,124,327,81,329,24,48,201,56,246,19,76,126,25
"2011","Brent 011E","E01000503","Total",899,80,208,500,111,509,33,76,316,84,390,47,132,184,27
"2011","Brent 012A","E01000570","Total",713,66,145,436,66,382,28,55,247,52,331,38,90,189,14
"2011","Brent 012B","E01000571","Total",743,81,147,406,109,433,37,78,239,79,310,44,69,167,30
"2011","Brent 012C","E01000576","Total",806,86,144,477,99,456,43,68,268,77,350,43,76,209,22
"2011","Brent 012D","E01000578","Total",819,53,154,517,95,488,26,85,306,71,331,27,69,211,24
"2011","Brent 013A","E01000564","Total",756,73,156,450,77,447,37,75,273,62,309,36,81,177,15
"2011","Brent 013B","E01000565","Total",658,77,128,378,75,369,34,41,229,65,289,43,87,149,10
"2011","Brent 013C","E01000607","Total",1033,98,241,600,94,588,45,99,367,77,445,53,142,233,17
"2011","Brent 013D","E01000608","Total",1081,114,270,616,81,625,58,133,377,57,456,56,137,239,24
"2011","Brent 013E","E01000613","Total",806,68,166,487,85,448,39,67,271,71,358,29,99,216,14
"2011","Brent 014A","E01000506","Total",778,69,158,483,68,400,30,67,255,48,378,39,91,228,20
"2011","Brent 014B","E01000509","Total",630,57,110,382,81,378,27,55,236,60,252,30,55,146,21
"2011","Brent 014C","E01000510","Total",747,90,140,446,71,431,43,58,279,51,316,47,82,167,20
"2011","Brent 014D","E01000511","Total",705,61,168,385,91,402,22,75,235,70,303,39,93,150,21
"2011","Brent 014E","E01000627","Total",818,67,195,482,74,431,21,84,276,50,387,46,111,206,24
"2011","Brent 014F","E01000628","Total",810,88,157,486,79,474,42,68,301,63,336,46,89,185,16
"2011","Brent 015A","E01000553","Total",1067,113,183,633,138,596,55,71,363,107,471,58,112,270,31
"2011","Brent 015B","E01000554","Total",940,72,168,563,137,516,25,56,331,104,424,47,112,232,33
"2011","Brent 015C","E01000555","Total",747,67,128,413,139,412,26,57,227,102,335,41,71,186,37
"2011","Brent 015D","E01000556","Total",1025,110,173,604,138,570,55,67,343,105,455,55,106,261,33
"2011","Brent 015E","E01000557","Total",1058,110,186,628,134,565,50,78,346,91,493,60,108,282,43
"2011","Brent 015F","E01000558","Total",849,74,134,486,155,445,33,55,259,98,404,41,79,227,57
"2011","Brent 016A","E01000567","Total",655,73,128,378,76,367,31,57,220,59,288,42,71,158,17
"2011","Brent 016B","E01000606","Total",810,86,149,488,87,479,34,70,299,76,331,52,79,189,11
"2011","Brent 016C","E01000609","Total",957,87,177,603,90,535,39,70,350,76,422,48,107,253,14
"2011","Brent 016D","E01000611","Total",671,58,144,416,53,393,27,66,259,41,278,31,78,157,12
"2011","Brent 017B","E01000615","Total",779,69,123,526,61,459,27,58,326,48,320,42,65,200,13
"2011","Brent 017C","E01000617","Total",835,72,171,504,88,492,35,81,308,68,343,37,90,196,20
"2011","Brent 017D","E01000618","Total",685,70,128,432,55,389,38,58,254,39,296,32,70,178,16
"2011","Brent 017E","E01000619","Total",785,66,160,493,66,428,30,63,284,51,357,36,97,209,15
"2011","Brent 017F","E01033424","Total",671,65,86,457,63,419,37,45,292,45,252,28,41,165,18
"2011","Brent 017G","E01033457","Total",943,80,163,576,124,549,32,73,353,91,394,48,90,223,33
"2011","Brent 018A","E01000504","Total",960,76,137,586,161,511,23,49,316,123,449,53,88,270,38
"2011","Brent 018B","E01000505","Total",761,68,126,459,108,422,32,49,264,77,339,36,77,195,31
"2011","Brent 018C","E01000507","Total",796,76,175,449,96,433,30,72,267,64,363,46,103,182,32
"2011","Brent 018D","E01000512","Total",979,73,176,592,138,517,24,73,337,83,462,49,103,255,55
"2011","Brent 018E","E01000559","Total",835,69,131,509,126,438,27,61,266,84,397,42,70,243,42
"2011","Brent 019A","E01000610","Total",902,92,182,533,95,498,40,77,310,71,404,52,105,223,24
"2011","Brent 019B","E01000612","Total",817,80,175,493,69,455,32,75,294,54,362,48,100,199,15
"2011","Brent 019C","E01000631","Total",923,86,149,613,75,551,36,70,386,59,372,50,79,227,16
"2011","Brent 019D","E01000633","Total",981,97,167,623,94,610,48,86,402,74,371,49,81,221,20
"2011","Brent 019E","E01000634","Total",1095,102,213,701,79,651,36,110,448,57,444,66,103,253,22
"2011","Brent 020A","E01000616","Total",927,88,165,554,120,545,45,80,332,88,382,43,85,222,32
"2011","Brent 020B","E01000620","Total",793,75,152,493,73,451,42,80,279,50,342,33,72,214,23
"2011","Brent 020C","E01000621","Total",893,82,168,571,72,520,42,85,338,55,373,40,83,233,17
"2011","Brent 020D","E01000635","Total",1175,114,240,711,110,701,51,125,441,84,474,63,115,270,26
"2011","Brent 020E","E01000636","Total",924,89,186,551,98,546,52,80,334,80,378,37,106,217,18
"2011","Brent 021A","E01000596","Total",543,65,135,292,51,288,32,56,166,34,255,33,79,126,17
"2011","Brent 021B","E01000601","Total",515,58,131,269,57,267,14,59,148,46,248,44,72,121,11
"2011","Brent 021C","E01000602","Total",548,57,128,327,36,279,23,39,189,28,269,34,89,138,8
"2011","Brent 021D","E01000603","Total",617,50,138,376,53,320,21,60,204,35,297,29,78,172,18
"2011","Brent 021E","E01000604","Total",606,63,160,345,38,305,26,74,186,19,301,37,86,159,19
"2011","Brent 021F","E01000605","Total",565,46,161,322,36,293,18,66,178,31,272,28,95,144,5
"2011","Brent 022A","E01000488","Total",763,75,162,394,132,412,37,73,213,89,351,38,89,181,43
"2011","Brent 022B","E01000637","Total",862,66,139,537,120,444,27,51,284,82,418,39,88,253,38
"2011","Brent 022C","E01000639","Total",1082,73,155,700,154,580,29,67,377,107,502,44,88,323,47
"2011","Brent 022D","E01000642","Total",1246,71,196,783,196,647,29,86,416,116,599,42,110,367,80
"2011","Brent 022E","E01000644","Total",995,84,166,637,108,516,29,70,347,70,479,55,96,290,38
"2011","Brent 023A","E01000490","Total",1043,73,133,637,200,515,24,53,318,120,528,49,80,319,80
"2011","Brent 023B","E01000494","Total",884,63,126,546,149,471,25,57,288,101,413,38,69,258,48
"2011","Brent 023C","E01000495","Total",853,52,142,510,149,465,30,58,272,105,388,22,84,238,44
"2011","Brent 023D","E01000560","Total",947,77,124,549,197,499,29,46,295,129,448,48,78,254,68
"2011","Brent 023E","E01000561","Total",993,83,148,583,179,542,44,61,324,113,451,39,87,259,66
"2011","Brent 024A","E01000638","Total",946,105,197,551,93,546,42,84,345,75,400,63,113,206,18
"2011","Brent 024B","E01000640","Total",1037,94,232,600,111,566,44,100,343,79,471,50,132,257,32
"2011","Brent 024C","E01000641","Total",959,92,200,560,107,507,35,92,300,80,452,57,108,260,27
"2011","Brent 024D","E01000643","Total",818,60,174,512,72,398,18,62,270,48,420,42,112,242,24
"2011","Brent 025A","E01000508","Total",744,79,174,420,71,401,33,80,236,52,343,46,94,184,19
"2011","Brent 025B","E01000521","Total",830,98,205,456,71,444,38,84,271,51,386,60,121,185,20
"2011","Brent 025C","E01000522","Total",763,74,190,444,55,368,28,81,220,39,395,46,109,224,16
"2011","Brent 025D","E01000526","Total",815,88,200,477,50,377,43,69,235,30,438,45,131,242,20
"2011","Brent 025E","E01000527","Total",858,73,205,511,69,468,21,87,309,51,390,52,118,202,18
"2011","Brent 025F","E01000528","Total",551,69,153,285,44,295,31,62,169,33,256,38,91,116,11
"2011","Brent 026A","E01000471","Total",813,74,133,536,70,462,26,73,310,53,351,48,60,226,17
"2011","Brent 026B","E01000474","Total",909,83,174,584,68,537,39,91,358,49,372,44,83,226,19
"2011","Brent 026C","E01000476","Total",773,81,108,509,75,454,31,45,319,59,319,50,63,190,16
"2011","Brent 026D","E01000477","Total",921,90,152,591,88,532,44,68,356,64,389,46,84,235,24
"2011","Brent 026E","E01000630","Total",1024,88,208,641,87,605,48,109,377,71,419,40,99,264,16
"2011","Brent 027A","E01000595","Total",544,51,128,311,54,285,21,45,180,39,259,30,83,131,15
"2011","Brent 027D","E01000599","Total",522,55,108,313,46,275,32,39,172,32,247,23,69,141,14
"2011","Brent 027E","E01000600","Total",733,79,154,421,79,400,36,70,236,58,333,43,84,185,21
"2011","Brent 027F","E01033456","Total",724,76,206,392,50,341,26,85,196,34,383,50,121,196,16
"2011","Brent 028A","E01000545","Total",1150,79,196,670,205,585,32,78,340,135,565,47,118,330,70
"2011","Brent 028B","E01000546","Total",970,81,141,563,185,493,29,56,291,117,477,52,85,272,68
"2011","Brent 028C","E01000547","Total",954,64,156,581,153,468,23,57,304,84,486,41,99,277,69
"2011","Brent 028D","E01000548","Total",1226,74,141,766,245,631,41,63,380,147,595,33,78,386,98
"2011","Brent 028E","E01000549","Total",1196,60,173,710,253,594,27,59,353,155,602,33,114,357,98
"2011","Brent 029A","E01000472","Total",764,57,123,510,74,448,33,53,307,55,316,24,70,203,19
"2011","Brent 029B","E01000473","Total",906,85,155,599,67,538,46,84,363,45,368,39,71,236,22
"2011","Brent 029C","E01000475","Total",971,87,183,625,76,562,43,86,371,62,409,44,97,254,14
"2011","Brent 029D","E01000478","Total",815,63,140,545,67,464,28,60,324,52,351,35,80,221,15
"2011","Brent 029E","E01000632","Total",978,94,195,589,100,559,40,91,351,77,419,54,104,238,23
"2011","Brent 030A","E01000489","Total",792,71,142,466,113,398,22,55,239,82,394,49,87,227,31
"2011","Brent 030B","E01000491","Total",968,80,142,547,199,547,26,73,307,141,421,54,69,240,58
"2011","Brent 030C","E01000492","Total",686,55,131,398,102,340,12,46,219,63,346,43,85,179,39
"2011","Brent 030D","E01000493","Total",831,70,162,474,125,437,31,56,272,78,394,39,106,202,47
"2011","Brent 030E","E01000581","Total",871,70,107,529,165,425,23,35,268,99,446,47,72,261,66
"2011","Brent 031A","E01000523","Total",1158,106,248,688,116,616,49,97,388,82,542,57,151,300,34
"2011","Brent 031B","E01000524","Total",1043,128,252,554,109,555,60,98,325,72,488,68,154,229,37
"2011","Brent 031C","E01000525","Total",849,84,207,493,65,419,20,86,268,45,430,64,121,225,20
"2011","Brent 031E","E01000533","Total",1038,77,236,593,132,563,20,104,345,94,475,57,132,248,38
"2011","Brent 031F","E01000535","Total",1119,112,208,668,131,578,43,83,365,87,541,69,125,303,44
"2011","Brent 031G","E01033455","Total",543,53,135,294,61,303,24,58,182,39,240,29,77,112,22
"2011","Brent 031H","E01033485","Total",832,73,163,501,95,440,32,62,279,67,392,41,101,222,28
"2011","Brent 032A","E01000579","Total",928,64,133,545,186,493,30,46,303,114,435,34,87,242,72
"2011","Brent 032B","E01000580","Total",1077,67,185,575,250,572,22,69,294,187,505,45,116,281,63
"2011","Brent 032C","E01000582","Total",1034,70,156,570,238,533,24,60,292,157,501,46,96,278,81
"2011","Brent 032D","E01000583","Total",1340,92,183,782,283,669,44,66,397,162,671,48,117,385,121
"2011","Brent 032E","E01000586","Total",1479,110,235,896,238,765,36,94,477,158,714,74,141,419,80
"2011","Brent 033A","E01000530","Total",1036,79,186,630,141,537,35,77,333,92,499,44,109,297,49
"2011","Brent 033B","E01000531","Total",1095,104,194,651,146,561,45,86,339,91,534,59,108,312,55
"2011","Brent 033C","E01000532","Total",931,75,117,586,153,491,41,39,312,99,440,34,78,274,54
"2011","Brent 033D","E01000534","Total",873,93,156,508,116,433,35,51,268,79,440,58,105,240,37
"2011","Brent 033E","E01000584","Total",905,82,158,534,131,453,37,57,273,86,452,45,101,261,45
"2011","Brent 033F","E01000585","Total",1020,86,149,593,192,509,35,56,285,133,511,51,93,308,59
"2011","Brent 034A","E01000544","Total",792,78,145,486,83,428,30,72,275,51,364,48,73,211,32
"2011","Brent 034B","E01000550","Total",942,91,148,567,136,469,30,55,296,88,473,61,93,271,48
"2011","Brent 034C","E01000551","Total",817,74,193,461,89,414,37,70,253,54,403,37,123,208,35
"2011","Brent 034D","E01000552","Total",649,90,162,346,51,362,47,74,204,37,287,43,88,142,14
"2011","Bromley 001A","E01000779","Total",626,51,95,363,117,330,16,23,208,83,296,35,72,155,34
"2011","Bromley 001B","E01000780","Total",672,65,126,408,73,322,14,24,229,55,350,51,102,179,18
"2011","Bromley 001C","E01000781","Total",573,32,119,361,61,283,8,29,203,43,290,24,90,158,18
"2011","Bromley 001D","E01000782","Total",568,43,116,350,59,293,16,32,200,45,275,27,84,150,14
"2011","Bromley 001E","E01000783","Total",606,50,111,360,85,297,11,31,188,67,309,39,80,172,18
"2011","Bromley 001F","E01000785","Total",596,61,137,330,68,292,16,31,196,49,304,45,106,134,19
"2011","Bromley 002A","E01000689","Total",653,64,106,390,93,354,23,31,227,73,299,41,75,163,20
"2011","Bromley 002B","E01000690","Total",710,65,127,397,121,369,15,30,233,91,341,50,97,164,30
"2011","Bromley 002C","E01000691","Total",722,53,138,435,96,373,16,40,249,68,349,37,98,186,28
"2011","Bromley 002D","E01000692","Total",847,71,155,464,157,433,28,38,261,106,414,43,117,203,51
"2011","Bromley 002E","E01000784","Total",788,75,137,457,119,400,21,21,265,93,388,54,116,192,26
"2011","Bromley 004A","E01000799","Total",902,79,159,570,94,447,34,53,293,67,455,45,106,277,27
"2011","Bromley 004B","E01000802","Total",943,62,161,581,139,462,18,52,304,88,481,44,109,277,51
"2011","Bromley 004C","E01000803","Total",836,71,135,529,101,385,22,44,256,63,451,49,91,273,38
"2011","Bromley 004D","E01000804","Total",742,72,121,412,137,388,22,39,231,96,354,50,82,181,41
"2011","Bromley 004E","E01000805","Total",788,74,147,465,102,373,26,44,242,61,415,48,103,223,41
"2011","Bromley 005A","E01000740","Total",966,75,181,608,102,512,35,68,339,70,454,40,113,269,32
"2011","Bromley 005B","E01000741","Total",868,64,126,565,113,444,34,36,305,69,424,30,90,260,44
"2011","Bromley 005C","E01000742","Total",1145,74,175,764,132,593,29,64,415,85,552,45,111,349,47
"2011","Bromley 005D","E01000745","Total",960,65,113,644,138,490,27,44,338,81,470,38,69,306,57
"2011","Bromley 005E","E01000746","Total",1047,71,141,671,164,537,28,50,357,102,510,43,91,314,62
"2011","Bromley 006A","E01000709","Total",690,40,82,471,97,377,19,33,258,67,313,21,49,213,30
"2011","Bromley 006B","E01000710","Total",978,39,120,657,162,501,9,43,342,107,477,30,77,315,55
"2011","Bromley 006C","E01000711","Total",1055,42,97,722,194,563,17,33,388,125,492,25,64,334,69
"2011","Bromley 006D","E01000714","Total",1160,59,122,759,220,615,17,32,417,149,545,42,90,342,71
"2011","Bromley 006E","E01000718","Total",989,56,134,658,141,489,13,32,353,91,500,43,102,305,50
"2011","Bromley 007A","E01000645","Total",670,80,97,313,180,367,28,16,183,140,303,52,81,130,40
"2011","Bromley 007B","E01000649","Total",961,92,151,493,225,506,19,46,264,177,455,73,105,229,48
"2011","Bromley 007C","E01000694","Total",701,57,129,317,198,365,12,28,183,142,336,45,101,134,56
"2011","Bromley 007D","E01000695","Total",704,70,108,366,160,379,14,27,206,132,325,56,81,160,28
"2011","Bromley 007E","E01000696","Total",663,68,100,329,166,374,21,35,196,122,289,47,65,133,44
"2011","Bromley 007F","E01000697","Total",919,68,109,525,217,514,22,29,294,169,405,46,80,231,48
"2011","Bromley 008A","E01000674","Total",869,66,131,545,127,455,23,40,297,95,414,43,91,248,32
"2011","Bromley 008B","E01000676","Total",929,62,119,608,140,491,24,40,335,92,438,38,79,273,48
"2011","Bromley 008C","E01000820","Total",679,54,98,403,124,347,15,23,223,86,332,39,75,180,38
"2011","Bromley 008D","E01000822","Total",842,62,119,533,128,428,20,35,280,93,414,42,84,253,35
"2011","Bromley 008E","E01000823","Total",982,79,147,600,156,515,26,36,347,106,467,53,111,253,50
"2011","Bromley 008F","E01000824","Total",664,55,115,393,101,337,11,38,214,74,327,44,77,179,27
"2011","Bromley 008G","E01000825","Total",822,46,104,540,132,440,15,35,303,87,382,31,69,237,45
"2011","Bromley 009A","E01000743","Total",740,52,141,468,79,383,20,49,263,51,357,32,92,205,28
"2011","Bromley 009B","E01000744","Total",586,71,130,337,48,290,30,45,182,33,296,41,85,155,15
"2011","Bromley 009C","E01000796","Total",652,72,137,381,62,314,19,44,203,48,338,53,93,178,14
"2011","Bromley 009D","E01000798","Total",606,76,122,347,61,292,22,35,193,42,314,54,87,154,19
"2011","Bromley 009E","E01000800","Total",803,67,95,537,104,411,19,19,295,78,392,48,76,242,26
"2011","Bromley 009F","E01000806","Total",833,59,178,515,81,409,21,54,276,58,424,38,124,239,23
"2011","Bromley 010A","E01000693","Total",585,55,89,305,136,320,22,23,162,113,265,33,66,143,23
"2011","Bromley 010B","E01000698","Total",532,67,117,252,96,282,20,36,149,77,250,47,81,103,19
"2011","Bromley 010C","E01000736","Total",671,65,131,395,80,351,21,25,235,70,320,44,106,160,10
"2011","Bromley 010D","E01000737","Total",555,48,103,325,79,271,12,18,180,61,284,36,85,145,18
"2011","Bromley 011A","E01000672","Total",780,61,108,491,120,409,17,35,270,87,371,44,73,221,33
"2011","Bromley 011B","E01000673","Total",810,56,145,488,121,423,16,34,277,96,387,40,111,211,25
"2011","Bromley 011C","E01000716","Total",762,76,117,445,124,401,21,30,252,98,361,55,87,193,26
"2011","Bromley 011D","E01000717","Total",963,58,118,631,156,512,21,42,338,111,451,37,76,293,45
"2011","Bromley 011E","E01000828","Total",784,71,102,475,136,416,29,36,257,94,368,42,66,218,42
"2011","Bromley 012A","E01000712","Total",984,74,114,647,149,529,33,43,350,103,455,41,71,297,46
"2011","Bromley 012B","E01000713","Total",996,67,120,615,194,541,29,35,344,133,455,38,85,271,61
"2011","Bromley 012C","E01000715","Total",923,53,115,586,169,502,18,36,324,124,421,35,79,262,45
"2011","Bromley 012D","E01000770","Total",658,66,77,374,141,330,15,25,193,97,328,51,52,181,44
"2011","Bromley 012E","E01000772","Total",679,51,126,374,128,364,26,37,208,93,315,25,89,166,35
"2011","Bromley 013A","E01000700","Total",848,44,116,578,110,426,10,33,310,73,422,34,83,268,37
"2011","Bromley 013B","E01000702","Total",800,47,112,515,126,404,13,29,281,81,396,34,83,234,45
"2011","Bromley 013C","E01000703","Total",899,74,134,547,144,457,22,34,289,112,442,52,100,258,32
"2011","Bromley 013D","E01000706","Total",689,48,102,461,78,346,15,27,248,56,343,33,75,213,22
"2011","Bromley 013E","E01000797","Total",864,78,146,500,140,454,16,50,290,98,410,62,96,210,42
"2011","Bromley 014A","E01000729","Total",674,61,143,399,71,344,17,40,234,53,330,44,103,165,18
"2011","Bromley 014B","E01000730","Total",667,82,141,381,63,321,19,36,213,53,346,63,105,168,10
"2011","Bromley 014C","E01000735","Total",616,65,115,367,69,306,17,26,206,57,310,48,89,161,12
"2011","Bromley 014D","E01000738","Total",715,78,133,418,86,376,17,34,256,69,339,61,99,162,17
"2011","Bromley 014E","E01000739","Total",550,71,113,309,57,263,17,27,177,42,287,54,86,132,15
"2011","Bromley 015A","E01000699","Total",763,58,135,479,91,354,20,42,233,59,409,38,93,246,32
"2011","Bromley 015B","E01000701","Total",741,56,98,486,101,359,10,27,251,71,382,46,71,235,30
"2011","Bromley 015C","E01000704","Total",755,63,118,495,79,370,16,27,268,59,385,47,91,227,20
"2011","Bromley 015D","E01000705","Total",690,48,112,438,92,344,17,24,237,66,346,31,88,201,26
"2011","Bromley 015E","E01000801","Total",715,52,134,443,86,364,15,35,244,70,351,37,99,199,16
"2011","Bromley 016A","E01000646","Total",822,43,95,523,161,462,15,21,304,122,360,28,74,219,39
"2011","Bromley 016B","E01000647","Total",869,76,136,523,134,446,19,23,299,105,423,57,113,224,29
"2011","Bromley 016C","E01000648","Total",906,93,155,508,150,479,26,36,299,118,427,67,119,209,32
"2011","Bromley 016D","E01000653","Total",658,62,117,340,139,357,18,22,215,102,301,44,95,125,37
"2011","Bromley 016E","E01000678","Total",880,67,140,536,137,464,24,33,298,109,416,43,107,238,28
"2011","Bromley 018A","E01000670","Total",1071,85,125,661,200,578,20,43,379,136,493,65,82,282,64
"2011","Bromley 018B","E01000675","Total",895,72,141,524,158,506,24,41,323,118,389,48,100,201,40
"2011","Bromley 018C","E01000677","Total",1029,71,145,662,151,505,19,29,351,106,524,52,116,311,45
"2011","Bromley 018D","E01000762","Total",780,69,130,466,115,425,16,41,282,86,355,53,89,184,29
"2011","Bromley 018E","E01000829","Total",954,77,160,559,158,493,21,35,319,118,461,56,125,240,40
"2011","Bromley 019A","E01000719","Total",873,51,149,587,86,438,18,33,323,64,435,33,116,264,22
"2011","Bromley 019B","E01000720","Total",687,50,114,415,108,333,11,26,217,79,354,39,88,198,29
"2011","Bromley 019C","E01000721","Total",457,42,104,265,46,238,12,25,162,39,219,30,79,103,7
"2011","Bromley 019D","E01000724","Total",647,73,136,388,50,337,21,34,242,40,310,52,102,146,10
"2011","Bromley 019E","E01000728","Total",645,60,113,396,76,346,16,29,242,59,299,44,84,154,17
"2011","Bromley 020A","E01000651","Total",754,71,129,425,129,381,25,28,223,105,373,46,101,202,24
"2011","Bromley 020B","E01000668","Total",889,63,154,535,137,466,16,36,317,97,423,47,118,218,40
"2011","Bromley 020C","E01000669","Total",881,62,157,567,95,420,21,33,297,69,461,41,124,270,26
"2011","Bromley 020D","E01000671","Total",900,74,154,557,115,469,22,48,322,77,431,52,106,235,38
"2011","Bromley 020E","E01000679","Total",896,61,159,570,106,471,18,40,335,78,425,43,119,235,28
"2011","Bromley 021A","E01000826","Total",782,106,148,390,138,425,31,38,239,117,357,75,110,151,21
"2011","Bromley 021B","E01000827","Total",780,77,117,458,128,418,28,33,262,95,362,49,84,196,33
"2011","Bromley 021C","E01000830","Total",717,106,126,346,139,387,32,25,210,120,330,74,101,136,19
"2011","Bromley 021D","E01000831","Total",793,93,125,432,143,426,27,31,260,108,367,66,94,172,35
"2011","Bromley 021E","E01000833","Total",675,72,143,354,106,349,16,31,217,85,326,56,112,137,21
"2011","Bromley 022A","E01000650","Total",852,98,156,413,185,456,30,41,241,144,396,68,115,172,41
"2011","Bromley 022B","E01000652","Total",805,88,140,468,109,420,24,36,277,83,385,64,104,191,26
"2011","Bromley 022C","E01000807","Total",716,81,112,386,137,389,21,31,233,104,327,60,81,153,33
"2011","Bromley 022D","E01000809","Total",735,88,118,430,99,378,19,18,264,77,357,69,100,166,22
"2011","Bromley 023A","E01000722","Total",783,80,133,478,92,400,18,28,285,69,383,62,105,193,23
"2011","Bromley 023B","E01000725","Total",778,60,143,495,80,399,19,35,282,63,379,41,108,213,17
"2011","Bromley 023C","E01000731","Total",592,50,116,352,74,285,13,22,192,58,307,37,94,160,16
"2011","Bromley 023D","E01000732","Total",669,70,123,366,110,361,19,37,221,84,308,51,86,145,26
"2011","Bromley 023E","E01000733","Total",770,80,133,468,89,403,19,34,276,74,367,61,99,192,15
"2011","Bromley 024A","E01000769","Total",686,80,133,394,79,336,21,21,232,62,350,59,112,162,17
"2011","Bromley 024B","E01000773","Total",701,63,132,397,109,346,17,22,223,84,355,46,110,174,25
"2011","Bromley 024C","E01000775","Total",1099,119,193,580,207,576,33,40,341,162,523,86,153,239,45
"2011","Bromley 024D","E01000777","Total",791,73,153,453,112,404,22,34,270,78,387,51,119,183,34
"2011","Bromley 024E","E01000778","Total",785,75,157,461,92,385,20,32,260,73,400,55,125,201,19
"2011","Bromley 025A","E01000808","Total",716,77,129,391,119,386,23,29,240,94,330,54,100,151,25
"2011","Bromley 025B","E01000810","Total",697,62,135,372,128,377,15,27,234,101,320,47,108,138,27
"2011","Bromley 025C","E01000811","Total",688,60,107,421,100,357,19,16,251,71,331,41,91,170,29
"2011","Bromley 025D","E01000813","Total",727,87,128,402,110,381,25,22,250,84,346,62,106,152,26
"2011","Bromley 025E","E01000815","Total",733,115,124,320,174,369,29,27,181,132,364,86,97,139,42
"2011","Bromley 026A","E01000661","Total",612,56,131,359,66,306,24,41,189,52,306,32,90,170,14
"2011","Bromley 026B","E01000662","Total",797,71,162,472,92,428,22,48,285,73,369,49,114,187,19
"2011","Bromley 026C","E01000663","Total",725,61,147,410,107,381,21,37,244,79,344,40,110,166,28
"2011","Bromley 026D","E01000664","Total",749,91,134,441,83,371,25,28,253,65,378,66,106,188,18
"2011","Bromley 027A","E01000763","Total",717,73,143,385,116,375,20,30,231,94,342,53,113,154,22
"2011","Bromley 027B","E01000764","Total",759,75,145,443,96,392,24,33,271,64,367,51,112,172,32
"2011","Bromley 027C","E01000766","Total",850,107,160,435,148,457,29,40,270,118,393,78,120,165,30
"2011","Bromley 027D","E01000767","Total",822,93,167,460,102,425,25,33,286,81,397,68,134,174,21
"2011","Bromley 027E","E01000834","Total",706,83,139,402,82,353,16,23,249,65,353,67,116,153,17
"2011","Bromley 028A","E01000727","Total",742,74,114,452,102,367,15,27,254,71,375,59,87,198,31
"2011","Bromley 028B","E01000734","Total",669,55,135,376,103,353,14,35,223,81,316,41,100,153,22
"2011","Bromley 028C","E01000790","Total",1047,91,162,640,154,581,21,46,402,112,466,70,116,238,42
"2011","Bromley 028D","E01000812","Total",755,69,134,434,118,416,18,40,264,94,339,51,94,170,24
"2011","Bromley 028E","E01000814","Total",773,114,133,387,139,425,28,36,251,110,348,86,97,136,29
"2011","Bromley 029A","E01000723","Total",567,59,116,324,68,287,14,31,187,55,280,45,85,137,13
"2011","Bromley 029B","E01000726","Total",650,66,115,383,86,336,16,32,224,64,314,50,83,159,22
"2011","Bromley 029C","E01000787","Total",634,53,126,392,63,321,14,41,217,49,313,39,85,175,14
"2011","Bromley 029D","E01000788","Total",729,74,137,426,92,382,28,34,246,74,347,46,103,180,18
"2011","Bromley 029E","E01000791","Total",644,68,122,379,75,335,17,29,222,67,309,51,93,157,8
"2011","Bromley 030A","E01000832","Total",723,87,152,367,117,387,30,41,225,91,336,57,111,142,26
"2011","Bromley 030B","E01000835","Total",795,102,143,426,124,403,26,34,257,86,392,76,109,169,38
"2011","Bromley 030C","E01000836","Total",711,72,153,391,95,369,28,28,241,72,342,44,125,150,23
"2011","Bromley 030D","E01000837","Total",686,73,135,389,89,347,20,42,219,66,339,53,93,170,23
"2011","Bromley 030E","E01000838","Total",671,78,135,364,94,366,26,30,235,75,305,52,105,129,19
"2011","Bromley 030F","E01000839","Total",766,90,155,413,108,398,19,32,260,87,368,71,123,153,21
"2011","Bromley 030G","E01000840","Total",685,96,135,353,101,356,29,29,222,76,329,67,106,131,25
"2011","Bromley 030H","E01000841","Total",779,94,148,422,115,402,23,37,254,88,377,71,111,168,27
"2011","Bromley 031A","E01000753","Total",751,98,130,412,111,410,31,32,253,94,341,67,98,159,17
"2011","Bromley 031B","E01000754","Total",802,74,161,466,101,412,21,19,288,84,390,53,142,178,17
"2011","Bromley 031C","E01000755","Total",703,73,152,394,84,361,21,26,248,66,342,52,126,146,18
"2011","Bromley 031D","E01000757","Total",707,73,129,405,100,372,18,13,259,82,335,55,116,146,18
"2011","Bromley 031E","E01000758","Total",722,84,122,413,103,375,24,21,250,80,347,60,101,163,23
"2011","Bromley 032A","E01000786","Total",615,64,125,330,96,335,24,35,204,72,280,40,90,126,24
"2011","Bromley 032B","E01000789","Total",631,74,140,363,54,322,25,42,217,38,309,49,98,146,16
"2011","Bromley 032C","E01000792","Total",477,43,84,278,72,249,7,19,168,55,228,36,65,110,17
"2011","Bromley 032D","E01000793","Total",737,91,139,410,97,397,26,37,252,82,340,65,102,158,15
"2011","Bromley 032E","E01000795","Total",646,76,115,378,77,337,20,26,229,62,309,56,89,149,15
"2011","Bromley 033A","E01000665","Total",919,106,172,521,120,478,34,42,308,94,441,72,130,213,26
"2011","Bromley 033B","E01000666","Total",855,104,154,421,176,461,30,41,256,134,394,74,113,165,42
"2011","Bromley 033C","E01000667","Total",707,89,149,309,160,388,28,45,185,130,319,61,104,124,30
"2011","Bromley 033D","E01000756","Total",708,113,130,336,129,390,33,28,220,109,318,80,102,116,20
"2011","Bromley 034A","E01000759","Total",782,116,130,408,128,414,33,31,252,98,368,83,99,156,30
"2011","Bromley 034B","E01000760","Total",725,74,136,408,107,361,19,28,238,76,364,55,108,170,31
"2011","Bromley 034C","E01000761","Total",788,77,170,420,121,403,20,44,245,94,385,57,126,175,27
"2011","Bromley 034D","E01000765","Total",866,75,150,481,160,442,22,26,279,115,424,53,124,202,45
"2011","Bromley 034E","E01000768","Total",727,82,131,388,126,376,24,26,230,96,351,58,105,158,30
"2011","Bromley 035A","E01000681","Total",884,91,167,516,110,455,16,28,323,88,429,75,139,193,22
"2011","Bromley 035B","E01000682","Total",713,74,149,419,71,371,20,33,256,62,342,54,116,163,9
"2011","Bromley 035C","E01000683","Total",837,71,139,515,112,428,25,29,291,83,409,46,110,224,29
"2011","Bromley 035D","E01000684","Total",1024,109,172,558,185,533,26,33,331,143,491,83,139,227,42
"2011","Bromley 035E","E01000794","Total",717,86,145,393,93,365,26,31,237,71,352,60,114,156,22
"2011","Bromley 036A","E01000749","Total",736,90,154,378,114,393,25,36,241,91,343,65,118,137,23
"2011","Bromley 036B","E01000750","Total",656,77,137,371,71,288,7,25,201,55,368,70,112,170,16
"2011","Bromley 036C","E01000751","Total",968,101,175,547,145,490,30,46,312,102,478,71,129,235,43
"2011","Bromley 036D","E01000752","Total",674,76,123,377,98,355,25,25,230,75,319,51,98,147,23
"2011","Bromley 037A","E01000680","Total",800,99,141,385,175,439,32,37,235,135,361,67,104,150,40
"2011","Bromley 037B","E01000685","Total",779,87,142,443,107,424,25,41,268,90,355,62,101,175,17
"2011","Bromley 037C","E01000686","Total",737,97,120,416,104,390,26,28,253,83,347,71,92,163,21
"2011","Bromley 037D","E01000687","Total",789,97,140,434,118,402,21,26,265,90,387,76,114,169,28
"2011","Bromley 037E","E01000688","Total",689,87,122,353,127,364,23,31,208,102,325,64,91,145,25
"2011","Bromley 039A","E01000654","Total",726,66,135,416,109,374,19,25,239,91,352,47,110,177,18
"2011","Bromley 039B","E01000655","Total",718,63,130,427,98,367,18,30,249,70,351,45,100,178,28
"2011","Bromley 039C","E01000656","Total",783,91,151,444,97,411,24,33,275,79,372,67,118,169,18
"2011","Bromley 039D","E01000657","Total",856,74,144,523,115,427,12,33,298,84,429,62,111,225,31
"2011","Bromley 039E","E01000659","Total",849,95,165,480,109,460,33,28,309,90,389,62,137,171,19
"2011","Bromley 040A","E01000816","Total",754,57,136,472,89,387,19,37,264,67,367,38,99,208,22
"2011","Bromley 040B","E01000818","Total",741,74,133,436,98,379,20,23,257,79,362,54,110,179,19
"2011","Bromley 040C","E01000819","Total",726,55,153,412,106,346,19,39,211,77,380,36,114,201,29
"2011","Bromley 040D","E01032562","Total",619,58,140,363,58,297,13,44,201,39,322,45,96,162,19
"2011","Bromley 040E","E01032563","Total",659,70,120,345,124,360,24,42,201,93,299,46,78,144,31
"2011","Bromley 041A","E01000707","Total",785,60,126,490,109,400,14,27,283,76,385,46,99,207,33
"2011","Bromley 041B","E01000708","Total",806,50,144,489,123,411,13,28,284,86,395,37,116,205,37
"2011","Bromley 041C","E01000771","Total",861,92,162,484,123,433,20,42,272,99,428,72,120,212,24
"2011","Bromley 041D","E01000774","Total",747,67,121,481,78,378,10,23,287,58,369,57,98,194,20
"2011","Bromley 041E","E01032568","Total",717,60,106,483,68,345,14,26,262,43,372,46,80,221,25
"2011","Bromley 042A","E01000658","Total",645,74,118,352,101,335,21,24,206,84,310,53,94,146,17
"2011","Bromley 042B","E01000747","Total",942,104,184,474,180,507,30,47,291,139,435,74,137,183,41
"2011","Bromley 042C","E01000748","Total",765,90,133,394,148,408,27,34,231,116,357,63,99,163,32
"2011","Bromley 042D","E01032570","Total",749,80,156,400,113,387,26,37,241,83,362,54,119,159,30
"2011","Croydon 001A","E01001137","Total",914,81,141,583,109,476,33,43,327,73,438,48,98,256,36
"2011","Croydon 001B","E01001138","Total",880,56,146,559,119,433,13,44,303,73,447,43,102,256,46
"2011","Croydon 001C","E01001156","Total",782,79,133,458,112,406,35,45,250,76,376,44,88,208,36
"2011","Croydon 001D","E01001162","Total",815,66,170,486,93,364,21,45,238,60,451,45,125,248,33
"2011","Croydon 001E","E01001164","Total",1159,90,170,755,144,608,36,52,424,96,551,54,118,331,48
"2011","Croydon 002A","E01001084","Total",868,71,142,531,124,480,30,48,313,89,388,41,94,218,35
"2011","Croydon 002B","E01001157","Total",824,78,152,495,99,430,30,52,277,71,394,48,100,218,28
"2011","Croydon 002C","E01001159","Total",872,82,163,515,112,443,36,42,285,80,429,46,121,230,32
"2011","Croydon 002D","E01001160","Total",889,84,150,528,127,488,29,57,309,93,401,55,93,219,34
"2011","Croydon 002E","E01001163","Total",1001,68,162,639,132,515,21,58,346,90,486,47,104,293,42
"2011","Croydon 003A","E01001083","Total",742,67,136,424,115,399,23,41,253,82,343,44,95,171,33
"2011","Croydon 003B","E01001086","Total",853,75,147,535,96,448,23,54,304,67,405,52,93,231,29
"2011","Croydon 003C","E01001087","Total",1094,97,197,676,124,591,36,76,386,93,503,61,121,290,31
"2011","Croydon 003D","E01001161","Total",695,75,153,397,70,340,31,51,202,56,355,44,102,195,14
"2011","Croydon 004A","E01001085","Total",723,65,141,436,81,389,23,57,245,64,334,42,84,191,17
"2011","Croydon 004B","E01001088","Total",802,76,168,481,77,399,29,51,260,59,403,47,117,221,18
"2011","Croydon 004C","E01001089","Total",776,66,187,451,72,408,31,64,261,52,368,35,123,190,20
"2011","Croydon 004D","E01001090","Total",1056,93,201,645,117,545,46,73,348,78,511,47,128,297,39
"2011","Croydon 004E","E01001091","Total",777,84,156,440,97,416,38,58,251,69,361,46,98,189,28
"2011","Croydon 005A","E01001147","Total",653,76,153,377,47,330,35,59,200,36,323,41,94,177,11
"2011","Croydon 005B","E01001148","Total",780,79,140,497,64,375,29,54,250,42,405,50,86,247,22
"2011","Croydon 005C","E01001151","Total",666,57,165,388,56,328,27,61,203,37,338,30,104,185,19
"2011","Croydon 005D","E01001152","Total",766,62,172,456,76,396,26,58,259,53,370,36,114,197,23
"2011","Croydon 005E","E01001158","Total",767,53,138,481,95,383,22,42,254,65,384,31,96,227,30
"2011","Croydon 006A","E01001146","Total",756,58,156,466,76,341,17,57,218,49,415,41,99,248,27
"2011","Croydon 006B","E01001149","Total",742,49,148,469,76,360,17,42,251,50,382,32,106,218,26
"2011","Croydon 006C","E01001150","Total",798,64,131,527,76,397,28,42,279,48,401,36,89,248,28
"2011","Croydon 006D","E01001153","Total",772,72,156,476,68,367,31,49,237,50,405,41,107,239,18
"2011","Croydon 006E","E01001154","Total",857,92,175,518,72,400,32,63,249,56,457,60,112,269,16
"2011","Croydon 007A","E01001136","Total",900,63,184,557,96,467,25,82,291,69,433,38,102,266,27
"2011","Croydon 007B","E01001139","Total",805,62,132,522,89,372,22,37,261,52,433,40,95,261,37
"2011","Croydon 007C","E01001140","Total",871,56,126,588,101,450,24,48,308,70,421,32,78,280,31
"2011","Croydon 007D","E01001142","Total",746,51,126,467,102,370,19,49,239,63,376,32,77,228,39
"2011","Croydon 007E","E01001144","Total",733,68,143,460,62,356,22,50,243,41,377,46,93,217,21
"2011","Croydon 008A","E01001141","Total",602,61,99,390,52,303,22,29,214,38,299,39,70,176,14
"2011","Croydon 008B","E01001143","Total",811,78,168,484,81,372,31,53,236,52,439,47,115,248,29
"2011","Croydon 008C","E01001145","Total",711,79,157,418,57,365,28,57,238,42,346,51,100,180,15
"2011","Croydon 008D","E01001191","Total",888,81,176,538,93,481,36,75,300,70,407,45,101,238,23
"2011","Croydon 008E","E01001192","Total",739,43,144,474,78,332,13,42,222,55,407,30,102,252,23
"2011","Croydon 009A","E01000994","Total",716,74,138,431,73,361,32,59,221,49,355,42,79,210,24
"2011","Croydon 009B","E01000995","Total",709,60,167,426,56,398,28,75,250,45,311,32,92,176,11
"2011","Croydon 009C","E01000996","Total",630,60,109,394,67,325,28,49,200,48,305,32,60,194,19
"2011","Croydon 009D","E01000997","Total",625,60,121,389,55,305,29,44,196,36,320,31,77,193,19
"2011","Croydon 009E","E01000999","Total",643,56,108,415,64,354,23,47,236,48,289,33,61,179,16
"2011","Croydon 009F","E01001002","Total",627,65,125,383,54,328,28,54,209,37,299,37,71,174,17
"2011","Croydon 010A","E01000998","Total",734,81,121,458,74,391,35,49,253,54,343,46,72,205,20
"2011","Croydon 010B","E01001000","Total",617,62,106,384,65,332,33,32,222,45,285,29,74,162,20
"2011","Croydon 010C","E01001003","Total",736,63,109,492,72,352,20,34,249,49,384,43,75,243,23
"2011","Croydon 010D","E01001111","Total",760,81,131,471,77,364,23,50,236,55,396,58,81,235,22
"2011","Croydon 010E","E01001155","Total",629,50,136,389,54,315,18,43,225,29,314,32,93,164,25
"2011","Croydon 011A","E01001174","Total",705,73,136,436,60,361,36,52,229,44,344,37,84,207,16
"2011","Croydon 011B","E01001175","Total",643,69,146,372,56,317,31,55,185,46,326,38,91,187,10
"2011","Croydon 011C","E01001176","Total",809,74,177,487,71,422,33,69,271,49,387,41,108,216,22
"2011","Croydon 011D","E01001182","Total",609,63,128,361,57,320,24,56,202,38,289,39,72,159,19
"2011","Croydon 011E","E01001183","Total",714,79,144,424,67,371,35,59,231,46,343,44,85,193,21
"2011","Croydon 011F","E01001184","Total",618,60,143,340,75,304,22,51,171,60,314,38,92,169,15
"2011","Croydon 013A","E01001001","Total",509,52,85,320,52,279,25,29,185,40,230,27,56,135,12
"2011","Croydon 013B","E01001109","Total",821,82,168,500,71,425,24,49,305,47,396,58,119,195,24
"2011","Croydon 013C","E01001112","Total",764,62,149,495,58,343,17,34,261,31,421,45,115,234,27
"2011","Croydon 013D","E01001113","Total",859,58,168,573,60,432,26,60,317,29,427,32,108,256,31
"2011","Croydon 013E","E01001114","Total",567,53,125,341,48,285,21,52,181,31,282,32,73,160,17
"2011","Croydon 013F","E01001116","Total",625,63,134,384,44,319,25,47,217,30,306,38,87,167,14
"2011","Croydon 014A","E01000992","Total",847,82,167,508,90,459,34,46,312,67,388,48,121,196,23
"2011","Croydon 014B","E01001185","Total",839,70,153,520,96,427,29,45,283,70,412,41,108,237,26
"2011","Croydon 014C","E01001186","Total",790,46,145,521,78,389,16,42,274,57,401,30,103,247,21
"2011","Croydon 014D","E01001188","Total",842,69,161,543,69,409,28,37,292,52,433,41,124,251,17
"2011","Croydon 014E","E01001193","Total",722,72,173,421,56,324,21,42,219,42,398,51,131,202,14
"2011","Croydon 015A","E01001004","Total",936,80,199,585,72,452,37,75,289,51,484,43,124,296,21
"2011","Croydon 015B","E01001115","Total",642,55,148,368,71,343,17,46,225,55,299,38,102,143,16
"2011","Croydon 015C","E01001117","Total",1295,99,255,833,108,707,45,118,465,79,588,54,137,368,29
"2011","Croydon 015D","E01001178","Total",494,57,107,279,51,283,33,45,165,40,211,24,62,114,11
"2011","Croydon 015E","E01001181","Total",802,72,161,509,60,408,30,69,263,46,394,42,92,246,14
"2011","Croydon 016A","E01001006","Total",692,51,143,428,70,339,12,46,229,52,353,39,97,199,18
"2011","Croydon 016B","E01001007","Total",844,94,193,490,67,462,38,88,284,52,382,56,105,206,15
"2011","Croydon 016C","E01001177","Total",684,58,171,401,54,352,24,71,219,38,332,34,100,182,16
"2011","Croydon 016D","E01001179","Total",699,71,140,425,63,362,31,47,233,51,337,40,93,192,12
"2011","Croydon 016E","E01001180","Total",777,83,177,452,65,420,37,68,264,51,357,46,109,188,14
"2011","Croydon 017A","E01000980","Total",721,50,111,478,82,373,15,34,266,58,348,35,77,212,24
"2011","Croydon 017B","E01000981","Total",853,55,147,580,71,411,14,29,314,54,442,41,118,266,17
"2011","Croydon 017C","E01000982","Total",853,67,133,566,87,449,30,40,316,63,404,37,93,250,24
"2011","Croydon 017D","E01000983","Total",953,87,165,598,103,505,36,40,362,67,448,51,125,236,36
"2011","Croydon 017E","E01001187","Total",954,68,193,616,77,489,22,64,353,50,465,46,129,263,27
"2011","Croydon 018A","E01000989","Total",897,73,188,541,95,441,27,42,306,66,456,46,146,235,29
"2011","Croydon 018B","E01000991","Total",852,83,162,504,103,442,24,45,292,81,410,59,117,212,22
"2011","Croydon 018C","E01001131","Total",796,73,145,489,89,378,18,36,261,63,418,55,109,228,26
"2011","Croydon 018D","E01001132","Total",720,76,145,406,93,386,27,32,253,74,334,49,113,153,19
"2011","Croydon 018E","E01001134","Total",876,72,124,535,145,455,17,25,312,101,421,55,99,223,44
"2011","Croydon 019A","E01001005","Total",747,70,182,432,63,413,27,78,258,50,334,43,104,174,13
"2011","Croydon 019B","E01001008","Total",649,60,160,384,45,348,28,66,216,38,301,32,94,168,7
"2011","Croydon 019C","E01001009","Total",805,93,179,473,60,415,32,84,256,43,390,61,95,217,17
"2011","Croydon 019D","E01001010","Total",657,60,160,386,51,324,24,48,209,43,333,36,112,177,8
"2011","Croydon 019E","E01001011","Total",879,100,178,527,74,485,49,88,297,51,394,51,90,230,23
"2011","Croydon 020A","E01001012","Total",842,87,172,524,59,487,42,97,302,46,355,45,75,222,13
"2011","Croydon 020B","E01001013","Total",757,85,180,429,63,423,48,92,232,51,334,37,88,197,12
"2011","Croydon 020C","E01001048","Total",1034,64,188,687,95,597,31,70,430,66,437,33,118,257,29
"2011","Croydon 020D","E01001110","Total",874,79,150,567,78,456,37,47,316,56,418,42,103,251,22
"2011","Croydon 020E","E01001118","Total",753,66,151,459,77,384,28,49,250,57,369,38,102,209,20
"2011","Croydon 021A","E01000985","Total",747,68,144,441,94,396,22,41,263,70,351,46,103,178,24
"2011","Croydon 021B","E01000986","Total",867,60,143,529,135,463,19,41,301,102,404,41,102,228,33
"2011","Croydon 021C","E01000987","Total",778,68,137,494,79,417,22,38,295,62,361,46,99,199,17
"2011","Croydon 021D","E01000993","Total",834,65,167,503,99,418,22,48,285,63,416,43,119,218,36
"2011","Croydon 022A","E01000975","Total",935,59,104,655,117,513,18,31,387,77,422,41,73,268,40
"2011","Croydon 022B","E01000976","Total",985,69,137,644,135,565,33,67,368,97,420,36,70,276,38
"2011","Croydon 022C","E01000977","Total",882,51,142,599,90,494,24,56,353,61,388,27,86,246,29
"2011","Croydon 022D","E01000978","Total",1031,42,106,755,128,604,12,41,459,92,427,30,65,296,36
"2011","Croydon 022E","E01000979","Total",1025,64,118,704,139,577,29,42,404,102,448,35,76,300,37
"2011","Croydon 022F","E01000984","Total",861,69,119,592,81,468,24,49,334,61,393,45,70,258,20
"2011","Croydon 023A","E01001044","Total",954,67,110,631,146,568,35,35,401,97,386,32,75,230,49
"2011","Croydon 023B","E01001046","Total",924,65,101,644,114,541,33,36,397,75,383,32,65,247,39
"2011","Croydon 023C","E01001049","Total",656,68,97,352,139,356,14,24,210,108,300,54,73,142,31
"2011","Croydon 023D","E01001050","Total",722,57,71,492,102,406,20,23,287,76,316,37,48,205,26
"2011","Croydon 024A","E01001014","Total",1341,87,233,886,135,741,40,86,520,95,600,47,147,366,40
"2011","Croydon 024B","E01001042","Total",980,58,161,633,128,531,23,76,338,94,449,35,85,295,34
"2011","Croydon 024C","E01001165","Total",909,65,150,595,99,478,24,45,343,66,431,41,105,252,33
"2011","Croydon 024D","E01001166","Total",865,68,171,542,84,473,28,69,316,60,392,40,102,226,24
"2011","Croydon 024E","E01001168","Total",925,70,136,600,119,494,30,41,343,80,431,40,95,257,39
"2011","Croydon 025A","E01001127","Total",833,107,163,475,88,432,34,48,283,67,401,73,115,192,21
"2011","Croydon 025B","E01001128","Total",602,61,143,355,43,273,14,37,193,29,329,47,106,162,14
"2011","Croydon 025C","E01001130","Total",558,68,165,293,32,255,21,61,148,25,303,47,104,145,7
"2011","Croydon 025D","E01001135","Total",860,82,165,519,94,447,28,47,297,75,413,54,118,222,19
"2011","Croydon 026A","E01001062","Total",771,95,136,426,114,410,36,39,250,85,361,59,97,176,29
"2011","Croydon 026B","E01001063","Total",810,79,143,473,115,411,26,35,267,83,399,53,108,206,32
"2011","Croydon 026C","E01001064","Total",748,79,146,401,122,386,27,39,231,89,362,52,107,170,33
"2011","Croydon 026D","E01001129","Total",777,74,146,438,119,389,16,29,248,96,388,58,117,190,23
"2011","Croydon 026E","E01001133","Total",672,70,116,401,85,359,19,24,251,65,313,51,92,150,20
"2011","Croydon 027A","E01001035","Total",1036,65,103,750,118,581,30,42,425,84,455,35,61,325,34
"2011","Croydon 027B","E01001043","Total",1484,82,196,1010,196,839,41,79,579,140,645,41,117,431,56
"2011","Croydon 027C","E01001045","Total",1013,53,122,708,130,589,19,37,438,95,424,34,85,270,35
"2011","Croydon 027D","E01001047","Total",987,51,120,697,119,556,20,50,403,83,431,31,70,294,36
"2011","Croydon 027E","E01001170","Total",1045,57,146,702,140,559,22,36,397,104,486,35,110,305,36
"2011","Croydon 028A","E01001167","Total",1088,87,188,688,125,572,37,62,387,86,516,50,126,301,39
"2011","Croydon 028B","E01001169","Total",700,69,154,425,52,338,16,45,240,37,362,53,109,185,15
"2011","Croydon 028C","E01001171","Total",667,54,138,399,76,342,24,45,218,55,325,30,93,181,21
"2011","Croydon 028D","E01001172","Total",654,57,134,395,68,328,24,34,213,57,326,33,100,182,11
"2011","Croydon 028E","E01001173","Total",1276,105,215,808,148,673,26,77,458,112,603,79,138,350,36
"2011","Croydon 029A","E01001036","Total",737,84,108,422,123,396,29,29,244,94,341,55,79,178,29
"2011","Croydon 029B","E01001037","Total",773,42,124,522,85,363,16,26,275,46,410,26,98,247,39
"2011","Croydon 029C","E01001038","Total",1120,42,119,806,153,614,12,45,450,107,506,30,74,356,46
"2011","Croydon 029D","E01001039","Total",769,67,113,475,114,419,22,31,276,90,350,45,82,199,24
"2011","Croydon 029E","E01001040","Total",960,52,143,643,122,523,20,43,375,85,437,32,100,268,37
"2011","Croydon 030A","E01001051","Total",545,51,157,291,46,274,20,45,169,40,271,31,112,122,6
"2011","Croydon 030B","E01001052","Total",494,40,146,268,40,235,9,41,149,36,259,31,105,119,4
"2011","Croydon 030C","E01001054","Total",646,61,148,380,57,336,23,39,223,51,310,38,109,157,6
"2011","Croydon 030D","E01001056","Total",558,65,155,295,43,254,19,36,167,32,304,46,119,128,11
"2011","Croydon 030E","E01001057","Total",516,54,157,265,40,215,11,39,137,28,301,43,118,128,12
"2011","Croydon 031A","E01001033","Total",831,51,114,545,121,434,18,29,308,79,397,33,85,237,42
"2011","Croydon 031B","E01001034","Total",887,60,117,586,124,463,20,40,328,75,424,40,77,258,49
"2011","Croydon 031C","E01001041","Total",864,67,131,537,129,451,20,36,305,90,413,47,95,232,39
"2011","Croydon 031D","E01001095","Total",812,52,139,512,109,438,20,46,292,80,374,32,93,220,29
"2011","Croydon 031E","E01001100","Total",794,55,118,515,106,420,19,27,301,73,374,36,91,214,33
"2011","Croydon 032A","E01001053","Total",633,41,140,398,54,320,10,28,234,48,313,31,112,164,6
"2011","Croydon 032B","E01001055","Total",631,55,126,387,63,319,19,28,225,47,312,36,98,162,16
"2011","Croydon 032C","E01001077","Total",718,72,137,423,86,367,18,30,248,71,351,54,107,175,15
"2011","Croydon 032D","E01001078","Total",594,68,135,347,44,301,24,29,210,38,293,44,106,137,6
"2011","Croydon 032E","E01001082","Total",674,62,152,402,58,327,14,35,228,50,347,48,117,174,8
"2011","Croydon 033A","E01001120","Total",685,74,117,414,80,352,20,32,241,59,333,54,85,173,21
"2011","Croydon 033B","E01001122","Total",824,83,122,460,159,459,27,34,278,120,365,56,88,182,39
"2011","Croydon 033C","E01001123","Total",708,73,126,414,95,359,24,28,234,73,349,49,98,180,22
"2011","Croydon 033D","E01001124","Total",772,108,156,404,104,408,35,42,252,79,364,73,114,152,25
"2011","Croydon 033E","E01001125","Total",837,77,156,490,114,454,24,45,295,90,383,53,111,195,24
"2011","Croydon 034A","E01001058","Total",660,64,127,382,87,305,16,19,205,65,355,48,108,177,22
"2011","Croydon 034B","E01001059","Total",770,47,136,505,82,393,15,40,279,59,377,32,96,226,23
"2011","Croydon 034C","E01001060","Total",834,67,138,526,103,410,18,28,287,77,424,49,110,239,26
"2011","Croydon 034D","E01001061","Total",776,53,134,511,78,396,22,36,274,64,380,31,98,237,14
"2011","Croydon 034E","E01001065","Total",737,53,113,476,95,389,12,30,277,70,348,41,83,199,25
"2011","Croydon 034F","E01001066","Total",525,46,126,299,54,246,8,39,159,40,279,38,87,140,14
"2011","Croydon 034G","E01001119","Total",831,84,161,499,87,415,25,36,285,69,416,59,125,214,18
"2011","Croydon 034H","E01001126","Total",733,71,120,451,91,375,14,26,264,71,358,57,94,187,20
"2011","Croydon 035A","E01001032","Total",658,84,123,336,115,350,27,24,206,93,308,57,99,130,22
"2011","Croydon 035B","E01001101","Total",720,86,131,390,113,374,16,29,236,93,346,70,102,154,20
"2011","Croydon 035C","E01001102","Total",657,64,113,361,119,346,13,21,220,92,311,51,92,141,27
"2011","Croydon 035D","E01001107","Total",804,72,119,466,147,443,19,33,280,111,361,53,86,186,36
"2011","Croydon 035E","E01001108","Total",837,90,154,432,161,432,24,38,243,127,405,66,116,189,34
"2011","Croydon 036A","E01001076","Total",642,54,151,366,71,331,13,39,218,61,311,41,112,148,10
"2011","Croydon 036B","E01001079","Total",668,63,149,405,51,325,22,31,230,42,343,41,118,175,9
"2011","Croydon 036C","E01001080","Total",536,70,134,297,35,263,21,40,175,27,273,49,94,122,8
"2011","Croydon 036D","E01001081","Total",546,63,106,323,54,287,13,27,201,46,259,50,79,122,8
"2011","Croydon 037A","E01001073","Total",771,46,120,496,109,402,12,35,274,81,369,34,85,222,28
"2011","Croydon 037B","E01001092","Total",736,62,111,438,125,411,24,30,254,103,325,38,81,184,22
"2011","Croydon 037C","E01001093","Total",854,60,153,541,100,448,22,40,317,69,406,38,113,224,31
"2011","Croydon 037D","E01001096","Total",771,74,143,423,131,409,18,38,254,99,362,56,105,169,32
"2011","Croydon 037E","E01001097","Total",1144,79,136,769,160,626,26,42,445,113,518,53,94,324,47
"2011","Croydon 037F","E01001098","Total",735,83,115,418,119,393,21,34,247,91,342,62,81,171,28
"2011","Croydon 038A","E01001028","Total",786,104,118,395,169,411,29,35,220,127,375,75,83,175,42
"2011","Croydon 038B","E01001029","Total",795,85,136,409,165,424,28,34,232,130,371,57,102,177,35
"2011","Croydon 038C","E01001030","Total",701,88,121,365,127,370,21,31,219,99,331,67,90,146,28
"2011","Croydon 038D","E01001031","Total",755,77,130,426,122,397,24,30,249,94,358,53,100,177,28
"2011","Croydon 038E","E01001094","Total",730,89,117,351,173,410,33,32,211,134,320,56,85,140,39
"2011","Croydon 039A","E01001103","Total",741,95,149,387,110,399,30,30,257,82,342,65,119,130,28
"2011","Croydon 039B","E01001105","Total",800,79,166,474,81,405,27,41,273,64,395,52,125,201,17
"2011","Croydon 039C","E01001106","Total",714,62,122,445,85,381,23,25,267,66,333,39,97,178,19
"2011","Croydon 039D","E01001121","Total",685,90,125,357,113,349,25,28,209,87,336,65,97,148,26
"2011","Croydon 040A","E01001069","Total",667,59,121,393,94,352,18,31,229,74,315,41,90,164,20
"2011","Croydon 040B","E01001070","Total",754,61,141,451,101,390,21,34,259,76,364,40,107,192,25
"2011","Croydon 040C","E01001075","Total",781,63,119,504,95,411,22,21,295,73,370,41,98,209,22
"2011","Croydon 040D","E01001099","Total",732,81,116,429,106,375,31,26,238,80,357,50,90,191,26
"2011","Croydon 041A","E01001015","Total",667,61,96,417,93,312,11,16,212,73,355,50,80,205,20
"2011","Croydon 041B","E01001016","Total",807,82,134,498,93,424,19,29,305,71,383,63,105,193,22
"2011","Croydon 041C","E01001023","Total",671,43,124,424,80,352,14,32,244,62,319,29,92,180,18
"2011","Croydon 041D","E01001067","Total",829,73,152,464,140,467,28,48,282,109,362,45,104,182,31
"2011","Croydon 041E","E01001074","Total",1000,67,152,631,150,512,19,40,354,99,488,48,112,277,51
"2011","Croydon 042A","E01001068","Total",956,86,150,571,149,502,22,33,330,117,454,64,117,241,32
"2011","Croydon 042B","E01001071","Total",1019,109,206,582,122,523,27,41,361,94,496,82,165,221,28
"2011","Croydon 042C","E01001072","Total",663,69,122,326,146,356,15,37,189,115,307,54,85,137,31
"2011","Croydon 042D","E01001104","Total",876,75,160,498,143,453,25,35,287,106,423,50,125,211,37
"2011","Croydon 043A","E01001017","Total",820,76,140,463,141,427,33,27,273,94,393,43,113,190,47
"2011","Croydon 043B","E01001024","Total",737,71,157,421,88,381,17,30,263,71,356,54,127,158,17
"2011","Croydon 043C","E01001025","Total",659,68,113,398,80,340,14,20,243,63,319,54,93,155,17
"2011","Croydon 043D","E01001026","Total",894,97,170,513,114,440,23,34,296,87,454,74,136,217,27
"2011","Croydon 043E","E01001027","Total",811,88,132,469,122,412,20,25,281,86,399,68,107,188,36
"2011","Croydon 044A","E01001018","Total",799,67,145,481,106,410,20,32,276,82,389,47,113,205,24
"2011","Croydon 044B","E01001019","Total",728,75,144,408,101,376,20,24,254,78,352,55,120,154,23
"2011","Croydon 044C","E01001020","Total",791,61,150,476,104,396,15,27,274,80,395,46,123,202,24
"2011","Croydon 044D","E01001021","Total",497,52,119,267,59,249,17,29,157,46,248,35,90,110,13
"2011","Croydon 044E","E01001022","Total",635,66,120,364,85,329,24,28,214,63,306,42,92,150,22
"2011","Croydon 045A","E01000990","Total",567,56,115,343,53,282,18,34,196,34,285,38,81,147,19
"2011","Croydon 045B","E01001189","Total",605,51,118,386,50,276,13,36,193,34,329,38,82,193,16
"2011","Croydon 045C","E01001190","Total",778,70,174,468,66,345,23,49,224,49,433,47,125,244,17
"2011","Croydon 045D","E01001194","Total",811,50,142,541,78,388,12,38,283,55,423,38,104,258,23
"2011","Croydon 045E","E01032569","Total",666,79,150,390,47,312,28,48,209,27,354,51,102,181,20
"2011","Ealing 001A","E01001269","Total",1068,97,221,617,133,591,37,93,359,102,477,60,128,258,31
"2011","Ealing 001B","E01001271","Total",913,92,177,562,82,517,41,76,336,64,396,51,101,226,18
"2011","Ealing 001C","E01001309","Total",929,65,178,566,120,526,18,78,335,95,403,47,100,231,25
"2011","Ealing 001D","E01001310","Total",886,70,144,585,87,496,20,55,355,66,390,50,89,230,21
"2011","Ealing 001E","E01001311","Total",904,69,148,584,103,512,25,58,343,86,392,44,90,241,17
"2011","Ealing 002A","E01001307","Total",983,81,153,635,114,557,34,56,379,88,426,47,97,256,26
"2011","Ealing 002B","E01001308","Total",1040,78,165,687,110,559,21,61,394,83,481,57,104,293,27
"2011","Ealing 002C","E01001312","Total",948,83,197,565,103,542,33,85,345,79,406,50,112,220,24
"2011","Ealing 002D","E01001313","Total",880,77,157,565,81,503,28,61,356,58,377,49,96,209,23
"2011","Ealing 002E","E01001314","Total",857,75,167,516,99,475,32,70,297,76,382,43,97,219,23
"2011","Ealing 003A","E01001315","Total",732,50,129,486,67,390,16,49,276,49,342,34,80,210,18
"2011","Ealing 003B","E01001316","Total",665,63,117,413,72,357,28,50,232,47,308,35,67,181,25
"2011","Ealing 003C","E01001317","Total",815,69,156,493,97,434,19,64,280,71,381,50,92,213,26
"2011","Ealing 003D","E01001318","Total",733,47,136,487,63,406,14,56,282,54,327,33,80,205,9
"2011","Ealing 003E","E01001320","Total",568,35,146,327,60,274,13,49,170,42,294,22,97,157,18
"2011","Ealing 003F","E01001321","Total",899,73,186,545,95,495,33,75,314,73,404,40,111,231,22
"2011","Ealing 004A","E01001270","Total",869,77,145,579,68,471,23,58,341,49,398,54,87,238,19
"2011","Ealing 004B","E01001319","Total",714,48,138,465,63,388,20,56,262,50,326,28,82,203,13
"2011","Ealing 004C","E01001322","Total",869,70,146,557,96,483,29,52,327,75,386,41,94,230,21
"2011","Ealing 004D","E01001323","Total",880,79,180,523,98,512,49,95,295,73,368,30,85,228,25
"2011","Ealing 005A","E01001341","Total",862,60,178,531,93,509,16,75,342,76,353,44,103,189,17
"2011","Ealing 005B","E01001342","Total",931,62,158,610,101,549,18,67,383,81,382,44,91,227,20
"2011","Ealing 005C","E01001343","Total",771,63,135,488,85,440,21,48,300,71,331,42,87,188,14
"2011","Ealing 005D","E01001345","Total",749,48,161,461,79,454,18,78,295,63,295,30,83,166,16
"2011","Ealing 006A","E01001265","Total",886,72,159,557,98,487,29,55,326,77,399,43,104,231,21
"2011","Ealing 006B","E01001266","Total",909,78,158,587,86,531,36,65,364,66,378,42,93,223,20
"2011","Ealing 006C","E01001267","Total",847,70,139,549,89,434,22,50,291,71,413,48,89,258,18
"2011","Ealing 006D","E01001272","Total",849,67,137,541,104,488,32,44,322,90,361,35,93,219,14
"2011","Ealing 006E","E01001349","Total",668,72,106,416,74,368,22,42,246,58,300,50,64,170,16
"2011","Ealing 007A","E01001344","Total",1124,95,183,678,168,614,36,76,385,117,510,59,107,293,51
"2011","Ealing 007B","E01001346","Total",938,75,181,558,124,531,34,57,341,99,407,41,124,217,25
"2011","Ealing 007C","E01001347","Total",846,62,150,509,125,493,19,52,320,102,353,43,98,189,23
"2011","Ealing 007D","E01001348","Total",824,60,132,539,93,473,23,43,328,79,351,37,89,211,14
"2011","Ealing 008A","E01001257","Total",642,62,148,369,63,353,27,67,218,41,289,35,81,151,22
"2011","Ealing 008B","E01001324","Total",733,55,138,470,70,417,23,63,275,56,316,32,75,195,14
"2011","Ealing 008C","E01001326","Total",689,59,118,445,67,356,23,44,240,49,333,36,74,205,18
"2011","Ealing 008D","E01001330","Total",649,53,139,396,61,374,24,57,243,50,275,29,82,153,11
"2011","Ealing 008E","E01001332","Total",621,57,123,385,56,312,21,46,209,36,309,36,77,176,20
"2011","Ealing 009A","E01001325","Total",713,70,140,436,67,377,26,51,256,44,336,44,89,180,23
"2011","Ealing 009B","E01001327","Total",754,79,137,464,74,435,28,56,294,57,319,51,81,170,17
"2011","Ealing 009C","E01001328","Total",674,75,150,386,63,343,25,52,214,52,331,50,98,172,11
"2011","Ealing 009D","E01001329","Total",751,68,168,437,78,386,26,48,246,66,365,42,120,191,12
"2011","Ealing 009E","E01001331","Total",604,57,131,365,51,321,22,51,212,36,283,35,80,153,15
"2011","Ealing 010B","E01001258","Total",820,75,144,515,86,425,27,49,278,71,395,48,95,237,15
"2011","Ealing 010C","E01001262","Total",669,57,134,401,77,345,22,44,220,59,324,35,90,181,18
"2011","Ealing 010D","E01001263","Total",711,64,131,441,75,390,26,53,256,55,321,38,78,185,20
"2011","Ealing 010E","E01001264","Total",702,64,146,417,75,354,24,52,215,63,348,40,94,202,12
"2011","Ealing 010F","E01032743","Total",940,73,168,588,111,503,27,65,328,83,437,46,103,260,28
"2011","Ealing 010G","E01032744","Total",608,53,115,385,55,352,25,55,231,41,256,28,60,154,14
"2011","Ealing 011A","E01001276","Total",962,84,145,593,140,541,28,63,339,111,421,56,82,254,29
"2011","Ealing 011B","E01001277","Total",1006,64,163,639,140,567,25,70,366,106,439,39,93,273,34
"2011","Ealing 011C","E01001278","Total",955,84,145,598,128,528,29,48,351,100,427,55,97,247,28
"2011","Ealing 011D","E01001280","Total",895,78,121,533,163,474,27,46,298,103,421,51,75,235,60
"2011","Ealing 012A","E01001218","Total",790,72,167,469,82,433,28,67,275,63,357,44,100,194,19
"2011","Ealing 012B","E01001260","Total",936,101,196,543,96,513,40,70,330,73,423,61,126,213,23
"2011","Ealing 012C","E01001261","Total",1087,131,230,619,107,594,53,89,367,85,493,78,141,252,22
"2011","Ealing 012D","E01001268","Total",828,69,142,509,108,464,25,46,305,88,364,44,96,204,20
"2011","Ealing 013A","E01001209","Total",890,76,144,498,172,466,26,40,281,119,424,50,104,217,53
"2011","Ealing 013B","E01001211","Total",874,60,112,518,184,447,18,27,264,138,427,42,85,254,46
"2011","Ealing 013C","E01001279","Total",722,65,112,402,143,393,21,22,243,107,329,44,90,159,36
"2011","Ealing 013D","E01001281","Total",801,47,141,462,151,399,9,35,249,106,402,38,106,213,45
"2011","Ealing 014A","E01001217","Total",743,58,143,463,79,421,24,44,284,69,322,34,99,179,10
"2011","Ealing 014B","E01001259","Total",729,71,141,442,75,406,20,55,274,57,323,51,86,168,18
"2011","Ealing 014C","E01001291","Total",759,64,152,481,62,415,24,66,277,48,344,40,86,204,14
"2011","Ealing 014D","E01001292","Total",851,79,163,543,66,468,26,65,323,54,383,53,98,220,12
"2011","Ealing 014E","E01001293","Total",757,95,156,449,57,436,42,66,282,46,321,53,90,167,11
"2011","Ealing 015A","E01001196","Total",731,75,145,420,91,379,32,58,224,65,352,43,87,196,26
"2011","Ealing 015B","E01001238","Total",1621,105,192,1124,200,993,58,84,701,150,628,47,108,423,50
"2011","Ealing 015C","E01001239","Total",751,66,120,490,75,425,21,46,297,61,326,45,74,193,14
"2011","Ealing 015D","E01001246","Total",677,53,137,387,100,345,20,46,211,68,332,33,91,176,32
"2011","Ealing 015E","E01001247","Total",1126,71,173,721,161,721,37,76,478,130,405,34,97,243,31
"2011","Ealing 016A","E01001210","Total",599,72,132,320,75,317,36,46,173,62,282,36,86,147,13
"2011","Ealing 016B","E01001282","Total",641,80,117,383,61,314,18,37,211,48,327,62,80,172,13
"2011","Ealing 016C","E01001283","Total",650,66,131,376,77,347,24,56,212,55,303,42,75,164,22
"2011","Ealing 016D","E01001285","Total",798,78,159,462,99,415,29,50,259,77,383,49,109,203,22
"2011","Ealing 016E","E01001286","Total",769,68,164,454,83,379,20,42,258,59,390,48,122,196,24
"2011","Ealing 016F","E01001287","Total",590,72,136,326,56,294,26,44,185,39,296,46,92,141,17
"2011","Ealing 017A","E01001294","Total",912,72,175,595,70,507,35,79,332,61,405,37,96,263,9
"2011","Ealing 017B","E01001295","Total",898,87,181,555,75,511,28,79,338,66,387,59,102,217,9
"2011","Ealing 017C","E01001296","Total",684,68,120,435,61,391,28,59,260,44,293,40,61,175,17
"2011","Ealing 017D","E01001297","Total",843,75,161,542,65,492,24,79,337,52,351,51,82,205,13
"2011","Ealing 017E","E01001298","Total",787,85,135,497,70,460,54,67,288,51,327,31,68,209,19
"2011","Ealing 018A","E01001204","Total",796,56,128,478,134,427,19,47,269,92,369,37,81,209,42
"2011","Ealing 018B","E01001205","Total",703,54,124,431,94,360,20,41,233,66,343,34,83,198,28
"2011","Ealing 018C","E01001206","Total",559,61,121,320,57,284,24,48,170,42,275,37,73,150,15
"2011","Ealing 018D","E01001207","Total",960,64,133,599,164,515,22,47,323,123,445,42,86,276,41
"2011","Ealing 018E","E01001208","Total",631,54,117,348,112,313,14,30,192,77,318,40,87,156,35
"2011","Ealing 018F","E01001212","Total",793,63,115,474,141,423,23,45,258,97,370,40,70,216,44
"2011","Ealing 019A","E01001222","Total",1442,73,175,945,249,825,32,72,548,173,617,41,103,397,76
"2011","Ealing 019B","E01001224","Total",831,98,112,451,170,440,32,41,237,130,391,66,71,214,40
"2011","Ealing 019C","E01001226","Total",845,46,78,572,149,457,15,33,317,92,388,31,45,255,57
"2011","Ealing 019D","E01001227","Total",800,69,89,447,195,444,29,24,245,146,356,40,65,202,49
"2011","Ealing 019E","E01001228","Total",995,51,125,625,194,544,16,47,348,133,451,35,78,277,61
"2011","Ealing 020A","E01001221","Total",1278,72,118,853,235,632,27,53,413,139,646,45,65,440,96
"2011","Ealing 020B","E01001223","Total",794,47,104,456,187,451,28,34,254,135,343,19,70,202,52
"2011","Ealing 020C","E01001225","Total",958,62,122,596,178,490,24,47,298,121,468,38,75,298,57
"2011","Ealing 020D","E01001235","Total",1036,55,83,694,204,581,27,26,394,134,455,28,57,300,70
"2011","Ealing 020E","E01001236","Total",901,62,103,589,147,489,20,32,335,102,412,42,71,254,45
"2011","Ealing 020F","E01001273","Total",802,58,121,448,175,452,22,46,259,125,350,36,75,189,50
"2011","Ealing 020G","E01001274","Total",689,62,75,407,145,417,28,31,252,106,272,34,44,155,39
"2011","Ealing 020H","E01001275","Total",1058,67,88,711,192,576,18,33,393,132,482,49,55,318,60
"2011","Ealing 021A","E01001195","Total",810,63,141,477,129,466,25,68,270,103,344,38,73,207,26
"2011","Ealing 021B","E01001197","Total",771,58,111,465,137,432,17,51,263,101,339,41,60,202,36
"2011","Ealing 021C","E01001198","Total",796,57,132,469,138,417,20,46,252,99,379,37,86,217,39
"2011","Ealing 021D","E01001199","Total",896,67,153,554,122,475,28,63,293,91,421,39,90,261,31
"2011","Ealing 022A","E01001284","Total",821,84,140,498,99,412,26,34,288,64,409,58,106,210,35
"2011","Ealing 022B","E01001288","Total",774,56,137,482,99,392,17,38,258,79,382,39,99,224,20
"2011","Ealing 022C","E01001289","Total",716,57,129,418,112,367,10,38,238,81,349,47,91,180,31
"2011","Ealing 022D","E01001290","Total",1043,87,163,640,153,535,26,50,355,104,508,61,113,285,49
"2011","Ealing 023A","E01001213","Total",785,96,151,474,64,477,49,71,305,52,308,47,80,169,12
"2011","Ealing 023B","E01001214","Total",829,92,142,506,89,468,39,80,281,68,361,53,62,225,21
"2011","Ealing 023C","E01001215","Total",709,78,126,459,46,421,36,64,283,38,288,42,62,176,8
"2011","Ealing 023D","E01001216","Total",690,75,110,448,57,393,34,47,272,40,297,41,63,176,17
"2011","Ealing 023E","E01001361","Total",720,94,138,424,64,442,50,72,268,52,278,44,66,156,12
"2011","Ealing 024A","E01001240","Total",766,76,132,476,82,407,38,59,253,57,359,38,73,223,25
"2011","Ealing 024B","E01001241","Total",752,72,106,473,101,432,34,42,279,77,320,38,64,194,24
"2011","Ealing 024C","E01001242","Total",601,67,106,313,115,328,27,40,181,80,273,40,66,132,35
"2011","Ealing 024D","E01001243","Total",784,59,140,483,102,408,20,57,258,73,376,39,83,225,29
"2011","Ealing 024E","E01001244","Total",1228,91,187,748,202,620,42,72,381,125,608,49,115,367,77
"2011","Ealing 024F","E01001245","Total",1130,58,150,745,177,582,20,67,386,109,548,38,83,359,68
"2011","Ealing 025A","E01001200","Total",875,43,150,540,142,465,13,56,298,98,410,30,94,242,44
"2011","Ealing 025B","E01001201","Total",891,68,122,546,155,456,23,41,283,109,435,45,81,263,46
"2011","Ealing 025C","E01001202","Total",997,74,179,598,146,554,27,76,338,113,443,47,103,260,33
"2011","Ealing 025D","E01001203","Total",959,69,172,586,132,515,33,77,309,96,444,36,95,277,36
"2011","Ealing 025E","E01001351","Total",979,83,142,609,145,520,30,55,330,105,459,53,87,279,40
"2011","Ealing 026A","E01001359","Total",900,113,179,556,52,579,60,107,372,40,321,53,72,184,12
"2011","Ealing 026B","E01001360","Total",809,73,146,525,65,478,27,74,327,50,331,46,72,198,15
"2011","Ealing 026C","E01001362","Total",869,102,179,542,46,556,59,101,355,41,313,43,78,187,5
"2011","Ealing 026D","E01001363","Total",674,78,128,419,49,420,34,77,268,41,254,44,51,151,8
"2011","Ealing 026E","E01001364","Total",608,73,134,349,52,371,27,83,219,42,237,46,51,130,10
"2011","Ealing 026F","E01001365","Total",933,89,180,582,82,605,41,107,384,73,328,48,73,198,9
"2011","Ealing 027A","E01001231","Total",981,68,121,601,191,520,24,47,321,128,461,44,74,280,63
"2011","Ealing 027B","E01001234","Total",861,51,109,554,147,482,25,52,305,100,379,26,57,249,47
"2011","Ealing 027C","E01001350","Total",781,59,91,472,159,419,21,28,250,120,362,38,63,222,39
"2011","Ealing 027D","E01001352","Total",859,67,104,508,180,464,27,34,273,130,395,40,70,235,50
"2011","Ealing 027E","E01001354","Total",1012,79,141,610,182,548,17,57,343,131,464,62,84,267,51
"2011","Ealing 028A","E01001249","Total",1151,66,204,720,161,613,20,80,402,111,538,46,124,318,50
"2011","Ealing 028B","E01001250","Total",1056,67,173,692,124,541,23,64,375,79,515,44,109,317,45
"2011","Ealing 028C","E01001255","Total",842,64,127,515,136,430,20,31,290,89,412,44,96,225,47
"2011","Ealing 028D","E01001383","Total",1038,61,152,664,161,550,21,56,364,109,488,40,96,300,52
"2011","Ealing 028E","E01001388","Total",800,75,123,493,109,416,21,43,278,74,384,54,80,215,35
"2011","Ealing 028F","E01001389","Total",991,80,139,620,152,527,37,51,339,100,464,43,88,281,52
"2011","Ealing 029A","E01001219","Total",689,85,172,382,50,373,27,84,222,40,316,58,88,160,10
"2011","Ealing 029B","E01001220","Total",482,40,129,275,38,258,15,56,159,28,224,25,73,116,10
"2011","Ealing 029C","E01001334","Total",563,73,134,308,48,312,37,62,179,34,251,36,72,129,14
"2011","Ealing 029D","E01001337","Total",677,78,113,415,71,345,26,45,218,56,332,52,68,197,15
"2011","Ealing 029E","E01001338","Total",763,89,136,478,60,441,40,62,293,46,322,49,74,185,14
"2011","Ealing 029F","E01001339","Total",663,65,142,399,57,344,24,64,215,41,319,41,78,184,16
"2011","Ealing 029G","E01001340","Total",743,63,111,494,75,398,26,43,287,42,345,37,68,207,33
"2011","Ealing 030A","E01001251","Total",922,74,144,579,125,469,27,41,322,79,453,47,103,257,46
"2011","Ealing 030B","E01001252","Total",1038,61,189,648,140,551,17,68,372,94,487,44,121,276,46
"2011","Ealing 030C","E01001253","Total",896,65,140,557,134,452,15,49,301,87,444,50,91,256,47
"2011","Ealing 030D","E01001254","Total",915,62,138,599,116,449,17,33,320,79,466,45,105,279,37
"2011","Ealing 031A","E01001229","Total",727,51,132,441,103,357,11,39,240,67,370,40,93,201,36
"2011","Ealing 031B","E01001230","Total",857,66,115,503,173,438,22,44,264,108,419,44,71,239,65
"2011","Ealing 031C","E01001232","Total",778,68,127,470,113,407,32,42,262,71,371,36,85,208,42
"2011","Ealing 031D","E01001233","Total",778,55,86,507,130,418,17,27,283,91,360,38,59,224,39
"2011","Ealing 031E","E01001237","Total",940,56,99,585,200,540,19,33,337,151,400,37,66,248,49
"2011","Ealing 031F","E01001386","Total",984,62,117,584,221,508,16,26,313,153,476,46,91,271,68
"2011","Ealing 032A","E01001303","Total",964,53,163,572,176,501,18,48,311,124,463,35,115,261,52
"2011","Ealing 032B","E01001382","Total",803,69,122,473,139,429,24,33,264,108,374,45,89,209,31
"2011","Ealing 032C","E01001384","Total",1037,62,128,662,185,526,18,42,348,118,511,44,86,314,67
"2011","Ealing 032D","E01001385","Total",958,72,124,609,153,479,23,27,323,106,479,49,97,286,47
"2011","Ealing 032E","E01001387","Total",913,58,109,565,181,488,27,45,295,121,425,31,64,270,60
"2011","Ealing 033A","E01001353","Total",884,63,134,548,139,459,25,61,297,76,425,38,73,251,63
"2011","Ealing 033B","E01001355","Total",871,68,122,548,133,442,23,56,278,85,429,45,66,270,48
"2011","Ealing 033C","E01001356","Total",677,75,156,378,68,365,34,68,210,53,312,41,88,168,15
"2011","Ealing 033D","E01001357","Total",491,42,88,309,52,257,18,35,168,36,234,24,53,141,16
"2011","Ealing 033E","E01001358","Total",535,64,134,288,49,278,19,62,165,32,257,45,72,123,17
"2011","Ealing 034A","E01001375","Total",975,68,109,528,270,489,16,32,260,181,486,52,77,268,89
"2011","Ealing 034B","E01001377","Total",891,69,122,441,259,479,22,40,236,181,412,47,82,205,78
"2011","Ealing 034C","E01001379","Total",958,56,120,512,270,493,13,32,268,180,465,43,88,244,90
"2011","Ealing 034D","E01001381","Total",978,75,159,578,166,546,27,64,337,118,432,48,95,241,48
"2011","Ealing 035A","E01001248","Total",806,74,137,477,118,418,27,41,265,85,388,47,96,212,33
"2011","Ealing 035B","E01001299","Total",926,96,164,515,151,470,33,49,287,101,456,63,115,228,50
"2011","Ealing 035C","E01001305","Total",962,81,176,558,147,497,19,45,338,95,465,62,131,220,52
"2011","Ealing 035D","E01001306","Total",929,73,129,582,145,471,30,37,304,100,458,43,92,278,45
"2011","Ealing 037A","E01001366","Total",805,80,161,485,79,491,37,93,291,70,314,43,68,194,9
"2011","Ealing 037B","E01001367","Total",738,86,175,430,47,507,51,118,299,39,231,35,57,131,8
"2011","Ealing 037C","E01001368","Total",705,69,143,431,62,430,28,81,270,51,275,41,62,161,11
"2011","Ealing 037D","E01001370","Total",816,87,142,500,87,490,44,72,304,70,326,43,70,196,17
"2011","Ealing 037E","E01001371","Total",843,77,177,516,73,506,32,89,324,61,337,45,88,192,12
"2011","Ealing 037F","E01001372","Total",762,82,150,471,59,477,41,73,310,53,285,41,77,161,6
"2011","Ealing 037G","E01001373","Total",655,64,129,411,51,402,32,64,269,37,253,32,65,142,14
"2011","Ealing 038A","E01001333","Total",742,85,147,454,56,491,46,86,319,40,251,39,61,135,16
"2011","Ealing 038B","E01001335","Total",823,69,139,515,100,429,22,49,277,81,394,47,90,238,19
"2011","Ealing 038C","E01001336","Total",673,62,126,414,71,372,19,63,238,52,301,43,63,176,19
"2011","Ealing 038D","E01001369","Total",805,64,162,519,60,472,34,83,315,40,333,30,79,204,20
"2011","Ealing 039A","E01001300","Total",973,65,142,585,181,500,19,36,321,124,473,46,106,264,57
"2011","Ealing 039B","E01001301","Total",969,62,113,641,153,520,26,41,350,103,449,36,72,291,50
"2011","Ealing 039C","E01001302","Total",921,57,143,595,126,489,15,39,349,86,432,42,104,246,40
"2011","Ealing 039D","E01001304","Total",974,69,115,633,157,494,23,27,341,103,480,46,88,292,54
"2011","Ealing 040A","E01001374","Total",1050,60,132,602,256,525,16,43,306,160,525,44,89,296,96
"2011","Ealing 040B","E01001376","Total",888,54,114,555,165,450,14,35,295,106,438,40,79,260,59
"2011","Ealing 040C","E01001380","Total",1047,65,119,622,241,508,21,32,309,146,539,44,87,313,95
"2011","Ealing 040D","E01032572","Total",1002,47,99,621,235,533,26,27,319,161,469,21,72,302,74
"2011","Enfield 001A","E01001444","Total",770,74,173,442,81,394,32,66,240,56,376,42,107,202,25
"2011","Enfield 001B","E01001446","Total",786,57,143,516,70,419,18,58,292,51,367,39,85,224,19
"2011","Enfield 001C","E01001546","Total",772,74,158,475,65,408,33,53,275,47,364,41,105,200,18
"2011","Enfield 001D","E01001552","Total",829,73,169,484,103,422,26,60,264,72,407,47,109,220,31
"2011","Enfield 002A","E01001442","Total",544,49,147,309,39,284,15,53,187,29,260,34,94,122,10
"2011","Enfield 002B","E01001545","Total",637,82,140,368,47,324,30,50,205,39,313,52,90,163,8
"2011","Enfield 002C","E01001547","Total",732,65,167,427,73,383,26,58,242,57,349,39,109,185,16
"2011","Enfield 002D","E01001548","Total",727,65,155,439,68,394,25,73,249,47,333,40,82,190,21
"2011","Enfield 002E","E01001551","Total",613,64,138,356,55,318,29,56,192,41,295,35,82,164,14
"2011","Enfield 003B","E01001445","Total",1026,79,194,622,131,545,32,78,333,102,481,47,116,289,29
"2011","Enfield 003C","E01001447","Total",723,77,165,433,48,376,23,81,237,35,347,54,84,196,13
"2011","Enfield 003D","E01001448","Total",736,75,137,450,74,387,26,57,242,62,349,49,80,208,12
"2011","Enfield 003E","E01001449","Total",653,57,129,378,89,349,27,51,212,59,304,30,78,166,30
"2011","Enfield 003F","E01033148","Total",734,61,150,441,82,375,23,58,234,60,359,38,92,207,22
"2011","Enfield 003G","E01033150","Total",733,55,140,443,95,382,21,56,242,63,351,34,84,201,32
"2011","Enfield 004A","E01001408","Total",895,61,165,552,117,437,21,43,296,77,458,40,122,256,40
"2011","Enfield 004B","E01001411","Total",933,80,179,575,99,455,31,40,310,74,478,49,139,265,25
"2011","Enfield 004C","E01001412","Total",854,96,177,445,136,457,32,57,270,98,397,64,120,175,38
"2011","Enfield 004D","E01001413","Total",836,85,156,469,126,411,17,43,261,90,425,68,113,208,36
"2011","Enfield 004E","E01001414","Total",575,70,116,347,42,290,35,38,185,32,285,35,78,162,10
"2011","Enfield 005A","E01001407","Total",790,62,142,486,100,404,21,45,265,73,386,41,97,221,27
"2011","Enfield 005B","E01001409","Total",816,63,170,492,91,420,20,54,283,63,396,43,116,209,28
"2011","Enfield 005C","E01001410","Total",678,66,143,413,56,333,29,39,226,39,345,37,104,187,17
"2011","Enfield 005D","E01001516","Total",748,77,152,441,78,390,28,63,245,54,358,49,89,196,24
"2011","Enfield 005E","E01001537","Total",888,65,180,529,114,438,26,54,280,78,450,39,126,249,36
"2011","Enfield 006A","E01001439","Total",725,66,205,368,86,388,24,87,210,67,337,42,118,158,19
"2011","Enfield 006B","E01001441","Total",609,66,131,356,56,327,33,55,197,42,282,33,76,159,14
"2011","Enfield 006C","E01001517","Total",620,73,165,341,41,319,29,78,180,32,301,44,87,161,9
"2011","Enfield 006D","E01001549","Total",684,65,194,376,49,370,33,78,219,40,314,32,116,157,9
"2011","Enfield 006E","E01001550","Total",628,60,140,364,64,326,25,49,202,50,302,35,91,162,14
"2011","Enfield 007A","E01001433","Total",670,62,150,396,62,353,22,50,232,49,317,40,100,164,13
"2011","Enfield 007B","E01001434","Total",688,70,159,384,75,382,25,62,227,68,306,45,97,157,7
"2011","Enfield 007C","E01001435","Total",631,57,124,390,60,333,23,44,215,51,298,34,80,175,9
"2011","Enfield 007D","E01001436","Total",768,66,164,475,63,419,25,72,275,47,349,41,92,200,16
"2011","Enfield 007E","E01001438","Total",654,68,143,378,65,339,28,66,194,51,315,40,77,184,14
"2011","Enfield 008A","E01001469","Total",780,66,135,494,85,406,20,41,284,61,374,46,94,210,24
"2011","Enfield 008B","E01001536","Total",900,64,126,569,141,465,23,28,315,99,435,41,98,254,42
"2011","Enfield 008C","E01001540","Total",967,53,154,641,119,497,19,44,357,77,470,34,110,284,42
"2011","Enfield 008D","E01001541","Total",841,57,140,523,121,426,21,28,289,88,415,36,112,234,33
"2011","Enfield 008E","E01001542","Total",703,50,146,433,74,348,20,35,240,53,355,30,111,193,21
"2011","Enfield 009A","E01001538","Total",860,76,167,512,105,446,15,47,306,78,414,61,120,206,27
"2011","Enfield 009B","E01001539","Total",852,93,171,478,110,432,25,39,280,88,420,68,132,198,22
"2011","Enfield 009C","E01001543","Total",807,85,142,481,99,410,24,30,277,79,397,61,112,204,20
"2011","Enfield 009D","E01001544","Total",753,76,147,442,88,394,22,39,269,64,359,54,108,173,24
"2011","Enfield 010A","E01001457","Total",855,66,115,556,118,458,20,34,318,86,397,46,81,238,32
"2011","Enfield 010B","E01001468","Total",611,49,102,348,112,333,15,31,203,84,278,34,71,145,28
"2011","Enfield 010C","E01001471","Total",930,59,149,603,119,495,20,42,346,87,435,39,107,257,32
"2011","Enfield 010D","E01001472","Total",874,76,152,519,127,460,18,46,304,92,414,58,106,215,35
"2011","Enfield 010E","E01001474","Total",1011,85,139,618,169,537,27,36,349,125,474,58,103,269,44
"2011","Enfield 011A","E01001415","Total",703,69,144,386,104,394,23,48,235,88,309,46,96,151,16
"2011","Enfield 011B","E01001417","Total",808,103,161,348,196,442,22,62,203,155,366,81,99,145,41
"2011","Enfield 011C","E01001418","Total",735,90,133,398,114,395,32,47,234,82,340,58,86,164,32
"2011","Enfield 011D","E01001422","Total",760,101,117,342,200,445,27,39,216,163,315,74,78,126,37
"2011","Enfield 012A","E01001440","Total",644,67,132,387,58,341,20,47,227,47,303,47,85,160,11
"2011","Enfield 012B","E01001504","Total",588,55,162,313,58,316,20,83,175,38,272,35,79,138,20
"2011","Enfield 012C","E01001505","Total",691,79,190,365,57,355,33,75,211,36,336,46,115,154,21
"2011","Enfield 012D","E01001507","Total",756,80,188,409,79,433,41,99,230,63,323,39,89,179,16
"2011","Enfield 012E","E01001508","Total",800,108,185,438,69,428,48,92,233,55,372,60,93,205,14
"2011","Enfield 012F","E01001513","Total",695,63,139,424,69,344,19,49,229,47,351,44,90,195,22
"2011","Enfield 013A","E01001416","Total",875,106,164,477,128,455,33,39,282,101,420,73,125,195,27
"2011","Enfield 013B","E01001470","Total",733,80,150,390,113,373,19,30,238,86,360,61,120,152,27
"2011","Enfield 013C","E01001473","Total",661,99,150,344,68,336,39,38,208,51,325,60,112,136,17
"2011","Enfield 013D","E01001475","Total",784,85,142,458,99,423,28,35,288,72,361,57,107,170,27
"2011","Enfield 014A","E01001437","Total",868,75,213,481,99,460,41,93,248,78,408,34,120,233,21
"2011","Enfield 014B","E01001506","Total",597,57,144,346,50,334,25,82,187,40,263,32,62,159,10
"2011","Enfield 014C","E01001509","Total",701,75,186,378,62,380,41,82,205,52,321,34,104,173,10
"2011","Enfield 014D","E01001510","Total",458,59,165,209,25,254,31,82,121,20,204,28,83,88,5
"2011","Enfield 015A","E01001405","Total",810,68,111,477,154,451,23,42,278,108,359,45,69,199,46
"2011","Enfield 015B","E01001406","Total",778,75,163,444,96,394,27,49,242,76,384,48,114,202,20
"2011","Enfield 015C","E01001450","Total",940,74,150,572,144,527,30,53,340,104,413,44,97,232,40
"2011","Enfield 015D","E01001512","Total",897,67,163,580,87,463,23,50,335,55,434,44,113,245,32
"2011","Enfield 015E","E01001515","Total",739,76,157,446,60,387,39,64,237,47,352,37,93,209,13
"2011","Enfield 016A","E01001401","Total",649,57,116,407,69,339,18,32,237,52,310,39,84,170,17
"2011","Enfield 016B","E01001478","Total",679,67,151,393,68,357,20,46,240,51,322,47,105,153,17
"2011","Enfield 016C","E01001484","Total",566,66,126,330,44,300,26,53,190,31,266,40,73,140,13
"2011","Enfield 016D","E01001511","Total",814,78,157,493,86,401,18,51,269,63,413,60,106,224,23
"2011","Enfield 016E","E01001514","Total",885,73,182,531,99,431,23,54,284,70,454,50,128,247,29
"2011","Enfield 016F","E01001518","Total",907,74,161,580,92,464,27,47,328,62,443,47,114,252,30
"2011","Enfield 017A","E01001451","Total",787,73,133,451,130,434,24,36,276,98,353,49,97,175,32
"2011","Enfield 017B","E01001452","Total",685,92,121,335,137,374,29,40,205,100,311,63,81,130,37
"2011","Enfield 017C","E01001453","Total",789,83,148,420,138,416,23,34,248,111,373,60,114,172,27
"2011","Enfield 017D","E01001454","Total",760,84,137,379,160,413,27,46,224,116,347,57,91,155,44
"2011","Enfield 018A","E01001476","Total",697,69,161,412,55,383,32,68,241,42,314,37,93,171,13
"2011","Enfield 018B","E01001477","Total",673,83,164,377,49,366,36,74,214,42,307,47,90,163,7
"2011","Enfield 018C","E01001481","Total",688,75,155,412,46,352,35,59,225,33,336,40,96,187,13
"2011","Enfield 018D","E01001502","Total",710,108,170,389,43,385,51,77,221,36,325,57,93,168,7
"2011","Enfield 018E","E01001503","Total",749,80,168,438,63,385,27,72,237,49,364,53,96,201,14
"2011","Enfield 019A","E01001520","Total",787,78,148,455,106,411,26,60,253,72,376,52,88,202,34
"2011","Enfield 019B","E01001522","Total",880,72,152,524,132,441,18,50,281,92,439,54,102,243,40
"2011","Enfield 019C","E01001523","Total",844,70,153,470,151,450,24,48,264,114,394,46,105,206,37
"2011","Enfield 019D","E01001524","Total",662,58,141,382,81,334,17,39,216,62,328,41,102,166,19
"2011","Enfield 019E","E01001526","Total",761,70,135,426,130,401,21,41,242,97,360,49,94,184,33
"2011","Enfield 020A","E01001419","Total",915,101,146,523,145,457,29,43,294,91,458,72,103,229,54
"2011","Enfield 020B","E01001420","Total",682,74,164,348,96,326,27,55,173,71,356,47,109,175,25
"2011","Enfield 020C","E01001421","Total",717,89,169,380,79,370,29,63,217,61,347,60,106,163,18
"2011","Enfield 020D","E01001519","Total",1366,111,230,837,188,732,49,90,467,126,634,62,140,370,62
"2011","Enfield 020E","E01001525","Total",884,89,142,543,110,449,26,43,307,73,435,63,99,236,37
"2011","Enfield 021A","E01001398","Total",751,82,125,449,95,379,31,35,244,69,372,51,90,205,26
"2011","Enfield 021B","E01001399","Total",771,83,142,462,84,418,35,40,282,61,353,48,102,180,23
"2011","Enfield 021C","E01001400","Total",724,63,142,432,87,380,21,40,253,66,344,42,102,179,21
"2011","Enfield 021D","E01001402","Total",953,86,154,555,158,505,21,57,309,118,448,65,97,246,40
"2011","Enfield 021E","E01001403","Total",722,78,123,434,87,378,24,42,241,71,344,54,81,193,16
"2011","Enfield 021F","E01001455","Total",787,90,156,422,119,416,32,43,260,81,371,58,113,162,38
"2011","Enfield 022A","E01001456","Total",705,84,121,367,133,375,27,23,222,103,330,57,98,145,30
"2011","Enfield 022B","E01001564","Total",870,79,145,496,150,455,31,48,274,102,415,48,97,222,48
"2011","Enfield 022C","E01001567","Total",778,83,148,407,140,416,23,47,238,108,362,60,101,169,32
"2011","Enfield 022D","E01001568","Total",767,85,143,401,138,431,24,51,248,108,336,61,92,153,30
"2011","Enfield 022E","E01001569","Total",1000,80,167,554,199,532,29,53,311,139,468,51,114,243,60
"2011","Enfield 023A","E01001479","Total",697,82,174,386,55,379,41,100,201,37,318,41,74,185,18
"2011","Enfield 023B","E01001482","Total",701,89,157,405,50,370,45,68,224,33,331,44,89,181,17
"2011","Enfield 023C","E01001487","Total",718,62,188,405,63,363,32,74,210,47,355,30,114,195,16
"2011","Enfield 023D","E01001489","Total",721,83,166,400,72,375,34,67,219,55,346,49,99,181,17
"2011","Enfield 023E","E01001491","Total",802,81,214,437,70,407,36,92,230,49,395,45,122,207,21
"2011","Enfield 024A","E01001459","Total",735,71,143,456,65,378,28,56,245,49,357,43,87,211,16
"2011","Enfield 024B","E01001460","Total",638,61,203,336,38,356,23,117,188,28,282,38,86,148,10
"2011","Enfield 024C","E01001462","Total",547,51,124,329,43,288,31,49,173,35,259,20,75,156,8
"2011","Enfield 024D","E01001480","Total",691,73,138,425,55,366,36,57,237,36,325,37,81,188,19
"2011","Enfield 024E","E01001488","Total",749,60,199,437,53,376,16,72,249,39,373,44,127,188,14
"2011","Enfield 025A","E01001483","Total",483,64,127,255,37,252,39,61,123,29,231,25,66,132,8
"2011","Enfield 025B","E01001485","Total",677,97,159,369,52,344,47,71,195,31,333,50,88,174,21
"2011","Enfield 025C","E01001486","Total",731,60,202,414,55,372,31,77,226,38,359,29,125,188,17
"2011","Enfield 025E","E01001492","Total",756,88,166,443,59,370,26,68,231,45,386,62,98,212,14
"2011","Enfield 025F","E01033146","Total",562,51,162,301,48,284,25,80,147,32,278,26,82,154,16
"2011","Enfield 025G","E01033151","Total",472,59,133,243,37,234,26,53,130,25,238,33,80,113,12
"2011","Enfield 026A","E01001404","Total",671,71,125,398,77,346,16,42,236,52,325,55,83,162,25
"2011","Enfield 026B","E01001493","Total",753,80,160,425,88,397,27,54,246,70,356,53,106,179,18
"2011","Enfield 026C","E01001494","Total",692,71,140,373,108,362,25,44,215,78,330,46,96,158,30
"2011","Enfield 026D","E01001496","Total",805,80,158,476,91,419,29,64,258,68,386,51,94,218,23
"2011","Enfield 026E","E01001570","Total",903,69,178,527,129,464,19,63,291,91,439,50,115,236,38
"2011","Enfield 027A","E01001423","Total",664,73,171,359,61,355,28,74,208,45,309,45,97,151,16
"2011","Enfield 027B","E01001425","Total",624,77,183,309,55,323,40,78,162,43,301,37,105,147,12
"2011","Enfield 027C","E01001428","Total",553,53,142,314,44,286,26,53,174,33,267,27,89,140,11
"2011","Enfield 027D","E01001461","Total",601,66,149,327,59,310,25,70,176,39,291,41,79,151,20
"2011","Enfield 027E","E01001464","Total",486,56,97,283,50,266,26,38,162,40,220,30,59,121,10
"2011","Enfield 028A","E01001521","Total",900,65,155,521,159,481,19,52,298,112,419,46,103,223,47
"2011","Enfield 028B","E01001531","Total",779,101,113,426,139,410,30,39,244,97,369,71,74,182,42
"2011","Enfield 028C","E01001532","Total",947,85,161,523,178,506,34,43,302,127,441,51,118,221,51
"2011","Enfield 028D","E01001533","Total",730,82,136,378,134,373,21,33,216,103,357,61,103,162,31
"2011","Enfield 028E","E01001535","Total",722,77,140,400,105,379,17,49,230,83,343,60,91,170,22
"2011","Enfield 029A","E01001495","Total",1021,84,178,626,133,549,44,63,353,89,472,40,115,273,44
"2011","Enfield 029B","E01001498","Total",1049,101,213,615,120,563,49,85,348,81,486,52,128,267,39
"2011","Enfield 029C","E01001563","Total",871,76,147,511,137,475,40,69,279,87,396,36,78,232,50
"2011","Enfield 029D","E01001565","Total",817,69,140,479,129,410,19,49,256,86,407,50,91,223,43
"2011","Enfield 029E","E01001566","Total",933,84,163,522,164,497,22,59,299,117,436,62,104,223,47
"2011","Enfield 030A","E01001424","Total",430,48,98,262,22,220,18,43,145,14,210,30,55,117,8
"2011","Enfield 030B","E01001426","Total",701,84,182,391,44,366,47,72,215,32,335,37,110,176,12
"2011","Enfield 030C","E01001427","Total",601,72,157,321,51,331,30,77,188,36,270,42,80,133,15
"2011","Enfield 030D","E01001429","Total",796,111,194,438,53,386,56,73,220,37,410,55,121,218,16
"2011","Enfield 030E","E01001430","Total",558,66,176,273,43,307,31,91,152,33,251,35,85,121,10
"2011","Enfield 031A","E01001463","Total",651,62,151,379,59,345,28,56,219,42,306,34,95,160,17
"2011","Enfield 031B","E01001465","Total",646,77,151,356,62,335,22,57,206,50,311,55,94,150,12
"2011","Enfield 031C","E01001466","Total",722,68,179,418,57,380,35,87,215,43,342,33,92,203,14
"2011","Enfield 031D","E01001467","Total",784,82,193,446,63,397,30,87,237,43,387,52,106,209,20
"2011","Enfield 031E","E01001497","Total",638,76,140,346,76,329,27,43,202,57,309,49,97,144,19
"2011","Enfield 031F","E01001499","Total",728,68,153,443,64,377,25,58,241,53,351,43,95,202,11
"2011","Enfield 032A","E01001392","Total",1010,94,171,610,135,549,40,62,356,91,461,54,109,254,44
"2011","Enfield 032B","E01001528","Total",611,74,152,323,62,306,33,57,175,41,305,41,95,148,21
"2011","Enfield 032C","E01001529","Total",700,73,161,378,88,399,31,70,233,65,301,42,91,145,23
"2011","Enfield 032D","E01001530","Total",634,53,130,392,59,362,20,58,237,47,272,33,72,155,12
"2011","Enfield 032E","E01001534","Total",808,89,138,459,122,454,34,54,277,89,354,55,84,182,33
"2011","Enfield 033A","E01001431","Total",564,58,133,325,48,302,27,70,171,34,262,31,63,154,14
"2011","Enfield 033B","E01001432","Total",756,73,211,415,57,419,41,108,226,44,337,32,103,189,13
"2011","Enfield 033C","E01001555","Total",726,121,177,382,46,392,77,80,198,37,334,44,97,184,9
"2011","Enfield 033D","E01001557","Total",632,68,150,361,53,354,30,74,211,39,278,38,76,150,14
"2011","Enfield 033E","E01001558","Total",553,59,166,287,41,307,31,72,171,33,246,28,94,116,8
"2011","Enfield 033F","E01001559","Total",785,80,210,440,55,420,38,105,238,39,365,42,105,202,16
"2011","Enfield 035A","E01001394","Total",790,72,153,475,90,430,33,55,270,72,360,39,98,205,18
"2011","Enfield 035B","E01001395","Total",664,77,159,369,59,318,17,55,201,45,346,60,104,168,14
"2011","Enfield 035C","E01001397","Total",970,92,194,595,89,541,48,80,351,62,429,44,114,244,27
"2011","Enfield 035D","E01001500","Total",736,69,147,422,98,380,26,55,225,74,356,43,92,197,24
"2011","Enfield 035E","E01001556","Total",730,73,163,418,76,382,32,61,236,53,348,41,102,182,23
"2011","Enfield 035F","E01001560","Total",677,65,170,377,65,346,25,63,209,49,331,40,107,168,16
"2011","Enfield 036A","E01001390","Total",1202,103,203,749,147,639,34,75,433,97,563,69,128,316,50
"2011","Enfield 036B","E01001391","Total",863,80,155,534,94,454,30,63,293,68,409,50,92,241,26
"2011","Enfield 036C","E01001393","Total",1229,98,218,743,170,655,41,88,410,116,574,57,130,333,54
"2011","Enfield 036D","E01001396","Total",701,68,127,430,76,372,24,43,245,60,329,44,84,185,16
"2011","Enfield 036E","E01001501","Total",963,80,158,589,136,506,26,43,338,99,457,54,115,251,37
"2011","Enfield 036F","E01001527","Total",804,51,136,505,112,446,23,49,289,85,358,28,87,216,27
"2011","Enfield 037A","E01001458","Total",605,63,176,302,64,331,22,75,182,52,274,41,101,120,12
"2011","Enfield 037B","E01001553","Total",567,65,120,332,50,305,21,58,193,33,262,44,62,139,17
"2011","Enfield 037C","E01001554","Total",627,84,183,309,51,329,36,97,161,35,298,48,86,148,16
"2011","Enfield 037D","E01001562","Total",631,65,156,357,53,311,29,72,176,34,320,36,84,181,19
"2011","Enfield 037E","E01032574","Total",794,85,195,458,56,402,32,98,230,42,392,53,97,228,14
"2011","Greenwich 001A","E01001690","Total",865,53,174,568,70,464,19,67,323,55,401,34,107,245,15
"2011","Greenwich 001B","E01001692","Total",538,50,111,318,59,282,17,42,182,41,256,33,69,136,18
"2011","Greenwich 001C","E01001693","Total",622,50,159,349,64,348,25,61,212,50,274,25,98,137,14
"2011","Greenwich 001D","E01001694","Total",742,62,157,441,82,391,24,57,246,64,351,38,100,195,18
"2011","Greenwich 002A","E01001687","Total",532,45,97,342,48,286,25,29,199,33,246,20,68,143,15
"2011","Greenwich 002B","E01001688","Total",1117,85,230,706,96,580,26,79,399,76,537,59,151,307,20
"2011","Greenwich 002E","E01033739","Total",704,63,127,432,82,375,29,53,235,58,329,34,74,197,24
"2011","Greenwich 002F","E01033740","Total",745,61,150,431,103,403,23,62,248,70,342,38,88,183,33
"2011","Greenwich 002G","E01033741","Total",875,78,184,521,92,512,47,82,305,78,363,31,102,216,14
"2011","Greenwich 002H","E01033743","Total",817,71,186,494,66,409,30,58,268,53,408,41,128,226,13
"2011","Greenwich 002I","E01033745","Total",788,65,151,484,88,403,25,56,257,65,385,40,95,227,23
"2011","Greenwich 003A","E01001575","Total",616,59,145,357,55,308,26,42,199,41,308,33,103,158,14
"2011","Greenwich 003B","E01001576","Total",574,53,127,351,43,308,18,48,210,32,266,35,79,141,11
"2011","Greenwich 003C","E01001577","Total",687,55,150,412,70,342,16,45,223,58,345,39,105,189,12
"2011","Greenwich 003D","E01001578","Total",939,69,160,607,103,480,31,45,327,77,459,38,115,280,26
"2011","Greenwich 003E","E01001579","Total",666,54,145,410,57,349,21,42,241,45,317,33,103,169,12
"2011","Greenwich 004B","E01001709","Total",503,46,97,308,52,278,17,37,182,42,225,29,60,126,10
"2011","Greenwich 004C","E01001711","Total",769,74,120,458,117,425,26,54,262,83,344,48,66,196,34
"2011","Greenwich 004D","E01001712","Total",870,59,156,524,131,479,31,65,296,87,391,28,91,228,44
"2011","Greenwich 004E","E01033731","Total",732,44,76,477,135,382,16,21,249,96,350,28,55,228,39
"2011","Greenwich 004F","E01033734","Total",776,40,79,491,166,401,11,23,261,106,375,29,56,230,60
"2011","Greenwich 004G","E01033735","Total",554,55,93,330,76,343,32,41,211,59,211,23,52,119,17
"2011","Greenwich 004H","E01033736","Total",853,32,56,544,221,496,14,25,310,147,357,18,31,234,74
"2011","Greenwich 004I","E01033737","Total",609,68,138,347,56,349,29,68,204,48,260,39,70,143,8
"2011","Greenwich 005A","E01001705","Total",722,73,168,426,55,380,32,51,255,42,342,41,117,171,13
"2011","Greenwich 005B","E01001706","Total",506,48,116,296,46,265,16,46,168,35,241,32,70,128,11
"2011","Greenwich 005C","E01001708","Total",772,67,133,477,95,412,24,47,271,70,360,43,86,206,25
"2011","Greenwich 005D","E01001710","Total",557,68,153,303,33,291,30,67,167,27,266,38,86,136,6
"2011","Greenwich 005E","E01001713","Total",551,64,129,317,41,309,30,50,202,27,242,34,79,115,14
"2011","Greenwich 006A","E01001672","Total",906,107,211,496,92,520,49,94,300,77,386,58,117,196,15
"2011","Greenwich 006B","E01001673","Total",738,89,157,421,71,435,43,82,249,61,303,46,75,172,10
"2011","Greenwich 006C","E01001674","Total",833,91,184,483,75,455,34,72,283,66,378,57,112,200,9
"2011","Greenwich 006D","E01001675","Total",929,95,271,485,78,540,42,130,301,67,389,53,141,184,11
"2011","Greenwich 006E","E01001677","Total",926,98,212,524,92,492,44,78,305,65,434,54,134,219,27
"2011","Greenwich 007B","E01001631","Total",831,78,169,514,70,449,37,69,282,61,382,41,100,232,9
"2011","Greenwich 007C","E01001632","Total",1127,140,284,613,90,623,59,146,341,77,504,81,138,272,13
"2011","Greenwich 007D","E01001635","Total",774,65,158,465,86,407,30,56,257,64,367,35,102,208,22
"2011","Greenwich 007E","E01001636","Total",762,99,142,435,86,431,51,66,248,66,331,48,76,187,20
"2011","Greenwich 007F","E01033742","Total",763,40,109,499,115,433,10,53,286,84,330,30,56,213,31
"2011","Greenwich 007G","E01033744","Total",776,59,149,497,71,395,25,46,273,51,381,34,103,224,20
"2011","Greenwich 008A","E01001571","Total",802,69,164,494,75,416,29,58,272,57,386,40,106,222,18
"2011","Greenwich 008B","E01001572","Total",817,53,141,529,94,392,16,42,270,64,425,37,99,259,30
"2011","Greenwich 008C","E01001573","Total",712,51,161,433,67,368,27,47,242,52,344,24,114,191,15
"2011","Greenwich 008D","E01001574","Total",631,43,132,393,63,337,19,48,223,47,294,24,84,170,16
"2011","Greenwich 009A","E01001629","Total",939,67,206,584,82,484,31,67,328,58,455,36,139,256,24
"2011","Greenwich 009B","E01001633","Total",674,68,135,393,78,372,30,57,225,60,302,38,78,168,18
"2011","Greenwich 009C","E01001634","Total",640,52,159,358,71,334,18,49,209,58,306,34,110,149,13
"2011","Greenwich 009D","E01001637","Total",783,84,158,448,93,416,35,64,256,61,367,49,94,192,32
"2011","Greenwich 011A","E01001695","Total",661,90,158,348,65,387,44,65,222,56,274,46,93,126,9
"2011","Greenwich 011B","E01001696","Total",484,53,132,234,65,243,19,45,138,41,241,34,87,96,24
"2011","Greenwich 011C","E01001697","Total",897,103,219,486,89,476,43,81,289,63,421,60,138,197,26
"2011","Greenwich 011D","E01001700","Total",893,86,232,477,98,492,35,106,277,74,401,51,126,200,24
"2011","Greenwich 011E","E01001703","Total",695,81,166,401,47,368,33,65,233,37,327,48,101,168,10
"2011","Greenwich 011F","E01001704","Total",769,49,152,472,96,413,27,73,249,64,356,22,79,223,32
"2011","Greenwich 012A","E01001588","Total",709,69,157,400,83,378,33,57,230,58,331,36,100,170,25
"2011","Greenwich 012B","E01001589","Total",757,65,153,456,83,402,33,60,248,61,355,32,93,208,22
"2011","Greenwich 012C","E01001591","Total",830,85,173,464,108,416,29,57,254,76,414,56,116,210,32
"2011","Greenwich 012D","E01001595","Total",771,83,187,422,79,384,23,68,237,56,387,60,119,185,23
"2011","Greenwich 014A","E01001590","Total",935,85,168,551,131,484,34,76,295,79,451,51,92,256,52
"2011","Greenwich 014B","E01001592","Total",975,81,154,598,142,497,27,49,327,94,478,54,105,271,48
"2011","Greenwich 014C","E01001593","Total",926,65,117,576,168,472,27,28,311,106,454,38,89,265,62
"2011","Greenwich 014D","E01001594","Total",795,76,160,461,98,410,32,60,249,69,385,44,100,212,29
"2011","Greenwich 015A","E01001698","Total",682,73,144,400,65,345,25,42,229,49,337,48,102,171,16
"2011","Greenwich 015B","E01001699","Total",987,74,130,448,335,729,37,56,319,317,258,37,74,129,18
"2011","Greenwich 015C","E01001701","Total",601,36,95,352,118,350,16,29,208,97,251,20,66,144,21
"2011","Greenwich 015D","E01001702","Total",529,75,163,241,50,263,26,69,128,40,266,49,94,113,10
"2011","Greenwich 016A","E01001581","Total",888,74,83,538,193,470,27,22,294,127,418,47,61,244,66
"2011","Greenwich 016B","E01001585","Total",797,60,97,466,174,430,16,26,268,120,367,44,71,198,54
"2011","Greenwich 016C","E01001586","Total",672,51,98,393,130,337,21,29,201,86,335,30,69,192,44
"2011","Greenwich 016D","E01001587","Total",1067,66,126,629,246,585,29,48,345,163,482,37,78,284,83
"2011","Greenwich 017A","E01001678","Total",787,71,171,471,74,395,25,47,276,47,392,46,124,195,27
"2011","Greenwich 017B","E01001683","Total",687,54,131,411,91,363,12,44,238,69,324,42,87,173,22
"2011","Greenwich 017C","E01001684","Total",661,67,127,400,67,337,25,28,231,53,324,42,99,169,14
"2011","Greenwich 017D","E01001685","Total",706,62,139,439,66,358,22,41,251,44,348,40,98,188,22
"2011","Greenwich 019A","E01001646","Total",1375,93,207,859,216,679,28,60,446,145,696,65,147,413,71
"2011","Greenwich 019B","E01001650","Total",755,73,145,471,66,405,29,49,280,47,350,44,96,191,19
"2011","Greenwich 019C","E01001651","Total",716,68,137,443,68,393,24,44,271,54,323,44,93,172,14
"2011","Greenwich 019D","E01001652","Total",813,60,109,507,137,434,24,47,271,92,379,36,62,236,45
"2011","Greenwich 020A","E01001679","Total",716,68,110,444,94,369,23,31,250,65,347,45,79,194,29
"2011","Greenwich 020B","E01001680","Total",771,51,152,450,118,430,24,56,266,84,341,27,96,184,34
"2011","Greenwich 020C","E01001681","Total",620,56,120,368,76,322,20,45,203,54,298,36,75,165,22
"2011","Greenwich 020D","E01001682","Total",642,46,102,402,92,331,18,29,221,63,311,28,73,181,29
"2011","Greenwich 020E","E01001686","Total",806,62,163,481,100,414,27,52,265,70,392,35,111,216,30
"2011","Greenwich 021A","E01001580","Total",1065,92,97,603,273,590,41,30,347,172,475,51,67,256,101
"2011","Greenwich 021B","E01001582","Total",647,58,90,374,125,337,25,29,205,78,310,33,61,169,47
"2011","Greenwich 021C","E01001583","Total",959,42,86,586,245,531,17,26,325,163,428,25,60,261,82
"2011","Greenwich 021D","E01001584","Total",830,54,106,448,222,424,13,37,228,146,406,41,69,220,76
"2011","Greenwich 022A","E01001645","Total",781,66,150,484,81,403,25,46,271,61,378,41,104,213,20
"2011","Greenwich 022B","E01001647","Total",639,54,128,352,105,350,18,44,207,81,289,36,84,145,24
"2011","Greenwich 022C","E01001648","Total",887,61,127,531,168,474,19,45,294,116,413,42,82,237,52
"2011","Greenwich 022D","E01001649","Total",709,52,136,458,63,361,19,33,261,48,348,33,103,197,15
"2011","Greenwich 023A","E01001605","Total",813,64,140,488,121,427,21,35,280,91,386,43,105,208,30
"2011","Greenwich 023B","E01001606","Total",913,81,149,555,128,467,19,34,321,93,446,62,115,234,35
"2011","Greenwich 023C","E01001610","Total",850,78,152,495,125,439,23,44,276,96,411,55,108,219,29
"2011","Greenwich 023D","E01001611","Total",781,67,161,450,103,409,24,44,269,72,372,43,117,181,31
"2011","Greenwich 025A","E01001620","Total",620,46,132,375,67,340,9,45,230,56,280,37,87,145,11
"2011","Greenwich 025B","E01001621","Total",692,63,118,428,83,352,22,32,240,58,340,41,86,188,25
"2011","Greenwich 025C","E01001623","Total",807,60,145,513,89,427,25,40,299,63,380,35,105,214,26
"2011","Greenwich 025D","E01001624","Total",728,53,154,461,60,341,17,26,252,46,387,36,128,209,14
"2011","Greenwich 025E","E01001625","Total",663,70,130,402,61,352,30,30,242,50,311,40,100,160,11
"2011","Greenwich 027A","E01001604","Total",774,78,119,465,112,414,26,29,285,74,360,52,90,180,38
"2011","Greenwich 027B","E01001607","Total",718,59,142,418,99,357,16,32,239,70,361,43,110,179,29
"2011","Greenwich 027C","E01001608","Total",685,72,126,359,128,370,22,37,218,93,315,50,89,141,35
"2011","Greenwich 027D","E01001609","Total",738,81,141,396,120,390,29,38,242,81,348,52,103,154,39
"2011","Greenwich 028A","E01001613","Total",768,87,126,458,97,399,29,39,266,65,369,58,87,192,32
"2011","Greenwich 028B","E01001614","Total",704,91,130,379,104,383,34,37,230,82,321,57,93,149,22
"2011","Greenwich 028C","E01001615","Total",810,66,133,482,129,464,32,49,277,106,346,34,84,205,23
"2011","Greenwich 028D","E01001617","Total",760,69,115,465,111,396,18,25,274,79,364,51,90,191,32
"2011","Greenwich 029A","E01001653","Total",631,58,128,375,70,314,13,21,220,60,317,45,107,155,10
"2011","Greenwich 029B","E01001654","Total",590,47,118,350,75,300,11,36,196,57,290,36,82,154,18
"2011","Greenwich 029C","E01001655","Total",619,58,135,371,55,311,9,39,222,41,308,49,96,149,14
"2011","Greenwich 029D","E01001660","Total",644,73,135,355,81,325,26,40,201,58,319,47,95,154,23
"2011","Greenwich 029E","E01001661","Total",620,59,128,346,87,332,21,43,207,61,288,38,85,139,26
"2011","Greenwich 030C","E01001618","Total",698,60,140,417,81,377,23,44,252,58,321,37,96,165,23
"2011","Greenwich 030D","E01001619","Total",1012,63,171,635,143,499,15,51,330,103,513,48,120,305,40
"2011","Greenwich 030E","E01033729","Total",949,278,210,380,81,438,90,67,218,63,511,188,143,162,18
"2011","Greenwich 031A","E01001597","Total",742,57,125,447,113,388,16,39,247,86,354,41,86,200,27
"2011","Greenwich 031B","E01001598","Total",804,71,143,490,100,459,26,57,300,76,345,45,86,190,24
"2011","Greenwich 031C","E01001602","Total",768,73,160,449,86,397,19,49,263,66,371,54,111,186,20
"2011","Greenwich 031D","E01001603","Total",653,71,97,425,60,342,26,30,239,47,311,45,67,186,13
"2011","Greenwich 032A","E01001596","Total",786,92,141,434,119,421,28,36,265,92,365,64,105,169,27
"2011","Greenwich 032B","E01001599","Total",815,77,155,472,111,431,24,46,279,82,384,53,109,193,29
"2011","Greenwich 032C","E01001600","Total",797,70,128,489,110,425,25,44,274,82,372,45,84,215,28
"2011","Greenwich 032D","E01001601","Total",776,60,144,467,105,411,17,36,277,81,365,43,108,190,24
"2011","Greenwich 033A","E01001669","Total",832,95,157,508,72,458,45,62,299,52,374,50,95,209,20
"2011","Greenwich 033B","E01001671","Total",741,61,154,455,71,363,17,45,252,49,378,44,109,203,22
"2011","Greenwich 033C","E01001676","Total",712,55,173,431,53,390,25,59,262,44,322,30,114,169,9
"2011","Greenwich 033D","E01032567","Total",745,60,124,489,72,394,24,36,280,54,351,36,88,209,18
"2011","Greenwich 034A","E01001656","Total",584,64,73,353,94,297,20,20,197,60,287,44,53,156,34
"2011","Greenwich 034B","E01001657","Total",748,64,113,398,173,418,31,42,221,124,330,33,71,177,49
"2011","Greenwich 034C","E01001658","Total",733,57,123,445,108,382,18,51,240,73,351,39,72,205,35
"2011","Greenwich 034D","E01001659","Total",650,54,142,358,96,367,19,71,208,69,283,35,71,150,27
"2011","Greenwich 034E","E01033726","Total",944,61,214,576,93,481,19,62,329,71,463,42,152,247,22
"2011","Greenwich 035A","E01001640","Total",994,129,176,562,127,504,45,68,298,93,490,84,108,264,34
"2011","Greenwich 035B","E01033727","Total",983,152,177,523,131,487,58,55,286,88,496,94,122,237,43
"2011","Greenwich 035C","E01033728","Total",877,34,37,574,232,486,12,8,304,162,391,22,29,270,70
"2011","Greenwich 035D","E01033730","Total",763,24,57,498,184,407,8,16,271,112,356,16,41,227,72
"2011","Greenwich 036A","E01001666","Total",810,88,150,466,106,457,37,76,273,71,353,51,74,193,35
"2011","Greenwich 036B","E01001667","Total",661,80,140,354,87,345,25,54,203,63,316,55,86,151,24
"2011","Greenwich 036C","E01001668","Total",1101,91,172,622,216,538,25,42,333,138,563,66,130,289,78
"2011","Greenwich 036D","E01033732","Total",630,35,69,385,141,362,13,21,228,100,268,22,48,157,41
"2011","Greenwich 036E","E01033733","Total",799,37,40,531,191,457,11,14,302,130,342,26,26,229,61
"2011","Greenwich 037A","E01001662","Total",1023,66,123,621,213,542,31,30,353,128,481,35,93,268,85
"2011","Greenwich 037B","E01001664","Total",1058,73,109,661,215,579,21,31,363,164,479,52,78,298,51
"2011","Greenwich 037C","E01001665","Total",1089,101,158,643,187,587,54,49,356,128,502,47,109,287,59
"2011","Greenwich 037D","E01033738","Total",744,74,121,437,112,398,35,45,234,84,346,39,76,203,28
"2011","Greenwich 038A","E01001638","Total",872,72,164,521,115,448,32,60,275,81,424,40,104,246,34
"2011","Greenwich 038B","E01001641","Total",958,79,118,500,261,516,28,43,273,172,442,51,75,227,89
"2011","Greenwich 038C","E01001642","Total",1004,73,101,534,296,545,23,27,288,207,459,50,74,246,89
"2011","Greenwich 038D","E01001644","Total",1394,93,122,894,285,774,29,44,505,196,620,64,78,389,89
"2011","Greenwich 038E","E01033746","Total",788,47,78,450,213,417,17,21,234,145,371,30,57,216,68
"2011","Harrow 001A","E01002112","Total",930,94,162,501,173,504,30,51,294,129,426,64,111,207,44
"2011","Harrow 001B","E01002114","Total",865,88,123,499,155,466,26,43,279,118,399,62,80,220,37
"2011","Harrow 001C","E01002225","Total",678,100,117,322,139,356,19,42,189,106,322,81,75,133,33
"2011","Harrow 001D","E01002226","Total",1041,115,184,548,194,555,33,62,305,155,486,82,122,243,39
"2011","Harrow 002A","E01002113","Total",742,73,143,395,131,386,19,39,227,101,356,54,104,168,30
"2011","Harrow 002B","E01002115","Total",728,63,133,431,101,387,21,39,252,75,341,42,94,179,26
"2011","Harrow 002C","E01002116","Total",809,87,124,473,125,448,25,44,284,95,361,62,80,189,30
"2011","Harrow 002D","E01002117","Total",987,128,191,513,155,539,39,69,315,116,448,89,122,198,39
"2011","Harrow 002E","E01002118","Total",827,96,143,481,107,455,36,54,289,76,372,60,89,192,31
"2011","Harrow 003A","E01002227","Total",664,62,130,402,70,350,22,46,229,53,314,40,84,173,17
"2011","Harrow 003B","E01002228","Total",971,91,143,535,202,532,22,41,311,158,439,69,102,224,44
"2011","Harrow 003C","E01002229","Total",764,66,143,442,113,412,26,40,261,85,352,40,103,181,28
"2011","Harrow 003D","E01002230","Total",876,68,176,510,122,463,19,52,294,98,413,49,124,216,24
"2011","Harrow 004A","E01002144","Total",762,78,156,393,135,397,19,40,234,104,365,59,116,159,31
"2011","Harrow 004B","E01002146","Total",747,73,131,402,141,393,14,32,240,107,354,59,99,162,34
"2011","Harrow 004C","E01002147","Total",647,78,114,344,111,337,19,45,185,88,310,59,69,159,23
"2011","Harrow 004D","E01002149","Total",701,69,133,379,120,370,12,32,231,95,331,57,101,148,25
"2011","Harrow 005A","E01002140","Total",789,66,150,486,87,424,22,47,291,64,365,44,103,195,23
"2011","Harrow 005B","E01002141","Total",849,82,157,492,118,442,32,45,277,88,407,50,112,215,30
"2011","Harrow 005C","E01002142","Total",895,89,168,526,112,472,28,54,308,82,423,61,114,218,30
"2011","Harrow 005D","E01002143","Total",716,61,148,437,70,379,26,39,265,49,337,35,109,172,21
"2011","Harrow 005E","E01002145","Total",660,53,143,367,97,336,9,44,210,73,324,44,99,157,24
"2011","Harrow 006A","E01002139","Total",525,58,107,309,51,265,21,31,174,39,260,37,76,135,12
"2011","Harrow 006B","E01002148","Total",698,74,133,384,107,372,27,31,228,86,326,47,102,156,21
"2011","Harrow 006C","E01002150","Total",892,74,159,497,162,463,23,64,263,113,429,51,95,234,49
"2011","Harrow 006D","E01002151","Total",546,51,121,315,59,289,16,40,190,43,257,35,81,125,16
"2011","Harrow 006E","E01002152","Total",839,93,127,463,156,442,24,25,273,120,397,69,102,190,36
"2011","Harrow 007A","E01002119","Total",814,73,160,483,98,435,23,53,284,75,379,50,107,199,23
"2011","Harrow 007B","E01002120","Total",533,42,113,325,53,276,9,49,180,38,257,33,64,145,15
"2011","Harrow 007C","E01002121","Total",831,96,147,496,92,456,34,49,296,77,375,62,98,200,15
"2011","Harrow 007D","E01002122","Total",850,76,188,498,88,481,28,78,301,74,369,48,110,197,14
"2011","Harrow 007E","E01002123","Total",877,81,183,502,111,490,34,68,295,93,387,47,115,207,18
"2011","Harrow 008A","E01002106","Total",1008,99,178,607,124,546,38,49,365,94,462,61,129,242,30
"2011","Harrow 008B","E01002108","Total",864,60,166,542,96,469,16,51,328,74,395,44,115,214,22
"2011","Harrow 008C","E01002109","Total",937,110,183,494,150,494,24,50,305,115,443,86,133,189,35
"2011","Harrow 008D","E01002110","Total",856,84,145,503,124,465,26,49,293,97,391,58,96,210,27
"2011","Harrow 008E","E01002111","Total",1007,106,194,590,117,542,40,61,358,83,465,66,133,232,34
"2011","Harrow 009A","E01002185","Total",645,68,138,367,72,328,25,39,216,48,317,43,99,151,24
"2011","Harrow 009B","E01002186","Total",800,70,126,485,119,415,27,39,266,83,385,43,87,219,36
"2011","Harrow 009C","E01002187","Total",841,80,155,485,121,444,26,46,292,80,397,54,109,193,41
"2011","Harrow 009D","E01002190","Total",794,80,142,426,146,412,25,38,233,116,382,55,104,193,30
"2011","Harrow 010A","E01002124","Total",792,77,147,494,74,420,25,57,281,57,372,52,90,213,17
"2011","Harrow 010B","E01002125","Total",870,73,197,504,96,530,27,94,329,80,340,46,103,175,16
"2011","Harrow 010C","E01002198","Total",895,78,179,562,76,512,26,65,358,63,383,52,114,204,13
"2011","Harrow 010D","E01002200","Total",789,77,125,516,71,433,26,45,311,51,356,51,80,205,20
"2011","Harrow 010E","E01002203","Total",818,84,167,488,79,457,35,57,297,68,361,49,110,191,11
"2011","Harrow 011A","E01002232","Total",894,72,187,532,103,485,32,61,321,71,409,40,126,211,32
"2011","Harrow 011B","E01002233","Total",874,80,166,535,93,449,25,60,301,63,425,55,106,234,30
"2011","Harrow 011C","E01002234","Total",787,67,168,472,80,421,29,69,268,55,366,38,99,204,25
"2011","Harrow 011D","E01002235","Total",721,82,146,412,81,397,23,61,247,66,324,59,85,165,15
"2011","Harrow 011E","E01002236","Total",873,94,168,521,90,473,27,86,294,66,400,67,82,227,24
"2011","Harrow 012A","E01002107","Total",880,67,173,524,116,468,26,48,293,101,412,41,125,231,15
"2011","Harrow 012B","E01002197","Total",644,81,110,378,75,354,29,30,235,60,290,52,80,143,15
"2011","Harrow 012C","E01002199","Total",719,64,142,429,84,393,16,52,260,65,326,48,90,169,19
"2011","Harrow 012D","E01002201","Total",857,86,172,505,94,460,34,59,296,71,397,52,113,209,23
"2011","Harrow 012E","E01002202","Total",884,84,220,521,59,535,41,128,319,47,349,43,92,202,12
"2011","Harrow 013A","E01002179","Total",1054,114,244,601,95,616,51,122,374,69,438,63,122,227,26
"2011","Harrow 013B","E01002180","Total",926,84,179,593,70,511,35,79,344,53,415,49,100,249,17
"2011","Harrow 013C","E01002183","Total",993,78,194,628,93,551,38,63,370,80,442,40,131,258,13
"2011","Harrow 013D","E01002184","Total",889,83,176,539,91,490,33,67,313,77,399,50,109,226,14
"2011","Harrow 013E","E01002231","Total",843,72,164,535,72,467,30,58,321,58,376,42,106,214,14
"2011","Harrow 015A","E01002154","Total",1013,89,187,622,115,541,29,59,369,84,472,60,128,253,31
"2011","Harrow 015B","E01002156","Total",771,84,125,439,123,404,25,30,259,90,367,59,95,180,33
"2011","Harrow 015C","E01002162","Total",887,67,176,533,111,475,31,57,309,78,412,36,119,224,33
"2011","Harrow 015D","E01002163","Total",772,75,147,430,120,382,23,45,235,79,390,52,102,195,41
"2011","Harrow 016A","E01002188","Total",779,98,123,383,175,419,27,27,234,131,360,71,96,149,44
"2011","Harrow 016B","E01002189","Total",832,78,135,466,153,453,20,46,278,109,379,58,89,188,44
"2011","Harrow 016C","E01002192","Total",711,90,114,366,141,372,20,33,208,111,339,70,81,158,30
"2011","Harrow 016D","E01002193","Total",889,88,143,515,143,449,19,39,279,112,440,69,104,236,31
"2011","Harrow 017A","E01002165","Total",872,86,185,502,99,505,40,78,311,76,367,46,107,191,23
"2011","Harrow 017B","E01002166","Total",807,94,143,482,88,447,30,56,291,70,360,64,87,191,18
"2011","Harrow 017C","E01002167","Total",803,81,138,494,90,453,31,41,307,74,350,50,97,187,16
"2011","Harrow 017D","E01002168","Total",654,52,149,407,46,345,13,52,245,35,309,39,97,162,11
"2011","Harrow 017E","E01002169","Total",774,73,142,478,81,420,21,57,281,61,354,52,85,197,20
"2011","Harrow 019A","E01002153","Total",817,65,154,493,105,455,21,45,307,82,362,44,109,186,23
"2011","Harrow 019B","E01002155","Total",803,72,130,481,120,427,21,40,277,89,376,51,90,204,31
"2011","Harrow 019C","E01002157","Total",868,86,166,515,101,456,44,53,292,67,412,42,113,223,34
"2011","Harrow 019D","E01002158","Total",770,68,132,457,113,402,24,34,266,78,368,44,98,191,35
"2011","Harrow 020A","E01002128","Total",1154,84,182,732,156,625,35,85,401,104,529,49,97,331,52
"2011","Harrow 020B","E01002130","Total",1238,102,193,819,124,743,43,93,518,89,495,59,100,301,35
"2011","Harrow 020C","E01002181","Total",983,96,149,611,127,564,45,57,373,89,419,51,92,238,38
"2011","Harrow 020D","E01002182","Total",1019,100,165,634,120,604,54,65,394,91,415,46,100,240,29
"2011","Harrow 021A","E01002159","Total",919,85,157,573,104,475,34,46,322,73,444,51,111,251,31
"2011","Harrow 021B","E01002160","Total",1056,96,176,630,154,569,45,57,360,107,487,51,119,270,47
"2011","Harrow 021C","E01002161","Total",982,85,160,610,127,530,36,48,354,92,452,49,112,256,35
"2011","Harrow 021D","E01002164","Total",933,73,152,587,121,492,25,51,331,85,441,48,101,256,36
"2011","Harrow 022A","E01002191","Total",949,84,176,537,152,493,19,44,311,119,456,65,132,226,33
"2011","Harrow 022B","E01002194","Total",830,84,151,443,152,446,25,38,262,121,384,59,113,181,31
"2011","Harrow 022C","E01002195","Total",767,70,141,460,96,415,20,36,284,75,352,50,105,176,21
"2011","Harrow 022D","E01002196","Total",911,106,184,473,148,480,33,44,282,121,431,73,140,191,27
"2011","Harrow 023A","E01002126","Total",1454,103,177,1001,173,823,38,63,592,130,631,65,114,409,43
"2011","Harrow 023B","E01002127","Total",887,57,158,546,126,455,22,46,294,93,432,35,112,252,33
"2011","Harrow 023C","E01002129","Total",1075,81,147,677,170,601,38,52,391,120,474,43,95,286,50
"2011","Harrow 023D","E01002131","Total",758,78,135,464,81,408,33,45,267,63,350,45,90,197,18
"2011","Harrow 024A","E01002237","Total",872,83,152,546,91,474,30,53,327,64,398,53,99,219,27
"2011","Harrow 024B","E01002238","Total",922,73,135,591,123,508,30,36,354,88,414,43,99,237,35
"2011","Harrow 024C","E01002240","Total",814,71,160,470,113,422,21,60,266,75,392,50,100,204,38
"2011","Harrow 024D","E01002242","Total",941,89,179,564,109,482,23,51,326,82,459,66,128,238,27
"2011","Harrow 025A","E01002208","Total",621,65,118,356,82,335,17,38,212,68,286,48,80,144,14
"2011","Harrow 025B","E01002209","Total",816,89,168,443,116,443,25,56,277,85,373,64,112,166,31
"2011","Harrow 025C","E01002239","Total",790,78,120,491,101,400,20,33,272,75,390,58,87,219,26
"2011","Harrow 025D","E01002241","Total",740,87,121,453,79,424,34,52,276,62,316,53,69,177,17
"2011","Harrow 027A","E01002133","Total",876,93,173,510,100,467,39,72,285,71,409,54,101,225,29
"2011","Harrow 027B","E01002136","Total",822,59,164,489,110,479,11,69,322,77,343,48,95,167,33
"2011","Harrow 027C","E01002138","Total",732,83,161,424,64,397,25,70,253,49,335,58,91,171,15
"2011","Harrow 027D","E01002213","Total",1391,130,258,863,140,789,56,119,516,98,602,74,139,347,42
"2011","Harrow 028A","E01002211","Total",652,66,147,387,52,351,25,60,221,45,301,41,87,166,7
"2011","Harrow 028B","E01002212","Total",798,69,162,516,51,440,24,67,308,41,358,45,95,208,10
"2011","Harrow 028C","E01002216","Total",759,64,155,455,85,440,30,66,276,68,319,34,89,179,17
"2011","Harrow 028D","E01002217","Total",565,51,126,348,40,282,15,49,187,31,283,36,77,161,9
"2011","Harrow 029A","E01002132","Total",1140,88,152,669,231,621,22,62,378,159,519,66,90,291,72
"2011","Harrow 029B","E01002134","Total",772,67,102,435,168,427,24,32,250,121,345,43,70,185,47
"2011","Harrow 029C","E01002135","Total",883,74,155,523,131,497,25,70,300,102,386,49,85,223,29
"2011","Harrow 029D","E01002137","Total",636,43,74,329,190,341,15,16,175,135,295,28,58,154,55
"2011","Harrow 030A","E01002218","Total",744,64,144,457,79,427,28,61,281,57,317,36,83,176,22
"2011","Harrow 030B","E01002219","Total",817,76,192,476,73,467,35,89,288,55,350,41,103,188,18
"2011","Harrow 030C","E01002221","Total",752,70,171,437,74,441,25,77,280,59,311,45,94,157,15
"2011","Harrow 030D","E01002222","Total",748,72,150,442,84,418,27,65,257,69,330,45,85,185,15
"2011","Harrow 031A","E01002214","Total",794,70,188,463,73,433,30,74,270,59,361,40,114,193,14
"2011","Harrow 031B","E01002215","Total",612,64,126,361,61,322,18,46,213,45,290,46,80,148,16
"2011","Harrow 031C","E01002220","Total",786,69,150,473,94,441,24,53,294,70,345,45,97,179,24
"2011","Harrow 031D","E01002223","Total",905,87,189,546,83,490,27,71,323,69,415,60,118,223,14
"2011","Harrow 031E","E01002224","Total",660,46,121,419,74,347,15,41,232,59,313,31,80,187,15
"2011","Harrow 032A","E01002204","Total",823,70,195,480,78,482,33,92,297,60,341,37,103,183,18
"2011","Harrow 032B","E01002206","Total",666,65,138,387,76,373,20,58,240,55,293,45,80,147,21
"2011","Harrow 032C","E01002207","Total",801,88,167,470,76,467,34,72,301,60,334,54,95,169,16
"2011","Harrow 032D","E01002210","Total",789,80,149,475,85,423,28,45,287,63,366,52,104,188,22
"2011","Harrow 032E","E01032576","Total",822,71,143,537,71,441,21,53,314,53,381,50,90,223,18
"2011","Harrow 033A","E01002170","Total",623,49,108,410,56,321,15,34,229,43,302,34,74,181,13
"2011","Harrow 033B","E01002171","Total",833,84,135,529,85,454,26,45,314,69,379,58,90,215,16
"2011","Harrow 033C","E01002172","Total",770,74,163,461,72,411,28,54,271,58,359,46,109,190,14
"2011","Harrow 033D","E01002173","Total",904,89,187,552,76,477,33,56,329,59,427,56,131,223,17
"2011","Harrow 033E","E01002174","Total",810,81,146,495,88,443,33,39,300,71,367,48,107,195,17
"2011","Harrow 033F","E01002175","Total",755,68,144,446,97,429,30,60,262,77,326,38,84,184,20
"2011","Harrow 033G","E01002176","Total",916,129,161,520,106,479,37,66,294,82,437,92,95,226,24
"2011","Harrow 033H","E01002177","Total",672,73,127,404,68,369,28,35,248,58,303,45,92,156,10
"2011","Harrow 033I","E01002178","Total",812,92,134,497,89,422,29,37,285,71,390,63,97,212,18
"2011","Havering 001A","E01002276","Total",840,73,157,501,109,452,23,45,296,88,388,50,112,205,21
"2011","Havering 001B","E01002278","Total",626,68,124,378,56,334,14,33,240,47,292,54,91,138,9
"2011","Havering 001C","E01002312","Total",543,59,97,327,60,288,18,25,195,50,255,41,72,132,10
"2011","Havering 001D","E01002313","Total",620,57,125,373,65,327,23,31,220,53,293,34,94,153,12
"2011","Havering 002A","E01002277","Total",668,52,137,409,70,359,18,40,245,56,309,34,97,164,14
"2011","Havering 002B","E01002279","Total",705,72,139,413,81,356,21,33,238,64,349,51,106,175,17
"2011","Havering 002C","E01002281","Total",622,56,119,384,63,341,21,34,231,55,281,35,85,153,8
"2011","Havering 002D","E01002283","Total",611,52,104,391,64,327,21,26,224,56,284,31,78,167,8
"2011","Havering 002E","E01002299","Total",813,65,123,533,92,413,14,28,297,74,400,51,95,236,18
"2011","Havering 003A","E01002301","Total",772,74,147,453,98,422,17,45,284,76,350,57,102,169,22
"2011","Havering 003B","E01002303","Total",865,90,171,518,86,414,21,48,281,64,451,69,123,237,22
"2011","Havering 003C","E01002304","Total",596,55,125,308,108,317,16,34,184,83,279,39,91,124,25
"2011","Havering 003D","E01002306","Total",680,62,155,412,51,340,19,39,246,36,340,43,116,166,15
"2011","Havering 003E","E01002307","Total",759,67,145,463,84,391,16,34,273,68,368,51,111,190,16
"2011","Havering 004A","E01002280","Total",557,49,106,339,63,286,11,31,199,45,271,38,75,140,18
"2011","Havering 004B","E01002282","Total",605,50,130,367,58,322,17,38,222,45,283,33,92,145,13
"2011","Havering 004C","E01002284","Total",781,59,149,478,95,404,12,22,292,78,377,47,127,186,17
"2011","Havering 004D","E01002297","Total",635,60,122,398,55,355,20,42,252,41,280,40,80,146,14
"2011","Havering 004E","E01002314","Total",680,44,142,421,73,344,11,37,231,65,336,33,105,190,8
"2011","Havering 004F","E01002316","Total",580,48,109,377,46,304,15,34,213,42,276,33,75,164,4
"2011","Havering 005A","E01002302","Total",744,72,136,443,93,365,18,32,237,78,379,54,104,206,15
"2011","Havering 005B","E01002305","Total",698,54,148,416,80,364,15,40,243,66,334,39,108,173,14
"2011","Havering 005C","E01002308","Total",705,67,141,417,80,383,22,43,251,67,322,45,98,166,13
"2011","Havering 005D","E01002326","Total",683,59,132,413,79,352,14,41,230,67,331,45,91,183,12
"2011","Havering 005E","E01002331","Total",731,76,126,442,87,384,27,34,256,67,347,49,92,186,20
"2011","Havering 006A","E01002309","Total",646,60,119,397,70,348,24,32,237,55,298,36,87,160,15
"2011","Havering 006B","E01002310","Total",663,52,137,405,69,335,11,42,228,54,328,41,95,177,15
"2011","Havering 006C","E01002311","Total",701,59,138,430,74,354,22,30,244,58,347,37,108,186,16
"2011","Havering 006D","E01002315","Total",664,44,126,423,71,337,15,33,236,53,327,29,93,187,18
"2011","Havering 007A","E01002293","Total",877,45,143,573,116,465,12,35,333,85,412,33,108,240,31
"2011","Havering 007B","E01002294","Total",711,74,122,421,94,374,18,26,254,76,337,56,96,167,18
"2011","Havering 007C","E01002296","Total",812,79,167,433,133,440,27,55,256,102,372,52,112,177,31
"2011","Havering 007D","E01002298","Total",751,67,125,475,84,386,20,35,267,64,365,47,90,208,20
"2011","Havering 007E","E01002300","Total",742,58,120,476,88,390,20,27,271,72,352,38,93,205,16
"2011","Havering 008A","E01002333","Total",630,73,132,345,80,325,25,28,208,64,305,48,104,137,16
"2011","Havering 008B","E01002334","Total",817,107,155,440,115,429,34,38,261,96,388,73,117,179,19
"2011","Havering 008C","E01002336","Total",704,67,160,387,90,370,24,39,231,76,334,43,121,156,14
"2011","Havering 008D","E01002339","Total",770,98,150,432,90,417,28,29,280,80,353,70,121,152,10
"2011","Havering 008E","E01002341","Total",647,53,128,398,68,330,13,26,231,60,317,40,102,167,8
"2011","Havering 009A","E01002327","Total",710,82,144,404,80,370,24,34,250,62,340,58,110,154,18
"2011","Havering 009B","E01002328","Total",851,77,149,527,98,460,19,28,335,78,391,58,121,192,20
"2011","Havering 009C","E01002332","Total",781,73,149,475,84,388,19,28,278,63,393,54,121,197,21
"2011","Havering 009D","E01002335","Total",710,53,140,445,72,363,14,28,267,54,347,39,112,178,18
"2011","Havering 009E","E01002338","Total",680,58,123,415,84,370,16,19,261,74,310,42,104,154,10
"2011","Havering 009F","E01002340","Total",698,62,128,443,65,376,12,25,290,49,322,50,103,153,16
"2011","Havering 010A","E01002268","Total",668,79,90,411,88,354,20,16,248,70,314,59,74,163,18
"2011","Havering 010B","E01002269","Total",859,91,155,504,109,447,16,42,300,89,412,75,113,204,20
"2011","Havering 010C","E01002295","Total",792,62,123,497,110,403,18,21,273,91,389,44,102,224,19
"2011","Havering 010D","E01002377","Total",856,90,142,529,95,443,22,43,301,77,413,68,99,228,18
"2011","Havering 010E","E01002378","Total",872,96,153,516,107,464,22,30,326,86,408,74,123,190,21
"2011","Havering 010F","E01002383","Total",818,88,122,475,133,446,24,32,286,104,372,64,90,189,29
"2011","Havering 011A","E01002244","Total",887,52,125,624,86,460,12,22,362,64,427,40,103,262,22
"2011","Havering 011B","E01002245","Total",727,74,116,450,87,385,28,29,261,67,342,46,87,189,20
"2011","Havering 011C","E01002325","Total",715,73,133,452,57,359,15,32,269,43,356,58,101,183,14
"2011","Havering 011D","E01002329","Total",770,70,153,455,92,399,18,39,274,68,371,52,114,181,24
"2011","Havering 011E","E01002330","Total",834,80,155,493,106,447,21,36,304,86,387,59,119,189,20
"2011","Havering 012A","E01002337","Total",590,73,99,298,120,330,22,27,181,100,260,51,72,117,20
"2011","Havering 012B","E01002354","Total",675,53,131,389,102,344,11,29,228,76,331,42,102,161,26
"2011","Havering 012C","E01002376","Total",766,85,142,427,112,407,23,24,265,95,359,62,118,162,17
"2011","Havering 012D","E01002379","Total",748,57,135,429,127,409,19,31,262,97,339,38,104,167,30
"2011","Havering 012E","E01002380","Total",1138,62,157,729,190,606,16,39,411,140,532,46,118,318,50
"2011","Havering 012F","E01002381","Total",773,80,127,451,115,382,19,33,243,87,391,61,94,208,28
"2011","Havering 013A","E01002243","Total",840,62,148,514,116,459,19,37,313,90,381,43,111,201,26
"2011","Havering 013B","E01002353","Total",971,91,148,577,155,545,36,34,352,123,426,55,114,225,32
"2011","Havering 013C","E01002356","Total",1034,108,163,643,120,521,47,45,337,92,513,61,118,306,28
"2011","Havering 013E","E01032741","Total",686,27,73,493,93,385,9,29,273,74,301,18,44,220,19
"2011","Havering 013F","E01032742","Total",660,42,99,413,106,356,15,23,236,82,304,27,76,177,24
"2011","Havering 014A","E01002272","Total",684,85,122,391,86,354,15,31,245,63,330,70,91,146,23
"2011","Havering 014B","E01002274","Total",798,86,128,474,110,435,24,30,293,88,363,62,98,181,22
"2011","Havering 014C","E01002317","Total",798,88,160,430,120,410,23,33,257,97,388,65,127,173,23
"2011","Havering 014D","E01002318","Total",798,89,149,446,114,437,27,34,284,92,361,62,115,162,22
"2011","Havering 014E","E01002355","Total",758,66,136,461,95,400,19,26,277,78,358,47,110,184,17
"2011","Havering 014F","E01002382","Total",953,79,150,572,152,510,22,36,330,122,443,57,114,242,30
"2011","Havering 015A","E01002270","Total",820,87,150,418,165,453,29,43,244,137,367,58,107,174,28
"2011","Havering 015B","E01002271","Total",706,97,120,351,138,386,25,34,207,120,320,72,86,144,18
"2011","Havering 015C","E01002273","Total",636,78,97,336,125,341,17,27,190,107,295,61,70,146,18
"2011","Havering 015D","E01002275","Total",660,66,126,352,116,366,19,27,227,93,294,47,99,125,23
"2011","Havering 016A","E01002319","Total",796,73,161,487,75,409,15,36,295,63,387,58,125,192,12
"2011","Havering 016B","E01002350","Total",726,58,113,464,91,406,23,51,261,71,320,35,62,203,20
"2011","Havering 016C","E01002351","Total",860,76,116,561,107,438,21,28,307,82,422,55,88,254,25
"2011","Havering 016D","E01002352","Total",879,68,149,567,95,451,15,41,321,74,428,53,108,246,21
"2011","Havering 016E","E01002358","Total",1014,73,159,660,122,518,23,41,367,87,496,50,118,293,35
"2011","Havering 017A","E01002246","Total",792,80,149,479,84,416,26,45,278,67,376,54,104,201,17
"2011","Havering 017B","E01002247","Total",912,70,157,570,115,476,14,49,324,89,436,56,108,246,26
"2011","Havering 017C","E01002248","Total",622,51,104,401,66,318,13,27,228,50,304,38,77,173,16
"2011","Havering 017D","E01002249","Total",1024,95,139,679,111,528,28,42,364,94,496,67,97,315,17
"2011","Havering 017E","E01002250","Total",824,60,136,543,85,434,19,33,313,69,390,41,103,230,16
"2011","Havering 017F","E01002251","Total",620,57,111,393,59,334,15,34,240,45,286,42,77,153,14
"2011","Havering 018A","E01002252","Total",705,87,128,414,76,356,20,22,251,63,349,67,106,163,13
"2011","Havering 018B","E01002256","Total",711,75,131,420,85,372,19,32,250,71,339,56,99,170,14
"2011","Havering 018C","E01002258","Total",724,71,124,424,105,356,17,26,225,88,368,54,98,199,17
"2011","Havering 018D","E01002259","Total",712,60,121,437,94,385,19,30,262,74,327,41,91,175,20
"2011","Havering 018E","E01002391","Total",714,90,129,408,87,387,21,36,256,74,327,69,93,152,13
"2011","Havering 019A","E01002253","Total",714,87,104,405,118,408,23,24,268,93,306,64,80,137,25
"2011","Havering 019B","E01002254","Total",733,95,127,407,104,402,19,35,260,88,331,76,92,147,16
"2011","Havering 019C","E01002257","Total",740,80,116,380,164,424,17,27,241,139,316,63,89,139,25
"2011","Havering 019D","E01002384","Total",750,81,117,431,121,394,18,23,256,97,356,63,94,175,24
"2011","Havering 020A","E01002359","Total",662,83,119,374,86,350,18,28,234,70,312,65,91,140,16
"2011","Havering 020B","E01002360","Total",620,66,121,357,76,327,16,37,215,59,293,50,84,142,17
"2011","Havering 020C","E01002361","Total",862,62,154,519,127,463,17,33,310,103,399,45,121,209,24
"2011","Havering 020D","E01002363","Total",732,80,129,446,77,384,19,29,274,62,348,61,100,172,15
"2011","Havering 020E","E01002367","Total",822,76,142,499,105,433,19,28,302,84,389,57,114,197,21
"2011","Havering 021A","E01002320","Total",826,82,158,487,99,427,20,31,298,78,399,62,127,189,21
"2011","Havering 021B","E01002321","Total",829,92,138,461,138,437,22,27,277,111,392,70,111,184,27
"2011","Havering 021C","E01002322","Total",1102,105,206,651,140,589,32,44,398,115,513,73,162,253,25
"2011","Havering 021D","E01002323","Total",851,77,150,528,96,458,24,32,321,81,393,53,118,207,15
"2011","Havering 021E","E01002324","Total",675,64,129,398,84,358,16,33,240,69,317,48,96,158,15
"2011","Havering 022A","E01002255","Total",745,74,116,465,90,379,20,20,272,67,366,54,96,193,23
"2011","Havering 022B","E01002289","Total",782,86,130,471,95,408,17,28,280,83,374,69,102,191,12
"2011","Havering 022C","E01002292","Total",681,55,130,404,92,361,10,30,249,72,320,45,100,155,20
"2011","Havering 022D","E01002362","Total",764,70,123,461,110,386,16,29,258,83,378,54,94,203,27
"2011","Havering 022E","E01002386","Total",981,89,136,621,135,543,29,27,388,99,438,60,109,233,36
"2011","Havering 023A","E01002287","Total",799,78,134,491,96,426,24,27,305,70,373,54,107,186,26
"2011","Havering 023B","E01002291","Total",839,57,116,557,109,458,15,33,332,78,381,42,83,225,31
"2011","Havering 023C","E01002364","Total",666,64,103,435,64,346,20,18,251,57,320,44,85,184,7
"2011","Havering 023D","E01002365","Total",659,71,122,411,55,340,23,22,252,43,319,48,100,159,12
"2011","Havering 023E","E01002366","Total",768,69,137,471,91,392,17,26,275,74,376,52,111,196,17
"2011","Havering 024A","E01002385","Total",787,88,155,417,127,438,20,48,268,102,349,68,107,149,25
"2011","Havering 024B","E01002387","Total",768,82,150,409,127,417,17,36,259,105,351,65,114,150,22
"2011","Havering 024C","E01002388","Total",802,94,134,425,149,437,19,32,267,119,365,75,102,158,30
"2011","Havering 024D","E01002389","Total",691,96,126,360,109,375,24,31,223,97,316,72,95,137,12
"2011","Havering 024E","E01002390","Total",695,87,134,354,120,381,25,26,233,97,314,62,108,121,23
"2011","Havering 025A","E01002265","Total",788,63,123,522,80,415,16,28,310,61,373,47,95,212,19
"2011","Havering 025B","E01002285","Total",613,44,122,380,67,343,12,32,246,53,270,32,90,134,14
"2011","Havering 025C","E01002286","Total",808,96,153,461,98,429,18,29,298,84,379,78,124,163,14
"2011","Havering 025D","E01002288","Total",871,101,146,533,91,449,23,25,329,72,422,78,121,204,19
"2011","Havering 025E","E01002290","Total",691,65,122,429,75,371,14,24,276,57,320,51,98,153,18
"2011","Havering 026A","E01002260","Total",739,74,144,461,60,383,25,42,272,44,356,49,102,189,16
"2011","Havering 026B","E01002261","Total",816,68,159,515,74,443,17,40,329,57,373,51,119,186,17
"2011","Havering 026C","E01002262","Total",759,72,131,494,62,400,18,26,307,49,359,54,105,187,13
"2011","Havering 026D","E01002263","Total",864,66,119,573,106,458,14,29,333,82,406,52,90,240,24
"2011","Havering 026E","E01002264","Total",584,45,119,348,72,303,9,34,203,57,281,36,85,145,15
"2011","Havering 027A","E01002266","Total",654,59,129,401,65,355,12,28,259,56,299,47,101,142,9
"2011","Havering 027B","E01002267","Total",686,62,146,406,72,338,15,18,249,56,348,47,128,157,16
"2011","Havering 027C","E01002372","Total",777,91,153,469,64,390,25,34,282,49,387,66,119,187,15
"2011","Havering 027D","E01002373","Total",742,75,141,446,80,391,19,31,267,74,351,56,110,179,6
"2011","Havering 027E","E01002374","Total",737,59,120,482,76,389,17,20,289,63,348,42,100,193,13
"2011","Havering 028A","E01002368","Total",661,63,132,386,80,371,22,48,239,62,290,41,84,147,18
"2011","Havering 028B","E01002369","Total",856,79,153,524,100,460,18,48,314,80,396,61,105,210,20
"2011","Havering 028C","E01002370","Total",914,90,177,537,110,503,31,54,321,97,411,59,123,216,13
"2011","Havering 028D","E01002371","Total",742,94,120,442,86,395,27,24,270,74,347,67,96,172,12
"2011","Havering 028E","E01002375","Total",680,68,148,405,59,351,15,39,248,49,329,53,109,157,10
"2011","Havering 029A","E01002343","Total",809,101,159,458,91,429,29,36,290,74,380,72,123,168,17
"2011","Havering 029B","E01002344","Total",702,79,128,407,88,395,19,43,261,72,307,60,85,146,16
"2011","Havering 029C","E01002348","Total",737,91,151,420,75,408,30,26,288,64,329,61,125,132,11
"2011","Havering 029D","E01002349","Total",761,69,135,458,99,398,17,28,273,80,363,52,107,185,19
"2011","Havering 030A","E01002342","Total",718,58,138,440,82,390,17,30,275,68,328,41,108,165,14
"2011","Havering 030B","E01002345","Total",769,68,139,467,95,384,15,38,259,72,385,53,101,208,23
"2011","Havering 030C","E01002346","Total",745,65,142,467,71,374,13,43,262,56,371,52,99,205,15
"2011","Havering 030D","E01002347","Total",669,64,135,410,60,343,16,30,249,48,326,48,105,161,12
"2011","Hillingdon 001A","E01002473","Total",766,108,131,364,163,419,35,42,208,134,347,73,89,156,29
"2011","Hillingdon 001B","E01002475","Total",707,47,108,438,114,366,12,34,231,89,341,35,74,207,25
"2011","Hillingdon 001C","E01002476","Total",757,73,125,401,158,413,20,35,226,132,344,53,90,175,26
"2011","Hillingdon 001D","E01002477","Total",614,51,85,369,109,314,14,22,200,78,300,37,63,169,31
"2011","Hillingdon 001E","E01002482","Total",751,103,135,388,125,397,29,33,236,99,354,74,102,152,26
"2011","Hillingdon 002A","E01002472","Total",752,72,93,465,122,395,29,22,255,89,357,43,71,210,33
"2011","Hillingdon 002B","E01002474","Total",758,70,148,405,135,383,14,41,235,93,375,56,107,170,42
"2011","Hillingdon 002C","E01002478","Total",780,69,124,450,137,417,16,45,261,95,363,53,79,189,42
"2011","Hillingdon 002D","E01002483","Total",844,70,144,505,125,434,22,40,291,81,410,48,104,214,44
"2011","Hillingdon 002E","E01002484","Total",736,65,117,455,99,386,17,36,266,67,350,48,81,189,32
"2011","Hillingdon 002F","E01002485","Total",871,65,149,544,113,437,19,37,301,80,434,46,112,243,33
"2011","Hillingdon 003A","E01002438","Total",671,52,113,387,119,352,14,25,213,100,319,38,88,174,19
"2011","Hillingdon 003B","E01002439","Total",803,57,149,494,103,412,17,39,284,72,391,40,110,210,31
"2011","Hillingdon 003C","E01002440","Total",677,48,125,416,88,346,18,31,229,68,331,30,94,187,20
"2011","Hillingdon 003D","E01002441","Total",769,77,121,460,111,406,29,35,256,86,363,48,86,204,25
"2011","Hillingdon 003E","E01002442","Total",775,64,119,489,103,426,26,41,284,75,349,38,78,205,28
"2011","Hillingdon 004A","E01002433","Total",899,61,172,545,121,458,14,41,309,94,441,47,131,236,27
"2011","Hillingdon 004B","E01002436","Total",818,69,147,482,120,431,21,33,287,90,387,48,114,195,30
"2011","Hillingdon 004C","E01002479","Total",811,63,146,494,108,413,18,38,283,74,398,45,108,211,34
"2011","Hillingdon 004D","E01002480","Total",888,75,149,521,143,486,26,45,307,108,402,49,104,214,35
"2011","Hillingdon 004E","E01002481","Total",776,88,120,461,107,412,21,31,279,81,364,67,89,182,26
"2011","Hillingdon 005A","E01002533","Total",738,50,154,449,85,353,17,32,241,63,385,33,122,208,22
"2011","Hillingdon 005B","E01002534","Total",693,59,119,411,104,371,17,31,234,89,322,42,88,177,15
"2011","Hillingdon 005C","E01002538","Total",837,75,145,503,114,413,20,34,275,84,424,55,111,228,30
"2011","Hillingdon 005D","E01002539","Total",743,64,152,413,114,386,24,21,249,92,357,40,131,164,22
"2011","Hillingdon 006A","E01002418","Total",861,79,153,534,95,460,24,32,325,79,401,55,121,209,16
"2011","Hillingdon 006B","E01002419","Total",795,67,137,484,107,411,29,16,280,86,384,38,121,204,21
"2011","Hillingdon 006C","E01002431","Total",688,75,123,405,85,346,16,25,235,70,342,59,98,170,15
"2011","Hillingdon 006D","E01002432","Total",839,77,149,500,113,449,25,46,287,91,390,52,103,213,22
"2011","Hillingdon 006E","E01002437","Total",665,69,126,370,100,359,22,32,227,78,306,47,94,143,22
"2011","Hillingdon 007A","E01002430","Total",748,81,133,418,116,392,28,31,245,88,356,53,102,173,28
"2011","Hillingdon 007B","E01002434","Total",662,72,120,340,130,342,21,21,196,104,320,51,99,144,26
"2011","Hillingdon 007C","E01002435","Total",731,75,134,417,105,392,31,33,248,80,339,44,101,169,25
"2011","Hillingdon 007D","E01002470","Total",868,76,140,524,128,478,23,39,318,98,390,53,101,206,30
"2011","Hillingdon 007E","E01002535","Total",989,76,136,621,156,540,26,37,354,123,449,50,99,267,33
"2011","Hillingdon 008A","E01002416","Total",908,65,169,564,110,479,18,39,333,89,429,47,130,231,21
"2011","Hillingdon 008B","E01002417","Total",788,77,130,482,99,402,22,32,270,78,386,55,98,212,21
"2011","Hillingdon 008C","E01002420","Total",815,64,132,532,87,412,20,23,304,65,403,44,109,228,22
"2011","Hillingdon 008D","E01002421","Total",833,60,154,507,112,434,17,31,290,96,399,43,123,217,16
"2011","Hillingdon 008E","E01002471","Total",891,69,155,562,105,443,13,37,317,76,448,56,118,245,29
"2011","Hillingdon 009A","E01002465","Total",831,55,152,540,84,408,13,44,296,55,423,42,108,244,29
"2011","Hillingdon 009B","E01002467","Total",699,67,125,406,101,374,15,33,246,80,325,52,92,160,21
"2011","Hillingdon 009C","E01002494","Total",921,64,143,623,91,483,23,35,357,68,438,41,108,266,23
"2011","Hillingdon 009D","E01002536","Total",801,41,104,520,136,414,13,19,300,82,387,28,85,220,54
"2011","Hillingdon 009E","E01002537","Total",793,54,117,501,121,439,17,28,303,91,354,37,89,198,30
"2011","Hillingdon 010A","E01002415","Total",925,84,159,555,127,476,19,36,323,98,449,65,123,232,29
"2011","Hillingdon 010B","E01002466","Total",883,73,126,578,106,454,12,27,330,85,429,61,99,248,21
"2011","Hillingdon 010C","E01002468","Total",957,99,137,604,117,499,21,22,366,90,458,78,115,238,27
"2011","Hillingdon 010D","E01002469","Total",926,74,147,601,104,495,21,29,362,83,431,53,118,239,21
"2011","Hillingdon 010E","E01002495","Total",1392,84,125,968,215,861,26,33,629,173,531,58,92,339,42
"2011","Hillingdon 011A","E01002458","Total",678,84,123,374,97,353,22,18,236,77,325,62,105,138,20
"2011","Hillingdon 011B","E01002459","Total",739,85,135,403,116,384,22,30,241,91,355,63,105,162,25
"2011","Hillingdon 011C","E01002460","Total",646,58,101,388,99,363,24,23,235,81,283,34,78,153,18
"2011","Hillingdon 011D","E01002462","Total",717,76,120,399,122,396,31,26,243,96,321,45,94,156,26
"2011","Hillingdon 011E","E01002464","Total",803,63,134,510,96,420,16,30,299,75,383,47,104,211,21
"2011","Hillingdon 013A","E01002461","Total",720,90,135,351,144,382,25,36,211,110,338,65,99,140,34
"2011","Hillingdon 013B","E01002463","Total",771,97,129,439,106,424,23,31,285,85,347,74,98,154,21
"2011","Hillingdon 013C","E01002512","Total",885,84,146,515,140,490,31,44,301,114,395,53,102,214,26
"2011","Hillingdon 013D","E01002513","Total",684,55,105,407,117,364,23,25,229,87,320,32,80,178,30
"2011","Hillingdon 013E","E01002516","Total",740,72,140,418,110,395,22,39,249,85,345,50,101,169,25
"2011","Hillingdon 014A","E01002450","Total",747,67,136,459,85,385,21,29,267,68,362,46,107,192,17
"2011","Hillingdon 014B","E01002451","Total",772,70,131,491,80,398,20,20,291,67,374,50,111,200,13
"2011","Hillingdon 014C","E01002452","Total",827,63,129,549,86,463,23,37,330,73,364,40,92,219,13
"2011","Hillingdon 014D","E01002453","Total",872,72,129,576,95,482,27,36,347,72,390,45,93,229,23
"2011","Hillingdon 014E","E01002454","Total",787,61,132,506,88,407,18,32,290,67,380,43,100,216,21
"2011","Hillingdon 015A","E01002414","Total",1069,397,181,422,69,586,190,80,260,56,483,207,101,162,13
"2011","Hillingdon 015C","E01002514","Total",1042,81,140,644,177,566,34,32,369,131,476,47,108,275,46
"2011","Hillingdon 015D","E01002515","Total",837,63,130,532,112,429,23,32,290,84,408,40,98,242,28
"2011","Hillingdon 015F","E01033725","Total",1124,130,153,676,165,644,67,40,413,124,480,63,113,263,41
"2011","Hillingdon 016B","E01002520","Total",756,65,109,488,94,412,19,33,287,73,344,46,76,201,21
"2011","Hillingdon 016C","E01002521","Total",822,55,132,535,100,456,19,53,308,76,366,36,79,227,24
"2011","Hillingdon 016D","E01002523","Total",771,115,123,435,98,394,33,33,257,71,377,82,90,178,27
"2011","Hillingdon 016F","E01033724","Total",1825,567,313,794,151,883,212,98,468,105,942,355,215,326,46
"2011","Hillingdon 017A","E01002410","Total",868,103,131,531,103,464,47,31,308,78,404,56,100,223,25
"2011","Hillingdon 017B","E01002412","Total",1164,133,170,725,136,598,63,56,382,97,566,70,114,343,39
"2011","Hillingdon 017C","E01002456","Total",735,54,139,456,86,401,18,44,268,71,334,36,95,188,15
"2011","Hillingdon 017D","E01002509","Total",720,70,125,429,96,370,23,26,244,77,350,47,99,185,19
"2011","Hillingdon 017E","E01002511","Total",706,62,120,431,93,354,18,31,233,72,352,44,89,198,21
"2011","Hillingdon 018A","E01002422","Total",668,57,127,414,70,356,19,39,244,54,312,38,88,170,16
"2011","Hillingdon 018B","E01002423","Total",823,70,149,518,86,450,20,43,317,70,373,50,106,201,16
"2011","Hillingdon 018C","E01002424","Total",755,64,120,492,79,402,28,47,269,58,353,36,73,223,21
"2011","Hillingdon 018D","E01002425","Total",759,82,137,481,59,395,16,33,302,44,364,66,104,179,15
"2011","Hillingdon 018E","E01002427","Total",760,70,145,482,63,394,21,35,289,49,366,49,110,193,14
"2011","Hillingdon 018F","E01002428","Total",749,62,122,500,65,408,25,29,301,53,341,37,93,199,12
"2011","Hillingdon 019A","E01002408","Total",731,67,137,460,67,400,21,45,283,51,331,46,92,177,16
"2011","Hillingdon 019B","E01002409","Total",747,76,126,452,93,414,31,41,259,83,333,45,85,193,10
"2011","Hillingdon 019C","E01002429","Total",615,49,126,378,62,341,21,45,224,51,274,28,81,154,11
"2011","Hillingdon 019D","E01002455","Total",775,58,151,489,77,419,23,52,284,60,356,35,99,205,17
"2011","Hillingdon 019E","E01002457","Total",702,69,162,391,80,373,20,59,227,67,329,49,103,164,13
"2011","Hillingdon 020A","E01002392","Total",634,58,123,392,61,310,20,28,214,48,324,38,95,178,13
"2011","Hillingdon 020B","E01002393","Total",865,83,141,559,82,473,25,46,333,69,392,58,95,226,13
"2011","Hillingdon 020C","E01002540","Total",780,69,127,514,70,403,21,48,281,53,377,48,79,233,17
"2011","Hillingdon 020D","E01002542","Total",778,63,166,463,86,455,18,88,274,75,323,45,78,189,11
"2011","Hillingdon 020E","E01002543","Total",723,62,152,449,60,380,20,52,264,44,343,42,100,185,16
"2011","Hillingdon 021A","E01002394","Total",655,50,119,424,62,374,18,51,252,53,281,32,68,172,9
"2011","Hillingdon 021B","E01002395","Total",656,75,110,424,47,393,40,51,268,34,263,35,59,156,13
"2011","Hillingdon 021C","E01002397","Total",739,79,138,456,66,421,32,66,275,48,318,47,72,181,18
"2011","Hillingdon 021D","E01002398","Total",843,84,152,521,86,481,37,73,300,71,362,47,79,221,15
"2011","Hillingdon 021E","E01002399","Total",751,62,145,476,68,416,27,61,274,54,335,35,84,202,14
"2011","Hillingdon 021F","E01002426","Total",789,67,159,499,64,425,18,59,291,57,364,49,100,208,7
"2011","Hillingdon 022A","E01002411","Total",728,101,146,416,65,390,49,45,248,48,338,52,101,168,17
"2011","Hillingdon 022B","E01002413","Total",688,67,136,409,76,365,20,46,246,53,323,47,90,163,23
"2011","Hillingdon 022C","E01002518","Total",651,79,105,372,95,343,28,29,213,73,308,51,76,159,22
"2011","Hillingdon 022D","E01002519","Total",745,69,93,495,88,420,31,33,288,68,325,38,60,207,20
"2011","Hillingdon 022E","E01002550","Total",938,74,120,639,105,513,24,26,383,80,425,50,94,256,25
"2011","Hillingdon 022F","E01002554","Total",1313,76,179,896,162,731,33,58,517,123,582,43,121,379,39
"2011","Hillingdon 023A","E01002541","Total",1046,70,177,666,133,531,24,61,346,100,515,46,116,320,33
"2011","Hillingdon 023B","E01002544","Total",811,68,139,508,96,463,28,63,302,70,348,40,76,206,26
"2011","Hillingdon 023C","E01002545","Total",542,68,116,320,38,256,28,30,169,29,286,40,86,151,9
"2011","Hillingdon 023D","E01002546","Total",754,80,142,487,45,427,36,60,292,39,327,44,82,195,6
"2011","Hillingdon 023E","E01002547","Total",670,64,144,409,53,381,29,59,250,43,289,35,85,159,10
"2011","Hillingdon 024A","E01002400","Total",785,72,141,492,80,447,31,51,302,63,338,41,90,190,17
"2011","Hillingdon 024B","E01002401","Total",753,76,144,456,77,397,28,57,255,57,356,48,87,201,20
"2011","Hillingdon 024C","E01002402","Total",637,51,141,394,51,329,21,47,218,43,308,30,94,176,8
"2011","Hillingdon 024D","E01002403","Total",724,68,154,454,48,393,33,66,257,37,331,35,88,197,11
"2011","Hillingdon 024E","E01002404","Total",771,59,146,490,76,421,21,61,279,60,350,38,85,211,16
"2011","Hillingdon 025A","E01002548","Total",674,56,125,423,70,366,19,28,263,56,308,37,97,160,14
"2011","Hillingdon 025B","E01002549","Total",893,85,136,585,87,460,29,40,325,66,433,56,96,260,21
"2011","Hillingdon 025C","E01002551","Total",873,65,148,578,82,497,26,49,355,67,376,39,99,223,15
"2011","Hillingdon 025D","E01002552","Total",723,72,137,436,78,394,28,35,267,64,329,44,102,169,14
"2011","Hillingdon 025E","E01002553","Total",747,67,130,484,66,385,26,42,264,53,362,41,88,220,13
"2011","Hillingdon 026A","E01002396","Total",734,78,141,450,65,410,34,65,261,50,324,44,76,189,15
"2011","Hillingdon 026B","E01002501","Total",748,82,145,455,66,428,35,58,282,53,320,47,87,173,13
"2011","Hillingdon 026C","E01002502","Total",721,69,141,418,93,415,30,65,247,73,306,39,76,171,20
"2011","Hillingdon 026D","E01002505","Total",743,58,143,474,68,395,23,50,268,54,348,35,93,206,14
"2011","Hillingdon 026E","E01002508","Total",739,85,166,422,66,410,41,64,248,57,329,44,102,174,9
"2011","Hillingdon 027A","E01002405","Total",861,63,154,547,97,483,25,50,324,84,378,38,104,223,13
"2011","Hillingdon 027B","E01002406","Total",887,92,163,552,80,491,31,55,342,63,396,61,108,210,17
"2011","Hillingdon 027C","E01002503","Total",734,93,143,435,63,418,50,55,264,49,316,43,88,171,14
"2011","Hillingdon 027D","E01002504","Total",928,73,166,588,101,500,28,58,338,76,428,45,108,250,25
"2011","Hillingdon 027E","E01002506","Total",733,80,159,431,63,436,41,79,267,49,297,39,80,164,14
"2011","Hillingdon 027F","E01002507","Total",736,70,129,454,83,437,36,50,282,69,299,34,79,172,14
"2011","Hillingdon 028A","E01002486","Total",937,76,173,578,110,515,31,58,342,84,422,45,115,236,26
"2011","Hillingdon 028B","E01002487","Total",830,86,162,498,84,467,38,69,293,67,363,48,93,205,17
"2011","Hillingdon 028C","E01002526","Total",831,63,172,489,107,431,22,46,279,84,400,41,126,210,23
"2011","Hillingdon 028D","E01002528","Total",722,68,127,457,70,401,26,46,270,59,321,42,81,187,11
"2011","Hillingdon 028E","E01002532","Total",1054,57,168,712,117,559,15,52,402,90,495,42,116,310,27
"2011","Hillingdon 029A","E01002445","Total",651,42,122,421,66,335,18,28,236,53,316,24,94,185,13
"2011","Hillingdon 029B","E01002525","Total",840,59,138,531,112,447,20,32,316,79,393,39,106,215,33
"2011","Hillingdon 029C","E01002529","Total",1070,74,153,719,124,610,33,60,418,99,460,41,93,301,25
"2011","Hillingdon 029D","E01002530","Total",606,41,107,404,54,305,16,23,224,42,301,25,84,180,12
"2011","Hillingdon 029E","E01002531","Total",837,79,128,506,124,452,32,34,296,90,385,47,94,210,34
"2011","Hillingdon 030A","E01002407","Total",1030,98,207,649,76,579,37,74,408,60,451,61,133,241,16
"2011","Hillingdon 030B","E01002488","Total",789,73,157,500,59,423,25,54,292,52,366,48,103,208,7
"2011","Hillingdon 030C","E01002489","Total",854,94,155,541,64,480,36,66,326,52,374,58,89,215,12
"2011","Hillingdon 030D","E01002490","Total",990,98,177,617,98,547,46,72,352,77,443,52,105,265,21
"2011","Hillingdon 030E","E01002492","Total",732,76,146,440,70,420,32,66,266,56,312,44,80,174,14
"2011","Hillingdon 031A","E01002444","Total",939,59,149,595,136,560,30,58,362,110,379,29,91,233,26
"2011","Hillingdon 031B","E01002446","Total",834,57,137,529,111,477,29,39,332,77,357,28,98,197,34
"2011","Hillingdon 031C","E01002447","Total",971,60,124,613,174,570,24,42,372,132,401,36,82,241,42
"2011","Hillingdon 031D","E01002527","Total",687,36,97,470,84,388,10,31,283,64,299,26,66,187,20
"2011","Hillingdon 032A","E01002443","Total",848,68,163,542,75,467,33,61,311,62,381,35,102,231,13
"2011","Hillingdon 032B","E01002448","Total",977,56,161,666,94,542,17,67,386,72,435,39,94,280,22
"2011","Hillingdon 032C","E01002449","Total",1000,56,146,691,107,597,33,69,416,79,403,23,77,275,28
"2011","Hillingdon 032D","E01002491","Total",664,86,139,381,58,380,34,62,235,49,284,52,77,146,9
"2011","Hillingdon 032E","E01002493","Total",727,63,157,457,50,386,24,62,266,34,341,39,95,191,16
"2011","Hillingdon 033A","E01002496","Total",945,70,156,604,115,485,23,36,343,83,460,47,120,261,32
"2011","Hillingdon 033B","E01002497","Total",912,87,169,551,105,485,32,49,325,79,427,55,120,226,26
"2011","Hillingdon 033C","E01002498","Total",713,67,125,444,77,379,17,46,256,60,334,50,79,188,17
"2011","Hillingdon 033D","E01002499","Total",864,71,125,566,102,467,20,47,317,83,397,51,78,249,19
"2011","Hillingdon 033E","E01032577","Total",839,69,145,535,90,427,23,26,312,66,412,46,119,223,24
"2011","Hounslow 001A","E01002569","Total",1051,75,108,562,306,549,30,40,300,179,502,45,68,262,127
"2011","Hounslow 001B","E01002570","Total",1021,67,109,600,245,535,26,42,310,157,486,41,67,290,88
"2011","Hounslow 001C","E01002573","Total",876,71,117,445,243,468,23,32,237,176,408,48,85,208,67
"2011","Hounslow 001D","E01002574","Total",881,81,107,468,225,433,37,32,216,148,448,44,75,252,77
"2011","Hounslow 001E","E01002575","Total",942,56,118,523,245,515,22,40,282,171,427,34,78,241,74
"2011","Hounslow 003A","E01002562","Total",653,54,113,407,79,358,22,37,240,59,295,32,76,167,20
"2011","Hounslow 003B","E01002564","Total",894,66,130,573,125,452,21,44,296,91,442,45,86,277,34
"2011","Hounslow 003C","E01002566","Total",993,73,172,599,149,553,30,68,351,104,440,43,104,248,45
"2011","Hounslow 003D","E01002568","Total",1267,79,218,819,151,641,30,64,433,114,626,49,154,386,37
"2011","Hounslow 003F","E01033081","Total",751,39,104,446,162,427,14,43,255,115,324,25,61,191,47
"2011","Hounslow 003G","E01033082","Total",653,44,96,410,103,357,20,29,238,70,296,24,67,172,33
"2011","Hounslow 004A","E01002620","Total",742,69,144,462,67,439,27,69,293,50,303,42,75,169,17
"2011","Hounslow 004B","E01002625","Total",818,80,164,495,79,451,28,65,294,64,367,52,99,201,15
"2011","Hounslow 004C","E01002626","Total",788,84,141,476,87,419,33,56,266,64,369,51,85,210,23
"2011","Hounslow 004D","E01002627","Total",699,54,150,435,60,397,15,71,265,46,302,39,79,170,14
"2011","Hounslow 004E","E01002631","Total",755,63,153,477,62,439,33,77,280,49,316,30,76,197,13
"2011","Hounslow 005A","E01002633","Total",626,64,140,362,60,364,35,63,221,45,262,29,77,141,15
"2011","Hounslow 005B","E01002634","Total",586,57,133,343,53,340,33,57,210,40,246,24,76,133,13
"2011","Hounslow 005C","E01002637","Total",655,70,130,411,44,374,37,60,243,34,281,33,70,168,10
"2011","Hounslow 005D","E01002638","Total",708,75,157,406,70,401,26,71,251,53,307,49,86,155,17
"2011","Hounslow 006A","E01002563","Total",911,70,151,556,134,469,19,53,306,91,442,51,98,250,43
"2011","Hounslow 006B","E01002565","Total",1412,157,229,859,167,717,59,78,465,115,695,98,151,394,52
"2011","Hounslow 006C","E01002567","Total",1082,60,156,663,203,558,20,52,364,122,524,40,104,299,81
"2011","Hounslow 006D","E01002684","Total",1335,79,186,817,253,716,31,65,430,190,619,48,121,387,63
"2011","Hounslow 006E","E01002686","Total",789,66,170,481,72,397,24,55,265,53,392,42,115,216,19
"2011","Hounslow 007A","E01002571","Total",771,64,110,383,214,428,17,44,215,152,343,47,66,168,62
"2011","Hounslow 007B","E01002572","Total",745,81,121,452,91,388,30,33,260,65,357,51,88,192,26
"2011","Hounslow 007C","E01002577","Total",947,80,129,506,232,540,25,45,287,183,407,55,84,219,49
"2011","Hounslow 007D","E01002578","Total",770,55,125,366,224,426,17,36,207,166,344,38,89,159,58
"2011","Hounslow 007E","E01002689","Total",803,63,110,425,205,422,20,35,222,145,381,43,75,203,60
"2011","Hounslow 007F","E01002690","Total",764,69,92,394,209,410,23,33,207,147,354,46,59,187,62
"2011","Hounslow 008A","E01002576","Total",862,83,135,457,187,472,32,44,263,133,390,51,91,194,54
"2011","Hounslow 008B","E01002579","Total",943,77,141,482,243,486,22,45,263,156,457,55,96,219,87
"2011","Hounslow 008C","E01002580","Total",774,38,100,475,161,413,9,31,263,110,361,29,69,212,51
"2011","Hounslow 008D","E01002581","Total",1179,69,153,706,251,618,22,54,389,153,561,47,99,317,98
"2011","Hounslow 008E","E01002582","Total",948,81,123,496,248,509,31,29,273,176,439,50,94,223,72
"2011","Hounslow 009A","E01002675","Total",1315,115,201,819,180,724,49,66,475,134,591,66,135,344,46
"2011","Hounslow 009B","E01002678","Total",1061,95,182,626,158,598,35,72,386,105,463,60,110,240,53
"2011","Hounslow 009C","E01002679","Total",989,74,168,625,122,526,32,55,348,91,463,42,113,277,31
"2011","Hounslow 009D","E01002680","Total",1034,85,185,598,166,614,39,93,358,124,420,46,92,240,42
"2011","Hounslow 010A","E01002619","Total",895,89,164,555,87,506,36,67,342,61,389,53,97,213,26
"2011","Hounslow 010B","E01002622","Total",888,79,166,568,75,505,39,79,331,56,383,40,87,237,19
"2011","Hounslow 010C","E01002632","Total",898,90,147,571,90,507,44,51,337,75,391,46,96,234,15
"2011","Hounslow 010D","E01002635","Total",838,73,156,556,53,485,25,64,353,43,353,48,92,203,10
"2011","Hounslow 010E","E01002636","Total",941,81,165,610,85,507,34,71,337,65,434,47,94,273,20
"2011","Hounslow 011A","E01002618","Total",830,80,149,512,89,459,34,60,299,66,371,46,89,213,23
"2011","Hounslow 011B","E01002621","Total",858,69,145,566,78,492,30,59,340,63,366,39,86,226,15
"2011","Hounslow 011C","E01002623","Total",734,72,153,440,69,413,30,75,252,56,321,42,78,188,13
"2011","Hounslow 011D","E01002628","Total",978,100,182,591,105,556,40,85,349,82,422,60,97,242,23
"2011","Hounslow 011E","E01002629","Total",961,79,153,632,97,565,27,67,398,73,396,52,86,234,24
"2011","Hounslow 012A","E01002630","Total",861,65,166,535,95,501,23,71,332,75,360,42,95,203,20
"2011","Hounslow 012B","E01002639","Total",930,80,192,579,79,531,40,89,342,60,399,40,103,237,19
"2011","Hounslow 012C","E01002640","Total",973,103,195,592,83,588,55,101,369,63,385,48,94,223,20
"2011","Hounslow 012D","E01002674","Total",916,85,131,589,111,502,38,49,336,79,414,47,82,253,32
"2011","Hounslow 012E","E01002676","Total",865,65,125,563,112,492,27,51,332,82,373,38,74,231,30
"2011","Hounslow 013A","E01002583","Total",813,78,141,508,86,466,38,57,307,64,347,40,84,201,22
"2011","Hounslow 013B","E01002584","Total",812,79,164,502,67,489,44,79,313,53,323,35,85,189,14
"2011","Hounslow 013C","E01002585","Total",765,62,165,465,73,446,32,66,292,56,319,30,99,173,17
"2011","Hounslow 013D","E01002586","Total",845,59,116,590,80,489,26,55,342,66,356,33,61,248,14
"2011","Hounslow 013E","E01002589","Total",866,88,157,539,82,501,32,70,325,74,365,56,87,214,8
"2011","Hounslow 014A","E01002668","Total",1123,50,129,780,164,566,12,36,411,107,557,38,93,369,57
"2011","Hounslow 014B","E01002669","Total",848,82,137,538,91,427,22,44,301,60,421,60,93,237,31
"2011","Hounslow 014C","E01002681","Total",1047,83,165,678,121,543,27,49,389,78,504,56,116,289,43
"2011","Hounslow 014D","E01002682","Total",1235,89,159,824,163,661,36,56,458,111,574,53,103,366,52
"2011","Hounslow 014E","E01002683","Total",1406,85,186,903,232,758,36,51,514,157,648,49,135,389,75
"2011","Hounslow 015A","E01002642","Total",1026,84,218,641,83,646,38,122,419,67,380,46,96,222,16
"2011","Hounslow 015B","E01002643","Total",1082,95,198,659,130,606,41,72,400,93,476,54,126,259,37
"2011","Hounslow 015C","E01002645","Total",1035,102,201,638,94,631,48,105,406,72,404,54,96,232,22
"2011","Hounslow 015D","E01002658","Total",725,59,110,434,122,389,23,30,243,93,336,36,80,191,29
"2011","Hounslow 015E","E01002677","Total",865,72,146,523,124,487,26,60,317,84,378,46,86,206,40
"2011","Hounslow 016A","E01002587","Total",885,92,163,565,65,530,39,77,363,51,355,53,86,202,14
"2011","Hounslow 016B","E01002588","Total",641,56,156,367,62,325,16,60,197,52,316,40,96,170,10
"2011","Hounslow 016C","E01002660","Total",910,92,136,587,95,520,44,59,347,70,390,48,77,240,25
"2011","Hounslow 016D","E01002661","Total",950,95,145,616,94,569,49,69,378,73,381,46,76,238,21
"2011","Hounslow 016E","E01002665","Total",750,72,143,481,54,433,33,68,288,44,317,39,75,193,10
"2011","Hounslow 017A","E01002624","Total",745,70,123,485,67,415,24,54,286,51,330,46,69,199,16
"2011","Hounslow 017B","E01002646","Total",823,84,147,537,55,486,37,69,334,46,337,47,78,203,9
"2011","Hounslow 017C","E01002662","Total",1128,91,196,744,97,684,45,92,468,79,444,46,104,276,18
"2011","Hounslow 017D","E01002663","Total",957,75,198,615,69,547,31,100,362,54,410,44,98,253,15
"2011","Hounslow 017E","E01002664","Total",896,73,174,569,80,520,28,80,351,61,376,45,94,218,19
"2011","Hounslow 018A","E01002641","Total",977,90,182,580,125,545,38,70,344,93,432,52,112,236,32
"2011","Hounslow 018C","E01002648","Total",1355,150,260,817,128,804,61,118,529,96,551,89,142,288,32
"2011","Hounslow 018D","E01002649","Total",1006,123,181,611,91,574,69,77,366,62,432,54,104,245,29
"2011","Hounslow 018E","E01002657","Total",970,97,174,589,110,504,43,55,330,76,466,54,119,259,34
"2011","Hounslow 018F","E01033083","Total",987,69,121,731,66,663,38,64,504,57,324,31,57,227,9
"2011","Hounslow 018G","E01033084","Total",904,89,187,531,97,542,44,92,335,71,362,45,95,196,26
"2011","Hounslow 019A","E01002653","Total",888,89,130,573,96,483,33,41,338,71,405,56,89,235,25
"2011","Hounslow 019B","E01002654","Total",967,88,155,615,109,495,27,45,337,86,472,61,110,278,23
"2011","Hounslow 019C","E01002655","Total",979,89,167,621,102,535,31,47,381,76,444,58,120,240,26
"2011","Hounslow 019D","E01002656","Total",672,62,112,422,76,361,24,36,249,52,311,38,76,173,24
"2011","Hounslow 019E","E01002659","Total",685,53,120,430,82,343,18,37,232,56,342,35,83,198,26
"2011","Hounslow 020A","E01002667","Total",812,58,123,491,140,422,16,41,277,88,390,42,82,214,52
"2011","Hounslow 020B","E01002670","Total",925,84,139,564,138,484,28,52,311,93,441,56,87,253,45
"2011","Hounslow 020C","E01002671","Total",847,67,141,502,137,410,17,30,280,83,437,50,111,222,54
"2011","Hounslow 020D","E01002672","Total",796,60,150,462,124,403,24,58,244,77,393,36,92,218,47
"2011","Hounslow 020E","E01002673","Total",588,94,149,297,48,316,36,71,168,41,272,58,78,129,7
"2011","Hounslow 021A","E01002647","Total",953,94,187,582,90,525,34,82,340,69,428,60,105,242,21
"2011","Hounslow 021B","E01002650","Total",1087,113,202,664,108,621,40,98,398,85,466,73,104,266,23
"2011","Hounslow 021C","E01002651","Total",901,109,179,548,65,533,57,85,343,48,368,52,94,205,17
"2011","Hounslow 021D","E01002652","Total",859,76,167,539,77,490,31,71,322,66,369,45,96,217,11
"2011","Hounslow 021E","E01002666","Total",808,104,173,480,51,537,73,111,310,43,271,31,62,170,8
"2011","Hounslow 022A","E01002555","Total",1019,77,150,678,114,563,31,47,398,87,456,46,103,280,27
"2011","Hounslow 022B","E01002556","Total",815,64,152,527,72,440,15,44,322,59,375,49,108,205,13
"2011","Hounslow 022C","E01002590","Total",923,77,140,605,101,473,25,39,339,70,450,52,101,266,31
"2011","Hounslow 022D","E01002592","Total",937,76,143,619,99,513,21,51,361,80,424,55,92,258,19
"2011","Hounslow 022E","E01002595","Total",943,109,144,610,80,508,39,37,367,65,435,70,107,243,15
"2011","Hounslow 023A","E01002557","Total",904,87,150,549,118,503,32,48,333,90,401,55,102,216,28
"2011","Hounslow 023B","E01002558","Total",899,65,156,567,111,489,17,52,330,90,410,48,104,237,21
"2011","Hounslow 023C","E01002559","Total",1165,92,205,727,141,618,30,70,409,109,547,62,135,318,32
"2011","Hounslow 023D","E01002560","Total",785,68,124,503,90,430,25,33,298,74,355,43,91,205,16
"2011","Hounslow 023E","E01002561","Total",637,51,117,403,66,309,13,28,216,52,328,38,89,187,14
"2011","Hounslow 024A","E01002591","Total",854,72,113,550,119,462,30,26,306,100,392,42,87,244,19
"2011","Hounslow 024B","E01002593","Total",1038,75,164,698,101,589,23,57,424,85,449,52,107,274,16
"2011","Hounslow 024C","E01002594","Total",924,88,157,571,108,500,34,53,317,96,424,54,104,254,12
"2011","Hounslow 024D","E01002611","Total",902,81,163,551,107,492,30,52,326,84,410,51,111,225,23
"2011","Hounslow 024E","E01002612","Total",794,54,146,513,81,433,16,54,299,64,361,38,92,214,17
"2011","Hounslow 024F","E01002613","Total",884,73,177,547,87,480,29,59,326,66,404,44,118,221,21
"2011","Hounslow 025B","E01002598","Total",871,84,139,554,94,466,25,47,316,78,405,59,92,238,16
"2011","Hounslow 025C","E01002599","Total",743,62,122,486,73,390,18,34,284,54,353,44,88,202,19
"2011","Hounslow 025D","E01002600","Total",737,51,134,476,76,396,24,30,282,60,341,27,104,194,16
"2011","Hounslow 025E","E01002603","Total",964,65,166,643,90,497,23,53,357,64,467,42,113,286,26
"2011","Hounslow 025F","E01033000","Total",740,79,141,478,42,377,29,49,267,32,363,50,92,211,10
"2011","Hounslow 025G","E01033030","Total",981,44,82,752,103,607,22,28,481,76,374,22,54,271,27
"2011","Hounslow 026A","E01002604","Total",641,73,158,369,41,343,32,61,215,35,298,41,97,154,6
"2011","Hounslow 026B","E01002605","Total",842,62,169,511,100,437,15,65,284,73,405,47,104,227,27
"2011","Hounslow 026C","E01002606","Total",675,55,132,424,64,375,22,46,254,53,300,33,86,170,11
"2011","Hounslow 026D","E01002607","Total",918,75,162,578,103,486,16,49,337,84,432,59,113,241,19
"2011","Hounslow 026E","E01002615","Total",651,63,139,381,68,350,23,47,226,54,301,40,92,155,14
"2011","Hounslow 027A","E01002596","Total",997,70,129,675,123,550,35,36,388,91,447,35,93,287,32
"2011","Hounslow 027B","E01002601","Total",927,73,120,624,110,509,21,32,370,86,418,52,88,254,24
"2011","Hounslow 027C","E01002602","Total",808,65,132,522,89,407,20,26,282,79,401,45,106,240,10
"2011","Hounslow 027D","E01002614","Total",956,59,166,633,98,522,26,61,361,74,434,33,105,272,24
"2011","Hounslow 027E","E01002616","Total",671,47,127,419,78,369,15,38,252,64,302,32,89,167,14
"2011","Hounslow 028A","E01002608","Total",765,68,143,476,78,399,26,29,283,61,366,42,114,193,17
"2011","Hounslow 028B","E01002609","Total",900,68,149,579,104,486,20,49,348,69,414,48,100,231,35
"2011","Hounslow 028C","E01002610","Total",668,67,125,399,77,339,18,37,229,55,329,49,88,170,22
"2011","Hounslow 028D","E01002617","Total",867,73,131,540,123,459,17,28,318,96,408,56,103,222,27
"2011","Hounslow 029A","E01002687","Total",1074,53,108,665,248,588,20,39,351,178,486,33,69,314,70
"2011","Hounslow 029B","E01002691","Total",886,78,127,543,138,467,31,45,302,89,419,47,82,241,49
"2011","Hounslow 029C","E01002692","Total",1070,53,114,645,258,592,15,40,352,185,478,38,74,293,73
"2011","Hounslow 029D","E01002693","Total",919,50,115,553,201,513,27,52,295,139,406,23,63,258,62
"2011","Hounslow 029E","E01032573","Total",1035,40,106,641,248,563,13,32,358,160,472,27,74,283,88
"2011","Kingston upon Thames 001A","E01003006","Total",733,69,126,396,142,368,14,34,209,111,365,55,92,187,31
"2011","Kingston upon Thames 001B","E01003007","Total",733,66,156,387,124,385,13,32,249,91,348,53,124,138,33
"2011","Kingston upon Thames 001C","E01003008","Total",712,62,138,399,113,359,14,29,229,87,353,48,109,170,26
"2011","Kingston upon Thames 001D","E01003009","Total",954,103,166,514,171,480,27,47,280,126,474,76,119,234,45
"2011","Kingston upon Thames 001E","E01003010","Total",781,93,135,366,187,413,20,34,215,144,368,73,101,151,43
"2011","Kingston upon Thames 002A","E01002952","Total",645,72,98,301,174,374,20,43,181,130,271,52,55,120,44
"2011","Kingston upon Thames 002B","E01002953","Total",623,73,110,295,145,369,22,36,193,118,254,51,74,102,27
"2011","Kingston upon Thames 002C","E01002955","Total",682,86,142,329,125,356,34,44,185,93,326,52,98,144,32
"2011","Kingston upon Thames 002D","E01002956","Total",587,126,109,227,125,315,49,40,127,99,272,77,69,100,26
"2011","Kingston upon Thames 002E","E01002959","Total",606,61,88,315,142,340,22,20,186,112,266,39,68,129,30
"2011","Kingston upon Thames 003A","E01002935","Total",1066,126,166,592,182,571,51,66,330,124,495,75,100,262,58
"2011","Kingston upon Thames 003B","E01002938","Total",991,94,160,564,173,502,24,34,320,124,489,70,126,244,49
"2011","Kingston upon Thames 003C","E01002951","Total",773,84,114,408,167,428,31,43,244,110,345,53,71,164,57
"2011","Kingston upon Thames 003D","E01002954","Total",650,45,105,428,72,315,22,37,210,46,335,23,68,218,26
"2011","Kingston upon Thames 003E","E01002957","Total",709,122,178,345,64,364,50,76,188,50,345,72,102,157,14
"2011","Kingston upon Thames 004A","E01002933","Total",934,91,170,513,160,495,27,44,302,122,439,64,126,211,38
"2011","Kingston upon Thames 004B","E01002934","Total",979,95,144,533,207,521,24,28,308,161,458,71,116,225,46
"2011","Kingston upon Thames 004D","E01002937","Total",936,92,145,548,151,484,23,35,313,113,452,69,110,235,38
"2011","Kingston upon Thames 004E","E01003011","Total",914,102,131,502,179,458,34,27,261,136,456,68,104,241,43
"2011","Kingston upon Thames 004F","E01033568","Total",814,56,91,489,178,461,22,33,273,133,353,34,58,216,45
"2011","Kingston upon Thames 004G","E01033569","Total",935,98,121,565,151,506,27,48,320,111,429,71,73,245,40
"2011","Kingston upon Thames 005A","E01002964","Total",1051,148,161,597,145,545,51,57,338,99,506,97,104,259,46
"2011","Kingston upon Thames 005B","E01002969","Total",692,96,180,362,54,380,34,85,223,38,312,62,95,139,16
"2011","Kingston upon Thames 005C","E01002971","Total",979,121,151,572,135,521,45,53,327,96,458,76,98,245,39
"2011","Kingston upon Thames 005D","E01002972","Total",1011,111,166,584,150,531,42,55,331,103,480,69,111,253,47
"2011","Kingston upon Thames 005E","E01002974","Total",961,113,218,489,141,512,44,82,286,100,449,69,136,203,41
"2011","Kingston upon Thames 006A","E01002932","Total",773,74,165,452,82,402,32,56,251,63,371,42,109,201,19
"2011","Kingston upon Thames 006B","E01002960","Total",759,98,127,404,130,424,40,42,246,96,335,58,85,158,34
"2011","Kingston upon Thames 006C","E01002962","Total",726,89,160,384,93,363,23,49,220,71,363,66,111,164,22
"2011","Kingston upon Thames 006D","E01002970","Total",784,86,158,464,76,401,22,55,272,52,383,64,103,192,24
"2011","Kingston upon Thames 006E","E01002973","Total",645,66,155,355,69,338,25,55,205,53,307,41,100,150,16
"2011","Kingston upon Thames 007A","E01002929","Total",829,82,120,464,163,447,18,31,280,118,382,64,89,184,45
"2011","Kingston upon Thames 007B","E01002930","Total",894,109,161,515,109,471,42,57,293,79,423,67,104,222,30
"2011","Kingston upon Thames 007C","E01002931","Total",924,87,173,516,148,501,36,52,313,100,423,51,121,203,48
"2011","Kingston upon Thames 007D","E01002963","Total",878,68,138,543,129,470,27,39,311,93,408,41,99,232,36
"2011","Kingston upon Thames 007E","E01002985","Total",803,92,154,466,91,426,37,54,276,59,377,55,100,190,32
"2011","Kingston upon Thames 008A","E01002927","Total",749,87,138,424,100,383,21,39,254,69,366,66,99,170,31
"2011","Kingston upon Thames 008B","E01002928","Total",782,77,142,437,126,416,24,46,249,97,366,53,96,188,29
"2011","Kingston upon Thames 008C","E01002958","Total",933,76,154,575,128,487,20,37,337,93,446,56,117,238,35
"2011","Kingston upon Thames 008D","E01002961","Total",852,91,147,466,148,456,22,43,281,110,396,69,104,185,38
"2011","Kingston upon Thames 008E","E01002986","Total",600,58,104,332,106,331,21,38,195,77,269,37,66,137,29
"2011","Kingston upon Thames 009A","E01002965","Total",1223,171,164,668,220,675,79,56,384,156,548,92,108,284,64
"2011","Kingston upon Thames 009B","E01002967","Total",1178,103,111,723,241,624,34,39,378,173,554,69,72,345,68
"2011","Kingston upon Thames 009C","E01002968","Total",1300,189,185,675,251,704,71,67,386,180,596,118,118,289,71
"2011","Kingston upon Thames 009D","E01002990","Total",1132,73,110,759,190,616,21,49,430,116,516,52,61,329,74
"2011","Kingston upon Thames 009E","E01002991","Total",945,95,114,568,168,514,29,34,327,124,431,66,80,241,44
"2011","Kingston upon Thames 010A","E01002922","Total",853,93,123,486,151,447,29,27,279,112,406,64,96,207,39
"2011","Kingston upon Thames 010B","E01002926","Total",767,83,147,423,114,401,33,33,250,85,366,50,114,173,29
"2011","Kingston upon Thames 010C","E01002966","Total",1031,108,167,603,153,541,46,44,345,106,490,62,123,258,47
"2011","Kingston upon Thames 010D","E01002992","Total",750,165,126,362,97,376,58,42,212,64,374,107,84,150,33
"2011","Kingston upon Thames 011A","E01002921","Total",951,70,86,612,183,507,25,30,338,114,444,45,56,274,69
"2011","Kingston upon Thames 011B","E01002987","Total",978,86,115,616,161,522,36,41,334,111,456,50,74,282,50
"2011","Kingston upon Thames 011C","E01002988","Total",885,157,115,481,132,434,51,37,258,88,451,106,78,223,44
"2011","Kingston upon Thames 011D","E01002989","Total",1274,66,116,851,241,673,27,45,445,156,601,39,71,406,85
"2011","Kingston upon Thames 012A","E01002975","Total",649,65,119,369,96,371,30,48,224,69,278,35,71,145,27
"2011","Kingston upon Thames 012B","E01002977","Total",723,76,143,407,97,381,20,49,240,72,342,56,94,167,25
"2011","Kingston upon Thames 012C","E01002980","Total",695,91,129,372,103,367,31,46,215,75,328,60,83,157,28
"2011","Kingston upon Thames 012D","E01002981","Total",717,83,124,416,94,399,32,35,259,73,318,51,89,157,21
"2011","Kingston upon Thames 012E","E01002984","Total",612,66,109,342,95,336,22,39,207,68,276,44,70,135,27
"2011","Kingston upon Thames 013A","E01002923","Total",621,101,101,337,82,322,49,35,187,51,299,52,66,150,31
"2011","Kingston upon Thames 013B","E01002925","Total",1011,73,119,630,189,537,26,33,355,123,474,47,86,275,66
"2011","Kingston upon Thames 013C","E01002993","Total",989,60,92,656,181,540,31,36,353,120,449,29,56,303,61
"2011","Kingston upon Thames 013D","E01002995","Total",769,63,86,448,172,417,22,40,227,128,352,41,46,221,44
"2011","Kingston upon Thames 013E","E01002999","Total",848,62,85,557,144,442,21,36,295,90,406,41,49,262,54
"2011","Kingston upon Thames 014A","E01002915","Total",713,67,126,415,105,394,24,44,251,75,319,43,82,164,30
"2011","Kingston upon Thames 014B","E01002916","Total",719,89,128,413,89,372,29,30,248,65,347,60,98,165,24
"2011","Kingston upon Thames 014C","E01002917","Total",688,73,117,407,91,357,27,28,231,71,331,46,89,176,20
"2011","Kingston upon Thames 014D","E01002920","Total",787,78,144,443,122,397,27,31,245,94,390,51,113,198,28
"2011","Kingston upon Thames 014E","E01002924","Total",726,101,140,358,127,396,30,44,223,99,330,71,96,135,28
"2011","Kingston upon Thames 015A","E01002976","Total",859,73,166,512,108,440,20,32,305,83,419,53,134,207,25
"2011","Kingston upon Thames 015B","E01002978","Total",929,92,155,553,129,480,25,48,316,91,449,67,107,237,38
"2011","Kingston upon Thames 015C","E01002979","Total",831,73,140,492,126,436,29,29,290,88,395,44,111,202,38
"2011","Kingston upon Thames 015D","E01002982","Total",659,71,144,356,88,365,27,47,218,73,294,44,97,138,15
"2011","Kingston upon Thames 015E","E01002983","Total",823,96,148,470,109,441,32,46,281,82,382,64,102,189,27
"2011","Kingston upon Thames 016A","E01002994","Total",783,74,102,451,156,414,28,27,251,108,369,46,75,200,48
"2011","Kingston upon Thames 016B","E01002996","Total",855,86,123,488,158,436,31,34,269,102,419,55,89,219,56
"2011","Kingston upon Thames 016C","E01002997","Total",826,65,126,496,139,441,23,28,284,106,385,42,98,212,33
"2011","Kingston upon Thames 016D","E01002998","Total",768,81,144,465,78,371,25,43,255,48,397,56,101,210,30
"2011","Kingston upon Thames 016E","E01003002","Total",928,70,155,581,122,475,20,41,335,79,453,50,114,246,43
"2011","Kingston upon Thames 017A","E01002918","Total",856,73,175,525,83,454,27,60,306,61,402,46,115,219,22
"2011","Kingston upon Thames 017B","E01002919","Total",839,83,163,499,94,448,28,64,291,65,391,55,99,208,29
"2011","Kingston upon Thames 017C","E01003000","Total",774,79,175,433,87,397,20,60,252,65,377,59,115,181,22
"2011","Kingston upon Thames 017D","E01003001","Total",963,103,212,557,91,523,40,69,342,72,440,63,143,215,19
"2011","Kingston upon Thames 017E","E01003003","Total",838,66,166,515,91,441,21,64,289,67,397,45,102,226,24
"2011","Kingston upon Thames 018A","E01002939","Total",812,79,138,496,99,442,30,32,314,66,370,49,106,182,33
"2011","Kingston upon Thames 018B","E01002941","Total",747,67,137,441,102,397,17,41,260,79,350,50,96,181,23
"2011","Kingston upon Thames 018C","E01002942","Total",717,77,130,425,85,382,24,29,262,67,335,53,101,163,18
"2011","Kingston upon Thames 018D","E01003004","Total",828,94,157,485,92,435,36,52,285,62,393,58,105,200,30
"2011","Kingston upon Thames 018E","E01003005","Total",804,76,142,479,107,417,21,40,273,83,387,55,102,206,24
"2011","Kingston upon Thames 019A","E01002944","Total",715,58,130,457,70,371,16,38,268,49,344,42,92,189,21
"2011","Kingston upon Thames 019B","E01002945","Total",902,69,131,576,126,468,19,31,325,93,434,50,100,251,33
"2011","Kingston upon Thames 019C","E01002946","Total",825,65,141,521,98,412,22,30,296,64,413,43,111,225,34
"2011","Kingston upon Thames 019D","E01002947","Total",892,79,172,539,102,478,30,43,333,72,414,49,129,206,30
"2011","Kingston upon Thames 020A","E01002940","Total",774,71,177,456,70,403,21,45,277,60,371,50,132,179,10
"2011","Kingston upon Thames 020B","E01002943","Total",686,53,137,421,75,376,18,38,257,63,310,35,99,164,12
"2011","Kingston upon Thames 020C","E01002948","Total",1054,85,184,631,154,535,27,42,346,120,519,58,142,285,34
"2011","Kingston upon Thames 020D","E01002949","Total",951,85,180,558,128,498,20,38,339,101,453,65,142,219,27
"2011","Kingston upon Thames 020E","E01002950","Total",803,65,139,496,103,409,20,43,274,72,394,45,96,222,31
"2011","Merton 001A","E01003472","Total",714,56,100,388,170,388,16,18,226,128,326,40,82,162,42
"2011","Merton 001B","E01003473","Total",792,49,104,485,154,412,14,28,258,112,380,35,76,227,42
"2011","Merton 001C","E01003474","Total",678,70,94,298,216,394,24,29,165,176,284,46,65,133,40
"2011","Merton 001D","E01003475","Total",1569,74,177,1029,289,806,29,44,532,201,763,45,133,497,88
"2011","Merton 001E","E01003478","Total",947,55,113,598,181,521,21,28,337,135,426,34,85,261,46
"2011","Merton 002A","E01003460","Total",712,64,106,302,240,421,24,41,175,181,291,40,65,127,59
"2011","Merton 002B","E01003462","Total",643,73,85,310,175,357,20,30,170,137,286,53,55,140,38
"2011","Merton 002C","E01003464","Total",558,48,61,260,189,346,14,20,170,142,212,34,41,90,47
"2011","Merton 002D","E01003465","Total",560,64,77,217,202,352,27,28,130,167,208,37,49,87,35
"2011","Merton 003A","E01003400","Total",989,43,72,656,218,532,18,20,347,147,457,25,52,309,71
"2011","Merton 003B","E01003454","Total",814,47,97,465,205,425,8,26,256,135,389,39,71,209,70
"2011","Merton 003C","E01003456","Total",955,56,110,570,219,529,19,35,325,150,426,37,75,245,69
"2011","Merton 003D","E01003476","Total",752,66,103,439,144,397,30,36,227,104,355,36,67,212,40
"2011","Merton 003E","E01003477","Total",878,72,103,517,186,451,19,26,279,127,427,53,77,238,59
"2011","Merton 004A","E01003401","Total",752,47,60,440,205,428,13,17,249,149,324,34,43,191,56
"2011","Merton 004B","E01003402","Total",850,60,82,453,255,488,20,32,251,185,362,40,50,202,70
"2011","Merton 004C","E01003403","Total",855,63,102,445,245,467,24,33,231,179,388,39,69,214,66
"2011","Merton 004D","E01003404","Total",1021,44,81,653,243,543,21,24,336,162,478,23,57,317,81
"2011","Merton 004E","E01003461","Total",914,67,75,466,306,506,24,28,242,212,408,43,47,224,94
"2011","Merton 005A","E01003367","Total",1466,87,174,991,214,801,29,68,563,141,665,58,106,428,73
"2011","Merton 005B","E01003369","Total",1104,69,142,733,160,575,26,48,396,105,529,43,94,337,55
"2011","Merton 005C","E01003370","Total",1314,83,221,822,188,714,44,90,455,125,600,39,131,367,63
"2011","Merton 005D","E01003371","Total",962,63,152,614,133,500,26,58,322,94,462,37,94,292,39
"2011","Merton 005E","E01003455","Total",1061,39,85,732,205,573,16,28,400,129,488,23,57,332,76
"2011","Merton 006A","E01003359","Total",1004,72,113,636,183,506,31,34,331,110,498,41,79,305,73
"2011","Merton 006B","E01003360","Total",1138,57,112,715,254,576,22,28,373,153,562,35,84,342,101
"2011","Merton 006C","E01003457","Total",930,49,88,530,263,498,12,20,279,187,432,37,68,251,76
"2011","Merton 006D","E01003458","Total",1027,40,121,656,210,529,13,30,347,139,498,27,91,309,71
"2011","Merton 006E","E01003459","Total",1239,69,147,806,217,624,24,40,409,151,615,45,107,397,66
"2011","Merton 007A","E01003394","Total",1016,96,216,607,97,612,51,102,382,77,404,45,114,225,20
"2011","Merton 007B","E01003395","Total",725,70,143,448,64,402,32,56,261,53,323,38,87,187,11
"2011","Merton 007C","E01003396","Total",851,65,160,508,118,483,30,71,288,94,368,35,89,220,24
"2011","Merton 007D","E01003397","Total",784,88,140,455,101,451,38,63,272,78,333,50,77,183,23
"2011","Merton 007E","E01003398","Total",844,75,199,475,95,463,26,78,289,70,381,49,121,186,25
"2011","Merton 008A","E01003368","Total",848,74,153,506,115,467,28,64,297,78,381,46,89,209,37
"2011","Merton 008B","E01003372","Total",778,90,140,466,82,439,51,59,263,66,339,39,81,203,16
"2011","Merton 008C","E01003393","Total",874,54,167,536,117,465,27,68,287,83,409,27,99,249,34
"2011","Merton 008D","E01003406","Total",785,74,168,471,72,399,31,53,260,55,386,43,115,211,17
"2011","Merton 008E","E01003407","Total",1101,77,160,725,139,611,35,58,414,104,490,42,102,311,35
"2011","Merton 009A","E01003355","Total",1077,48,93,716,220,572,13,24,382,153,505,35,69,334,67
"2011","Merton 009B","E01003356","Total",1047,76,124,642,205,551,19,37,355,140,496,57,87,287,65
"2011","Merton 009C","E01003358","Total",1209,64,91,804,250,630,29,27,402,172,579,35,64,402,78
"2011","Merton 009D","E01003383","Total",1028,47,88,648,245,557,10,27,355,165,471,37,61,293,80
"2011","Merton 009E","E01003384","Total",947,67,96,580,204,504,14,32,323,135,443,53,64,257,69
"2011","Merton 010A","E01003442","Total",845,65,107,434,239,480,30,32,243,175,365,35,75,191,64
"2011","Merton 010B","E01003443","Total",800,66,110,429,195,407,17,27,227,136,393,49,83,202,59
"2011","Merton 010C","E01003444","Total",830,75,90,496,169,435,25,22,272,116,395,50,68,224,53
"2011","Merton 010D","E01003445","Total",889,74,132,503,180,479,27,34,281,137,410,47,98,222,43
"2011","Merton 010E","E01003463","Total",586,56,100,274,156,329,16,27,157,129,257,40,73,117,27
"2011","Merton 011A","E01003380","Total",1006,71,137,606,192,506,21,33,328,124,500,50,104,278,68
"2011","Merton 011B","E01003382","Total",941,56,110,622,153,460,18,22,320,100,481,38,88,302,53
"2011","Merton 011C","E01003385","Total",904,57,125,507,215,489,15,35,280,159,415,42,90,227,56
"2011","Merton 011D","E01003399","Total",877,48,92,555,182,455,14,29,294,118,422,34,63,261,64
"2011","Merton 011E","E01003423","Total",864,62,124,521,157,460,16,45,286,113,404,46,79,235,44
"2011","Merton 012A","E01003357","Total",900,85,159,538,118,456,35,59,288,74,444,50,100,250,44
"2011","Merton 012B","E01003376","Total",745,82,140,446,77,386,36,44,250,56,359,46,96,196,21
"2011","Merton 012C","E01003377","Total",626,63,176,338,49,309,21,67,184,37,317,42,109,154,12
"2011","Merton 012D","E01003408","Total",1149,83,168,761,137,617,35,58,429,95,532,48,110,332,42
"2011","Merton 012E","E01003410","Total",872,70,165,552,85,449,22,61,302,64,423,48,104,250,21
"2011","Merton 013A","E01003386","Total",1006,80,251,561,114,555,32,116,326,81,451,48,135,235,33
"2011","Merton 013B","E01003388","Total",638,56,128,399,55,327,22,52,213,40,311,34,76,186,15
"2011","Merton 013C","E01003389","Total",851,72,180,508,91,492,38,78,307,69,359,34,102,201,22
"2011","Merton 013D","E01003392","Total",696,69,134,415,78,392,30,59,247,56,304,39,75,168,22
"2011","Merton 013E","E01003409","Total",763,66,171,448,78,404,26,70,247,61,359,40,101,201,17
"2011","Merton 014A","E01003387","Total",719,60,139,455,65,371,29,46,246,50,348,31,93,209,15
"2011","Merton 014B","E01003391","Total",538,56,118,311,53,285,25,41,172,47,253,31,77,139,6
"2011","Merton 014C","E01003411","Total",857,74,164,515,104,448,24,64,281,79,409,50,100,234,25
"2011","Merton 014D","E01003412","Total",779,76,139,495,69,403,34,50,265,54,376,42,89,230,15
"2011","Merton 014E","E01003435","Total",643,64,123,390,66,306,21,37,201,47,337,43,86,189,19
"2011","Merton 015A","E01003361","Total",870,70,149,533,118,489,26,50,326,87,381,44,99,207,31
"2011","Merton 015B","E01003424","Total",731,70,131,396,134,385,23,35,229,98,346,47,96,167,36
"2011","Merton 015C","E01003425","Total",722,73,127,399,123,371,22,29,218,102,351,51,98,181,21
"2011","Merton 015D","E01003426","Total",844,72,144,490,138,445,19,37,288,101,399,53,107,202,37
"2011","Merton 015E","E01003428","Total",792,50,75,481,186,447,6,20,284,137,345,44,55,197,49
"2011","Merton 016A","E01003366","Total",847,58,126,557,106,456,20,50,311,75,391,38,76,246,31
"2011","Merton 016B","E01003381","Total",965,37,109,661,158,503,15,37,356,95,462,22,72,305,63
"2011","Merton 016C","E01003446","Total",1059,56,117,688,198,549,18,40,368,123,510,38,77,320,75
"2011","Merton 016D","E01003447","Total",810,63,129,510,108,416,24,41,272,79,394,39,88,238,29
"2011","Merton 016E","E01003471","Total",798,71,115,491,121,419,32,33,265,89,379,39,82,226,32
"2011","Merton 017A","E01003413","Total",953,76,164,620,93,488,33,57,336,62,465,43,107,284,31
"2011","Merton 017B","E01003414","Total",742,68,146,444,84,392,23,65,239,65,350,45,81,205,19
"2011","Merton 017C","E01003415","Total",763,68,146,473,76,387,23,48,258,58,376,45,98,215,18
"2011","Merton 017D","E01003416","Total",731,63,136,466,66,388,16,52,272,48,343,47,84,194,18
"2011","Merton 017E","E01003434","Total",760,74,166,437,83,384,25,50,247,62,376,49,116,190,21
"2011","Merton 018A","E01003373","Total",571,56,131,338,46,295,18,53,188,36,276,38,78,150,10
"2011","Merton 018B","E01003378","Total",984,86,188,599,111,483,25,55,317,86,501,61,133,282,25
"2011","Merton 018C","E01003379","Total",743,60,187,427,69,392,20,70,247,55,351,40,117,180,14
"2011","Merton 018D","E01003390","Total",696,73,167,413,43,366,27,71,234,34,330,46,96,179,9
"2011","Merton 018E","E01003405","Total",791,60,174,475,82,433,24,73,281,55,358,36,101,194,27
"2011","Merton 019A","E01003429","Total",714,56,161,426,71,369,19,56,246,48,345,37,105,180,23
"2011","Merton 019B","E01003430","Total",625,68,151,357,49,301,23,45,197,36,324,45,106,160,13
"2011","Merton 019C","E01003431","Total",635,66,137,398,34,314,16,45,224,29,321,50,92,174,5
"2011","Merton 019D","E01003432","Total",620,81,138,345,56,323,33,56,189,45,297,48,82,156,11
"2011","Merton 019E","E01003433","Total",689,63,137,432,57,360,26,43,256,35,329,37,94,176,22
"2011","Merton 020A","E01003466","Total",816,77,122,511,106,426,19,34,297,76,390,58,88,214,30
"2011","Merton 020B","E01003467","Total",846,63,137,498,148,445,21,46,275,103,401,42,91,223,45
"2011","Merton 020C","E01003468","Total",913,80,165,545,123,463,23,40,302,98,450,57,125,243,25
"2011","Merton 020D","E01003469","Total",843,78,168,499,98,463,24,71,302,66,380,54,97,197,32
"2011","Merton 020E","E01003470","Total",903,85,171,535,112,490,40,57,318,75,413,45,114,217,37
"2011","Merton 021A","E01003362","Total",671,58,127,388,98,365,13,36,239,77,306,45,91,149,21
"2011","Merton 021B","E01003363","Total",841,86,158,488,109,450,31,53,283,83,391,55,105,205,26
"2011","Merton 021C","E01003364","Total",876,81,161,510,124,457,21,44,295,97,419,60,117,215,27
"2011","Merton 021D","E01003365","Total",696,65,118,415,98,374,24,29,251,70,322,41,89,164,28
"2011","Merton 021E","E01003421","Total",868,79,140,532,117,462,25,42,304,91,406,54,98,228,26
"2011","Merton 022A","E01003374","Total",592,56,128,335,73,302,22,45,184,51,290,34,83,151,22
"2011","Merton 022B","E01003375","Total",789,68,132,500,89,417,20,46,281,70,372,48,86,219,19
"2011","Merton 022C","E01003437","Total",866,92,174,497,103,476,29,77,291,79,390,63,97,206,24
"2011","Merton 022D","E01003440","Total",730,69,133,454,74,392,24,43,269,56,338,45,90,185,18
"2011","Merton 022E","E01003441","Total",826,88,157,515,66,456,37,66,303,50,370,51,91,212,16
"2011","Merton 023A","E01003427","Total",901,73,156,552,120,518,30,68,326,94,383,43,88,226,26
"2011","Merton 023B","E01003436","Total",719,54,148,437,80,396,22,57,252,65,323,32,91,185,15
"2011","Merton 023C","E01003439","Total",707,79,136,414,78,386,32,53,244,57,321,47,83,170,21
"2011","Merton 023D","E01003448","Total",761,62,160,455,84,401,15,68,259,59,360,47,92,196,25
"2011","Merton 023E","E01003453","Total",759,59,168,464,68,426,18,78,280,50,333,41,90,184,18
"2011","Merton 024A","E01003438","Total",758,81,161,450,66,397,23,59,263,52,361,58,102,187,14
"2011","Merton 024B","E01003449","Total",794,70,145,480,99,445,25,64,281,75,349,45,81,199,24
"2011","Merton 024C","E01003450","Total",729,62,155,433,79,370,18,55,235,62,359,44,100,198,17
"2011","Merton 024D","E01003451","Total",855,76,165,509,105,459,23,50,297,89,396,53,115,212,16
"2011","Merton 024E","E01003452","Total",903,99,174,531,99,483,32,68,309,74,420,67,106,222,25
"2011","Merton 025A","E01003417","Total",830,66,163,505,96,407,22,49,272,64,423,44,114,233,32
"2011","Merton 025B","E01003418","Total",795,63,168,486,78,414,24,41,288,61,381,39,127,198,17
"2011","Merton 025C","E01003419","Total",917,68,170,580,99,482,23,44,341,74,435,45,126,239,25
"2011","Merton 025D","E01003420","Total",713,65,129,424,95,383,14,38,261,70,330,51,91,163,25
"2011","Merton 025E","E01003422","Total",714,79,131,413,91,381,31,36,251,63,333,48,95,162,28
"2011","Redbridge 001A","E01003744","Total",693,70,118,365,140,353,21,29,196,107,340,49,89,169,33
"2011","Redbridge 001B","E01003745","Total",725,96,125,341,163,381,25,31,195,130,344,71,94,146,33
"2011","Redbridge 001C","E01003746","Total",732,75,141,363,153,397,17,41,223,116,335,58,100,140,37
"2011","Redbridge 001D","E01003747","Total",621,61,113,303,144,347,21,28,181,117,274,40,85,122,27
"2011","Redbridge 001E","E01003748","Total",712,74,114,349,175,395,25,32,209,129,317,49,82,140,46
"2011","Redbridge 001F","E01003749","Total",860,76,153,512,119,449,26,56,288,79,411,50,97,224,40
"2011","Redbridge 001G","E01003750","Total",869,70,133,491,175,467,27,47,267,126,402,43,86,224,49
"2011","Redbridge 002A","E01003720","Total",714,66,153,409,86,368,32,32,233,71,346,34,121,176,15
"2011","Redbridge 002B","E01003722","Total",758,61,138,476,83,399,19,37,275,68,359,42,101,201,15
"2011","Redbridge 002C","E01003723","Total",733,67,140,444,82,369,19,38,248,64,364,48,102,196,18
"2011","Redbridge 002D","E01003726","Total",609,53,117,377,62,303,10,35,210,48,306,43,82,167,14
"2011","Redbridge 003A","E01003721","Total",680,44,123,439,74,368,13,43,255,57,312,31,80,184,17
"2011","Redbridge 003B","E01003724","Total",641,52,122,383,84,330,19,27,219,65,311,33,95,164,19
"2011","Redbridge 003C","E01003725","Total",678,46,124,420,88,333,16,18,232,67,345,30,106,188,21
"2011","Redbridge 003D","E01003727","Total",644,42,122,409,71,337,12,33,239,53,307,30,89,170,18
"2011","Redbridge 004A","E01003654","Total",752,69,118,469,96,376,17,33,257,69,376,52,85,212,27
"2011","Redbridge 004B","E01003655","Total",808,53,115,517,123,419,10,31,289,89,389,43,84,228,34
"2011","Redbridge 004C","E01003658","Total",742,61,146,439,96,409,25,48,258,78,333,36,98,181,18
"2011","Redbridge 004D","E01003660","Total",952,73,141,605,133,504,17,43,348,96,448,56,98,257,37
"2011","Redbridge 005A","E01003656","Total",689,57,118,442,72,351,18,43,238,52,338,39,75,204,20
"2011","Redbridge 005B","E01003657","Total",1047,89,189,611,158,548,30,54,345,119,499,59,135,266,39
"2011","Redbridge 005C","E01003659","Total",845,56,145,540,104,439,14,33,313,79,406,42,112,227,25
"2011","Redbridge 006A","E01003698","Total",701,70,133,413,85,379,20,36,255,68,322,50,97,158,17
"2011","Redbridge 006B","E01003699","Total",746,57,129,476,84,384,16,39,261,68,362,41,90,215,16
"2011","Redbridge 006C","E01003700","Total",1059,99,246,581,133,552,40,82,332,98,507,59,164,249,35
"2011","Redbridge 006D","E01003701","Total",803,86,140,479,98,428,28,43,284,73,375,58,97,195,25
"2011","Redbridge 006E","E01003702","Total",827,48,155,524,100,436,16,50,299,71,391,32,105,225,29
"2011","Redbridge 006F","E01003703","Total",1219,99,199,693,228,682,26,64,413,179,537,73,135,280,49
"2011","Redbridge 006G","E01003704","Total",737,57,150,456,74,395,19,46,270,60,342,38,104,186,14
"2011","Redbridge 007A","E01003668","Total",930,58,105,599,168,490,12,30,323,125,440,46,75,276,43
"2011","Redbridge 007B","E01003669","Total",871,70,134,491,176,448,21,38,270,119,423,49,96,221,57
"2011","Redbridge 007C","E01003670","Total",765,83,132,424,126,411,31,31,258,91,354,52,101,166,35
"2011","Redbridge 007D","E01003671","Total",836,98,155,459,124,435,35,26,287,87,401,63,129,172,37
"2011","Redbridge 007E","E01003672","Total",710,48,81,452,129,359,15,20,240,84,351,33,61,212,45
"2011","Redbridge 007F","E01003673","Total",1094,69,139,660,226,591,28,40,367,156,503,41,99,293,70
"2011","Redbridge 007G","E01003674","Total",1313,80,137,859,237,711,29,44,474,164,602,51,93,385,73
"2011","Redbridge 008A","E01003707","Total",604,68,122,347,67,322,21,49,200,52,282,47,73,147,15
"2011","Redbridge 008B","E01003708","Total",543,45,119,317,62,271,18,35,177,41,272,27,84,140,21
"2011","Redbridge 008C","E01003709","Total",719,67,169,408,75,404,20,69,250,65,315,47,100,158,10
"2011","Redbridge 008D","E01003710","Total",718,69,148,412,89,388,17,53,241,77,330,52,95,171,12
"2011","Redbridge 009A","E01003759","Total",714,55,111,439,109,385,13,34,257,81,329,42,77,182,28
"2011","Redbridge 009B","E01003760","Total",888,73,159,541,115,490,27,53,320,90,398,46,106,221,25
"2011","Redbridge 009C","E01003761","Total",621,63,157,360,41,350,29,71,216,34,271,34,86,144,7
"2011","Redbridge 009D","E01003762","Total",902,63,143,548,148,466,18,40,302,106,436,45,103,246,42
"2011","Redbridge 009E","E01003763","Total",922,91,190,518,123,495,34,65,304,92,427,57,125,214,31
"2011","Redbridge 009F","E01003764","Total",1104,63,158,683,200,548,17,45,361,125,556,46,113,322,75
"2011","Redbridge 009G","E01003765","Total",935,67,122,601,145,469,24,32,310,103,466,43,90,291,42
"2011","Redbridge 010A","E01003705","Total",1034,97,202,597,138,546,32,52,353,109,488,65,150,244,29
"2011","Redbridge 010B","E01003706","Total",654,73,138,365,78,335,18,44,212,61,319,55,94,153,17
"2011","Redbridge 010C","E01003711","Total",816,102,182,412,120,444,41,55,251,97,372,61,127,161,23
"2011","Redbridge 010D","E01003712","Total",507,51,121,287,48,265,18,52,158,37,242,33,69,129,11
"2011","Redbridge 012A","E01003646","Total",758,87,176,426,69,418,32,77,255,54,340,55,99,171,15
"2011","Redbridge 012B","E01003648","Total",655,70,117,390,78,368,19,36,245,68,287,51,81,145,10
"2011","Redbridge 012C","E01003649","Total",754,90,129,439,96,416,32,48,257,79,338,58,81,182,17
"2011","Redbridge 012D","E01003651","Total",701,79,154,375,93,358,29,52,201,76,343,50,102,174,17
"2011","Redbridge 013A","E01003639","Total",777,79,150,465,83,403,24,54,267,58,374,55,96,198,25
"2011","Redbridge 013B","E01003640","Total",836,64,143,529,100,437,20,53,294,70,399,44,90,235,30
"2011","Redbridge 013C","E01003641","Total",807,88,160,472,87,442,35,59,281,67,365,53,101,191,20
"2011","Redbridge 013D","E01003642","Total",701,66,159,402,74,371,23,62,230,56,330,43,97,172,18
"2011","Redbridge 014A","E01003774","Total",1034,39,119,668,208,543,13,34,346,150,491,26,85,322,58
"2011","Redbridge 014B","E01003775","Total",899,70,122,537,170,481,27,46,295,113,418,43,76,242,57
"2011","Redbridge 014C","E01003776","Total",777,42,114,486,135,364,17,36,232,79,413,25,78,254,56
"2011","Redbridge 014D","E01003777","Total",1086,79,115,683,209,561,32,46,337,146,525,47,69,346,63
"2011","Redbridge 014E","E01003778","Total",1110,92,156,642,220,586,45,47,351,143,524,47,109,291,77
"2011","Redbridge 014F","E01003779","Total",762,54,118,446,144,395,11,42,245,97,367,43,76,201,47
"2011","Redbridge 014G","E01003780","Total",740,85,129,383,143,397,31,27,227,112,343,54,102,156,31
"2011","Redbridge 015A","E01003647","Total",817,59,155,537,66,451,25,64,320,42,366,34,91,217,24
"2011","Redbridge 015B","E01003650","Total",624,63,112,377,72,323,18,33,214,58,301,45,79,163,14
"2011","Redbridge 015C","E01003652","Total",718,85,124,423,86,385,27,47,257,54,333,58,77,166,32
"2011","Redbridge 015D","E01003653","Total",662,53,109,419,81,379,17,45,261,56,283,36,64,158,25
"2011","Redbridge 017A","E01003638","Total",687,70,137,405,75,366,23,46,238,59,321,47,91,167,16
"2011","Redbridge 017B","E01003643","Total",778,86,167,431,94,406,26,49,258,73,372,60,118,173,21
"2011","Redbridge 017C","E01003644","Total",670,84,115,403,68,368,33,37,241,57,302,51,78,162,11
"2011","Redbridge 017D","E01003645","Total",1258,93,226,805,134,706,36,83,480,107,552,57,143,325,27
"2011","Redbridge 018A","E01003789","Total",810,63,114,464,169,437,20,40,269,108,373,43,74,195,61
"2011","Redbridge 018B","E01003794","Total",701,58,115,399,129,372,14,38,226,94,329,44,77,173,35
"2011","Redbridge 018C","E01003795","Total",616,50,113,340,113,314,15,34,192,73,302,35,79,148,40
"2011","Redbridge 018D","E01003796","Total",798,60,155,438,145,400,21,42,239,98,398,39,113,199,47
"2011","Redbridge 019A","E01003661","Total",877,90,153,549,85,454,29,48,318,59,423,61,105,231,26
"2011","Redbridge 019B","E01003662","Total",866,70,148,546,102,476,26,55,322,73,390,44,93,224,29
"2011","Redbridge 019C","E01003663","Total",683,72,159,387,65,358,31,45,229,53,325,41,114,158,12
"2011","Redbridge 019D","E01003664","Total",801,91,149,487,74,421,18,52,292,59,380,73,97,195,15
"2011","Redbridge 019E","E01003665","Total",747,92,123,466,66,394,30,41,267,56,353,62,82,199,10
"2011","Redbridge 019F","E01003666","Total",1035,80,197,648,110,545,22,68,371,84,490,58,129,277,26
"2011","Redbridge 019H","E01033590","Total",509,36,82,338,53,267,12,25,195,35,242,24,57,143,18
"2011","Redbridge 019I","E01033592","Total",931,100,163,583,85,484,36,54,338,56,447,64,109,245,29
"2011","Redbridge 020A","E01003751","Total",809,79,168,472,90,453,34,76,278,65,356,45,92,194,25
"2011","Redbridge 020B","E01003753","Total",852,95,181,482,94,496,45,90,286,75,356,50,91,196,19
"2011","Redbridge 020C","E01003754","Total",677,69,156,376,76,379,30,60,227,62,298,39,96,149,14
"2011","Redbridge 020D","E01003757","Total",849,81,205,473,90,472,39,75,293,65,377,42,130,180,25
"2011","Redbridge 022A","E01003769","Total",658,69,122,408,59,401,42,57,252,50,257,27,65,156,9
"2011","Redbridge 022B","E01003770","Total",1097,87,197,683,130,614,30,66,421,97,483,57,131,262,33
"2011","Redbridge 022C","E01003771","Total",752,85,168,411,88,430,28,74,259,69,322,57,94,152,19
"2011","Redbridge 022D","E01003773","Total",725,57,135,447,86,413,23,47,275,68,312,34,88,172,18
"2011","Redbridge 023A","E01003752","Total",1242,120,186,779,157,689,50,73,459,107,553,70,113,320,50
"2011","Redbridge 023B","E01003755","Total",815,84,194,469,68,467,30,95,288,54,348,54,99,181,14
"2011","Redbridge 023C","E01003756","Total",873,93,189,505,86,488,39,83,307,59,385,54,106,198,27
"2011","Redbridge 023D","E01003758","Total",947,81,197,598,71,521,34,87,353,47,426,47,110,245,24
"2011","Redbridge 024A","E01003766","Total",747,86,162,442,57,445,45,76,279,45,302,41,86,163,12
"2011","Redbridge 024B","E01003767","Total",774,89,189,428,68,482,43,98,287,54,292,46,91,141,14
"2011","Redbridge 024C","E01003768","Total",696,72,137,419,68,433,44,65,265,59,263,28,72,154,9
"2011","Redbridge 024D","E01003772","Total",718,77,137,425,79,406,33,56,256,61,312,44,81,169,18
"2011","Redbridge 026A","E01003781","Total",725,55,126,465,79,436,16,66,295,59,289,39,60,170,20
"2011","Redbridge 026B","E01003782","Total",709,83,167,381,78,454,37,94,253,70,255,46,73,128,8
"2011","Redbridge 026C","E01003786","Total",615,56,121,368,70,320,16,36,221,47,295,40,85,147,23
"2011","Redbridge 026D","E01003787","Total",625,79,112,349,85,353,32,47,205,69,272,47,65,144,16
"2011","Redbridge 027A","E01003790","Total",691,59,122,403,107,349,22,40,216,71,342,37,82,187,36
"2011","Redbridge 027B","E01003791","Total",782,63,131,428,160,404,23,34,230,117,378,40,97,198,43
"2011","Redbridge 027C","E01003792","Total",729,50,106,435,138,359,15,31,222,91,370,35,75,213,47
"2011","Redbridge 027D","E01003793","Total",741,55,125,454,107,383,21,42,252,68,358,34,83,202,39
"2011","Redbridge 029A","E01003783","Total",844,89,165,504,86,548,45,101,334,68,296,44,64,170,18
"2011","Redbridge 029B","E01003784","Total",745,74,166,424,81,434,34,70,269,61,311,40,96,155,20
"2011","Redbridge 029C","E01003785","Total",811,90,150,488,83,488,42,73,309,64,323,48,77,179,19
"2011","Redbridge 029D","E01003788","Total",788,76,156,474,82,486,33,82,310,61,302,43,74,164,21
"2011","Redbridge 030A","E01003683","Total",731,87,177,397,70,454,40,102,260,52,277,47,75,137,18
"2011","Redbridge 030B","E01003684","Total",646,63,178,355,50,382,26,85,229,42,264,37,93,126,8
"2011","Redbridge 030C","E01003685","Total",688,69,183,373,63,436,35,99,252,50,252,34,84,121,13
"2011","Redbridge 030D","E01003686","Total",739,97,172,394,76,441,51,80,249,61,298,46,92,145,15
"2011","Redbridge 030F","E01003688","Total",682,91,156,365,70,436,46,90,245,55,246,45,66,120,15
"2011","Redbridge 030G","E01003689","Total",534,48,135,306,45,341,25,73,207,36,193,23,62,99,9
"2011","Redbridge 030H","E01033589","Total",818,89,111,553,65,545,59,65,369,52,273,30,46,184,13
"2011","Redbridge 030I","E01033591","Total",698,77,182,376,63,419,41,93,238,47,279,36,89,138,16
"2011","Redbridge 031A","E01003737","Total",759,97,171,385,106,408,25,75,228,80,351,72,96,157,26
"2011","Redbridge 031B","E01003738","Total",914,100,196,543,75,521,43,95,322,61,393,57,101,221,14
"2011","Redbridge 031C","E01003739","Total",921,78,184,564,95,528,31,85,339,73,393,47,99,225,22
"2011","Redbridge 031D","E01003740","Total",850,75,195,469,111,484,33,84,284,83,366,42,111,185,28
"2011","Redbridge 031E","E01003741","Total",716,68,160,420,68,404,34,76,240,54,312,34,84,180,14
"2011","Redbridge 031F","E01003742","Total",874,94,212,500,68,533,42,108,327,56,341,52,104,173,12
"2011","Redbridge 031G","E01003743","Total",666,73,183,345,65,386,42,97,197,50,280,31,86,148,15
"2011","Redbridge 032A","E01003728","Total",985,101,215,583,86,584,61,118,340,65,401,40,97,243,21
"2011","Redbridge 032B","E01003729","Total",583,90,142,298,53,355,51,76,187,41,228,39,66,111,12
"2011","Redbridge 032C","E01003730","Total",552,73,147,298,34,341,41,83,189,28,211,32,64,109,6
"2011","Redbridge 032D","E01003732","Total",484,60,101,294,29,264,21,50,171,22,220,39,51,123,7
"2011","Redbridge 032E","E01003733","Total",663,95,184,315,69,378,57,83,193,45,285,38,101,122,24
"2011","Redbridge 033A","E01003731","Total",536,68,137,288,43,324,32,76,179,37,212,36,61,109,6
"2011","Redbridge 033B","E01003734","Total",634,70,162,333,69,394,34,89,217,54,240,36,73,116,15
"2011","Redbridge 033C","E01003735","Total",641,68,169,355,49,347,35,79,192,41,294,33,90,163,8
"2011","Redbridge 033D","E01003736","Total",615,57,160,342,56,400,18,100,233,49,215,39,60,109,7
"2011","Redbridge 034A","E01003713","Total",690,96,143,365,86,389,46,66,219,58,301,50,77,146,28
"2011","Redbridge 034B","E01003714","Total",876,105,200,497,74,509,37,86,323,63,367,68,114,174,11
"2011","Redbridge 034C","E01003715","Total",789,97,173,441,78,475,51,94,271,59,314,46,79,170,19
"2011","Redbridge 034D","E01003716","Total",746,65,151,437,93,410,22,63,260,65,336,43,88,177,28
"2011","Redbridge 034E","E01003718","Total",809,71,150,517,71,476,24,60,331,61,333,47,90,186,10
"2011","Redbridge 034F","E01003719","Total",841,92,158,504,87,500,42,69,325,64,341,50,89,179,23
"2011","Redbridge 034G","E01032581","Total",748,59,124,485,80,414,21,46,288,59,334,38,78,197,21
"2011","Redbridge 035A","E01003690","Total",733,76,132,420,105,412,34,51,243,84,321,42,81,177,21
"2011","Redbridge 035B","E01003691","Total",580,67,129,331,53,325,25,54,205,41,255,42,75,126,12
"2011","Redbridge 035C","E01003692","Total",662,63,126,392,81,384,25,54,243,62,278,38,72,149,19
"2011","Redbridge 035D","E01003693","Total",685,72,139,392,82,420,39,66,248,67,265,33,73,144,15
"2011","Redbridge 035E","E01003694","Total",619,55,139,364,61,369,23,64,238,44,250,32,75,126,17
"2011","Redbridge 035F","E01003695","Total",650,74,123,374,79,387,30,48,241,68,263,44,75,133,11
"2011","Redbridge 035G","E01003696","Total",807,87,158,489,73,513,53,76,330,54,294,34,82,159,19
"2011","Redbridge 035H","E01003697","Total",763,67,145,455,96,413,23,55,264,71,350,44,90,191,25
"2011","Redbridge 036A","E01003675","Total",720,66,154,415,85,382,24,54,237,67,338,42,100,178,18
"2011","Redbridge 036B","E01003676","Total",743,72,145,432,94,405,25,47,256,77,338,47,98,176,17
"2011","Redbridge 036C","E01003677","Total",657,74,156,346,81,371,28,67,215,61,286,46,89,131,20
"2011","Redbridge 036D","E01003678","Total",743,74,138,431,100,399,28,43,251,77,344,46,95,180,23
"2011","Redbridge 036E","E01003679","Total",767,78,160,436,93,403,27,52,256,68,364,51,108,180,25
"2011","Redbridge 036F","E01003680","Total",763,84,152,436,91,418,27,51,265,75,345,57,101,171,16
"2011","Redbridge 036G","E01003681","Total",774,74,154,446,100,390,30,51,244,65,384,44,103,202,35
"2011","Redbridge 036H","E01003682","Total",781,89,150,443,99,429,35,65,267,62,352,54,85,176,37
"2011","Richmond upon Thames 001A","E01003797","Total",599,77,92,236,194,328,21,25,137,145,271,56,67,99,49
"2011","Richmond upon Thames 001B","E01003798","Total",758,65,107,345,241,408,21,23,190,174,350,44,84,155,67
"2011","Richmond upon Thames 001C","E01003799","Total",850,76,105,377,292,461,24,27,198,212,389,52,78,179,80
"2011","Richmond upon Thames 001D","E01003800","Total",742,74,149,341,178,400,27,43,197,133,342,47,106,144,45
"2011","Richmond upon Thames 001E","E01003801","Total",759,46,87,408,218,402,14,32,202,154,357,32,55,206,64
"2011","Richmond upon Thames 001F","E01003802","Total",723,65,67,367,224,420,30,21,200,169,303,35,46,167,55
"2011","Richmond upon Thames 001G","E01003803","Total",672,65,119,372,116,348,35,42,191,80,324,30,77,181,36
"2011","Richmond upon Thames 002A","E01003846","Total",851,87,139,396,229,455,22,34,234,165,396,65,105,162,64
"2011","Richmond upon Thames 002B","E01003847","Total",926,55,121,517,233,507,23,37,277,170,419,32,84,240,63
"2011","Richmond upon Thames 002C","E01003849","Total",784,59,115,388,222,428,16,39,216,157,356,43,76,172,65
"2011","Richmond upon Thames 002D","E01003851","Total",834,98,99,410,227,463,30,27,243,163,371,68,72,167,64
"2011","Richmond upon Thames 002E","E01003860","Total",1081,59,120,630,272,593,17,44,335,197,488,42,76,295,75
"2011","Richmond upon Thames 002F","E01003864","Total",794,61,99,447,187,416,23,30,231,132,378,38,69,216,55
"2011","Richmond upon Thames 003A","E01003852","Total",725,56,99,407,163,405,20,40,226,119,320,36,59,181,44
"2011","Richmond upon Thames 003B","E01003853","Total",700,71,102,339,188,384,25,39,177,143,316,46,63,162,45
"2011","Richmond upon Thames 003C","E01003854","Total",773,51,105,396,221,402,15,28,205,154,371,36,77,191,67
"2011","Richmond upon Thames 003D","E01003855","Total",932,58,129,545,200,480,19,38,290,133,452,39,91,255,67
"2011","Richmond upon Thames 003E","E01003856","Total",1019,57,127,590,245,493,19,32,294,148,526,38,95,296,97
"2011","Richmond upon Thames 003F","E01003857","Total",991,81,139,529,242,498,28,40,277,153,493,53,99,252,89
"2011","Richmond upon Thames 003G","E01003858","Total",892,63,110,432,287,486,16,24,240,206,406,47,86,192,81
"2011","Richmond upon Thames 004A","E01003848","Total",1075,75,155,611,234,548,24,41,331,152,527,51,114,280,82
"2011","Richmond upon Thames 004C","E01003861","Total",1121,48,107,686,280,598,17,33,359,189,523,31,74,327,91
"2011","Richmond upon Thames 004D","E01003862","Total",735,68,109,432,126,393,30,31,239,93,342,38,78,193,33
"2011","Richmond upon Thames 004E","E01003863","Total",685,61,87,409,128,368,15,31,219,103,317,46,56,190,25
"2011","Richmond upon Thames 004F","E01003865","Total",673,44,115,391,123,335,19,26,204,86,338,25,89,187,37
"2011","Richmond upon Thames 004G","E01033570","Total",860,40,90,468,262,504,12,37,264,191,356,28,53,204,71
"2011","Richmond upon Thames 004H","E01033571","Total",738,76,131,391,140,391,27,40,218,106,347,49,91,173,34
"2011","Richmond upon Thames 005A","E01003804","Total",944,73,133,523,215,480,27,39,274,140,464,46,94,249,75
"2011","Richmond upon Thames 005B","E01003807","Total",1078,74,147,598,259,564,18,45,327,174,514,56,102,271,85
"2011","Richmond upon Thames 005C","E01003808","Total",1022,65,151,549,257,528,21,36,297,174,494,44,115,252,83
"2011","Richmond upon Thames 005D","E01003809","Total",870,84,143,414,229,481,27,51,232,171,389,57,92,182,58
"2011","Richmond upon Thames 005E","E01003859","Total",811,52,146,425,188,427,21,46,227,133,384,31,100,198,55
"2011","Richmond upon Thames 006A","E01003873","Total",971,68,111,504,288,550,19,38,284,209,421,49,73,220,79
"2011","Richmond upon Thames 006B","E01003874","Total",975,42,107,553,273,492,8,31,281,172,483,34,76,272,101
"2011","Richmond upon Thames 006C","E01003875","Total",751,59,88,372,232,437,12,31,217,177,314,47,57,155,55
"2011","Richmond upon Thames 006D","E01003878","Total",674,75,108,357,134,350,23,37,196,94,324,52,71,161,40
"2011","Richmond upon Thames 007A","E01003866","Total",858,61,132,427,238,449,19,32,227,171,409,42,100,200,67
"2011","Richmond upon Thames 007B","E01003868","Total",893,55,108,493,237,476,12,31,263,170,417,43,77,230,67
"2011","Richmond upon Thames 007C","E01003871","Total",929,77,153,485,214,489,22,38,266,163,440,55,115,219,51
"2011","Richmond upon Thames 007D","E01003872","Total",854,58,109,480,207,454,18,35,264,137,400,40,74,216,70
"2011","Richmond upon Thames 008A","E01003821","Total",919,50,76,502,291,542,22,30,288,202,377,28,46,214,89
"2011","Richmond upon Thames 008B","E01003876","Total",978,65,100,520,293,544,29,39,289,187,434,36,61,231,106
"2011","Richmond upon Thames 008C","E01003877","Total",780,57,93,384,246,441,20,36,211,174,339,37,57,173,72
"2011","Richmond upon Thames 008D","E01003879","Total",809,81,86,397,245,445,23,23,230,169,364,58,63,167,76
"2011","Richmond upon Thames 009A","E01003892","Total",1077,83,140,543,311,609,23,44,306,236,468,60,96,237,75
"2011","Richmond upon Thames 009B","E01003893","Total",910,77,112,503,218,489,18,37,276,158,421,59,75,227,60
"2011","Richmond upon Thames 009C","E01003894","Total",988,72,113,545,258,541,19,31,305,186,447,53,82,240,72
"2011","Richmond upon Thames 009D","E01003895","Total",968,85,147,486,250,503,26,48,256,173,465,59,99,230,77
"2011","Richmond upon Thames 010A","E01003905","Total",793,66,113,483,131,422,21,29,278,94,371,45,84,205,37
"2011","Richmond upon Thames 010B","E01003906","Total",837,89,131,495,122,432,28,38,274,92,405,61,93,221,30
"2011","Richmond upon Thames 010C","E01003907","Total",763,74,141,465,83,410,35,42,273,60,353,39,99,192,23
"2011","Richmond upon Thames 010D","E01003908","Total",944,99,179,534,132,474,31,39,306,98,470,68,140,228,34
"2011","Richmond upon Thames 010E","E01003909","Total",784,78,141,467,98,413,29,44,273,67,371,49,97,194,31
"2011","Richmond upon Thames 011A","E01003867","Total",809,75,93,501,140,441,22,25,287,107,368,53,68,214,33
"2011","Richmond upon Thames 011B","E01003869","Total",969,70,124,574,201,517,28,34,313,142,452,42,90,261,59
"2011","Richmond upon Thames 011C","E01003870","Total",1044,83,144,574,243,540,26,33,304,177,504,57,111,270,66
"2011","Richmond upon Thames 011D","E01003910","Total",832,75,150,475,132,422,21,31,280,90,410,54,119,195,42
"2011","Richmond upon Thames 012A","E01003805","Total",737,95,114,311,217,412,38,19,170,185,325,57,95,141,32
"2011","Richmond upon Thames 012B","E01003806","Total",692,103,103,260,226,378,28,29,153,168,314,75,74,107,58
"2011","Richmond upon Thames 012C","E01003816","Total",696,81,97,322,196,396,19,23,197,157,300,62,74,125,39
"2011","Richmond upon Thames 012D","E01003817","Total",918,85,140,508,185,519,26,52,309,132,399,59,88,199,53
"2011","Richmond upon Thames 013A","E01003840","Total",796,78,132,494,92,426,33,48,280,65,370,45,84,214,27
"2011","Richmond upon Thames 013B","E01003841","Total",849,86,167,511,85,468,38,61,302,67,381,48,106,209,18
"2011","Richmond upon Thames 013C","E01003842","Total",798,68,145,491,94,420,21,39,285,75,378,47,106,206,19
"2011","Richmond upon Thames 013D","E01003843","Total",942,110,196,523,113,520,41,69,325,85,422,69,127,198,28
"2011","Richmond upon Thames 013E","E01003844","Total",720,79,119,426,96,382,18,31,256,77,338,61,88,170,19
"2011","Richmond upon Thames 013F","E01003845","Total",783,68,153,470,92,434,30,42,292,70,349,38,111,178,22
"2011","Richmond upon Thames 014A","E01003882","Total",1050,85,136,625,204,557,24,27,358,148,493,61,109,267,56
"2011","Richmond upon Thames 014B","E01003883","Total",1170,75,121,716,258,613,21,34,392,166,557,54,87,324,92
"2011","Richmond upon Thames 014C","E01003896","Total",1053,91,126,572,264,590,47,43,310,190,463,44,83,262,74
"2011","Richmond upon Thames 014D","E01003897","Total",1126,89,117,693,227,577,30,30,355,162,549,59,87,338,65
"2011","Richmond upon Thames 015A","E01003898","Total",937,59,126,549,203,473,17,41,284,131,464,42,85,265,72
"2011","Richmond upon Thames 015B","E01003899","Total",810,44,130,467,169,421,11,31,267,112,389,33,99,200,57
"2011","Richmond upon Thames 015C","E01003900","Total",737,94,165,390,88,377,37,44,242,54,360,57,121,148,34
"2011","Richmond upon Thames 015D","E01003901","Total",895,71,161,524,139,452,18,34,306,94,443,53,127,218,45
"2011","Richmond upon Thames 015E","E01003902","Total",687,63,128,403,93,351,18,33,232,68,336,45,95,171,25
"2011","Richmond upon Thames 015F","E01003903","Total",816,94,155,460,107,424,33,49,274,68,392,61,106,186,39
"2011","Richmond upon Thames 015G","E01003904","Total",837,77,129,482,149,422,25,29,268,100,415,52,100,214,49
"2011","Richmond upon Thames 016A","E01003880","Total",813,83,132,420,178,429,31,24,239,135,384,52,108,181,43
"2011","Richmond upon Thames 016B","E01003881","Total",875,260,120,345,150,434,86,41,198,109,441,174,79,147,41
"2011","Richmond upon Thames 016C","E01003884","Total",863,88,94,473,208,471,30,27,256,158,392,58,67,217,50
"2011","Richmond upon Thames 016D","E01003885","Total",839,78,110,493,158,437,16,27,284,110,402,62,83,209,48
"2011","Richmond upon Thames 017A","E01003818","Total",774,95,137,427,115,417,29,40,253,95,357,66,97,174,20
"2011","Richmond upon Thames 017B","E01003819","Total",776,69,150,470,87,414,25,42,282,65,362,44,108,188,22
"2011","Richmond upon Thames 017C","E01003820","Total",970,95,162,577,136,503,24,41,338,100,467,71,121,239,36
"2011","Richmond upon Thames 018A","E01003811","Total",897,88,148,494,167,457,21,27,290,119,440,67,121,204,48
"2011","Richmond upon Thames 018B","E01003812","Total",1031,89,141,619,182,522,20,33,356,113,509,69,108,263,69
"2011","Richmond upon Thames 018C","E01003890","Total",844,102,127,449,166,429,24,31,249,125,415,78,96,200,41
"2011","Richmond upon Thames 018D","E01003891","Total",959,87,144,490,238,498,30,34,269,165,461,57,110,221,73
"2011","Richmond upon Thames 019A","E01003810","Total",875,77,134,469,195,460,17,23,279,141,415,60,111,190,54
"2011","Richmond upon Thames 019B","E01003813","Total",814,82,144,398,190,425,26,38,229,132,389,56,106,169,58
"2011","Richmond upon Thames 019C","E01003814","Total",874,70,107,547,150,451,19,30,299,103,423,51,77,248,47
"2011","Richmond upon Thames 019D","E01003815","Total",996,67,159,604,166,519,26,43,331,119,477,41,116,273,47
"2011","Richmond upon Thames 020A","E01003828","Total",767,87,129,426,125,387,27,32,239,89,380,60,97,187,36
"2011","Richmond upon Thames 020B","E01003829","Total",778,68,159,442,109,385,25,38,247,75,393,43,121,195,34
"2011","Richmond upon Thames 020C","E01003830","Total",876,95,141,480,160,457,32,38,273,114,419,63,103,207,46
"2011","Richmond upon Thames 020D","E01003831","Total",824,65,137,496,126,418,22,27,278,91,406,43,110,218,35
"2011","Richmond upon Thames 020E","E01003832","Total",659,61,114,422,62,339,18,35,244,42,320,43,79,178,20
"2011","Richmond upon Thames 020F","E01003833","Total",746,69,114,457,106,358,18,29,242,69,388,51,85,215,37
"2011","Richmond upon Thames 021A","E01003886","Total",964,98,130,547,189,489,26,34,306,123,475,72,96,241,66
"2011","Richmond upon Thames 021B","E01003887","Total",1006,83,150,559,214,499,9,35,306,149,507,74,115,253,65
"2011","Richmond upon Thames 021C","E01003888","Total",978,87,141,546,204,482,27,29,295,131,496,60,112,251,73
"2011","Richmond upon Thames 021D","E01003889","Total",955,85,150,522,198,515,33,49,288,145,440,52,101,234,53
"2011","Richmond upon Thames 022A","E01003834","Total",868,90,145,454,179,475,33,59,252,131,393,57,86,202,48
"2011","Richmond upon Thames 022B","E01003835","Total",782,83,132,391,176,413,25,23,235,130,369,58,109,156,46
"2011","Richmond upon Thames 022C","E01003836","Total",635,78,76,350,131,337,15,21,204,97,298,63,55,146,34
"2011","Richmond upon Thames 022D","E01003837","Total",845,94,127,444,180,445,26,33,254,132,400,68,94,190,48
"2011","Richmond upon Thames 022E","E01003838","Total",980,101,136,528,215,503,32,38,272,161,477,69,98,256,54
"2011","Richmond upon Thames 022F","E01003839","Total",979,68,157,566,188,506,24,43,307,132,473,44,114,259,56
"2011","Richmond upon Thames 023A","E01003822","Total",675,82,124,324,145,374,31,35,190,118,301,51,89,134,27
"2011","Richmond upon Thames 023B","E01003823","Total",945,101,156,483,205,499,34,42,262,161,446,67,114,221,44
"2011","Richmond upon Thames 023C","E01003824","Total",810,85,159,416,150,420,26,41,244,109,390,59,118,172,41
"2011","Richmond upon Thames 023D","E01003825","Total",932,87,161,528,156,475,23,30,299,123,457,64,131,229,33
"2011","Richmond upon Thames 023E","E01003826","Total",809,78,161,468,102,386,19,47,243,77,423,59,114,225,25
"2011","Richmond upon Thames 023F","E01003827","Total",1016,85,157,615,159,518,38,42,329,109,498,47,115,286,50
"2011","Sutton 001A","E01004125","Total",704,37,158,447,62,361,11,48,249,53,343,26,110,198,9
"2011","Sutton 001B","E01004183","Total",821,77,158,508,78,408,14,48,282,64,413,63,110,226,14
"2011","Sutton 001C","E01004184","Total",669,58,140,386,85,332,20,32,217,63,337,38,108,169,22
"2011","Sutton 001D","E01004185","Total",639,65,127,383,64,338,19,26,247,46,301,46,101,136,18
"2011","Sutton 001E","E01004189","Total",877,70,164,562,81,431,18,44,310,59,446,52,120,252,22
"2011","Sutton 002A","E01004123","Total",1027,90,191,639,107,538,26,62,370,80,489,64,129,269,27
"2011","Sutton 002B","E01004124","Total",858,86,161,533,78,437,31,39,306,61,421,55,122,227,17
"2011","Sutton 002C","E01004126","Total",655,45,126,421,63,311,14,26,219,52,344,31,100,202,11
"2011","Sutton 002D","E01004128","Total",742,62,146,454,80,361,25,50,234,52,381,37,96,220,28
"2011","Sutton 002E","E01004129","Total",757,59,142,484,72,378,20,40,262,56,379,39,102,222,16
"2011","Sutton 003A","E01004130","Total",830,76,175,484,95,422,18,43,293,68,408,58,132,191,27
"2011","Sutton 003B","E01004131","Total",823,68,192,468,95,424,19,45,291,69,399,49,147,177,26
"2011","Sutton 003C","E01004134","Total",776,62,166,460,88,413,21,57,266,69,363,41,109,194,19
"2011","Sutton 003D","E01004135","Total",760,89,153,433,85,384,28,39,246,71,376,61,114,187,14
"2011","Sutton 003E","E01004136","Total",820,78,150,504,88,446,28,42,302,74,374,50,108,202,14
"2011","Sutton 004A","E01004164","Total",838,63,148,545,82,447,21,36,323,67,391,42,112,222,15
"2011","Sutton 004B","E01004166","Total",822,58,121,526,117,433,22,22,298,91,389,36,99,228,26
"2011","Sutton 004C","E01004169","Total",567,46,90,361,70,305,20,31,204,50,262,26,59,157,20
"2011","Sutton 004D","E01004186","Total",1050,67,147,707,129,542,19,45,385,93,508,48,102,322,36
"2011","Sutton 004E","E01004188","Total",864,59,136,559,110,438,20,35,303,80,426,39,101,256,30
"2011","Sutton 005A","E01004127","Total",793,76,148,477,92,399,23,35,270,71,394,53,113,207,21
"2011","Sutton 005B","E01004163","Total",810,73,129,530,78,415,20,32,300,63,395,53,97,230,15
"2011","Sutton 005C","E01004165","Total",922,84,140,603,95,462,21,45,336,60,460,63,95,267,35
"2011","Sutton 005D","E01004167","Total",599,46,113,372,68,316,13,36,213,54,283,33,77,159,14
"2011","Sutton 005E","E01004187","Total",780,64,155,475,86,406,24,30,281,71,374,40,125,194,15
"2011","Sutton 006A","E01004117","Total",809,72,156,491,90,428,22,27,312,67,381,50,129,179,23
"2011","Sutton 006B","E01004121","Total",838,87,146,500,105,456,27,45,307,77,382,60,101,193,28
"2011","Sutton 006C","E01004192","Total",1086,73,159,701,153,546,22,38,387,99,540,51,121,314,54
"2011","Sutton 006D","E01004193","Total",1230,103,184,764,179,621,29,39,424,129,609,74,145,340,50
"2011","Sutton 006E","E01004195","Total",854,71,145,535,103,462,26,38,318,80,392,45,107,217,23
"2011","Sutton 007A","E01004144","Total",847,89,146,510,102,446,25,38,307,76,401,64,108,203,26
"2011","Sutton 007B","E01004145","Total",1104,94,193,696,121,584,25,52,421,86,520,69,141,275,35
"2011","Sutton 007C","E01004146","Total",834,64,156,522,92,430,15,40,302,73,404,49,116,220,19
"2011","Sutton 007D","E01004147","Total",750,71,154,443,82,380,20,38,257,65,370,51,116,186,17
"2011","Sutton 008A","E01004116","Total",732,73,133,430,96,388,17,27,271,73,344,56,106,159,23
"2011","Sutton 008B","E01004122","Total",723,73,119,435,96,392,30,23,264,75,331,43,96,171,21
"2011","Sutton 008C","E01004190","Total",729,85,135,426,83,389,27,35,267,60,340,58,100,159,23
"2011","Sutton 008D","E01004191","Total",827,78,147,487,115,441,25,42,290,84,386,53,105,197,31
"2011","Sutton 008E","E01004194","Total",755,61,121,480,93,406,21,25,286,74,349,40,96,194,19
"2011","Sutton 008F","E01004196","Total",735,64,116,462,93,383,13,32,274,64,352,51,84,188,29
"2011","Sutton 009A","E01004115","Total",908,87,165,541,115,464,31,36,304,93,444,56,129,237,22
"2011","Sutton 009B","E01004118","Total",863,81,168,519,95,478,32,46,320,80,385,49,122,199,15
"2011","Sutton 009C","E01004119","Total",801,92,165,454,90,416,26,35,276,79,385,66,130,178,11
"2011","Sutton 009D","E01004132","Total",807,83,182,447,95,421,20,47,276,78,386,63,135,171,17
"2011","Sutton 009E","E01004133","Total",779,93,162,447,77,414,25,35,293,61,365,68,127,154,16
"2011","Sutton 010A","E01004171","Total",759,82,145,440,92,400,27,36,266,71,359,55,109,174,21
"2011","Sutton 010B","E01004172","Total",773,51,127,503,92,418,17,41,285,75,355,34,86,218,17
"2011","Sutton 010C","E01004173","Total",712,77,126,435,74,372,18,39,259,56,340,59,87,176,18
"2011","Sutton 010D","E01004175","Total",856,76,146,537,97,438,21,42,296,79,418,55,104,241,18
"2011","Sutton 010E","E01004176","Total",803,66,127,521,89,403,18,23,296,66,400,48,104,225,23
"2011","Sutton 011A","E01004076","Total",753,56,140,480,77,386,17,33,274,62,367,39,107,206,15
"2011","Sutton 011B","E01004077","Total",777,68,140,463,106,397,21,34,258,84,380,47,106,205,22
"2011","Sutton 011C","E01004078","Total",850,62,141,554,93,449,19,31,326,73,401,43,110,228,20
"2011","Sutton 011D","E01004079","Total",756,71,146,442,97,400,32,31,263,74,356,39,115,179,23
"2011","Sutton 011E","E01004080","Total",701,62,146,434,59,353,13,40,257,43,348,49,106,177,16
"2011","Sutton 011F","E01004081","Total",797,78,138,496,85,415,21,36,294,64,382,57,102,202,21
"2011","Sutton 011G","E01004082","Total",755,58,132,478,87,388,12,33,280,63,367,46,99,198,24
"2011","Sutton 012A","E01004137","Total",891,46,117,606,122,485,14,33,347,91,406,32,84,259,31
"2011","Sutton 012B","E01004140","Total",733,52,141,473,67,412,16,59,292,45,321,36,82,181,22
"2011","Sutton 012C","E01004141","Total",774,54,126,512,82,395,14,47,283,51,379,40,79,229,31
"2011","Sutton 012D","E01004142","Total",1073,65,177,684,147,588,23,56,400,109,485,42,121,284,38
"2011","Sutton 012E","E01004149","Total",826,74,129,526,97,438,21,36,315,66,388,53,93,211,31
"2011","Sutton 013A","E01004101","Total",685,58,118,412,97,368,16,23,256,73,317,42,95,156,24
"2011","Sutton 013B","E01004103","Total",949,53,150,643,103,479,12,43,356,68,470,41,107,287,35
"2011","Sutton 013C","E01004138","Total",877,57,120,582,118,449,23,29,317,80,428,34,91,265,38
"2011","Sutton 013D","E01004139","Total",770,64,112,501,93,408,19,30,289,70,362,45,82,212,23
"2011","Sutton 013E","E01004168","Total",859,93,158,496,112,435,22,35,282,96,424,71,123,214,16
"2011","Sutton 014A","E01004143","Total",786,64,138,488,96,380,18,34,259,69,406,46,104,229,27
"2011","Sutton 014B","E01004148","Total",738,59,163,426,90,382,20,51,238,73,356,39,112,188,17
"2011","Sutton 014C","E01004159","Total",809,76,152,494,87,451,31,35,313,72,358,45,117,181,15
"2011","Sutton 014D","E01004160","Total",904,59,141,576,128,484,18,37,341,88,420,41,104,235,40
"2011","Sutton 014E","E01004161","Total",843,73,134,528,108,410,18,30,288,74,433,55,104,240,34
"2011","Sutton 015A","E01004097","Total",936,75,161,586,114,494,23,42,346,83,442,52,119,240,31
"2011","Sutton 015B","E01004098","Total",646,66,115,353,112,327,19,29,206,73,319,47,86,147,39
"2011","Sutton 015C","E01004099","Total",818,46,105,544,123,421,18,32,288,83,397,28,73,256,40
"2011","Sutton 015D","E01004100","Total",702,81,128,421,72,363,26,27,251,59,339,55,101,170,13
"2011","Sutton 015E","E01004102","Total",721,58,119,409,135,383,19,27,240,97,338,39,92,169,38
"2011","Sutton 016A","E01004110","Total",965,76,160,604,125,522,22,41,365,94,443,54,119,239,31
"2011","Sutton 016B","E01004111","Total",738,80,135,429,94,394,25,32,266,71,344,55,103,163,23
"2011","Sutton 016C","E01004112","Total",810,86,138,432,154,420,22,32,245,121,390,64,106,187,33
"2011","Sutton 016D","E01004120","Total",816,106,168,447,95,440,25,36,300,79,376,81,132,147,16
"2011","Sutton 016E","E01004157","Total",657,75,117,366,99,347,22,28,219,78,310,53,89,147,21
"2011","Sutton 017A","E01004087","Total",734,80,147,386,121,380,21,33,228,98,354,59,114,158,23
"2011","Sutton 017B","E01004170","Total",988,86,161,600,141,501,28,44,331,98,487,58,117,269,43
"2011","Sutton 017C","E01004174","Total",772,51,117,508,96,400,18,34,285,63,372,33,83,223,33
"2011","Sutton 017D","E01004178","Total",1076,67,185,691,133,566,24,65,374,103,510,43,120,317,30
"2011","Sutton 017E","E01004179","Total",842,81,147,492,122,445,26,23,300,96,397,55,124,192,26
"2011","Sutton 018A","E01004152","Total",814,63,92,554,105,445,27,35,308,75,369,36,57,246,30
"2011","Sutton 018B","E01004155","Total",940,57,102,648,133,514,19,29,373,93,426,38,73,275,40
"2011","Sutton 018C","E01004156","Total",960,59,124,649,128,512,20,37,371,84,448,39,87,278,44
"2011","Sutton 018D","E01004158","Total",841,72,115,514,140,458,17,42,303,96,383,55,73,211,44
"2011","Sutton 018E","E01004162","Total",827,53,113,545,116,446,20,38,304,84,381,33,75,241,32
"2011","Sutton 019A","E01004083","Total",583,48,140,358,37,270,13,38,191,28,313,35,102,167,9
"2011","Sutton 019B","E01004086","Total",812,73,156,478,105,432,30,40,283,79,380,43,116,195,26
"2011","Sutton 019C","E01004088","Total",694,67,141,420,66,331,17,30,239,45,363,50,111,181,21
"2011","Sutton 019D","E01004089","Total",534,56,108,323,47,273,17,45,178,33,261,39,63,145,14
"2011","Sutton 019E","E01004182","Total",699,85,133,415,66,347,31,28,233,55,352,54,105,182,11
"2011","Sutton 020A","E01004104","Total",749,93,155,392,109,391,27,33,246,85,358,66,122,146,24
"2011","Sutton 020B","E01004107","Total",777,68,152,453,104,385,17,35,257,76,392,51,117,196,28
"2011","Sutton 020C","E01004177","Total",730,58,119,462,91,373,23,37,251,62,357,35,82,211,29
"2011","Sutton 020D","E01004180","Total",844,125,166,420,133,446,38,46,255,107,398,87,120,165,26
"2011","Sutton 020E","E01004181","Total",855,55,130,543,127,449,17,35,304,93,406,38,95,239,34
"2011","Sutton 021A","E01004090","Total",477,43,86,290,58,253,10,37,163,43,224,33,49,127,15
"2011","Sutton 021B","E01004096","Total",812,46,104,554,108,417,13,39,288,77,395,33,65,266,31
"2011","Sutton 021C","E01004150","Total",817,46,97,556,118,450,14,21,334,81,367,32,76,222,37
"2011","Sutton 021D","E01004151","Total",986,70,122,639,155,524,24,42,350,108,462,46,80,289,47
"2011","Sutton 021E","E01004153","Total",916,46,115,614,141,531,15,48,370,98,385,31,67,244,43
"2011","Sutton 022A","E01004091","Total",659,70,140,342,107,348,24,31,211,82,311,46,109,131,25
"2011","Sutton 022B","E01004092","Total",739,89,114,413,123,389,26,31,236,96,350,63,83,177,27
"2011","Sutton 022C","E01004105","Total",971,103,179,548,141,505,29,32,333,111,466,74,147,215,30
"2011","Sutton 022D","E01004106","Total",791,120,149,376,146,415,39,32,234,110,376,81,117,142,36
"2011","Sutton 022E","E01004154","Total",715,86,115,406,108,393,22,40,237,94,322,64,75,169,14
"2011","Sutton 024A","E01004084","Total",725,78,120,392,135,391,32,35,226,98,334,46,85,166,37
"2011","Sutton 024B","E01004085","Total",814,95,160,435,124,416,27,54,242,93,398,68,106,193,31
"2011","Sutton 024C","E01004108","Total",843,83,163,455,142,445,21,45,272,107,398,62,118,183,35
"2011","Sutton 024D","E01004109","Total",787,70,137,467,113,402,19,29,259,95,385,51,108,208,18
"2011","Sutton 025A","E01004093","Total",793,80,118,459,136,418,32,23,263,100,375,48,95,196,36
"2011","Sutton 025B","E01004094","Total",934,73,162,565,134,484,16,32,331,105,450,57,130,234,29
"2011","Sutton 025C","E01004095","Total",820,52,123,507,138,439,16,25,295,103,381,36,98,212,35
"2011","Sutton 025D","E01004114","Total",772,128,127,346,171,416,43,24,212,137,356,85,103,134,34
"2011","Sutton 025E","E01032623","Total",784,102,135,371,176,417,23,31,222,141,367,79,104,149,35
"2011","Waltham Forest 001A","E01004349","Total",600,55,116,371,58,292,18,33,197,44,308,37,83,174,14
"2011","Waltham Forest 001B","E01004350","Total",635,62,117,377,79,339,18,36,224,61,296,44,81,153,18
"2011","Waltham Forest 001C","E01004351","Total",760,91,144,428,97,390,29,34,256,71,370,62,110,172,26
"2011","Waltham Forest 001D","E01004356","Total",701,80,147,398,76,373,33,59,222,59,328,47,88,176,17
"2011","Waltham Forest 001E","E01004357","Total",686,82,129,405,70,350,23,47,235,45,336,59,82,170,25
"2011","Waltham Forest 002A","E01004352","Total",976,102,143,558,173,554,28,43,346,137,422,74,100,212,36
"2011","Waltham Forest 002B","E01004353","Total",873,76,175,472,150,441,18,52,260,111,432,58,123,212,39
"2011","Waltham Forest 002C","E01004354","Total",901,84,143,544,130,464,21,40,317,86,437,63,103,227,44
"2011","Waltham Forest 002D","E01004358","Total",781,64,138,468,111,389,19,30,263,77,392,45,108,205,34
"2011","Waltham Forest 002E","E01004359","Total",823,78,153,479,113,438,30,40,286,82,385,48,113,193,31
"2011","Waltham Forest 003A","E01004384","Total",735,75,164,413,83,369,31,49,227,62,366,44,115,186,21
"2011","Waltham Forest 003B","E01004385","Total",591,47,99,339,106,285,19,28,174,64,306,28,71,165,42
"2011","Waltham Forest 003C","E01004386","Total",850,55,152,512,131,445,16,36,294,99,405,39,116,218,32
"2011","Waltham Forest 003D","E01004389","Total",686,60,141,416,69,367,22,44,245,56,319,38,97,171,13
"2011","Waltham Forest 003E","E01004390","Total",683,68,139,420,56,354,19,43,250,42,329,49,96,170,14
"2011","Waltham Forest 004A","E01004355","Total",744,71,131,460,82,400,27,45,262,66,344,44,86,198,16
"2011","Waltham Forest 004B","E01004360","Total",631,57,137,352,85,334,16,48,203,67,297,41,89,149,18
"2011","Waltham Forest 004C","E01004413","Total",654,66,131,394,63,326,23,36,217,50,328,43,95,177,13
"2011","Waltham Forest 004D","E01004415","Total",691,68,141,418,64,355,24,40,245,46,336,44,101,173,18
"2011","Waltham Forest 004E","E01004416","Total",831,79,162,477,113,441,21,51,281,88,390,58,111,196,25
"2011","Waltham Forest 005A","E01004361","Total",685,69,130,395,91,359,23,33,226,77,326,46,97,169,14
"2011","Waltham Forest 005B","E01004414","Total",736,67,131,453,85,382,20,39,260,63,354,47,92,193,22
"2011","Waltham Forest 005C","E01004417","Total",778,60,156,470,92,395,18,48,255,74,383,42,108,215,18
"2011","Waltham Forest 005D","E01004451","Total",866,88,162,522,94,447,33,51,291,72,419,55,111,231,22
"2011","Waltham Forest 005E","E01004452","Total",752,67,124,469,92,406,28,40,274,64,346,39,84,195,28
"2011","Waltham Forest 006A","E01004450","Total",820,80,164,498,78,429,25,42,294,68,391,55,122,204,10
"2011","Waltham Forest 006B","E01004453","Total",794,75,126,511,82,414,22,45,287,60,380,53,81,224,22
"2011","Waltham Forest 006C","E01004454","Total",743,75,119,449,100,391,23,41,252,75,352,52,78,197,25
"2011","Waltham Forest 006D","E01004455","Total",653,72,143,382,56,342,27,55,220,40,311,45,88,162,16
"2011","Waltham Forest 006E","E01004456","Total",586,79,122,341,44,271,25,49,169,28,315,54,73,172,16
"2011","Waltham Forest 007A","E01004379","Total",763,71,128,487,77,383,24,28,276,55,380,47,100,211,22
"2011","Waltham Forest 007B","E01004380","Total",747,59,134,458,96,350,10,32,237,71,397,49,102,221,25
"2011","Waltham Forest 007C","E01004381","Total",957,88,152,593,124,495,18,48,348,81,462,70,104,245,43
"2011","Waltham Forest 007D","E01004383","Total",780,73,151,450,106,407,22,42,261,82,373,51,109,189,24
"2011","Waltham Forest 007E","E01004387","Total",804,92,148,470,94,409,30,33,272,74,395,62,115,198,20
"2011","Waltham Forest 007F","E01004388","Total",743,77,133,433,100,395,24,52,245,74,348,53,81,188,26
"2011","Waltham Forest 008A","E01004343","Total",926,93,141,577,115,486,36,44,324,82,440,57,97,253,33
"2011","Waltham Forest 008B","E01004344","Total",800,81,164,469,86,421,38,58,264,61,379,43,106,205,25
"2011","Waltham Forest 008C","E01004382","Total",496,47,98,302,49,248,16,41,158,33,248,31,57,144,16
"2011","Waltham Forest 008D","E01004418","Total",765,72,154,449,90,410,22,54,264,70,355,50,100,185,20
"2011","Waltham Forest 008E","E01004419","Total",770,57,143,506,64,412,13,54,302,43,358,44,89,204,21
"2011","Waltham Forest 009A","E01004398","Total",740,93,155,409,83,390,29,64,234,63,350,64,91,175,20
"2011","Waltham Forest 009B","E01004399","Total",611,62,140,346,63,301,19,52,184,46,310,43,88,162,17
"2011","Waltham Forest 009C","E01004400","Total",782,75,145,479,83,419,20,60,277,62,363,55,85,202,21
"2011","Waltham Forest 009D","E01004402","Total",721,51,145,454,71,390,16,64,261,49,331,35,81,193,22
"2011","Waltham Forest 009E","E01004403","Total",731,52,162,440,77,406,20,77,247,62,325,32,85,193,15
"2011","Waltham Forest 010A","E01004345","Total",889,79,152,562,96,461,35,57,300,69,428,44,95,262,27
"2011","Waltham Forest 010B","E01004348","Total",1331,91,233,858,149,719,40,89,497,93,612,51,144,361,56
"2011","Waltham Forest 010C","E01004377","Total",851,68,183,491,109,437,25,63,268,81,414,43,120,223,28
"2011","Waltham Forest 010D","E01004378","Total",857,76,151,538,92,465,29,58,311,67,392,47,93,227,25
"2011","Waltham Forest 011A","E01004342","Total",897,74,168,547,108,493,21,77,318,77,404,53,91,229,31
"2011","Waltham Forest 011B","E01004346","Total",775,79,159,472,65,403,34,51,269,49,372,45,108,203,16
"2011","Waltham Forest 011C","E01004347","Total",1062,79,200,694,89,549,27,73,384,65,513,52,127,310,24
"2011","Waltham Forest 011D","E01004460","Total",865,67,188,520,90,463,22,71,309,61,402,45,117,211,29
"2011","Waltham Forest 011E","E01004462","Total",889,90,174,535,90,477,36,76,302,63,412,54,98,233,27
"2011","Waltham Forest 012A","E01004396","Total",884,73,163,572,76,504,34,75,349,46,380,39,88,223,30
"2011","Waltham Forest 012B","E01004457","Total",959,82,193,586,98,544,37,91,343,73,415,45,102,243,25
"2011","Waltham Forest 012C","E01004458","Total",906,75,175,561,95,500,32,73,323,72,406,43,102,238,23
"2011","Waltham Forest 012D","E01004459","Total",476,49,134,245,48,252,22,66,130,34,224,27,68,115,14
"2011","Waltham Forest 012E","E01004463","Total",1133,73,195,738,127,591,32,74,409,76,542,41,121,329,51
"2011","Waltham Forest 013A","E01004407","Total",479,48,163,238,30,277,22,79,152,24,202,26,84,86,6
"2011","Waltham Forest 013B","E01004410","Total",814,68,148,502,96,408,29,48,264,67,406,39,100,238,29
"2011","Waltham Forest 013C","E01004464","Total",604,60,143,352,49,324,26,55,209,34,280,34,88,143,15
"2011","Waltham Forest 013D","E01004469","Total",601,59,128,350,64,346,24,69,206,47,255,35,59,144,17
"2011","Waltham Forest 013E","E01004470","Total",688,67,133,420,68,363,29,56,231,47,325,38,77,189,21
"2011","Waltham Forest 013F","E01004471","Total",693,66,127,431,69,374,20,58,241,55,319,46,69,190,14
"2011","Waltham Forest 014A","E01004391","Total",986,66,153,642,125,532,23,65,353,91,454,43,88,289,34
"2011","Waltham Forest 014B","E01004393","Total",1258,73,180,852,153,893,36,113,620,124,365,37,67,232,29
"2011","Waltham Forest 014C","E01004401","Total",1067,73,209,677,108,580,31,94,375,80,487,42,115,302,28
"2011","Waltham Forest 014D","E01004404","Total",1010,59,180,665,106,543,23,67,380,73,467,36,113,285,33
"2011","Waltham Forest 014E","E01004461","Total",1155,107,213,725,110,628,48,86,418,76,527,59,127,307,34
"2011","Waltham Forest 015A","E01004412","Total",929,71,128,626,104,480,32,54,335,59,449,39,74,291,45
"2011","Waltham Forest 015B","E01004465","Total",744,81,134,442,87,375,33,53,240,49,369,48,81,202,38
"2011","Waltham Forest 015C","E01004466","Total",907,74,146,565,122,483,30,53,326,74,424,44,93,239,48
"2011","Waltham Forest 015D","E01004467","Total",985,74,225,589,97,526,42,88,325,71,459,32,137,264,26
"2011","Waltham Forest 015E","E01004468","Total",847,66,117,531,133,468,21,49,310,88,379,45,68,221,45
"2011","Waltham Forest 016A","E01004406","Total",956,81,176,610,89,539,42,72,365,60,417,39,104,245,29
"2011","Waltham Forest 016B","E01004408","Total",860,63,159,528,110,444,22,63,284,75,416,41,96,244,35
"2011","Waltham Forest 016C","E01004409","Total",812,60,141,517,94,457,26,66,302,63,355,34,75,215,31
"2011","Waltham Forest 016D","E01004411","Total",937,72,189,572,104,544,41,91,336,76,393,31,98,236,28
"2011","Waltham Forest 016E","E01004443","Total",828,95,162,483,88,470,44,70,292,64,358,51,92,191,24
"2011","Waltham Forest 016F","E01004447","Total",954,85,177,560,132,525,30,84,316,95,429,55,93,244,37
"2011","Waltham Forest 017A","E01004392","Total",1180,79,234,747,120,657,40,97,441,79,523,39,137,306,41
"2011","Waltham Forest 017B","E01004394","Total",797,66,151,503,77,452,31,62,302,57,345,35,89,201,20
"2011","Waltham Forest 017C","E01004397","Total",1297,121,240,809,127,715,57,103,470,85,582,64,137,339,42
"2011","Waltham Forest 017D","E01004444","Total",1102,110,194,680,118,596,45,80,391,80,506,65,114,289,38
"2011","Waltham Forest 017E","E01004446","Total",881,57,169,571,84,492,25,75,331,61,389,32,94,240,23
"2011","Waltham Forest 018A","E01004395","Total",819,74,139,522,84,454,34,57,308,55,365,40,82,214,29
"2011","Waltham Forest 018B","E01004421","Total",809,69,204,478,58,478,31,98,301,48,331,38,106,177,10
"2011","Waltham Forest 018C","E01004445","Total",854,60,184,513,97,485,22,93,297,73,369,38,91,216,24
"2011","Waltham Forest 018D","E01004448","Total",896,72,146,577,101,461,25,46,322,68,435,47,100,255,33
"2011","Waltham Forest 018E","E01004449","Total",603,85,116,338,64,329,32,51,196,50,274,53,65,142,14
"2011","Waltham Forest 019A","E01004363","Total",795,71,148,479,97,441,32,62,274,73,354,39,86,205,24
"2011","Waltham Forest 019B","E01004364","Total",693,68,143,413,69,392,26,66,249,51,301,42,77,164,18
"2011","Waltham Forest 019C","E01004366","Total",833,77,155,511,90,444,27,65,285,67,389,50,90,226,23
"2011","Waltham Forest 019D","E01004367","Total",713,75,127,424,87,428,43,62,256,67,285,32,65,168,20
"2011","Waltham Forest 019E","E01004368","Total",974,78,149,623,124,537,41,72,338,86,437,37,77,285,38
"2011","Waltham Forest 020A","E01004365","Total",1095,105,234,677,79,641,52,129,401,59,454,53,105,276,20
"2011","Waltham Forest 020B","E01004405","Total",759,67,154,455,83,403,31,64,256,52,356,36,90,199,31
"2011","Waltham Forest 020C","E01004420","Total",922,121,197,517,87,529,58,96,311,64,393,63,101,206,23
"2011","Waltham Forest 020D","E01004423","Total",773,80,167,460,66,459,41,83,282,53,314,39,84,178,13
"2011","Waltham Forest 020G","E01033153","Total",862,93,275,445,49,478,40,139,261,38,384,53,136,184,11
"2011","Waltham Forest 021A","E01004362","Total",848,53,128,529,138,453,22,53,284,94,395,31,75,245,44
"2011","Waltham Forest 021B","E01004436","Total",836,53,119,539,125,466,19,46,312,89,370,34,73,227,36
"2011","Waltham Forest 021C","E01004437","Total",944,67,155,599,123,536,31,63,351,91,408,36,92,248,32
"2011","Waltham Forest 021D","E01004439","Total",844,58,141,536,109,446,24,47,307,68,398,34,94,229,41
"2011","Waltham Forest 021E","E01004442","Total",985,53,162,651,119,539,18,58,384,79,446,35,104,267,40
"2011","Waltham Forest 022A","E01004422","Total",714,84,132,430,68,403,42,52,259,50,311,42,80,171,18
"2011","Waltham Forest 022B","E01004424","Total",741,69,152,455,65,436,33,65,286,52,305,36,87,169,13
"2011","Waltham Forest 022C","E01004425","Total",1017,76,205,650,86,557,40,91,363,63,460,36,114,287,23
"2011","Waltham Forest 022D","E01004426","Total",752,68,167,459,58,418,30,89,260,39,334,38,78,199,19
"2011","Waltham Forest 022E","E01004427","Total",1053,79,192,679,103,580,35,75,392,78,473,44,117,287,25
"2011","Waltham Forest 023A","E01004369","Total",915,68,192,570,85,514,33,92,335,54,401,35,100,235,31
"2011","Waltham Forest 023B","E01004370","Total",948,73,184,597,94,522,42,79,331,70,426,31,105,266,24
"2011","Waltham Forest 023C","E01004372","Total",1018,66,139,684,129,575,22,55,411,87,443,44,84,273,42
"2011","Waltham Forest 023D","E01004432","Total",784,66,174,482,62,429,28,73,281,47,355,38,101,201,15
"2011","Waltham Forest 023E","E01004435","Total",893,90,188,541,74,470,42,83,288,57,423,48,105,253,17
"2011","Waltham Forest 024A","E01004333","Total",778,57,150,475,96,430,27,68,262,73,348,30,82,213,23
"2011","Waltham Forest 024B","E01004334","Total",511,57,119,277,58,272,22,51,158,41,239,35,68,119,17
"2011","Waltham Forest 024C","E01004438","Total",1226,98,183,803,142,735,48,73,524,90,491,50,110,279,52
"2011","Waltham Forest 024D","E01004440","Total",1213,91,187,784,151,685,40,80,457,108,528,51,107,327,43
"2011","Waltham Forest 024E","E01004441","Total",931,93,148,579,111,528,56,64,332,76,403,37,84,247,35
"2011","Waltham Forest 025A","E01004371","Total",888,51,154,552,131,482,24,62,302,94,406,27,92,250,37
"2011","Waltham Forest 025B","E01004373","Total",872,70,187,537,78,503,40,80,326,57,369,30,107,211,21
"2011","Waltham Forest 025C","E01004374","Total",1019,111,181,615,112,568,48,84,351,85,451,63,97,264,27
"2011","Waltham Forest 025D","E01004375","Total",932,63,176,592,101,529,27,79,347,76,403,36,97,245,25
"2011","Waltham Forest 025E","E01004376","Total",1092,116,216,654,106,613,57,109,365,82,479,59,107,289,24
"2011","Waltham Forest 026A","E01004336","Total",950,113,215,556,66,490,46,104,294,46,460,67,111,262,20
"2011","Waltham Forest 026B","E01004428","Total",600,65,156,340,39,281,21,57,174,29,319,44,99,166,10
"2011","Waltham Forest 026C","E01004429","Total",820,72,156,518,74,434,35,58,289,52,386,37,98,229,22
"2011","Waltham Forest 026D","E01004430","Total",1220,101,229,727,163,719,52,103,446,118,501,49,126,281,45
"2011","Waltham Forest 026E","E01004434","Total",851,79,186,509,77,467,33,90,283,61,384,46,96,226,16
"2011","Waltham Forest 027A","E01004335","Total",599,56,146,340,57,323,27,67,192,37,276,29,79,148,20
"2011","Waltham Forest 027B","E01004337","Total",868,73,195,520,80,523,33,113,317,60,345,40,82,203,20
"2011","Waltham Forest 027C","E01004338","Total",969,91,175,602,101,539,43,79,350,67,430,48,96,252,34
"2011","Waltham Forest 027D","E01004339","Total",911,63,175,579,94,517,30,93,334,60,394,33,82,245,34
"2011","Waltham Forest 027E","E01004340","Total",785,78,153,470,84,435,37,67,269,62,350,41,86,201,22
"2011","Waltham Forest 027F","E01004341","Total",709,75,138,437,59,389,34,50,256,49,320,41,88,181,10
"2011","Waltham Forest 028A","E01004327","Total",547,60,100,347,40,299,29,47,199,24,248,31,53,148,16
"2011","Waltham Forest 028B","E01004328","Total",945,88,162,590,105,562,47,79,360,76,383,41,83,230,29
"2011","Waltham Forest 028C","E01004329","Total",902,95,186,534,87,506,65,82,296,63,396,30,104,238,24
"2011","Waltham Forest 028D","E01004330","Total",924,97,179,565,83,518,57,80,323,58,406,40,99,242,25
"2011","Waltham Forest 028E","E01004331","Total",851,95,190,486,80,463,55,80,277,51,388,40,110,209,29
"2011","Waltham Forest 028F","E01004332","Total",890,116,200,486,88,523,60,104,287,72,367,56,96,199,16
"2011","Bracknell Forest 001C","E01016252","Total",747,76,118,402,151,405,21,33,236,115,342,55,85,166,36
"2011","Bracknell Forest 001D","E01016253","Total",731,74,122,384,151,386,12,25,235,114,345,62,97,149,37
"2011","Bracknell Forest 001E","E01032727","Total",1391,144,265,678,304,739,37,47,429,226,652,107,218,249,78
"2011","Bracknell Forest 002A","E01016184","Total",1288,80,179,824,205,675,24,39,458,154,613,56,140,366,51
"2011","Bracknell Forest 002B","E01016185","Total",815,90,104,487,134,435,38,30,268,99,380,52,74,219,35
"2011","Bracknell Forest 002C","E01016186","Total",975,97,146,529,203,531,26,38,311,156,444,71,108,218,47
"2011","Bracknell Forest 002D","E01016187","Total",912,108,149,494,161,478,37,20,298,123,434,71,129,196,38
"2011","Bracknell Forest 002E","E01016188","Total",1010,85,145,599,181,524,23,21,350,130,486,62,124,249,51
"2011","Bracknell Forest 003A","E01016190","Total",762,83,131,444,104,402,22,34,263,83,360,61,97,181,21
"2011","Bracknell Forest 003B","E01016238","Total",591,48,99,349,95,316,11,25,201,79,275,37,74,148,16
"2011","Bracknell Forest 003C","E01016243","Total",868,66,121,557,124,452,16,25,321,90,416,50,96,236,34
"2011","Bracknell Forest 003D","E01016245","Total",1386,121,195,826,244,732,40,30,474,188,654,81,165,352,56
"2011","Bracknell Forest 003E","E01016246","Total",937,75,154,532,176,473,17,19,300,137,464,58,135,232,39
"2011","Bracknell Forest 003F","E01016247","Total",1034,77,132,635,190,529,26,25,332,146,505,51,107,303,44
"2011","Bracknell Forest 004A","E01016239","Total",801,68,133,496,104,422,22,24,292,84,379,46,109,204,20
"2011","Bracknell Forest 004B","E01016240","Total",794,67,144,483,100,418,26,30,275,87,376,41,114,208,13
"2011","Bracknell Forest 004C","E01016241","Total",792,70,131,505,86,426,24,30,314,58,366,46,101,191,28
"2011","Bracknell Forest 004D","E01016242","Total",883,67,146,551,119,457,13,40,313,91,426,54,106,238,28
"2011","Bracknell Forest 005A","E01016180","Total",696,70,115,397,114,367,25,22,236,84,329,45,93,161,30
"2011","Bracknell Forest 005B","E01016181","Total",668,61,101,344,162,355,22,18,196,119,313,39,83,148,43
"2011","Bracknell Forest 005C","E01016182","Total",795,89,126,434,146,402,30,23,239,110,393,59,103,195,36
"2011","Bracknell Forest 005D","E01016183","Total",681,62,125,389,105,342,19,23,223,77,339,43,102,166,28
"2011","Bracknell Forest 005E","E01016222","Total",786,61,122,478,125,403,19,21,267,96,383,42,101,211,29
"2011","Bracknell Forest 006B","E01016191","Total",799,69,136,490,104,416,15,32,291,78,383,54,104,199,26
"2011","Bracknell Forest 006C","E01016223","Total",809,56,127,501,125,424,16,30,290,88,385,40,97,211,37
"2011","Bracknell Forest 006D","E01016224","Total",865,61,148,541,115,443,14,35,303,91,422,47,113,238,24
"2011","Bracknell Forest 006E","E01016226","Total",721,56,112,459,94,398,21,25,285,67,323,35,87,174,27
"2011","Bracknell Forest 006F","E01032724","Total",681,35,87,479,80,373,11,28,284,50,308,24,59,195,30
"2011","Bracknell Forest 006G","E01032728","Total",803,60,120,527,96,430,16,43,297,74,373,44,77,230,22
"2011","Bracknell Forest 007A","E01016225","Total",1165,110,180,739,136,616,29,44,446,97,549,81,136,293,39
"2011","Bracknell Forest 007B","E01016233","Total",1226,85,195,817,129,657,21,42,497,97,569,64,153,320,32
"2011","Bracknell Forest 007C","E01016248","Total",771,78,153,460,80,397,21,41,273,62,374,57,112,187,18
"2011","Bracknell Forest 007D","E01016249","Total",756,56,106,485,109,413,23,27,285,78,343,33,79,200,31
"2011","Bracknell Forest 007E","E01016250","Total",827,78,135,512,102,453,30,37,307,79,374,48,98,205,23
"2011","Bracknell Forest 008A","E01016200","Total",874,61,136,554,123,446,21,28,309,88,428,40,108,245,35
"2011","Bracknell Forest 008B","E01016201","Total",878,61,105,607,105,455,19,25,336,75,423,42,80,271,30
"2011","Bracknell Forest 008C","E01016202","Total",875,36,75,618,146,467,13,15,335,104,408,23,60,283,42
"2011","Bracknell Forest 008D","E01016203","Total",679,42,113,445,79,347,7,17,262,61,332,35,96,183,18
"2011","Bracknell Forest 008E","E01016204","Total",688,58,94,463,73,362,13,30,262,57,326,45,64,201,16
"2011","Bracknell Forest 009A","E01016209","Total",769,74,149,450,96,391,23,38,255,75,378,51,111,195,21
"2011","Bracknell Forest 009B","E01016210","Total",623,53,117,398,55,314,17,22,233,42,309,36,95,165,13
"2011","Bracknell Forest 009D","E01016213","Total",662,63,108,406,85,339,16,20,230,73,323,47,88,176,12
"2011","Bracknell Forest 009E","E01016214","Total",770,89,147,438,96,408,22,42,264,80,362,67,105,174,16
"2011","Bracknell Forest 009F","E01016215","Total",647,56,119,400,72,332,15,21,247,49,315,41,98,153,23
"2011","Bracknell Forest 009G","E01032725","Total",928,44,99,623,162,492,7,17,353,115,436,37,82,270,47
"2011","Bracknell Forest 009H","E01032726","Total",741,55,130,459,97,375,15,28,263,69,366,40,102,196,28
"2011","Bracknell Forest 010A","E01016205","Total",788,56,117,517,98,422,19,30,301,72,366,37,87,216,26
"2011","Bracknell Forest 010B","E01016217","Total",807,70,120,536,81,417,18,22,311,66,390,52,98,225,15
"2011","Bracknell Forest 010C","E01016218","Total",760,61,121,481,97,422,18,25,301,78,338,43,96,180,19
"2011","Bracknell Forest 010D","E01016231","Total",1003,77,179,596,151,517,27,38,343,109,486,50,141,253,42
"2011","Bracknell Forest 010E","E01016232","Total",765,66,131,475,93,391,20,30,274,67,374,46,101,201,26
"2011","Bracknell Forest 011A","E01016212","Total",681,52,116,438,75,367,20,19,270,58,314,32,97,168,17
"2011","Bracknell Forest 011B","E01016216","Total",734,51,99,500,84,403,18,19,297,69,331,33,80,203,15
"2011","Bracknell Forest 011C","E01016219","Total",741,83,108,456,94,378,18,27,262,71,363,65,81,194,23
"2011","Bracknell Forest 011D","E01016220","Total",803,64,138,505,96,426,21,40,297,68,377,43,98,208,28
"2011","Bracknell Forest 011E","E01016221","Total",783,61,118,512,92,406,24,33,283,66,377,37,85,229,26
"2011","Bracknell Forest 012A","E01016206","Total",896,85,156,491,164,471,22,29,291,129,425,63,127,200,35
"2011","Bracknell Forest 012B","E01016208","Total",1012,96,151,605,160,535,26,31,363,115,477,70,120,242,45
"2011","Bracknell Forest 012C","E01016229","Total",627,70,101,371,85,336,16,26,230,64,291,54,75,141,21
"2011","Bracknell Forest 012D","E01016230","Total",613,51,72,313,177,335,19,12,178,126,278,32,60,135,51
"2011","Bracknell Forest 013A","E01016207","Total",795,72,135,476,112,414,22,36,274,82,381,50,99,202,30
"2011","Bracknell Forest 013B","E01016234","Total",715,68,111,411,125,373,22,29,230,92,342,46,82,181,33
"2011","Bracknell Forest 013C","E01016235","Total",818,73,149,492,104,432,25,30,299,78,386,48,119,193,26
"2011","Bracknell Forest 013D","E01016236","Total",795,84,150,458,103,404,25,36,259,84,391,59,114,199,19
"2011","Bracknell Forest 013E","E01016237","Total",737,65,123,448,101,374,10,24,267,73,363,55,99,181,28
"2011","Bracknell Forest 014A","E01016192","Total",718,66,99,443,110,388,21,15,269,83,330,45,84,174,27
"2011","Bracknell Forest 014B","E01016194","Total",636,68,109,351,108,337,17,21,215,84,299,51,88,136,24
"2011","Bracknell Forest 014C","E01016195","Total",705,58,125,424,98,357,16,18,246,77,348,42,107,178,21
"2011","Bracknell Forest 014D","E01016227","Total",711,70,140,383,118,377,19,28,239,91,334,51,112,144,27
"2011","Bracknell Forest 014E","E01016228","Total",816,73,140,464,139,429,14,32,285,98,387,59,108,179,41
"2011","Bracknell Forest 015A","E01016193","Total",802,64,117,512,109,408,13,21,295,79,394,51,96,217,30
"2011","Bracknell Forest 015B","E01016196","Total",1645,91,123,549,882,1188,35,24,351,778,457,56,99,198,104
"2011","Bracknell Forest 015C","E01016197","Total",689,66,102,418,103,358,23,20,235,80,331,43,82,183,23
"2011","Bracknell Forest 015D","E01016198","Total",679,62,110,400,107,343,14,24,229,76,336,48,86,171,31
"2011","Bracknell Forest 015E","E01016199","Total",740,74,126,426,114,398,27,28,253,90,342,47,98,173,24
"2011","Brighton and Hove 001A","E01016924","Total",722,80,175,375,92,371,23,42,236,70,351,57,133,139,22
"2011","Brighton and Hove 001B","E01016926","Total",681,79,186,345,71,351,28,53,211,59,330,51,133,134,12
"2011","Brighton and Hove 001C","E01016927","Total",798,85,169,439,105,412,20,41,265,86,386,65,128,174,19
"2011","Brighton and Hove 001D","E01016929","Total",810,83,179,454,94,408,18,35,285,70,402,65,144,169,24
"2011","Brighton and Hove 001E","E01016931","Total",763,106,174,395,88,395,26,39,263,67,368,80,135,132,21
"2011","Brighton and Hove 002A","E01016898","Total",887,146,219,461,61,469,54,63,306,46,418,92,156,155,15
"2011","Brighton and Hove 002B","E01016899","Total",837,344,179,267,47,380,109,65,173,33,457,235,114,94,14
"2011","Brighton and Hove 002C","E01016914","Total",715,238,166,283,28,335,75,60,179,21,380,163,106,104,7
"2011","Brighton and Hove 002D","E01016915","Total",481,75,122,239,45,267,35,41,157,34,214,40,81,82,11
"2011","Brighton and Hove 003A","E01016923","Total",771,91,170,398,112,401,28,48,242,83,370,63,122,156,29
"2011","Brighton and Hove 003B","E01016928","Total",754,95,165,375,119,385,30,44,224,87,369,65,121,151,32
"2011","Brighton and Hove 003C","E01016998","Total",748,82,152,414,100,386,21,41,250,74,362,61,111,164,26
"2011","Brighton and Hove 003D","E01016999","Total",714,91,150,362,111,364,26,38,216,84,350,65,112,146,27
"2011","Brighton and Hove 003E","E01017000","Total",811,69,153,438,151,433,21,42,259,111,378,48,111,179,40
"2011","Brighton and Hove 004A","E01016925","Total",773,84,186,430,73,389,22,54,259,54,384,62,132,171,19
"2011","Brighton and Hove 004B","E01016930","Total",948,115,222,510,101,474,37,50,312,75,474,78,172,198,26
"2011","Brighton and Hove 004C","E01017001","Total",716,89,161,364,102,369,29,33,229,78,347,60,128,135,24
"2011","Brighton and Hove 004D","E01017003","Total",842,92,167,483,100,433,21,43,291,78,409,71,124,192,22
"2011","Brighton and Hove 005A","E01016916","Total",713,69,157,411,76,368,23,34,249,62,345,46,123,162,14
"2011","Brighton and Hove 005B","E01016917","Total",746,57,174,441,74,378,16,31,274,57,368,41,143,167,17
"2011","Brighton and Hove 005C","E01016918","Total",611,76,142,329,64,306,28,37,191,50,305,48,105,138,14
"2011","Brighton and Hove 005D","E01016919","Total",744,61,193,423,67,351,19,38,244,50,393,42,155,179,17
"2011","Brighton and Hove 005E","E01016920","Total",874,84,183,514,93,416,18,23,305,70,458,66,160,209,23
"2011","Brighton and Hove 006A","E01016882","Total",651,91,148,347,65,319,29,40,204,46,332,62,108,143,19
"2011","Brighton and Hove 006B","E01016883","Total",592,79,138,295,80,313,29,40,178,66,279,50,98,117,14
"2011","Brighton and Hove 006C","E01016884","Total",736,81,181,403,71,385,23,58,248,56,351,58,123,155,15
"2011","Brighton and Hove 006D","E01016885","Total",526,66,152,266,42,252,23,49,150,30,274,43,103,116,12
"2011","Brighton and Hove 006E","E01016886","Total",729,85,189,383,72,391,29,55,251,56,338,56,134,132,16
"2011","Brighton and Hove 007A","E01016980","Total",769,88,176,405,100,413,31,54,250,78,356,57,122,155,22
"2011","Brighton and Hove 007B","E01016982","Total",644,69,170,310,95,334,17,46,198,73,310,52,124,112,22
"2011","Brighton and Hove 007C","E01016983","Total",648,80,159,291,118,351,19,49,186,97,297,61,110,105,21
"2011","Brighton and Hove 007D","E01016984","Total",719,129,123,338,129,401,30,42,223,106,318,99,81,115,23
"2011","Brighton and Hove 007E","E01016985","Total",807,93,175,413,126,429,38,45,253,93,378,55,130,160,33
"2011","Brighton and Hove 008A","E01016900","Total",523,89,133,262,39,282,35,48,170,29,241,54,85,92,10
"2011","Brighton and Hove 008B","E01016902","Total",644,69,184,339,52,331,30,46,218,37,313,39,138,121,15
"2011","Brighton and Hove 008C","E01016904","Total",574,67,165,290,52,295,26,58,170,41,279,41,107,120,11
"2011","Brighton and Hove 008D","E01016905","Total",687,101,143,379,64,345,46,44,211,44,342,55,99,168,20
"2011","Brighton and Hove 008E","E01016909","Total",773,187,176,350,60,391,80,66,201,44,382,107,110,149,16
"2011","Brighton and Hove 009A","E01016906","Total",669,67,164,388,50,332,22,38,231,41,337,45,126,157,9
"2011","Brighton and Hove 009B","E01016907","Total",696,151,174,325,46,361,64,67,198,32,335,87,107,127,14
"2011","Brighton and Hove 009C","E01016908","Total",539,72,159,270,38,291,31,53,174,33,248,41,106,96,5
"2011","Brighton and Hove 009D","E01016910","Total",605,121,171,281,32,309,58,55,175,21,296,63,116,106,11
"2011","Brighton and Hove 009E","E01016911","Total",681,104,165,351,61,368,37,49,229,53,313,67,116,122,8
"2011","Brighton and Hove 010A","E01016901","Total",874,145,216,440,73,408,52,55,256,45,466,93,161,184,28
"2011","Brighton and Hove 010B","E01016903","Total",1033,162,232,534,105,512,61,77,299,75,521,101,155,235,30
"2011","Brighton and Hove 010C","E01016934","Total",768,91,167,416,94,383,34,39,242,68,385,57,128,174,26
"2011","Brighton and Hove 010D","E01016939","Total",850,97,202,444,107,410,23,41,270,76,440,74,161,174,31
"2011","Brighton and Hove 010E","E01016940","Total",958,97,231,524,106,472,37,68,301,66,486,60,163,223,40
"2011","Brighton and Hove 011A","E01016981","Total",716,103,158,335,120,387,28,55,213,91,329,75,103,122,29
"2011","Brighton and Hove 011B","E01017002","Total",891,74,137,530,150,487,26,40,314,107,404,48,97,216,43
"2011","Brighton and Hove 011C","E01017004","Total",911,83,198,513,117,495,25,65,320,85,416,58,133,193,32
"2011","Brighton and Hove 011D","E01017005","Total",989,82,208,565,134,499,20,53,333,93,490,62,155,232,41
"2011","Brighton and Hove 011E","E01017006","Total",973,90,198,575,110,517,42,62,325,88,456,48,136,250,22
"2011","Brighton and Hove 012A","E01016921","Total",778,69,173,456,80,379,17,43,256,63,399,52,130,200,17
"2011","Brighton and Hove 012B","E01016922","Total",625,62,160,354,49,316,16,43,217,40,309,46,117,137,9
"2011","Brighton and Hove 012C","E01016973","Total",735,67,155,445,68,377,18,42,263,54,358,49,113,182,14
"2011","Brighton and Hove 012D","E01016977","Total",763,101,177,403,82,383,29,47,240,67,380,72,130,163,15
"2011","Brighton and Hove 012E","E01016978","Total",801,61,182,476,82,427,27,45,291,64,374,34,137,185,18
"2011","Brighton and Hove 013A","E01016879","Total",696,78,174,378,66,357,20,44,238,55,339,58,130,140,11
"2011","Brighton and Hove 013B","E01016880","Total",503,46,151,262,44,257,17,44,156,40,246,29,107,106,4
"2011","Brighton and Hove 013C","E01016881","Total",662,62,149,386,65,341,17,39,235,50,321,45,110,151,15
"2011","Brighton and Hove 013D","E01016887","Total",696,70,164,399,63,350,16,35,249,50,346,54,129,150,13
"2011","Brighton and Hove 013E","E01016888","Total",700,83,197,331,89,357,25,44,214,74,343,58,153,117,15
"2011","Brighton and Hove 013F","E01016976","Total",831,87,188,471,85,439,24,44,298,73,392,63,144,173,12
"2011","Brighton and Hove 014A","E01016932","Total",911,104,166,501,140,494,34,51,312,97,417,70,115,189,43
"2011","Brighton and Hove 014B","E01016933","Total",820,80,157,467,116,429,31,49,267,82,391,49,108,200,34
"2011","Brighton and Hove 014C","E01016935","Total",844,60,146,511,127,453,22,43,301,87,391,38,103,210,40
"2011","Brighton and Hove 014D","E01016936","Total",983,118,178,563,124,503,31,62,325,85,480,87,116,238,39
"2011","Brighton and Hove 014E","E01016937","Total",1308,123,235,807,143,707,51,101,470,85,601,72,134,337,58
"2011","Brighton and Hove 015A","E01016890","Total",988,160,193,544,91,507,62,75,311,59,481,98,118,233,32
"2011","Brighton and Hove 015B","E01016966","Total",927,188,180,479,80,503,66,85,297,55,424,122,95,182,25
"2011","Brighton and Hove 015C","E01016970","Total",924,92,217,529,86,461,32,73,295,61,463,60,144,234,25
"2011","Brighton and Hove 015D","E01016971","Total",949,204,205,457,83,499,85,81,282,51,450,119,124,175,32
"2011","Brighton and Hove 015E","E01016972","Total",1103,146,213,615,129,547,58,75,332,82,556,88,138,283,47
"2011","Brighton and Hove 016A","E01016979","Total",842,74,215,462,91,432,18,60,285,69,410,56,155,177,22
"2011","Brighton and Hove 016B","E01016990","Total",854,51,195,495,113,426,19,52,279,76,428,32,143,216,37
"2011","Brighton and Hove 016C","E01016991","Total",979,79,175,595,130,461,24,46,308,83,518,55,129,287,47
"2011","Brighton and Hove 016D","E01016996","Total",889,69,203,511,106,423,16,36,302,69,466,53,167,209,37
"2011","Brighton and Hove 017A","E01017007","Total",696,71,182,387,56,353,12,41,256,44,343,59,141,131,12
"2011","Brighton and Hove 017B","E01017008","Total",778,78,194,434,72,397,17,49,269,62,381,61,145,165,10
"2011","Brighton and Hove 017C","E01017009","Total",741,88,172,398,83,389,27,41,261,60,352,61,131,137,23
"2011","Brighton and Hove 017D","E01017010","Total",829,89,172,471,97,429,23,42,289,75,400,66,130,182,22
"2011","Brighton and Hove 017E","E01017011","Total",599,61,145,328,65,290,14,33,197,46,309,47,112,131,19
"2011","Brighton and Hove 017F","E01017012","Total",889,81,212,502,94,458,22,48,314,74,431,59,164,188,20
"2011","Brighton and Hove 018A","E01016892","Total",882,127,217,458,80,423,45,70,253,55,459,82,147,205,25
"2011","Brighton and Hove 018B","E01016893","Total",1090,115,251,616,108,548,37,77,362,72,542,78,174,254,36
"2011","Brighton and Hove 018C","E01016912","Total",1002,183,218,516,85,496,72,73,296,55,506,111,145,220,30
"2011","Brighton and Hove 018D","E01016913","Total",827,175,167,417,68,402,78,48,237,39,425,97,119,180,29
"2011","Brighton and Hove 018E","E01016946","Total",816,74,194,453,95,445,28,70,281,66,371,46,124,172,29
"2011","Brighton and Hove 019A","E01016860","Total",928,63,136,629,100,487,22,54,345,66,441,41,82,284,34
"2011","Brighton and Hove 019B","E01016871","Total",1046,59,188,685,114,562,25,73,394,70,484,34,115,291,44
"2011","Brighton and Hove 019C","E01016872","Total",1218,73,190,808,147,636,26,68,436,106,582,47,122,372,41
"2011","Brighton and Hove 019D","E01016873","Total",1011,61,156,665,129,553,27,59,385,82,458,34,97,280,47
"2011","Brighton and Hove 019E","E01016878","Total",1011,92,148,607,164,550,25,42,360,123,461,67,106,247,41
"2011","Brighton and Hove 020A","E01016870","Total",923,70,158,559,136,500,22,51,329,98,423,48,107,230,38
"2011","Brighton and Hove 020B","E01016874","Total",1000,79,174,601,146,552,41,66,338,107,448,38,108,263,39
"2011","Brighton and Hove 020C","E01016875","Total",922,88,191,517,126,491,34,57,301,99,431,54,134,216,27
"2011","Brighton and Hove 020D","E01016876","Total",948,67,154,594,133,491,24,51,333,83,457,43,103,261,50
"2011","Brighton and Hove 020E","E01016877","Total",996,71,177,625,123,530,27,59,365,79,466,44,118,260,44
"2011","Brighton and Hove 021A","E01016974","Total",892,84,190,530,88,442,28,44,311,59,450,56,146,219,29
"2011","Brighton and Hove 021B","E01016975","Total",695,82,158,387,68,334,26,38,216,54,361,56,120,171,14
"2011","Brighton and Hove 021C","E01016992","Total",801,89,176,411,125,424,24,42,264,94,377,65,134,147,31
"2011","Brighton and Hove 021D","E01016994","Total",924,79,205,538,102,466,32,62,300,72,458,47,143,238,30
"2011","Brighton and Hove 021E","E01016997","Total",810,78,191,441,100,402,22,55,262,63,408,56,136,179,37
"2011","Brighton and Hove 022A","E01016889","Total",999,149,225,535,90,518,60,82,321,55,481,89,143,214,35
"2011","Brighton and Hove 022B","E01016891","Total",893,135,193,482,83,476,56,78,283,59,417,79,115,199,24
"2011","Brighton and Hove 022C","E01016894","Total",983,158,187,543,95,504,59,74,312,59,479,99,113,231,36
"2011","Brighton and Hove 022D","E01016896","Total",1044,147,218,581,98,538,55,77,353,53,506,92,141,228,45
"2011","Brighton and Hove 022E","E01016897","Total",980,120,206,531,123,509,34,81,306,88,471,86,125,225,35
"2011","Brighton and Hove 023A","E01016987","Total",932,83,181,536,132,497,31,60,311,95,435,52,121,225,37
"2011","Brighton and Hove 023B","E01016989","Total",804,90,165,428,121,415,24,47,257,87,389,66,118,171,34
"2011","Brighton and Hove 023C","E01016993","Total",572,61,137,319,55,299,18,55,183,43,273,43,82,136,12
"2011","Brighton and Hove 023D","E01016995","Total",809,95,170,423,121,418,29,45,262,82,391,66,125,161,39
"2011","Brighton and Hove 024A","E01016938","Total",1192,84,196,780,132,643,31,81,457,74,549,53,115,323,58
"2011","Brighton and Hove 024B","E01016950","Total",1150,81,166,746,157,605,31,69,398,107,545,50,97,348,50
"2011","Brighton and Hove 024C","E01016951","Total",909,85,146,571,107,499,39,70,324,66,410,46,76,247,41
"2011","Brighton and Hove 024D","E01016967","Total",1333,110,189,836,198,720,55,79,462,124,613,55,110,374,74
"2011","Brighton and Hove 024E","E01016968","Total",1135,99,190,716,130,596,45,74,390,87,539,54,116,326,43
"2011","Brighton and Hove 025A","E01016864","Total",549,56,147,292,54,286,25,42,180,39,263,31,105,112,15
"2011","Brighton and Hove 025B","E01016865","Total",530,75,153,280,22,278,36,48,175,19,252,39,105,105,3
"2011","Brighton and Hove 025C","E01016866","Total",514,49,151,264,50,259,22,44,152,41,255,27,107,112,9
"2011","Brighton and Hove 025D","E01016867","Total",579,58,143,339,39,293,17,50,201,25,286,41,93,138,14
"2011","Brighton and Hove 025E","E01016868","Total",517,48,140,287,42,266,15,49,170,32,251,33,91,117,10
"2011","Brighton and Hove 025F","E01016895","Total",577,75,158,299,45,292,24,50,187,31,285,51,108,112,14
"2011","Brighton and Hove 026A","E01016849","Total",1066,65,165,627,209,620,32,64,383,141,446,33,101,244,68
"2011","Brighton and Hove 026B","E01016852","Total",1059,82,194,645,138,571,40,68,361,102,488,42,126,284,36
"2011","Brighton and Hove 026C","E01016853","Total",1269,84,215,805,165,684,36,80,465,103,585,48,135,340,62
"2011","Brighton and Hove 026D","E01016855","Total",1225,74,172,813,166,702,25,76,489,112,523,49,96,324,54
"2011","Brighton and Hove 026E","E01016856","Total",1008,81,147,651,129,557,35,73,365,84,451,46,74,286,45
"2011","Brighton and Hove 027A","E01016952","Total",1027,105,159,623,140,612,62,76,371,103,415,43,83,252,37
"2011","Brighton and Hove 027B","E01016953","Total",1043,100,181,605,157,575,45,82,344,104,468,55,99,261,53
"2011","Brighton and Hove 027C","E01016964","Total",1050,167,198,580,105,546,52,78,348,68,504,115,120,232,37
"2011","Brighton and Hove 027E","E01016969","Total",1139,114,183,679,163,669,49,81,416,123,470,65,102,263,40
"2011","Brighton and Hove 027F","E01033328","Total",861,92,124,519,126,468,36,51,301,80,393,56,73,218,46
"2011","Brighton and Hove 027G","E01033329","Total",957,94,139,618,106,512,36,42,366,68,445,58,97,252,38
"2011","Brighton and Hove 028A","E01016857","Total",906,83,141,550,132,485,33,51,308,93,421,50,90,242,39
"2011","Brighton and Hove 028B","E01016858","Total",964,53,149,627,135,506,25,50,356,75,458,28,99,271,60
"2011","Brighton and Hove 028C","E01016859","Total",793,68,120,472,133,438,35,42,267,94,355,33,78,205,39
"2011","Brighton and Hove 028D","E01016986","Total",797,69,147,468,113,410,22,48,257,83,387,47,99,211,30
"2011","Brighton and Hove 028E","E01016988","Total",750,79,135,431,105,394,27,33,259,75,356,52,102,172,30
"2011","Brighton and Hove 029A","E01016850","Total",1178,109,210,694,165,665,50,98,407,110,513,59,112,287,55
"2011","Brighton and Hove 029B","E01016851","Total",1216,99,165,780,172,668,44,83,436,105,548,55,82,344,67
"2011","Brighton and Hove 029C","E01016854","Total",1090,73,200,700,117,594,40,83,397,74,496,33,117,303,43
"2011","Brighton and Hove 029D","E01016954","Total",1174,96,201,736,141,631,36,96,403,96,543,60,105,333,45
"2011","Brighton and Hove 029E","E01016955","Total",1152,133,196,658,165,655,69,86,383,117,497,64,110,275,48
"2011","Brighton and Hove 030A","E01016941","Total",1098,109,201,619,169,663,47,97,402,117,435,62,104,217,52
"2011","Brighton and Hove 030B","E01016945","Total",1070,95,168,654,153,650,47,90,402,111,420,48,78,252,42
"2011","Brighton and Hove 030C","E01016947","Total",677,82,160,382,53,354,31,62,226,35,323,51,98,156,18
"2011","Brighton and Hove 030D","E01016948","Total",952,112,207,519,114,489,40,65,306,78,463,72,142,213,36
"2011","Brighton and Hove 030E","E01016949","Total",784,114,145,442,83,416,45,47,265,59,368,69,98,177,24
"2011","Brighton and Hove 031A","E01016861","Total",1053,58,172,618,205,606,20,69,384,133,447,38,103,234,72
"2011","Brighton and Hove 031B","E01016862","Total",902,90,156,493,163,506,37,73,292,104,396,53,83,201,59
"2011","Brighton and Hove 031C","E01016942","Total",415,52,87,233,43,235,30,38,138,29,180,22,49,95,14
"2011","Brighton and Hove 031D","E01016943","Total",874,83,195,487,109,448,34,57,279,78,426,49,138,208,31
"2011","Brighton and Hove 031E","E01016944","Total",1001,72,174,581,174,561,32,75,342,112,440,40,99,239,62
"2011","Brighton and Hove 032A","E01016863","Total",769,73,165,434,97,415,29,61,258,67,354,44,104,176,30
"2011","Brighton and Hove 032B","E01016869","Total",887,66,173,542,106,458,24,62,300,72,429,42,111,242,34
"2011","Brighton and Hove 032C","E01016957","Total",843,76,117,450,200,507,33,64,271,139,336,43,53,179,61
"2011","Brighton and Hove 032D","E01016963","Total",1125,94,210,630,191,647,43,95,375,134,478,51,115,255,57
"2011","Brighton and Hove 033A","E01016956","Total",725,68,154,410,93,371,20,40,246,65,354,48,114,164,28
"2011","Brighton and Hove 033B","E01016958","Total",788,84,189,422,93,398,17,45,265,71,390,67,144,157,22
"2011","Brighton and Hove 033C","E01016959","Total",671,95,136,315,125,357,32,33,194,98,314,63,103,121,27
"2011","Brighton and Hove 033D","E01016960","Total",787,88,187,384,128,394,23,51,231,89,393,65,136,153,39
"2011","Brighton and Hove 033E","E01016961","Total",877,95,191,479,112,456,28,46,298,84,421,67,145,181,28
"2011","Brighton and Hove 033F","E01016962","Total",781,104,177,382,118,397,35,52,216,94,384,69,125,166,24
"2011","Isle of Wight 001A","E01017300","Total",1035,85,185,603,162,549,26,61,356,106,486,59,124,247,56
"2011","Isle of Wight 001B","E01017303","Total",682,55,145,396,86,366,24,40,248,54,316,31,105,148,32
"2011","Isle of Wight 001C","E01017305","Total",675,49,146,407,73,361,14,37,253,57,314,35,109,154,16
"2011","Isle of Wight 001D","E01017306","Total",685,79,165,406,35,318,17,40,236,25,367,62,125,170,10
"2011","Isle of Wight 001E","E01017309","Total",846,65,197,502,82,442,15,51,317,59,404,50,146,185,23
"2011","Isle of Wight 002A","E01017301","Total",414,67,90,211,46,215,25,21,136,33,199,42,69,75,13
"2011","Isle of Wight 002B","E01017302","Total",807,84,184,457,82,426,27,42,299,58,381,57,142,158,24
"2011","Isle of Wight 002C","E01017304","Total",700,72,174,386,68,343,16,38,247,42,357,56,136,139,26
"2011","Isle of Wight 002D","E01017316","Total",764,90,178,390,106,397,31,55,236,75,367,59,123,154,31
"2011","Isle of Wight 002E","E01017329","Total",1029,114,247,570,98,530,32,62,357,79,499,82,185,213,19
"2011","Isle of Wight 003A","E01017307","Total",848,71,205,495,77,443,21,67,302,53,405,50,138,193,24
"2011","Isle of Wight 003B","E01017308","Total",802,66,190,481,65,408,21,49,289,49,394,45,141,192,16
"2011","Isle of Wight 003D","E01033229","Total",615,67,127,360,61,310,18,39,204,49,305,49,88,156,12
"2011","Isle of Wight 003E","E01033237","Total",505,55,137,275,38,257,19,37,171,30,248,36,100,104,8
"2011","Isle of Wight 004A","E01017335","Total",683,57,147,403,76,361,27,38,237,59,322,30,109,166,17
"2011","Isle of Wight 004B","E01017336","Total",760,61,178,429,92,408,22,56,256,74,352,39,122,173,18
"2011","Isle of Wight 004C","E01017337","Total",758,49,164,455,90,403,18,50,271,64,355,31,114,184,26
"2011","Isle of Wight 004D","E01017346","Total",729,74,167,426,62,377,27,43,266,41,352,47,124,160,21
"2011","Isle of Wight 005A","E01017286","Total",635,91,149,303,92,345,29,47,200,69,290,62,102,103,23
"2011","Isle of Wight 005B","E01017287","Total",780,86,182,446,66,397,26,39,278,54,383,60,143,168,12
"2011","Isle of Wight 005C","E01017367","Total",779,102,168,431,78,418,30,56,270,62,361,72,112,161,16
"2011","Isle of Wight 005D","E01017368","Total",657,68,135,377,77,339,17,33,225,64,318,51,102,152,13
"2011","Isle of Wight 006A","E01017282","Total",658,67,172,367,52,333,24,42,225,42,325,43,130,142,10
"2011","Isle of Wight 006B","E01017283","Total",749,102,166,404,77,403,28,45,271,59,346,74,121,133,18
"2011","Isle of Wight 006C","E01017338","Total",517,67,116,283,51,255,26,27,165,37,262,41,89,118,14
"2011","Isle of Wight 006D","E01017341","Total",597,67,171,316,43,291,15,53,191,32,306,52,118,125,11
"2011","Isle of Wight 006E","E01017342","Total",729,75,199,370,85,363,29,46,225,63,366,46,153,145,22
"2011","Isle of Wight 007A","E01017339","Total",746,85,179,416,66,371,24,50,253,44,375,61,129,163,22
"2011","Isle of Wight 007B","E01017340","Total",770,63,190,455,62,375,15,41,272,47,395,48,149,183,15
"2011","Isle of Wight 007C","E01017343","Total",533,37,165,286,45,290,19,41,196,34,243,18,124,90,11
"2011","Isle of Wight 007D","E01017344","Total",715,73,167,405,70,379,18,44,268,49,336,55,123,137,21
"2011","Isle of Wight 007E","E01017345","Total",777,96,208,424,49,392,30,71,255,36,385,66,137,169,13
"2011","Isle of Wight 008A","E01017310","Total",610,56,159,325,70,309,17,43,197,52,301,39,116,128,18
"2011","Isle of Wight 008B","E01017311","Total",756,72,164,478,42,399,27,45,293,34,357,45,119,185,8
"2011","Isle of Wight 008C","E01017331","Total",568,64,147,314,43,292,16,43,197,36,276,48,104,117,7
"2011","Isle of Wight 008D","E01017332","Total",501,37,128,312,24,256,10,23,202,21,245,27,105,110,3
"2011","Isle of Wight 008E","E01017334","Total",715,68,179,388,80,398,27,60,256,55,317,41,119,132,25
"2011","Isle of Wight 009A","E01017295","Total",596,60,167,320,49,297,22,34,204,37,299,38,133,116,12
"2011","Isle of Wight 009B","E01017325","Total",614,58,141,375,40,316,14,35,234,33,298,44,106,141,7
"2011","Isle of Wight 009C","E01017326","Total",750,62,187,440,61,400,28,53,271,48,350,34,134,169,13
"2011","Isle of Wight 009D","E01017328","Total",644,62,154,391,37,316,22,34,233,27,328,40,120,158,10
"2011","Isle of Wight 009E","E01017333","Total",1006,118,259,567,62,585,50,117,369,49,421,68,142,198,13
"2011","Isle of Wight 010A","E01017284","Total",668,66,147,352,103,341,14,38,215,74,327,52,109,137,29
"2011","Isle of Wight 010B","E01017285","Total",716,109,150,355,102,372,35,47,223,67,344,74,103,132,35
"2011","Isle of Wight 010C","E01017288","Total",515,65,131,248,71,264,20,34,161,49,251,45,97,87,22
"2011","Isle of Wight 010D","E01017351","Total",578,76,149,257,96,311,32,39,170,70,267,44,110,87,26
"2011","Isle of Wight 010E","E01017352","Total",378,53,79,184,62,196,16,26,109,45,182,37,53,75,17
"2011","Isle of Wight 011A","E01017292","Total",795,83,185,462,65,405,30,49,279,47,390,53,136,183,18
"2011","Isle of Wight 011B","E01017293","Total",972,98,212,575,87,497,30,41,356,70,475,68,171,219,17
"2011","Isle of Wight 011C","E01017296","Total",578,66,131,297,84,301,20,38,176,67,277,46,93,121,17
"2011","Isle of Wight 011D","E01017321","Total",528,62,151,255,60,259,18,34,167,40,269,44,117,88,20
"2011","Isle of Wight 011E","E01017322","Total",644,86,162,348,48,326,25,42,218,41,318,61,120,130,7
"2011","Isle of Wight 011F","E01017327","Total",767,88,182,414,83,388,22,50,257,59,379,66,132,157,24
"2011","Isle of Wight 012A","E01017312","Total",644,76,206,310,52,314,31,55,191,37,330,45,151,119,15
"2011","Isle of Wight 012D","E01017315","Total",531,72,169,248,42,273,29,53,161,30,258,43,116,87,12
"2011","Isle of Wight 012E","E01017354","Total",469,72,108,213,76,253,26,37,137,53,216,46,71,76,23
"2011","Isle of Wight 012F","E01017361","Total",488,63,126,246,53,248,25,34,152,37,240,38,92,94,16
"2011","Isle of Wight 012G","E01017362","Total",615,58,165,327,65,322,20,53,198,51,293,38,112,129,14
"2011","Isle of Wight 012H","E01033239","Total",799,117,202,372,108,405,35,65,237,68,394,82,137,135,40
"2011","Isle of Wight 013A","E01017290","Total",644,73,164,316,91,352,24,52,203,73,292,49,112,113,18
"2011","Isle of Wight 013B","E01017291","Total",431,59,95,221,56,230,15,33,138,44,201,44,62,83,12
"2011","Isle of Wight 013C","E01017294","Total",812,106,187,425,94,428,28,64,269,67,384,78,123,156,27
"2011","Isle of Wight 013D","E01017353","Total",571,75,136,271,89,298,24,35,169,70,273,51,101,102,19
"2011","Isle of Wight 014A","E01017289","Total",874,83,228,476,87,444,24,79,278,63,430,59,149,198,24
"2011","Isle of Wight 014B","E01017347","Total",662,75,165,348,74,327,22,33,219,53,335,53,132,129,21
"2011","Isle of Wight 014C","E01017348","Total",618,64,156,314,84,316,13,54,187,62,302,51,102,127,22
"2011","Isle of Wight 014D","E01017349","Total",1009,95,227,560,127,508,30,72,328,78,501,65,155,232,49
"2011","Isle of Wight 014E","E01017350","Total",778,80,217,403,78,399,28,57,253,61,379,52,160,150,17
"2011","Isle of Wight 015A","E01017317","Total",678,70,174,363,71,352,14,48,239,51,326,56,126,124,20
"2011","Isle of Wight 015B","E01017320","Total",381,41,102,212,26,193,12,27,135,19,188,29,75,77,7
"2011","Isle of Wight 015C","E01017323","Total",554,73,128,261,92,291,25,35,168,63,263,48,93,93,29
"2011","Isle of Wight 015D","E01017324","Total",695,93,157,352,93,368,30,43,226,69,327,63,114,126,24
"2011","Isle of Wight 015E","E01017355","Total",692,107,157,332,96,370,38,40,219,73,322,69,117,113,23
"2011","Isle of Wight 015F","E01017358","Total",463,54,129,232,48,222,15,37,140,30,241,39,92,92,18
"2011","Isle of Wight 016A","E01017318","Total",456,44,131,228,53,216,9,26,143,38,240,35,105,85,15
"2011","Isle of Wight 016B","E01017319","Total",443,49,102,252,40,229,14,30,152,33,214,35,72,100,7
"2011","Isle of Wight 016C","E01017356","Total",624,58,159,315,92,315,18,47,191,59,309,40,112,124,33
"2011","Isle of Wight 016D","E01017357","Total",616,67,148,338,63,308,23,43,196,46,308,44,105,142,17
"2011","Isle of Wight 016E","E01017359","Total",569,61,132,294,82,294,22,37,174,61,275,39,95,120,21
"2011","Isle of Wight 016F","E01017360","Total",737,59,204,340,134,387,17,80,210,80,350,42,124,130,54
"2011","Isle of Wight 017A","E01017297","Total",676,99,166,312,99,342,30,47,196,69,334,69,119,116,30
"2011","Isle of Wight 017B","E01017298","Total",604,66,149,307,82,335,24,44,203,64,269,42,105,104,18
"2011","Isle of Wight 017C","E01017299","Total",536,76,120,266,74,290,42,39,163,46,246,34,81,103,28
"2011","Isle of Wight 017D","E01017369","Total",659,67,171,322,99,347,19,49,211,68,312,48,122,111,31
"2011","Isle of Wight 018A","E01017363","Total",650,69,157,346,78,339,25,54,203,57,311,44,103,143,21
"2011","Isle of Wight 018B","E01017364","Total",667,80,151,344,92,358,25,49,221,63,309,55,102,123,29
"2011","Isle of Wight 018C","E01017365","Total",483,57,106,236,84,253,17,34,146,56,230,40,72,90,28
"2011","Isle of Wight 018D","E01017366","Total",571,82,154,275,60,278,19,46,173,40,293,63,108,102,20
"2011","Isle of Wight 018E","E01017370","Total",722,82,197,369,74,381,26,68,230,57,341,56,129,139,17
"2011","Medway 001A","E01016070","Total",752,70,138,439,105,413,20,28,283,82,339,50,110,156,23
"2011","Medway 001B","E01016071","Total",765,77,133,427,128,420,21,33,261,105,345,56,100,166,23
"2011","Medway 001C","E01016072","Total",637,70,118,341,108,352,15,25,220,92,285,55,93,121,16
"2011","Medway 001D","E01016074","Total",729,83,121,411,114,389,30,30,240,89,340,53,91,171,25
"2011","Medway 002A","E01016142","Total",706,77,125,377,127,388,14,33,242,99,318,63,92,135,28
"2011","Medway 002B","E01016144","Total",748,81,145,392,130,422,18,46,247,111,326,63,99,145,19
"2011","Medway 002C","E01016145","Total",712,51,127,438,96,381,13,20,264,84,331,38,107,174,12
"2011","Medway 002D","E01016149","Total",669,68,131,357,113,355,12,24,231,88,314,56,107,126,25
"2011","Medway 003A","E01016073","Total",1048,96,207,572,173,552,19,41,351,141,496,77,166,221,32
"2011","Medway 003B","E01016075","Total",686,69,136,390,91,354,20,26,232,76,332,49,110,158,15
"2011","Medway 003C","E01016076","Total",1240,112,227,709,192,673,32,44,433,164,567,80,183,276,28
"2011","Medway 003D","E01016077","Total",665,65,124,369,107,351,17,19,224,91,314,48,105,145,16
"2011","Medway 003E","E01016143","Total",1236,107,229,704,196,644,28,39,426,151,592,79,190,278,45
"2011","Medway 004A","E01016146","Total",900,73,180,495,152,476,15,50,293,118,424,58,130,202,34
"2011","Medway 004B","E01016147","Total",942,71,179,560,132,505,21,32,347,105,437,50,147,213,27
"2011","Medway 004C","E01016148","Total",1038,85,180,600,173,548,17,28,355,148,490,68,152,245,25
"2011","Medway 005A","E01016133","Total",682,82,123,370,107,367,19,31,230,87,315,63,92,140,20
"2011","Medway 005B","E01016134","Total",700,64,118,411,107,372,13,27,254,78,328,51,91,157,29
"2011","Medway 005C","E01016138","Total",752,85,136,433,98,392,22,29,259,82,360,63,107,174,16
"2011","Medway 005D","E01016139","Total",841,63,162,492,124,455,20,35,302,98,386,43,127,190,26
"2011","Medway 006A","E01016135","Total",759,54,145,460,100,382,18,25,257,82,377,36,120,203,18
"2011","Medway 006B","E01016136","Total",687,74,116,402,95,353,19,28,231,75,334,55,88,171,20
"2011","Medway 006C","E01016137","Total",790,65,128,497,100,428,17,30,296,85,362,48,98,201,15
"2011","Medway 006D","E01016140","Total",732,55,116,451,110,403,20,33,261,89,329,35,83,190,21
"2011","Medway 006E","E01016141","Total",835,86,152,508,89,454,26,38,312,78,381,60,114,196,11
"2011","Medway 007A","E01016035","Total",790,101,144,465,80,432,44,35,285,68,358,57,109,180,12
"2011","Medway 007D","E01016112","Total",1629,116,229,1018,266,894,33,51,609,201,735,83,178,409,65
"2011","Medway 007E","E01032798","Total",1938,176,215,1031,516,1343,87,54,738,464,595,89,161,293,52
"2011","Medway 008A","E01016151","Total",789,73,149,450,117,418,24,30,269,95,371,49,119,181,22
"2011","Medway 008B","E01016152","Total",591,61,113,330,87,328,15,14,222,77,263,46,99,108,10
"2011","Medway 008C","E01016153","Total",570,56,119,313,82,300,18,26,189,67,270,38,93,124,15
"2011","Medway 008D","E01016155","Total",683,62,135,392,94,370,13,22,252,83,313,49,113,140,11
"2011","Medway 009A","E01016033","Total",395,49,87,221,38,220,16,25,146,33,175,33,62,75,5
"2011","Medway 009B","E01016036","Total",864,192,153,438,81,470,76,46,283,65,394,116,107,155,16
"2011","Medway 009C","E01016037","Total",828,111,166,468,83,449,43,48,294,64,379,68,118,174,19
"2011","Medway 009D","E01016039","Total",796,70,136,500,90,443,20,40,311,72,353,50,96,189,18
"2011","Medway 010A","E01016030","Total",801,68,150,466,117,413,15,28,276,94,388,53,122,190,23
"2011","Medway 010B","E01016032","Total",492,61,117,251,63,255,18,27,154,56,237,43,90,97,7
"2011","Medway 010C","E01016034","Total",1364,119,235,816,194,744,37,53,501,153,620,82,182,315,41
"2011","Medway 010D","E01016038","Total",677,55,146,386,90,367,19,32,244,72,310,36,114,142,18
"2011","Medway 011A","E01016150","Total",688,67,124,393,104,375,15,27,239,94,313,52,97,154,10
"2011","Medway 011B","E01016154","Total",831,67,150,493,121,456,14,29,307,106,375,53,121,186,15
"2011","Medway 011C","E01016156","Total",868,57,154,519,138,461,13,22,307,119,407,44,132,212,19
"2011","Medway 011D","E01016157","Total",985,101,154,610,120,506,23,32,350,101,479,78,122,260,19
"2011","Medway 011E","E01016158","Total",1088,96,173,683,136,568,29,29,395,115,520,67,144,288,21
"2011","Medway 012A","E01016031","Total",687,58,127,425,77,389,25,29,269,66,298,33,98,156,11
"2011","Medway 012B","E01016041","Total",845,66,156,548,75,464,24,51,328,61,381,42,105,220,14
"2011","Medway 012C","E01016045","Total",833,92,144,514,83,456,35,35,315,71,377,57,109,199,12
"2011","Medway 012D","E01016049","Total",858,93,138,538,89,478,41,46,328,63,380,52,92,210,26
"2011","Medway 013A","E01016040","Total",784,71,147,476,90,424,33,43,278,70,360,38,104,198,20
"2011","Medway 013B","E01016042","Total",695,71,135,405,84,365,14,41,238,72,330,57,94,167,12
"2011","Medway 013C","E01016043","Total",655,61,100,415,79,351,17,15,256,63,304,44,85,159,16
"2011","Medway 013D","E01016177","Total",751,68,175,427,81,394,19,46,264,65,357,49,129,163,16
"2011","Medway 013E","E01016178","Total",728,78,145,436,69,375,20,28,270,57,353,58,117,166,12
"2011","Medway 014A","E01016117","Total",773,75,120,485,93,430,24,30,308,68,343,51,90,177,25
"2011","Medway 014B","E01016129","Total",1014,50,145,639,180,581,17,46,386,132,433,33,99,253,48
"2011","Medway 014C","E01016130","Total",1005,89,145,570,201,611,45,50,371,145,394,44,95,199,56
"2011","Medway 014D","E01016131","Total",845,80,147,490,128,437,24,19,303,91,408,56,128,187,37
"2011","Medway 015A","E01016016","Total",689,64,121,423,81,377,22,31,258,66,312,42,90,165,15
"2011","Medway 015B","E01016017","Total",752,95,133,448,76,426,51,49,271,55,326,44,84,177,21
"2011","Medway 015C","E01016019","Total",812,82,176,463,91,469,31,53,306,79,343,51,123,157,12
"2011","Medway 015D","E01016110","Total",985,114,135,595,141,558,43,55,358,102,427,71,80,237,39
"2011","Medway 015E","E01016111","Total",463,32,79,292,60,284,12,28,192,52,179,20,51,100,8
"2011","Medway 016A","E01016044","Total",819,62,147,502,108,452,23,43,300,86,367,39,104,202,22
"2011","Medway 016B","E01016046","Total",751,70,127,446,108,397,19,31,262,85,354,51,96,184,23
"2011","Medway 016C","E01016047","Total",846,89,172,502,83,468,33,59,302,74,378,56,113,200,9
"2011","Medway 016D","E01016048","Total",854,71,144,534,105,456,25,46,305,80,398,46,98,229,25
"2011","Medway 017A","E01016113","Total",718,69,122,424,103,375,23,33,238,81,343,46,89,186,22
"2011","Medway 017B","E01016114","Total",791,82,134,473,102,399,31,36,259,73,392,51,98,214,29
"2011","Medway 017C","E01016115","Total",907,72,174,550,111,477,16,32,339,90,430,56,142,211,21
"2011","Medway 017D","E01016118","Total",915,81,128,581,125,481,24,30,332,95,434,57,98,249,30
"2011","Medway 018A","E01016160","Total",610,54,133,356,67,308,11,27,216,54,302,43,106,140,13
"2011","Medway 018B","E01016161","Total",605,56,131,352,66,320,16,33,219,52,285,40,98,133,14
"2011","Medway 018C","E01016162","Total",853,93,144,496,120,461,29,27,313,92,392,64,117,183,28
"2011","Medway 018D","E01016163","Total",619,53,126,356,84,330,14,22,225,69,289,39,104,131,15
"2011","Medway 018E","E01016164","Total",640,76,132,364,68,326,18,25,224,59,314,58,107,140,9
"2011","Medway 018F","E01016165","Total",610,56,123,359,72,311,16,29,207,59,299,40,94,152,13
"2011","Medway 019A","E01016159","Total",536,71,108,293,64,281,14,25,189,53,255,57,83,104,11
"2011","Medway 019B","E01016174","Total",734,78,132,427,97,405,27,40,259,79,329,51,92,168,18
"2011","Medway 019C","E01016175","Total",942,99,177,549,117,516,28,44,350,94,426,71,133,199,23
"2011","Medway 019D","E01016179","Total",733,82,139,416,96,405,31,31,261,82,328,51,108,155,14
"2011","Medway 020A","E01016061","Total",792,53,143,511,85,468,23,43,331,71,324,30,100,180,14
"2011","Medway 020B","E01016063","Total",653,54,110,401,88,374,12,32,261,69,279,42,78,140,19
"2011","Medway 020C","E01016064","Total",646,52,105,391,98,366,20,24,247,75,280,32,81,144,23
"2011","Medway 020D","E01016069","Total",797,67,134,507,89,481,20,52,337,72,316,47,82,170,17
"2011","Medway 021A","E01016020","Total",554,65,93,340,56,288,17,28,196,47,266,48,65,144,9
"2011","Medway 021B","E01016021","Total",750,70,137,457,86,436,27,49,293,67,314,43,88,164,19
"2011","Medway 021C","E01016022","Total",657,63,142,404,48,352,20,48,246,38,305,43,94,158,10
"2011","Medway 021D","E01016125","Total",911,91,180,544,96,488,20,50,349,69,423,71,130,195,27
"2011","Medway 022A","E01016018","Total",929,86,159,578,106,490,21,38,345,86,439,65,121,233,20
"2011","Medway 022B","E01016023","Total",551,59,119,318,55,299,15,32,206,46,252,44,87,112,9
"2011","Medway 022C","E01016024","Total",828,83,153,484,108,462,29,37,307,89,366,54,116,177,19
"2011","Medway 022D","E01016062","Total",626,51,128,365,82,334,15,37,212,70,292,36,91,153,12
"2011","Medway 023A","E01016093","Total",722,72,135,400,115,401,20,30,256,95,321,52,105,144,20
"2011","Medway 023B","E01016096","Total",640,67,128,369,76,315,17,28,215,55,325,50,100,154,21
"2011","Medway 023C","E01016166","Total",712,72,150,401,89,376,18,37,245,76,336,54,113,156,13
"2011","Medway 023D","E01016167","Total",693,71,130,394,98,363,14,29,243,77,330,57,101,151,21
"2011","Medway 024A","E01016116","Total",850,82,163,509,96,435,11,36,310,78,415,71,127,199,18
"2011","Medway 024B","E01016127","Total",756,70,153,410,123,398,19,29,248,102,358,51,124,162,21
"2011","Medway 024C","E01016128","Total",674,80,135,368,91,389,44,47,219,79,285,36,88,149,12
"2011","Medway 024D","E01016132","Total",870,100,156,492,122,445,28,39,282,96,425,72,117,210,26
"2011","Medway 025A","E01016094","Total",763,56,151,465,91,378,15,20,273,70,385,41,131,192,21
"2011","Medway 025B","E01016095","Total",661,54,108,419,80,336,14,21,238,63,325,40,87,181,17
"2011","Medway 025C","E01016097","Total",677,48,119,442,68,364,12,17,279,56,313,36,102,163,12
"2011","Medway 025D","E01016098","Total",628,56,123,381,68,321,13,27,222,59,307,43,96,159,9
"2011","Medway 025E","E01016102","Total",619,51,127,366,75,315,10,28,218,59,304,41,99,148,16
"2011","Medway 026A","E01016119","Total",717,72,151,404,90,373,20,42,242,69,344,52,109,162,21
"2011","Medway 026B","E01016120","Total",583,60,88,365,70,310,10,18,222,60,273,50,70,143,10
"2011","Medway 026C","E01016124","Total",832,86,149,509,88,444,22,44,302,76,388,64,105,207,12
"2011","Medway 026D","E01016126","Total",867,90,167,488,122,449,24,27,300,98,418,66,140,188,24
"2011","Medway 027A","E01016025","Total",570,50,101,325,94,317,19,22,204,72,253,31,79,121,22
"2011","Medway 027B","E01016065","Total",717,77,127,435,78,368,17,16,273,62,349,60,111,162,16
"2011","Medway 027C","E01016066","Total",689,80,141,378,90,354,27,30,224,73,335,53,111,154,17
"2011","Medway 027D","E01016067","Total",754,67,145,447,95,404,18,27,283,76,350,49,118,164,19
"2011","Medway 027E","E01016068","Total",638,59,134,368,77,322,16,26,217,63,316,43,108,151,14
"2011","Medway 028A","E01016026","Total",686,54,119,404,109,366,11,18,249,88,320,43,101,155,21
"2011","Medway 028B","E01016027","Total",782,80,136,438,128,421,21,25,269,106,361,59,111,169,22
"2011","Medway 028C","E01016028","Total",646,78,111,352,105,350,20,23,227,80,296,58,88,125,25
"2011","Medway 028D","E01016029","Total",664,56,116,411,81,343,14,26,238,65,321,42,90,173,16
"2011","Medway 029A","E01016087","Total",847,90,154,482,121,452,21,34,299,98,395,69,120,183,23
"2011","Medway 029B","E01016088","Total",708,78,144,392,94,367,16,29,249,73,341,62,115,143,21
"2011","Medway 029C","E01016089","Total",731,78,134,428,91,380,21,29,260,70,351,57,105,168,21
"2011","Medway 029D","E01016090","Total",732,92,140,409,91,395,17,27,270,81,337,75,113,139,10
"2011","Medway 030A","E01016085","Total",758,113,147,395,103,410,30,30,263,87,348,83,117,132,16
"2011","Medway 030B","E01016086","Total",640,72,110,355,103,347,18,28,218,83,293,54,82,137,20
"2011","Medway 030C","E01016091","Total",672,91,140,350,91,348,15,26,226,81,324,76,114,124,10
"2011","Medway 030D","E01016176","Total",850,98,143,487,122,451,32,27,299,93,399,66,116,188,29
"2011","Medway 031A","E01016058","Total",813,78,132,488,115,422,26,24,277,95,391,52,108,211,20
"2011","Medway 031B","E01016059","Total",585,48,105,355,77,324,12,16,231,65,261,36,89,124,12
"2011","Medway 031C","E01016079","Total",752,72,109,464,107,396,17,21,268,90,356,55,88,196,17
"2011","Medway 031D","E01016083","Total",536,41,114,300,81,281,10,26,176,69,255,31,88,124,12
"2011","Medway 031E","E01016084","Total",695,63,135,409,88,360,20,23,246,71,335,43,112,163,17
"2011","Medway 032A","E01016101","Total",792,73,160,455,104,400,18,23,281,78,392,55,137,174,26
"2011","Medway 032B","E01016103","Total",821,75,145,478,123,439,20,24,298,97,382,55,121,180,26
"2011","Medway 032C","E01016104","Total",822,58,145,510,109,434,15,24,309,86,388,43,121,201,23
"2011","Medway 032D","E01016107","Total",885,79,163,524,119,484,18,33,333,100,401,61,130,191,19
"2011","Medway 033A","E01016121","Total",705,66,146,396,97,386,18,28,263,77,319,48,118,133,20
"2011","Medway 033B","E01016122","Total",725,77,153,413,82,400,26,42,265,67,325,51,111,148,15
"2011","Medway 033C","E01016123","Total",804,78,159,471,96,429,14,46,288,81,375,64,113,183,15
"2011","Medway 033D","E01016173","Total",710,59,137,425,89,380,15,37,254,74,330,44,100,171,15
"2011","Medway 034A","E01016078","Total",948,63,129,638,118,497,14,21,367,95,451,49,108,271,23
"2011","Medway 034B","E01016080","Total",809,70,123,506,110,418,19,21,283,95,391,51,102,223,15
"2011","Medway 034C","E01016081","Total",923,84,142,546,151,472,13,25,313,121,451,71,117,233,30
"2011","Medway 034D","E01016082","Total",841,78,142,511,110,444,21,23,314,86,397,57,119,197,24
"2011","Medway 035A","E01016050","Total",914,98,179,516,121,483,23,42,322,96,431,75,137,194,25
"2011","Medway 035B","E01016051","Total",816,87,164,437,128,429,22,27,272,108,387,65,137,165,20
"2011","Medway 035C","E01016052","Total",807,93,149,428,137,414,20,35,254,105,393,73,114,174,32
"2011","Medway 035D","E01016053","Total",704,93,127,387,97,372,22,21,249,80,332,71,106,138,17
"2011","Medway 035E","E01016054","Total",823,88,161,438,136,451,20,37,284,110,372,68,124,154,26
"2011","Medway 036A","E01016092","Total",794,68,157,469,100,417,11,23,300,83,377,57,134,169,17
"2011","Medway 036B","E01016099","Total",824,69,161,494,100,421,13,22,302,84,403,56,139,192,16
"2011","Medway 036C","E01016100","Total",757,86,146,429,96,378,19,29,254,76,379,67,117,175,20
"2011","Medway 036D","E01016105","Total",656,73,135,360,88,357,21,23,237,76,299,52,112,123,12
"2011","Medway 036E","E01016106","Total",669,82,121,388,78,341,20,22,232,67,328,62,99,156,11
"2011","Medway 037A","E01016168","Total",666,66,115,399,86,342,15,23,238,66,324,51,92,161,20
"2011","Medway 037B","E01016169","Total",922,102,148,523,149,478,21,24,315,118,444,81,124,208,31
"2011","Medway 037C","E01016171","Total",649,62,121,380,86,346,16,25,232,73,303,46,96,148,13
"2011","Medway 037D","E01016172","Total",767,78,139,441,109,402,18,28,269,87,365,60,111,172,22
"2011","Medway 038A","E01016055","Total",720,72,136,419,93,400,20,27,267,86,320,52,109,152,7
"2011","Medway 038B","E01016056","Total",810,53,129,490,138,430,12,29,274,115,380,41,100,216,23
"2011","Medway 038C","E01016057","Total",931,82,187,541,121,487,16,36,332,103,444,66,151,209,18
"2011","Medway 038D","E01016060","Total",828,97,160,450,121,433,32,35,262,104,395,65,125,188,17
"2011","Medway 038E","E01016170","Total",849,61,146,523,119,445,10,25,314,96,404,51,121,209,23
"2011","Milton Keynes 001A","E01016796","Total",791,71,124,455,141,424,16,38,266,104,367,55,86,189,37
"2011","Milton Keynes 001B","E01016797","Total",870,107,130,486,147,460,28,32,284,116,410,79,98,202,31
"2011","Milton Keynes 001C","E01016798","Total",1078,128,213,551,186,546,40,32,333,141,532,88,181,218,45
"2011","Milton Keynes 001D","E01016799","Total",974,96,175,534,169,523,23,32,337,131,451,73,143,197,38
"2011","Milton Keynes 001E","E01016800","Total",834,80,142,436,176,436,23,36,245,132,398,57,106,191,44
"2011","Milton Keynes 002A","E01016759","Total",727,54,116,457,100,390,12,26,272,80,337,42,90,185,20
"2011","Milton Keynes 002B","E01016760","Total",1333,122,197,813,201,681,33,38,462,148,652,89,159,351,53
"2011","Milton Keynes 002C","E01016761","Total",731,68,122,395,146,405,18,31,247,109,326,50,91,148,37
"2011","Milton Keynes 002D","E01016801","Total",649,81,116,346,106,348,29,23,210,86,301,52,93,136,20
"2011","Milton Keynes 002E","E01016802","Total",697,62,112,369,154,361,22,18,207,114,336,40,94,162,40
"2011","Milton Keynes 002F","E01016803","Total",714,80,107,396,131,382,19,27,228,108,332,61,80,168,23
"2011","Milton Keynes 003A","E01016786","Total",738,65,120,449,104,373,23,27,254,69,365,42,93,195,35
"2011","Milton Keynes 003B","E01016787","Total",742,65,125,461,91,383,22,29,262,70,359,43,96,199,21
"2011","Milton Keynes 003C","E01016788","Total",930,82,166,568,114,475,28,29,323,95,455,54,137,245,19
"2011","Milton Keynes 003D","E01016789","Total",802,59,135,507,101,393,11,11,289,82,409,48,124,218,19
"2011","Milton Keynes 003E","E01016790","Total",703,69,122,418,94,371,22,25,247,77,332,47,97,171,17
"2011","Milton Keynes 004A","E01016791","Total",794,76,141,488,89,406,26,22,282,76,388,50,119,206,13
"2011","Milton Keynes 004B","E01016792","Total",777,55,137,487,98,398,15,20,282,81,379,40,117,205,17
"2011","Milton Keynes 004C","E01016793","Total",1065,82,178,672,133,571,26,26,413,106,494,56,152,259,27
"2011","Milton Keynes 004D","E01016794","Total",847,57,140,538,112,448,21,38,307,82,399,36,102,231,30
"2011","Milton Keynes 004E","E01016795","Total",920,82,148,576,114,472,27,18,344,83,448,55,130,232,31
"2011","Milton Keynes 005A","E01016762","Total",631,56,119,384,72,330,21,23,224,62,301,35,96,160,10
"2011","Milton Keynes 005B","E01016764","Total",818,64,117,541,96,431,19,28,320,64,387,45,89,221,32
"2011","Milton Keynes 005C","E01016766","Total",688,66,126,416,80,353,24,24,244,61,335,42,102,172,19
"2011","Milton Keynes 005D","E01016767","Total",800,78,137,479,106,407,26,28,273,80,393,52,109,206,26
"2011","Milton Keynes 005E","E01016771","Total",616,60,95,397,64,335,24,34,223,54,281,36,61,174,10
"2011","Milton Keynes 006A","E01016806","Total",833,77,143,535,78,416,19,37,304,56,417,58,106,231,22
"2011","Milton Keynes 006B","E01016807","Total",867,84,166,535,82,480,31,55,331,63,387,53,111,204,19
"2011","Milton Keynes 006C","E01016809","Total",719,53,145,451,70,356,9,33,259,55,363,44,112,192,15
"2011","Milton Keynes 006D","E01016835","Total",719,58,125,468,68,378,16,28,284,50,341,42,97,184,18
"2011","Milton Keynes 007A","E01016763","Total",729,54,119,463,93,381,19,28,261,73,348,35,91,202,20
"2011","Milton Keynes 007B","E01016769","Total",802,52,140,505,105,414,17,32,291,74,388,35,108,214,31
"2011","Milton Keynes 007C","E01016770","Total",946,68,142,632,104,493,27,30,362,74,453,41,112,270,30
"2011","Milton Keynes 007D","E01016773","Total",867,76,140,534,117,461,26,30,320,85,406,50,110,214,32
"2011","Milton Keynes 008A","E01016836","Total",886,74,130,571,111,497,30,38,348,81,389,44,92,223,30
"2011","Milton Keynes 008B","E01016837","Total",963,78,151,628,106,548,28,40,401,79,415,50,111,227,27
"2011","Milton Keynes 008C","E01016838","Total",728,80,135,446,67,404,25,42,288,49,324,55,93,158,18
"2011","Milton Keynes 008D","E01016841","Total",1178,52,149,810,167,650,11,46,465,128,528,41,103,345,39
"2011","Milton Keynes 009A","E01016721","Total",791,65,139,508,79,458,18,47,329,64,333,47,92,179,15
"2011","Milton Keynes 009B","E01016765","Total",728,70,142,423,93,373,20,35,251,67,355,50,107,172,26
"2011","Milton Keynes 009C","E01016772","Total",647,49,125,411,62,348,19,41,237,51,299,30,84,174,11
"2011","Milton Keynes 009D","E01016804","Total",775,54,151,492,78,391,17,31,284,59,384,37,120,208,19
"2011","Milton Keynes 010A","E01016812","Total",810,69,138,484,119,439,22,41,279,97,371,47,97,205,22
"2011","Milton Keynes 010B","E01016817","Total",764,56,124,484,100,400,17,32,289,62,364,39,92,195,38
"2011","Milton Keynes 010C","E01016818","Total",911,53,161,565,132,464,19,39,315,91,447,34,122,250,41
"2011","Milton Keynes 010D","E01016840","Total",1402,102,228,871,201,757,40,57,507,153,645,62,171,364,48
"2011","Milton Keynes 011A","E01016719","Total",801,70,135,498,98,425,21,33,293,78,376,49,102,205,20
"2011","Milton Keynes 011B","E01016722","Total",911,79,156,576,100,481,30,42,335,74,430,49,114,241,26
"2011","Milton Keynes 011C","E01016805","Total",784,61,99,514,110,439,27,21,302,89,345,34,78,212,21
"2011","Milton Keynes 011D","E01016808","Total",755,59,118,491,87,405,21,24,286,74,350,38,94,205,13
"2011","Milton Keynes 012A","E01016810","Total",515,49,90,321,55,276,21,19,189,47,239,28,71,132,8
"2011","Milton Keynes 012B","E01016811","Total",533,63,129,285,56,267,20,35,165,47,266,43,94,120,9
"2011","Milton Keynes 012C","E01016819","Total",450,42,91,286,31,245,17,31,171,26,205,25,60,115,5
"2011","Milton Keynes 012D","E01016839","Total",666,64,136,402,64,330,13,30,235,52,336,51,106,167,12
"2011","Milton Keynes 013A","E01016717","Total",791,55,120,534,82,417,22,32,305,58,374,33,88,229,24
"2011","Milton Keynes 013B","E01016720","Total",627,47,145,382,53,324,15,43,223,43,303,32,102,159,10
"2011","Milton Keynes 013C","E01016723","Total",917,76,172,559,110,512,34,50,343,85,405,42,122,216,25
"2011","Milton Keynes 013D","E01016724","Total",930,88,146,609,87,548,33,57,387,71,382,55,89,222,16
"2011","Milton Keynes 014A","E01016718","Total",735,62,121,483,69,407,30,36,286,55,328,32,85,197,14
"2011","Milton Keynes 014B","E01016729","Total",999,86,201,622,90,581,36,80,397,68,418,50,121,225,22
"2011","Milton Keynes 014D","E01016768","Total",1217,77,137,845,158,719,32,42,531,114,498,45,95,314,44
"2011","Milton Keynes 014E","E01033499","Total",832,48,90,601,93,487,17,39,358,73,345,31,51,243,20
"2011","Milton Keynes 014F","E01033500","Total",1085,32,55,808,190,696,13,25,505,153,389,19,30,303,37
"2011","Milton Keynes 015A","E01016776","Total",856,105,141,500,110,438,28,38,287,85,418,77,103,213,25
"2011","Milton Keynes 015B","E01016813","Total",862,68,122,571,101,452,22,23,332,75,410,46,99,239,26
"2011","Milton Keynes 015C","E01016815","Total",737,54,102,493,88,410,20,21,295,74,327,34,81,198,14
"2011","Milton Keynes 015D","E01016816","Total",761,74,124,453,110,392,19,27,272,74,369,55,97,181,36
"2011","Milton Keynes 016A","E01016731","Total",801,64,131,512,94,410,17,35,290,68,391,47,96,222,26
"2011","Milton Keynes 016B","E01016732","Total",761,57,125,476,103,405,12,40,275,78,356,45,85,201,25
"2011","Milton Keynes 016D","E01016784","Total",836,67,120,541,108,465,30,36,325,74,371,37,84,216,34
"2011","Milton Keynes 016E","E01033501","Total",1159,84,156,734,185,618,28,35,424,131,541,56,121,310,54
"2011","Milton Keynes 016F","E01033506","Total",1105,61,195,667,182,592,19,38,385,150,513,42,157,282,32
"2011","Milton Keynes 017A","E01016783","Total",1088,73,189,701,125,541,22,37,388,94,547,51,152,313,31
"2011","Milton Keynes 017C","E01016820","Total",844,95,132,496,121,439,26,35,287,91,405,69,97,209,30
"2011","Milton Keynes 017D","E01016821","Total",750,48,112,506,84,385,6,27,285,67,365,42,85,221,17
"2011","Milton Keynes 017E","E01016823","Total",1054,67,131,744,112,553,22,25,419,87,501,45,106,325,25
"2011","Milton Keynes 017F","E01033503","Total",866,63,119,507,177,445,13,19,275,138,421,50,100,232,39
"2011","Milton Keynes 017G","E01033508","Total",1025,57,135,652,181,536,15,27,361,133,489,42,108,291,48
"2011","Milton Keynes 017H","E01033509","Total",925,39,96,669,121,501,11,24,385,81,424,28,72,284,40
"2011","Milton Keynes 017I","E01033511","Total",908,40,108,632,128,522,16,34,368,104,386,24,74,264,24
"2011","Milton Keynes 017J","E01033512","Total",937,64,129,582,162,498,17,19,350,112,439,47,110,232,50
"2011","Milton Keynes 018A","E01016726","Total",770,70,128,511,61,450,25,51,329,45,320,45,77,182,16
"2011","Milton Keynes 018B","E01016733","Total",800,58,184,492,66,457,22,74,316,45,343,36,110,176,21
"2011","Milton Keynes 018C","E01016845","Total",730,65,141,438,86,381,24,50,250,57,349,41,91,188,29
"2011","Milton Keynes 018D","E01016846","Total",810,59,148,537,66,418,17,39,311,51,392,42,109,226,15
"2011","Milton Keynes 018E","E01016848","Total",642,71,110,412,49,361,29,34,256,42,281,42,76,156,7
"2011","Milton Keynes 019B","E01016780","Total",1000,94,167,614,125,523,30,38,362,93,477,64,129,252,32
"2011","Milton Keynes 019C","E01016781","Total",837,83,128,491,135,441,24,19,293,105,396,59,109,198,30
"2011","Milton Keynes 019D","E01016814","Total",801,75,113,504,109,436,26,23,307,80,365,49,90,197,29
"2011","Milton Keynes 019E","E01033505","Total",872,66,124,545,137,509,39,47,323,100,363,27,77,222,37
"2011","Milton Keynes 019F","E01033522","Total",813,40,129,553,91,443,15,27,338,63,370,25,102,215,28
"2011","Milton Keynes 019G","E01033523","Total",833,54,107,546,126,455,17,19,325,94,378,37,88,221,32
"2011","Milton Keynes 019H","E01033525","Total",918,83,168,532,135,465,26,27,304,108,453,57,141,228,27
"2011","Milton Keynes 020A","E01016774","Total",938,93,142,536,167,511,26,23,328,134,427,67,119,208,33
"2011","Milton Keynes 020B","E01016775","Total",904,75,142,563,124,456,20,28,317,91,448,55,114,246,33
"2011","Milton Keynes 020C","E01016777","Total",873,80,133,550,110,459,21,34,319,85,414,59,99,231,25
"2011","Milton Keynes 020D","E01016778","Total",974,71,142,634,127,526,22,28,379,97,448,49,114,255,30
"2011","Milton Keynes 021A","E01016725","Total",789,77,130,504,78,455,18,43,336,58,334,59,87,168,20
"2011","Milton Keynes 021B","E01016727","Total",910,94,152,594,70,534,37,49,390,58,376,57,103,204,12
"2011","Milton Keynes 021C","E01016728","Total",1078,82,174,726,96,619,23,56,467,73,459,59,118,259,23
"2011","Milton Keynes 021D","E01016847","Total",894,76,183,568,67,442,31,42,318,51,452,45,141,250,16
"2011","Milton Keynes 022A","E01016822","Total",821,78,135,513,95,423,24,32,290,77,398,54,103,223,18
"2011","Milton Keynes 022B","E01016824","Total",892,78,149,544,121,458,20,20,323,95,434,58,129,221,26
"2011","Milton Keynes 022C","E01016825","Total",834,50,138,561,85,433,16,27,326,64,401,34,111,235,21
"2011","Milton Keynes 022D","E01016827","Total",1023,53,139,675,156,529,15,20,375,119,494,38,119,300,37
"2011","Milton Keynes 022E","E01016828","Total",1046,87,156,637,166,557,29,27,380,121,489,58,129,257,45
"2011","Milton Keynes 023B","E01016842","Total",530,50,111,321,48,297,22,36,198,41,233,28,75,123,7
"2011","Milton Keynes 023C","E01016843","Total",534,54,102,318,60,299,23,28,204,44,235,31,74,114,16
"2011","Milton Keynes 023D","E01016844","Total",535,52,95,340,48,283,20,19,202,42,252,32,76,138,6
"2011","Milton Keynes 023E","E01033497","Total",557,32,81,365,79,300,10,20,209,61,257,22,61,156,18
"2011","Milton Keynes 023F","E01033498","Total",674,40,107,442,85,391,19,29,284,59,283,21,78,158,26
"2011","Milton Keynes 024A","E01016734","Total",616,73,107,326,110,335,22,28,205,80,281,51,79,121,30
"2011","Milton Keynes 024B","E01016735","Total",1163,110,188,655,210,611,34,34,384,159,552,76,154,271,51
"2011","Milton Keynes 024C","E01016736","Total",663,58,118,371,116,324,16,25,198,85,339,42,93,173,31
"2011","Milton Keynes 024D","E01016826","Total",893,89,145,509,150,474,22,23,306,123,419,67,122,203,27
"2011","Milton Keynes 025B","E01016752","Total",914,78,156,561,119,458,23,22,329,84,456,55,134,232,35
"2011","Milton Keynes 025C","E01016753","Total",1245,72,189,839,145,656,25,37,473,121,589,47,152,366,24
"2011","Milton Keynes 025D","E01016755","Total",992,73,155,614,150,523,28,39,349,107,469,45,116,265,43
"2011","Milton Keynes 025E","E01033514","Total",804,44,103,520,137,430,16,15,298,101,374,28,88,222,36
"2011","Milton Keynes 025F","E01033515","Total",1047,92,174,619,162,554,30,33,366,125,493,62,141,253,37
"2011","Milton Keynes 025G","E01033517","Total",933,70,136,555,172,497,25,21,322,129,436,45,115,233,43
"2011","Milton Keynes 026A","E01016754","Total",856,76,136,529,115,432,24,26,294,88,424,52,110,235,27
"2011","Milton Keynes 026B","E01016756","Total",1155,95,205,695,160,573,34,32,383,124,582,61,173,312,36
"2011","Milton Keynes 026C","E01016757","Total",907,67,148,600,92,497,21,29,370,77,410,46,119,230,15
"2011","Milton Keynes 026D","E01016758","Total",986,75,147,629,135,518,21,32,365,100,468,54,115,264,35
"2011","Milton Keynes 027A","E01016737","Total",862,83,167,523,89,424,18,30,314,62,438,65,137,209,27
"2011","Milton Keynes 027B","E01016738","Total",780,80,145,487,68,366,16,28,266,56,414,64,117,221,12
"2011","Milton Keynes 027C","E01016739","Total",857,74,149,513,121,453,26,32,304,91,404,48,117,209,30
"2011","Milton Keynes 027D","E01016740","Total",656,56,129,410,61,358,17,37,252,52,298,39,92,158,9
"2011","Milton Keynes 027E","E01016741","Total",725,65,131,454,75,393,27,36,277,53,332,38,95,177,22
"2011","Milton Keynes 028A","E01016748","Total",1185,77,168,770,170,651,22,28,468,133,534,55,140,302,37
"2011","Milton Keynes 028C","E01016750","Total",914,61,153,570,130,476,13,29,331,103,438,48,124,239,27
"2011","Milton Keynes 028D","E01016751","Total",886,75,131,585,95,433,14,19,323,77,453,61,112,262,18
"2011","Milton Keynes 028E","E01033519","Total",1044,75,155,661,153,531,27,26,371,107,513,48,129,290,46
"2011","Milton Keynes 028F","E01033520","Total",1007,82,180,624,121,488,17,23,357,91,519,65,157,267,30
"2011","Milton Keynes 029A","E01016829","Total",693,62,144,409,78,358,22,39,236,61,335,40,105,173,17
"2011","Milton Keynes 029B","E01016831","Total",816,73,175,491,77,423,22,38,297,66,393,51,137,194,11
"2011","Milton Keynes 029C","E01016832","Total",646,51,122,407,66,324,16,29,224,55,322,35,93,183,11
"2011","Milton Keynes 029D","E01016833","Total",631,54,102,394,81,349,19,26,245,59,282,35,76,149,22
"2011","Milton Keynes 029E","E01016834","Total",687,56,133,418,80,345,12,32,231,70,342,44,101,187,10
"2011","Milton Keynes 030A","E01016710","Total",760,80,152,444,84,391,21,44,256,70,369,59,108,188,14
"2011","Milton Keynes 030B","E01016714","Total",730,58,163,421,88,412,22,69,251,70,318,36,94,170,18
"2011","Milton Keynes 030C","E01016716","Total",869,84,147,530,108,473,24,37,331,81,396,60,110,199,27
"2011","Milton Keynes 030D","E01016745","Total",798,74,138,498,88,419,26,30,292,71,379,48,108,206,17
"2011","Milton Keynes 031A","E01016711","Total",1216,93,223,724,176,659,29,54,449,127,557,64,169,275,49
"2011","Milton Keynes 031B","E01016713","Total",874,87,155,543,89,458,25,31,326,76,416,62,124,217,13
"2011","Milton Keynes 031C","E01016715","Total",735,81,140,426,88,382,30,27,254,71,353,51,113,172,17
"2011","Milton Keynes 031D","E01016830","Total",687,47,103,452,85,359,12,25,257,65,328,35,78,195,20
"2011","Milton Keynes 032A","E01016742","Total",555,45,140,334,36,304,16,46,211,31,251,29,94,123,5
"2011","Milton Keynes 032B","E01016743","Total",862,63,157,547,95,422,11,29,312,70,440,52,128,235,25
"2011","Milton Keynes 032C","E01016744","Total",624,59,132,371,62,312,13,29,220,50,312,46,103,151,12
"2011","Milton Keynes 032D","E01016746","Total",721,72,159,414,76,383,28,43,245,67,338,44,116,169,9
"2011","Portsmouth 001A","E01017112","Total",747,68,165,430,84,418,20,43,285,70,329,48,122,145,14
"2011","Portsmouth 001B","E01017115","Total",612,58,130,352,72,325,14,25,224,62,287,44,105,128,10
"2011","Portsmouth 001C","E01017117","Total",705,69,160,420,56,355,16,29,265,45,350,53,131,155,11
"2011","Portsmouth 001D","E01017119","Total",780,83,181,441,75,422,18,34,310,60,358,65,147,131,15
"2011","Portsmouth 001E","E01017120","Total",603,61,151,324,67,313,16,32,207,58,290,45,119,117,9
"2011","Portsmouth 002A","E01017051","Total",841,75,164,499,103,446,23,36,315,72,395,52,128,184,31
"2011","Portsmouth 002B","E01017052","Total",654,59,149,388,58,339,15,33,243,48,315,44,116,145,10
"2011","Portsmouth 002C","E01017053","Total",508,60,120,272,56,257,18,26,169,44,251,42,94,103,12
"2011","Portsmouth 002D","E01017118","Total",626,63,152,340,71,298,16,25,193,64,328,47,127,147,7
"2011","Portsmouth 003A","E01017050","Total",728,82,125,399,122,378,26,25,240,87,350,56,100,159,35
"2011","Portsmouth 003B","E01017061","Total",808,89,169,442,108,453,34,42,293,84,355,55,127,149,24
"2011","Portsmouth 003C","E01017063","Total",779,95,161,412,111,418,31,30,268,89,361,64,131,144,22
"2011","Portsmouth 003D","E01017064","Total",729,79,160,405,85,386,21,35,257,73,343,58,125,148,12
"2011","Portsmouth 004A","E01017054","Total",690,60,138,414,78,361,23,30,247,61,329,37,108,167,17
"2011","Portsmouth 004B","E01017113","Total",762,74,165,451,72,398,14,34,285,65,364,60,131,166,7
"2011","Portsmouth 004C","E01017114","Total",777,68,87,467,155,432,19,18,280,115,345,49,69,187,40
"2011","Portsmouth 004D","E01017116","Total",670,58,146,376,90,350,20,27,230,73,320,38,119,146,17
"2011","Portsmouth 006A","E01017055","Total",755,67,149,477,62,384,13,32,290,49,371,54,117,187,13
"2011","Portsmouth 006B","E01017056","Total",696,71,139,409,77,371,20,23,267,61,325,51,116,142,16
"2011","Portsmouth 006C","E01017057","Total",832,103,154,495,80,444,22,35,323,64,388,81,119,172,16
"2011","Portsmouth 006D","E01017058","Total",857,75,179,513,90,434,20,37,308,69,423,55,142,205,21
"2011","Portsmouth 006E","E01017060","Total",727,82,152,418,75,378,27,28,264,59,349,55,124,154,16
"2011","Portsmouth 007A","E01017086","Total",722,76,170,391,85,363,20,29,243,71,359,56,141,148,14
"2011","Portsmouth 007B","E01017089","Total",771,50,158,459,104,389,11,29,263,86,382,39,129,196,18
"2011","Portsmouth 007C","E01017090","Total",845,87,142,517,99,441,32,28,303,78,404,55,114,214,21
"2011","Portsmouth 007D","E01017091","Total",680,58,149,375,98,344,19,28,215,82,336,39,121,160,16
"2011","Portsmouth 007E","E01017092","Total",738,68,151,440,79,400,23,40,269,68,338,45,111,171,11
"2011","Portsmouth 008A","E01017014","Total",847,92,167,497,91,436,17,32,310,77,411,75,135,187,14
"2011","Portsmouth 008B","E01017046","Total",1070,88,185,653,144,559,32,34,382,111,511,56,151,271,33
"2011","Portsmouth 008C","E01017047","Total",872,100,201,480,91,442,31,31,303,77,430,69,170,177,14
"2011","Portsmouth 008D","E01017048","Total",852,87,194,485,86,448,26,36,314,72,404,61,158,171,14
"2011","Portsmouth 008E","E01017085","Total",729,64,141,443,81,378,22,28,265,63,351,42,113,178,18
"2011","Portsmouth 009A","E01017084","Total",767,68,133,474,92,411,16,32,288,75,356,52,101,186,17
"2011","Portsmouth 009B","E01017087","Total",791,73,161,465,92,406,23,31,276,76,385,50,130,189,16
"2011","Portsmouth 009C","E01017088","Total",885,86,168,513,118,472,28,48,297,99,413,58,120,216,19
"2011","Portsmouth 009D","E01017105","Total",751,63,123,495,70,399,22,19,299,59,352,41,104,196,11
"2011","Portsmouth 009E","E01017107","Total",817,56,144,542,75,433,13,42,321,57,384,43,102,221,18
"2011","Portsmouth 010A","E01017104","Total",571,53,118,344,56,300,14,29,211,46,271,39,89,133,10
"2011","Portsmouth 010B","E01017106","Total",735,54,159,454,68,377,12,37,267,61,358,42,122,187,7
"2011","Portsmouth 010C","E01017108","Total",744,52,148,461,83,390,26,33,267,64,354,26,115,194,19
"2011","Portsmouth 010D","E01017109","Total",642,52,116,398,76,348,16,27,243,62,294,36,89,155,14
"2011","Portsmouth 011A","E01017041","Total",761,78,157,437,89,410,27,38,273,72,351,51,119,164,17
"2011","Portsmouth 011B","E01017043","Total",729,74,133,451,71,364,19,20,268,57,365,55,113,183,14
"2011","Portsmouth 011C","E01017044","Total",875,68,168,546,93,462,27,38,327,70,413,41,130,219,23
"2011","Portsmouth 011D","E01017049","Total",811,85,168,468,90,450,19,40,313,78,361,66,128,155,12
"2011","Portsmouth 011E","E01017110","Total",792,43,144,531,74,434,14,40,320,60,358,29,104,211,14
"2011","Portsmouth 011F","E01017111","Total",778,62,138,519,59,405,18,36,300,51,373,44,102,219,8
"2011","Portsmouth 012A","E01017013","Total",850,86,160,519,85,422,22,19,306,75,428,64,141,213,10
"2011","Portsmouth 012B","E01017042","Total",733,84,136,446,67,381,31,25,270,55,352,53,111,176,12
"2011","Portsmouth 012C","E01017045","Total",707,54,141,443,69,378,14,36,271,57,329,40,105,172,12
"2011","Portsmouth 012D","E01017075","Total",829,63,170,505,91,405,20,29,284,72,424,43,141,221,19
"2011","Portsmouth 012E","E01017082","Total",901,66,170,563,102,505,20,48,355,82,396,46,122,208,20
"2011","Portsmouth 012F","E01017083","Total",932,68,172,563,129,466,19,34,320,93,466,49,138,243,36
"2011","Portsmouth 013A","E01017036","Total",610,72,156,347,35,315,23,37,230,25,295,49,119,117,10
"2011","Portsmouth 013B","E01017037","Total",451,58,131,223,39,242,16,37,160,29,209,42,94,63,10
"2011","Portsmouth 013C","E01017038","Total",451,43,120,244,44,225,13,36,141,35,226,30,84,103,9
"2011","Portsmouth 013D","E01017102","Total",716,50,163,418,85,382,17,46,247,72,334,33,117,171,13
"2011","Portsmouth 013E","E01017103","Total",411,40,122,204,45,216,9,43,126,38,195,31,79,78,7
"2011","Portsmouth 014A","E01017015","Total",734,68,165,431,70,371,22,37,259,53,363,46,128,172,17
"2011","Portsmouth 014B","E01017016","Total",829,68,152,525,84,433,26,22,313,72,396,42,130,212,12
"2011","Portsmouth 014C","E01017017","Total",799,99,175,449,76,401,21,32,284,64,398,78,143,165,12
"2011","Portsmouth 014D","E01017018","Total",798,93,167,457,81,410,28,31,286,65,388,65,136,171,16
"2011","Portsmouth 014E","E01017019","Total",1003,92,210,600,101,553,30,74,371,78,450,62,136,229,23
"2011","Portsmouth 014F","E01017020","Total",1109,117,235,626,131,598,23,47,420,108,511,94,188,206,23
"2011","Portsmouth 015A","E01017076","Total",877,60,152,562,103,480,23,24,353,80,397,37,128,209,23
"2011","Portsmouth 015B","E01017077","Total",738,56,141,473,68,388,11,39,284,54,350,45,102,189,14
"2011","Portsmouth 015C","E01017078","Total",837,69,145,554,69,459,18,46,340,55,378,51,99,214,14
"2011","Portsmouth 015D","E01017079","Total",768,99,163,412,94,439,48,51,263,77,329,51,112,149,17
"2011","Portsmouth 015E","E01017080","Total",926,141,184,512,89,513,61,60,322,70,413,80,124,190,19
"2011","Portsmouth 015F","E01017081","Total",856,94,159,533,70,436,28,34,320,54,420,66,125,213,16
"2011","Portsmouth 016A","E01017031","Total",708,93,173,391,51,404,37,65,263,39,304,56,108,128,12
"2011","Portsmouth 016B","E01017032","Total",604,245,134,193,32,315,93,70,124,28,289,152,64,69,4
"2011","Portsmouth 016D","E01017034","Total",1115,56,108,706,245,737,28,37,480,192,378,28,71,226,53
"2011","Portsmouth 016E","E01017039","Total",585,75,155,306,49,311,32,62,179,38,274,43,93,127,11
"2011","Portsmouth 016F","E01017040","Total",453,55,125,236,37,241,20,35,159,27,212,35,90,77,10
"2011","Portsmouth 016G","E01033381","Total",660,58,88,435,79,378,23,25,265,65,282,35,63,170,14
"2011","Portsmouth 016H","E01033383","Total",485,54,125,264,42,257,23,37,169,28,228,31,88,95,14
"2011","Portsmouth 017A","E01017021","Total",637,67,147,345,78,329,17,34,210,68,308,50,113,135,10
"2011","Portsmouth 017B","E01017093","Total",596,110,134,284,68,321,49,40,185,47,275,61,94,99,21
"2011","Portsmouth 017C","E01017096","Total",741,60,146,444,91,380,21,29,260,70,361,39,117,184,21
"2011","Portsmouth 017D","E01017099","Total",792,70,166,464,92,415,23,45,278,69,377,47,121,186,23
"2011","Portsmouth 017E","E01017100","Total",724,73,180,391,80,380,20,41,252,67,344,53,139,139,13
"2011","Portsmouth 017F","E01017101","Total",788,70,172,465,81,402,21,37,283,61,386,49,135,182,20
"2011","Portsmouth 018A","E01017035","Total",416,44,114,229,29,222,17,40,147,18,194,27,74,82,11
"2011","Portsmouth 018B","E01017128","Total",763,165,135,389,74,433,73,78,231,51,330,92,57,158,23
"2011","Portsmouth 018C","E01017129","Total",724,189,142,333,60,404,87,66,207,44,320,102,76,126,16
"2011","Portsmouth 018D","E01017130","Total",548,91,194,231,32,273,36,67,145,25,275,55,127,86,7
"2011","Portsmouth 018E","E01017132","Total",685,136,200,291,58,339,56,78,167,38,346,80,122,124,20
"2011","Portsmouth 018F","E01017133","Total",670,98,140,366,66,384,42,71,220,51,286,56,69,146,15
"2011","Portsmouth 019A","E01017023","Total",824,98,158,472,96,437,40,39,281,77,387,58,119,191,19
"2011","Portsmouth 019B","E01017025","Total",996,185,176,547,88,538,63,72,343,60,458,122,104,204,28
"2011","Portsmouth 019C","E01017026","Total",850,127,159,475,89,426,46,52,265,63,424,81,107,210,26
"2011","Portsmouth 019D","E01017029","Total",875,95,153,538,89,477,37,42,331,67,398,58,111,207,22
"2011","Portsmouth 019E","E01017030","Total",868,144,181,484,59,464,54,73,299,38,404,90,108,185,21
"2011","Portsmouth 020A","E01017022","Total",682,104,102,402,74,375,42,48,239,46,307,62,54,163,28
"2011","Portsmouth 020B","E01017024","Total",905,166,160,493,86,476,69,67,277,63,429,97,93,216,23
"2011","Portsmouth 020C","E01017027","Total",737,141,137,403,56,412,59,59,253,41,325,82,78,150,15
"2011","Portsmouth 020D","E01017028","Total",860,243,199,355,63,452,103,93,210,46,408,140,106,145,17
"2011","Portsmouth 020E","E01017124","Total",897,86,144,538,129,484,37,43,318,86,413,49,101,220,43
"2011","Portsmouth 021A","E01017094","Total",802,74,142,499,87,419,22,35,301,61,383,52,107,198,26
"2011","Portsmouth 021B","E01017095","Total",1035,68,159,688,120,536,24,34,397,81,499,44,125,291,39
"2011","Portsmouth 021C","E01017097","Total",838,74,163,521,80,422,27,36,307,52,416,47,127,214,28
"2011","Portsmouth 021D","E01017098","Total",685,48,133,441,63,341,20,34,242,45,344,28,99,199,18
"2011","Portsmouth 022A","E01017122","Total",943,97,117,561,168,543,37,57,330,119,400,60,60,231,49
"2011","Portsmouth 022B","E01017125","Total",746,64,129,453,100,414,33,50,263,68,332,31,79,190,32
"2011","Portsmouth 022C","E01017127","Total",1112,137,150,633,192,661,67,80,367,147,451,70,70,266,45
"2011","Portsmouth 022D","E01017135","Total",814,85,156,465,108,470,38,60,289,83,344,47,96,176,25
"2011","Portsmouth 023A","E01017067","Total",689,64,137,398,90,364,20,27,252,65,325,44,110,146,25
"2011","Portsmouth 023B","E01017068","Total",971,91,129,616,135,512,25,30,353,104,459,66,99,263,31
"2011","Portsmouth 023C","E01017069","Total",906,101,144,506,155,497,30,40,307,120,409,71,104,199,35
"2011","Portsmouth 023D","E01017070","Total",698,74,133,395,96,371,22,45,239,65,327,52,88,156,31
"2011","Portsmouth 023E","E01017074","Total",913,76,143,548,146,521,28,40,329,124,392,48,103,219,22
"2011","Portsmouth 024A","E01017073","Total",877,93,116,516,152,462,35,31,288,108,415,58,85,228,44
"2011","Portsmouth 024B","E01017123","Total",1124,102,129,695,198,632,44,41,412,135,492,58,88,283,63
"2011","Portsmouth 024C","E01017131","Total",746,122,140,343,141,428,64,52,210,102,318,58,88,133,39
"2011","Portsmouth 024E","E01033380","Total",736,48,83,438,167,443,16,31,275,121,293,32,52,163,46
"2011","Portsmouth 024F","E01033384","Total",736,85,111,407,133,421,33,36,250,102,315,52,75,157,31
"2011","Portsmouth 025A","E01017071","Total",851,100,171,485,95,425,40,57,270,58,426,60,114,215,37
"2011","Portsmouth 025B","E01017072","Total",732,80,116,423,113,400,28,33,260,79,332,52,83,163,34
"2011","Portsmouth 025C","E01017121","Total",881,87,132,541,121,500,45,40,323,92,381,42,92,218,29
"2011","Portsmouth 025D","E01017126","Total",945,101,144,591,109,500,52,50,332,66,445,49,94,259,43
"2011","Portsmouth 026A","E01017059","Total",716,72,170,401,73,374,18,35,264,57,342,54,135,137,16
"2011","Portsmouth 026B","E01017062","Total",861,101,162,442,156,449,24,21,279,125,412,77,141,163,31
"2011","Portsmouth 026C","E01017066","Total",975,94,187,568,126,489,23,29,334,103,486,71,158,234,23
"2011","Portsmouth 026D","E01032604","Total",773,81,148,429,115,406,24,25,270,87,367,57,123,159,28
"2011","Reading 001A","E01016407","Total",734,75,137,421,101,392,21,33,269,69,342,54,104,152,32
"2011","Reading 001B","E01016408","Total",820,98,151,490,81,431,28,33,307,63,389,70,118,183,18
"2011","Reading 001C","E01016410","Total",887,83,137,544,123,467,17,27,331,92,420,66,110,213,31
"2011","Reading 001D","E01016411","Total",699,78,136,386,99,356,26,25,232,73,343,52,111,154,26
"2011","Reading 001E","E01016412","Total",836,66,161,506,103,437,24,27,304,82,399,42,134,202,21
"2011","Reading 002A","E01016386","Total",682,81,123,346,132,372,17,32,226,97,310,64,91,120,35
"2011","Reading 002B","E01016387","Total",763,94,116,421,132,406,26,24,262,94,357,68,92,159,38
"2011","Reading 002C","E01016425","Total",880,96,148,490,146,481,23,31,312,115,399,73,117,178,31
"2011","Reading 002D","E01016426","Total",667,74,128,339,126,363,15,26,222,100,304,59,102,117,26
"2011","Reading 002E","E01016430","Total",755,76,121,450,108,405,16,14,297,78,350,60,107,153,30
"2011","Reading 003A","E01016364","Total",792,74,102,499,117,423,27,23,289,84,369,47,79,210,33
"2011","Reading 003B","E01016409","Total",816,94,156,482,84,417,26,39,293,59,399,68,117,189,25
"2011","Reading 003C","E01016427","Total",770,83,135,416,136,403,27,31,249,96,367,56,104,167,40
"2011","Reading 003D","E01016428","Total",917,96,176,507,138,476,27,28,313,108,441,69,148,194,30
"2011","Reading 003E","E01016429","Total",872,104,159,498,111,437,25,28,302,82,435,79,131,196,29
"2011","Reading 004A","E01016362","Total",914,48,106,622,138,497,17,23,354,103,417,31,83,268,35
"2011","Reading 004B","E01016363","Total",888,57,137,593,101,462,12,29,355,66,426,45,108,238,35
"2011","Reading 004C","E01016365","Total",1023,67,103,710,143,559,24,25,414,96,464,43,78,296,47
"2011","Reading 004D","E01016366","Total",871,76,150,529,116,445,16,25,324,80,426,60,125,205,36
"2011","Reading 004E","E01016367","Total",845,54,114,591,86,453,18,21,354,60,392,36,93,237,26
"2011","Reading 005A","E01016380","Total",902,94,141,563,104,482,30,29,348,75,420,64,112,215,29
"2011","Reading 005B","E01016383","Total",882,58,140,595,89,463,11,22,361,69,419,47,118,234,20
"2011","Reading 005C","E01016384","Total",897,101,147,518,131,466,27,36,302,101,431,74,111,216,30
"2011","Reading 005D","E01016431","Total",845,92,154,500,99,446,22,25,324,75,399,70,129,176,24
"2011","Reading 005E","E01016432","Total",716,65,142,415,94,374,16,19,263,76,342,49,123,152,18
"2011","Reading 006A","E01016381","Total",680,66,118,432,64,361,18,36,262,45,319,48,82,170,19
"2011","Reading 006B","E01016382","Total",820,81,137,521,81,414,21,37,293,63,406,60,100,228,18
"2011","Reading 006C","E01016385","Total",858,73,138,551,96,450,20,28,324,78,408,53,110,227,18
"2011","Reading 006D","E01016396","Total",553,53,105,347,48,282,7,22,218,35,271,46,83,129,13
"2011","Reading 006E","E01016397","Total",580,59,118,349,54,290,19,26,208,37,290,40,92,141,17
"2011","Reading 007A","E01016355","Total",1205,66,134,823,182,675,27,39,484,125,530,39,95,339,57
"2011","Reading 007B","E01016358","Total",1009,73,154,673,109,588,28,62,420,78,421,45,92,253,31
"2011","Reading 007C","E01016359","Total",1104,77,193,724,110,588,19,63,428,78,516,58,130,296,32
"2011","Reading 007D","E01016360","Total",1069,105,179,678,107,600,43,73,409,75,469,62,106,269,32
"2011","Reading 007E","E01016361","Total",942,65,140,642,95,499,25,41,370,63,443,40,99,272,32
"2011","Reading 008A","E01016356","Total",833,50,122,566,95,438,27,25,326,60,395,23,97,240,35
"2011","Reading 008B","E01016357","Total",1029,58,152,697,122,586,20,56,429,81,443,38,96,268,41
"2011","Reading 008C","E01016395","Total",650,62,92,423,73,343,20,31,237,55,307,42,61,186,18
"2011","Reading 008D","E01016398","Total",998,60,120,708,110,553,22,40,407,84,445,38,80,301,26
"2011","Reading 008E","E01016399","Total",801,50,141,530,80,447,23,35,330,59,354,27,106,200,21
"2011","Reading 008F","E01016400","Total",840,70,125,560,85,444,29,33,323,59,396,41,92,237,26
"2011","Reading 009A","E01016394","Total",498,58,107,280,53,255,12,22,174,47,243,46,85,106,6
"2011","Reading 009B","E01016433","Total",702,63,133,432,74,379,21,26,273,59,323,42,107,159,15
"2011","Reading 009C","E01016434","Total",879,66,179,543,91,469,20,56,316,77,410,46,123,227,14
"2011","Reading 009D","E01016435","Total",590,48,129,351,62,311,11,27,218,55,279,37,102,133,7
"2011","Reading 009E","E01016436","Total",749,51,155,445,98,399,16,32,275,76,350,35,123,170,22
"2011","Reading 010B","E01016402","Total",862,212,149,430,71,459,80,59,273,47,403,132,90,157,24
"2011","Reading 010C","E01016404","Total",1131,112,188,718,113,620,42,77,417,84,511,70,111,301,29
"2011","Reading 010D","E01016405","Total",1106,165,225,616,100,642,80,121,372,69,464,85,104,244,31
"2011","Reading 010E","E01016406","Total",850,180,139,462,69,476,75,63,296,42,374,105,76,166,27
"2011","Reading 010F","E01033417","Total",768,39,66,562,101,441,20,26,328,67,327,19,40,234,34
"2011","Reading 010G","E01033421","Total",930,70,94,653,113,534,33,34,395,72,396,37,60,258,41
"2011","Reading 011B","E01016353","Total",1017,61,143,710,103,576,22,48,430,76,441,39,95,280,27
"2011","Reading 011D","E01016378","Total",1270,74,121,936,139,743,33,42,569,99,527,41,79,367,40
"2011","Reading 011E","E01016391","Total",1020,75,129,696,120,559,20,44,412,83,461,55,85,284,37
"2011","Reading 011F","E01033415","Total",944,44,62,712,126,558,13,23,444,78,386,31,39,268,48
"2011","Reading 011G","E01033418","Total",789,27,53,595,114,479,12,17,372,78,310,15,36,223,36
"2011","Reading 011H","E01033420","Total",727,24,42,557,104,450,9,17,347,77,277,15,25,210,27
"2011","Reading 011I","E01033422","Total",732,32,92,534,74,415,15,30,318,52,317,17,62,216,22
"2011","Reading 011J","E01033423","Total",804,26,83,586,109,458,11,27,340,80,346,15,56,246,29
"2011","Reading 012A","E01016401","Total",764,125,105,434,100,411,47,35,262,67,353,78,70,172,33
"2011","Reading 012B","E01016403","Total",981,123,150,575,133,521,43,33,351,94,460,80,117,224,39
"2011","Reading 012C","E01016416","Total",884,164,121,520,79,487,54,60,317,56,397,110,61,203,23
"2011","Reading 012D","E01016417","Total",760,180,108,400,72,397,68,43,235,51,363,112,65,165,21
"2011","Reading 012E","E01016418","Total",804,175,106,454,69,395,66,43,243,43,409,109,63,211,26
"2011","Reading 013A","E01016388","Total",783,57,118,515,93,416,20,28,301,67,367,37,90,214,26
"2011","Reading 013B","E01016389","Total",765,65,162,472,66,385,22,46,268,49,380,43,116,204,17
"2011","Reading 013C","E01016390","Total",925,46,104,638,137,546,19,37,391,99,379,27,67,247,38
"2011","Reading 013D","E01016392","Total",1173,58,141,819,155,653,18,48,490,97,520,40,93,329,58
"2011","Reading 013E","E01016393","Total",805,46,126,533,100,439,15,31,320,73,366,31,95,213,27
"2011","Reading 014A","E01016374","Total",1075,70,122,742,141,594,28,41,438,87,481,42,81,304,54
"2011","Reading 014B","E01016375","Total",669,62,107,441,59,365,27,37,260,41,304,35,70,181,18
"2011","Reading 014C","E01016376","Total",862,96,105,572,89,491,34,37,359,61,371,62,68,213,28
"2011","Reading 014D","E01016379","Total",1109,66,128,787,128,632,32,59,454,87,477,34,69,333,41
"2011","Reading 014E","E01016413","Total",777,135,79,454,109,381,50,26,230,75,396,85,53,224,34
"2011","Reading 014F","E01016414","Total",874,99,93,565,117,480,40,29,329,82,394,59,64,236,35
"2011","Reading 015A","E01016419","Total",945,80,128,629,108,510,32,33,366,79,435,48,95,263,29
"2011","Reading 015B","E01016420","Total",570,53,133,338,46,279,17,30,196,36,291,36,103,142,10
"2011","Reading 015C","E01016421","Total",600,52,106,379,63,314,17,20,221,56,286,35,86,158,7
"2011","Reading 015D","E01016422","Total",527,50,117,304,56,277,19,35,180,43,250,31,82,124,13
"2011","Reading 015E","E01016423","Total",655,65,138,395,57,333,19,32,238,44,322,46,106,157,13
"2011","Reading 015F","E01016424","Total",684,68,126,424,66,369,26,29,259,55,315,42,97,165,11
"2011","Reading 016A","E01016370","Total",816,309,128,301,78,420,132,59,175,54,396,177,69,126,24
"2011","Reading 016B","E01016371","Total",758,91,133,419,115,412,27,46,254,85,346,64,87,165,30
"2011","Reading 016C","E01016373","Total",644,53,135,383,73,340,15,35,227,63,304,38,100,156,10
"2011","Reading 016D","E01016415","Total",615,59,126,362,68,359,29,46,230,54,256,30,80,132,14
"2011","Reading 017A","E01016368","Total",586,53,122,335,76,321,7,34,218,62,265,46,88,117,14
"2011","Reading 017B","E01016372","Total",518,54,102,305,57,271,14,34,174,49,247,40,68,131,8
"2011","Reading 017C","E01016377","Total",807,86,138,499,84,439,26,37,317,59,368,60,101,182,25
"2011","Reading 017D","E01016438","Total",547,53,128,333,33,287,14,35,209,29,260,39,93,124,4
"2011","Reading 017E","E01016442","Total",1471,101,200,1010,160,820,35,66,600,119,651,66,134,410,41
"2011","Reading 017F","E01016443","Total",608,52,135,362,59,310,14,22,225,49,298,38,113,137,10
"2011","Reading 018A","E01016369","Total",768,55,148,486,79,403,14,40,285,64,365,41,108,201,15
"2011","Reading 018B","E01016437","Total",702,64,154,414,70,380,18,39,264,59,322,46,115,150,11
"2011","Reading 018C","E01016439","Total",740,56,152,457,75,384,19,40,271,54,356,37,112,186,21
"2011","Reading 018D","E01016440","Total",686,69,136,424,57,371,23,29,272,47,315,46,107,152,10
"2011","Reading 018E","E01016441","Total",583,46,134,348,55,300,16,28,208,48,283,30,106,140,7
"2011","Slough 001A","E01016450","Total",632,64,129,385,54,320,19,37,218,46,312,45,92,167,8
"2011","Slough 001B","E01016451","Total",612,50,125,381,56,315,15,37,215,48,297,35,88,166,8
"2011","Slough 001C","E01016452","Total",727,69,123,459,76,384,27,34,264,59,343,42,89,195,17
"2011","Slough 001D","E01016453","Total",731,56,106,492,77,396,18,26,292,60,335,38,80,200,17
"2011","Slough 001E","E01016454","Total",713,70,104,461,78,386,24,40,257,65,327,46,64,204,13
"2011","Slough 001F","E01016455","Total",669,63,111,412,83,346,20,36,226,64,323,43,75,186,19
"2011","Slough 002A","E01016483","Total",839,78,150,527,84,484,36,67,325,56,355,42,83,202,28
"2011","Slough 002B","E01016484","Total",730,63,122,458,87,407,19,42,276,70,323,44,80,182,17
"2011","Slough 002C","E01016485","Total",789,71,140,498,80,449,28,53,314,54,340,43,87,184,26
"2011","Slough 002D","E01016486","Total",720,65,146,442,67,391,31,42,265,53,329,34,104,177,14
"2011","Slough 002E","E01016487","Total",808,77,161,520,50,460,39,67,318,36,348,38,94,202,14
"2011","Slough 002F","E01016488","Total",879,74,139,567,99,499,31,44,338,86,380,43,95,229,13
"2011","Slough 003A","E01016493","Total",705,53,100,451,101,362,18,22,247,75,343,35,78,204,26
"2011","Slough 003B","E01016494","Total",1099,68,140,766,125,591,18,45,439,89,508,50,95,327,36
"2011","Slough 003C","E01016495","Total",843,45,106,582,110,437,12,24,318,83,406,33,82,264,27
"2011","Slough 003D","E01016496","Total",615,55,101,395,64,300,15,27,216,42,315,40,74,179,22
"2011","Slough 003E","E01016497","Total",712,43,131,457,81,377,15,41,260,61,335,28,90,197,20
"2011","Slough 003F","E01016498","Total",861,65,149,563,84,446,17,41,316,72,415,48,108,247,12
"2011","Slough 003G","E01016499","Total",628,55,137,383,53,322,19,48,214,41,306,36,89,169,12
"2011","Slough 004A","E01016444","Total",696,85,134,421,56,414,36,68,262,48,282,49,66,159,8
"2011","Slough 004B","E01016445","Total",734,77,181,415,61,419,33,74,260,52,315,44,107,155,9
"2011","Slough 004C","E01016446","Total",642,68,137,373,64,378,36,56,236,50,264,32,81,137,14
"2011","Slough 004D","E01016447","Total",796,59,176,480,81,470,15,89,301,65,326,44,87,179,16
"2011","Slough 004E","E01016448","Total",1015,94,194,644,83,624,46,92,421,65,391,48,102,223,18
"2011","Slough 004F","E01016449","Total",833,82,185,498,68,473,33,83,305,52,360,49,102,193,16
"2011","Slough 005A","E01016516","Total",708,84,149,421,54,408,43,62,260,43,300,41,87,161,11
"2011","Slough 005B","E01016517","Total",654,59,128,407,60,380,27,62,246,45,274,32,66,161,15
"2011","Slough 005C","E01016518","Total",857,78,139,553,87,497,36,47,343,71,360,42,92,210,16
"2011","Slough 005D","E01016519","Total",1200,113,197,747,143,606,36,89,386,95,594,77,108,361,48
"2011","Slough 005E","E01016520","Total",631,73,133,364,61,348,34,52,214,48,283,39,81,150,13
"2011","Slough 005F","E01016521","Total",789,57,168,497,67,432,28,63,293,48,357,29,105,204,19
"2011","Slough 006A","E01016467","Total",762,66,139,479,78,391,25,37,271,58,371,41,102,208,20
"2011","Slough 006B","E01016468","Total",944,65,154,603,122,500,22,44,334,100,444,43,110,269,22
"2011","Slough 006C","E01016469","Total",869,79,131,542,117,477,40,24,331,82,392,39,107,211,35
"2011","Slough 006D","E01016470","Total",901,60,146,574,121,493,17,41,335,100,408,43,105,239,21
"2011","Slough 006E","E01016471","Total",693,48,118,462,65,355,13,30,258,54,338,35,88,204,11
"2011","Slough 006F","E01016472","Total",750,60,154,453,83,396,23,43,268,62,354,37,111,185,21
"2011","Slough 007A","E01016456","Total",932,90,195,573,74,582,42,109,371,60,350,48,86,202,14
"2011","Slough 007B","E01016457","Total",834,78,157,534,65,487,30,76,328,53,347,48,81,206,12
"2011","Slough 007C","E01016458","Total",657,68,137,396,56,341,26,46,229,40,316,42,91,167,16
"2011","Slough 007D","E01016459","Total",1046,96,197,671,82,601,41,77,419,64,445,55,120,252,18
"2011","Slough 007E","E01016460","Total",867,83,175,535,74,484,32,74,321,57,383,51,101,214,17
"2011","Slough 007F","E01016461","Total",1293,114,208,851,120,742,50,86,519,87,551,64,122,332,33
"2011","Slough 008A","E01016473","Total",1114,85,162,738,129,569,25,42,409,93,545,60,120,329,36
"2011","Slough 008B","E01016474","Total",929,70,142,641,76,489,22,46,361,60,440,48,96,280,16
"2011","Slough 008C","E01016475","Total",953,81,211,575,86,553,24,98,361,70,400,57,113,214,16
"2011","Slough 008D","E01016476","Total",939,66,162,617,94,497,24,40,368,65,442,42,122,249,29
"2011","Slough 008E","E01016477","Total",1315,79,160,915,161,701,35,53,501,112,614,44,107,414,49
"2011","Slough 008F","E01016478","Total",998,76,189,618,115,564,30,82,364,88,434,46,107,254,27
"2011","Slough 009A","E01016462","Total",1231,81,215,829,106,754,34,105,536,79,477,47,110,293,27
"2011","Slough 009B","E01016463","Total",739,83,163,412,81,443,39,81,260,63,296,44,82,152,18
"2011","Slough 009C","E01016464","Total",787,105,143,479,60,479,62,68,302,47,308,43,75,177,13
"2011","Slough 009D","E01016465","Total",1276,97,224,817,138,730,28,89,507,106,546,69,135,310,32
"2011","Slough 009F","E01032729","Total",716,60,142,447,67,424,27,68,276,53,292,33,74,171,14
"2011","Slough 009G","E01032730","Total",753,60,93,526,74,448,26,38,325,59,305,34,55,201,15
"2011","Slough 010A","E01016506","Total",1094,55,123,770,146,594,15,33,440,106,500,40,90,330,40
"2011","Slough 010B","E01016507","Total",784,44,144,503,93,408,13,51,273,71,376,31,93,230,22
"2011","Slough 010C","E01016508","Total",875,64,155,556,100,467,25,44,322,76,408,39,111,234,24
"2011","Slough 010D","E01016509","Total",873,60,133,581,99,461,20,35,329,77,412,40,98,252,22
"2011","Slough 010E","E01016510","Total",759,80,105,485,89,400,28,27,275,70,359,52,78,210,19
"2011","Slough 011A","E01016511","Total",917,63,168,590,96,516,29,76,339,72,401,34,92,251,24
"2011","Slough 011B","E01016512","Total",1028,69,152,678,129,600,34,60,415,91,428,35,92,263,38
"2011","Slough 011C","E01016513","Total",944,71,130,633,110,512,20,31,373,88,432,51,99,260,22
"2011","Slough 011D","E01016514","Total",990,72,120,653,145,549,29,43,372,105,441,43,77,281,40
"2011","Slough 011E","E01016515","Total",1027,84,161,637,145,554,35,44,362,113,473,49,117,275,32
"2011","Slough 012A","E01016500","Total",911,58,161,586,106,480,24,46,333,77,431,34,115,253,29
"2011","Slough 012B","E01016501","Total",682,54,109,445,74,349,12,25,257,55,333,42,84,188,19
"2011","Slough 012C","E01016502","Total",659,58,117,415,69,347,16,28,251,52,312,42,89,164,17
"2011","Slough 012D","E01016503","Total",770,62,134,481,93,418,20,34,288,76,352,42,100,193,17
"2011","Slough 012E","E01016504","Total",731,62,116,457,96,394,24,27,270,73,337,38,89,187,23
"2011","Slough 012F","E01016505","Total",754,46,123,489,96,414,14,39,286,75,340,32,84,203,21
"2011","Slough 013B","E01016490","Total",823,73,151,531,68,445,18,53,327,47,378,55,98,204,21
"2011","Slough 013C","E01016491","Total",828,64,111,551,102,480,32,32,332,84,348,32,79,219,18
"2011","Slough 013D","E01016492","Total",817,67,133,519,98,427,25,37,292,73,390,42,96,227,25
"2011","Slough 013E","E01032731","Total",728,50,95,492,91,386,21,29,268,68,342,29,66,224,23
"2011","Slough 013F","E01032732","Total",761,51,117,495,98,423,17,43,287,76,338,34,74,208,22
"2011","Slough 014A","E01016479","Total",817,48,135,542,92,489,21,49,350,69,328,27,86,192,23
"2011","Slough 014B","E01016480","Total",668,46,113,433,76,350,18,33,239,60,318,28,80,194,16
"2011","Slough 014C","E01016481","Total",850,47,92,573,138,470,16,24,326,104,380,31,68,247,34
"2011","Slough 014D","E01016482","Total",1045,59,164,671,151,590,22,48,400,120,455,37,116,271,31
"2011","Southampton 001A","E01017144","Total",475,68,82,261,64,244,31,18,151,44,231,37,64,110,20
"2011","Southampton 001B","E01017145","Total",698,66,130,377,125,377,24,40,219,94,321,42,90,158,31
"2011","Southampton 001C","E01017146","Total",868,151,123,455,139,471,65,39,275,92,397,86,84,180,47
"2011","Southampton 001D","E01017148","Total",651,179,87,285,100,345,75,25,173,72,306,104,62,112,28
"2011","Southampton 001E","E01017149","Total",521,111,123,240,47,292,50,47,154,41,229,61,76,86,6
"2011","Southampton 002A","E01017180","Total",846,73,172,518,83,429,21,30,312,66,417,52,142,206,17
"2011","Southampton 002B","E01017181","Total",659,54,165,370,70,337,18,37,223,59,322,36,128,147,11
"2011","Southampton 002C","E01017183","Total",886,94,186,514,92,457,36,33,316,72,429,58,153,198,20
"2011","Southampton 002D","E01017185","Total",832,66,179,521,66,431,25,39,312,55,401,41,140,209,11
"2011","Southampton 002E","E01017187","Total",818,70,155,507,86,406,19,37,281,69,412,51,118,226,17
"2011","Southampton 003A","E01017264","Total",611,204,102,252,53,320,100,35,147,38,291,104,67,105,15
"2011","Southampton 003B","E01017265","Total",700,79,152,406,63,365,30,39,245,51,335,49,113,161,12
"2011","Southampton 003C","E01017270","Total",553,77,99,315,62,296,27,33,187,49,257,50,66,128,13
"2011","Southampton 003D","E01017271","Total",551,52,94,333,72,305,14,26,211,54,246,38,68,122,18
"2011","Southampton 004A","E01017182","Total",563,47,140,319,57,291,16,27,198,50,272,31,113,121,7
"2011","Southampton 004B","E01017184","Total",681,68,142,398,73,347,16,31,241,59,334,52,111,157,14
"2011","Southampton 004C","E01017186","Total",834,69,164,520,81,417,21,36,298,62,417,48,128,222,19
"2011","Southampton 004D","E01017188","Total",753,64,144,489,56,394,21,34,294,45,359,43,110,195,11
"2011","Southampton 005A","E01017266","Total",554,93,119,299,43,306,36,35,195,40,248,57,84,104,3
"2011","Southampton 005B","E01017267","Total",516,77,82,299,58,290,35,29,184,42,226,42,53,115,16
"2011","Southampton 005E","E01017272","Total",601,54,113,387,47,322,18,27,237,40,279,36,86,150,7
"2011","Southampton 005F","E01032756","Total",958,226,168,466,98,553,119,64,294,76,405,107,104,172,22
"2011","Southampton 006A","E01017147","Total",770,91,109,454,116,431,32,31,279,89,339,59,78,175,27
"2011","Southampton 006B","E01017150","Total",674,80,102,388,104,380,22,43,240,75,294,58,59,148,29
"2011","Southampton 006C","E01017151","Total",738,65,139,457,77,378,20,40,256,62,360,45,99,201,15
"2011","Southampton 006D","E01017152","Total",810,76,160,492,82,430,17,43,305,65,380,59,117,187,17
"2011","Southampton 007A","E01017238","Total",599,55,129,374,41,320,22,32,231,35,279,33,97,143,6
"2011","Southampton 007B","E01017241","Total",556,56,128,323,49,271,16,19,195,41,285,40,109,128,8
"2011","Southampton 007C","E01017242","Total",825,68,127,525,105,421,18,24,294,85,404,50,103,231,20
"2011","Southampton 007D","E01017243","Total",907,69,198,533,107,490,18,49,329,94,417,51,149,204,13
"2011","Southampton 007E","E01017244","Total",604,40,142,360,62,309,7,29,224,49,295,33,113,136,13
"2011","Southampton 008A","E01017174","Total",649,68,137,378,66,343,19,28,239,57,306,49,109,139,9
"2011","Southampton 008B","E01017175","Total",839,85,171,486,97,436,22,36,298,80,403,63,135,188,17
"2011","Southampton 008C","E01017176","Total",823,82,148,468,125,455,27,37,289,102,368,55,111,179,23
"2011","Southampton 008D","E01017179","Total",653,66,147,358,82,338,12,30,226,70,315,54,117,132,12
"2011","Southampton 009A","E01017226","Total",684,55,84,423,122,388,25,27,255,81,296,30,57,168,41
"2011","Southampton 009D","E01017231","Total",701,152,104,375,70,366,64,38,216,48,335,88,66,159,22
"2011","Southampton 009E","E01017232","Total",547,97,81,282,87,280,34,19,165,62,267,63,62,117,25
"2011","Southampton 009F","E01032753","Total",954,225,133,442,154,503,90,34,264,115,451,135,99,178,39
"2011","Southampton 010A","E01017246","Total",1110,63,184,754,109,571,24,49,420,78,539,39,135,334,31
"2011","Southampton 010B","E01017250","Total",547,41,118,337,51,284,11,35,202,36,263,30,83,135,15
"2011","Southampton 010C","E01017251","Total",777,48,147,503,79,398,14,44,283,57,379,34,103,220,22
"2011","Southampton 010D","E01017253","Total",786,71,147,482,86,422,23,45,283,71,364,48,102,199,15
"2011","Southampton 011A","E01017247","Total",830,97,180,444,109,420,27,48,262,83,410,70,132,182,26
"2011","Southampton 011B","E01017248","Total",805,78,154,460,113,417,26,36,272,83,388,52,118,188,30
"2011","Southampton 011C","E01017249","Total",696,95,131,374,96,373,35,32,237,69,323,60,99,137,27
"2011","Southampton 011D","E01017252","Total",814,96,153,446,119,421,30,29,271,91,393,66,124,175,28
"2011","Southampton 011E","E01017254","Total",843,67,167,480,129,434,17,45,276,96,409,50,122,204,33
"2011","Southampton 012A","E01017236","Total",594,54,136,352,52,311,14,32,220,45,283,40,104,132,7
"2011","Southampton 012B","E01017237","Total",591,60,153,328,50,315,18,29,224,44,276,42,124,104,6
"2011","Southampton 012C","E01017239","Total",765,68,150,453,94,423,21,35,289,78,342,47,115,164,16
"2011","Southampton 012D","E01017240","Total",460,42,113,253,52,234,11,29,149,45,226,31,84,104,7
"2011","Southampton 012E","E01017245","Total",538,65,126,290,57,277,16,29,185,47,261,49,97,105,10
"2011","Southampton 013A","E01017227","Total",478,149,66,228,35,266,61,27,150,28,212,88,39,78,7
"2011","Southampton 013B","E01017228","Total",779,76,119,486,98,439,33,39,290,77,340,43,80,196,21
"2011","Southampton 013C","E01017233","Total",825,89,150,505,81,423,29,39,294,61,402,60,111,211,20
"2011","Southampton 013D","E01017234","Total",776,168,117,410,81,413,61,41,250,61,363,107,76,160,20
"2011","Southampton 013E","E01017235","Total",648,162,95,331,60,355,68,39,203,45,293,94,56,128,15
"2011","Southampton 014A","E01017171","Total",1027,77,161,670,119,562,28,38,411,85,465,49,123,259,34
"2011","Southampton 014B","E01017172","Total",1079,77,179,690,133,583,23,49,413,98,496,54,130,277,35
"2011","Southampton 014C","E01017173","Total",763,64,156,451,92,400,17,32,283,68,363,47,124,168,24
"2011","Southampton 014D","E01017177","Total",831,72,129,511,119,458,26,34,314,84,373,46,95,197,35
"2011","Southampton 014E","E01017178","Total",877,92,149,524,112,470,28,27,326,89,407,64,122,198,23
"2011","Southampton 015A","E01017207","Total",596,49,139,354,54,311,11,38,219,43,285,38,101,135,11
"2011","Southampton 015B","E01017209","Total",779,60,136,494,89,398,19,21,292,66,381,41,115,202,23
"2011","Southampton 015C","E01017211","Total",851,76,130,555,90,461,29,38,330,64,390,47,92,225,26
"2011","Southampton 015D","E01017212","Total",728,69,140,446,73,397,26,33,280,58,331,43,107,166,15
"2011","Southampton 015E","E01017213","Total",946,57,150,633,106,500,25,38,365,72,446,32,112,268,34
"2011","Southampton 016A","E01017200","Total",924,89,184,540,111,493,21,38,345,89,431,68,146,195,22
"2011","Southampton 016B","E01017201","Total",543,62,134,292,55,270,10,40,175,45,273,52,94,117,10
"2011","Southampton 016C","E01017202","Total",717,62,153,426,76,363,13,39,254,57,354,49,114,172,19
"2011","Southampton 016D","E01017203","Total",819,79,174,489,77,421,20,35,303,63,398,59,139,186,14
"2011","Southampton 016E","E01017204","Total",818,89,180,441,108,425,21,32,285,87,393,68,148,156,21
"2011","Southampton 017A","E01017157","Total",610,178,70,305,57,333,80,30,181,42,277,98,40,124,15
"2011","Southampton 017B","E01017158","Total",885,159,114,512,100,502,79,53,298,72,383,80,61,214,28
"2011","Southampton 017C","E01017159","Total",693,194,92,345,62,362,80,35,204,43,331,114,57,141,19
"2011","Southampton 017D","E01017160","Total",890,114,121,540,115,472,49,47,310,66,418,65,74,230,49
"2011","Southampton 018A","E01017198","Total",671,66,118,401,86,354,14,36,236,68,317,52,82,165,18
"2011","Southampton 018B","E01017199","Total",726,75,161,396,94,375,25,34,238,78,351,50,127,158,16
"2011","Southampton 018C","E01017205","Total",523,55,118,293,57,275,16,36,173,50,248,39,82,120,7
"2011","Southampton 018D","E01017206","Total",783,66,158,467,92,418,16,45,283,74,365,50,113,184,18
"2011","Southampton 019A","E01017208","Total",600,64,135,331,70,315,22,26,214,53,285,42,109,117,17
"2011","Southampton 019B","E01017210","Total",582,72,141,307,62,276,17,23,186,50,306,55,118,121,12
"2011","Southampton 019C","E01017214","Total",727,64,143,439,81,401,23,33,281,64,326,41,110,158,17
"2011","Southampton 019D","E01017215","Total",933,75,176,561,121,496,21,34,346,95,437,54,142,215,26
"2011","Southampton 019E","E01017216","Total",772,60,113,528,71,431,21,29,322,59,341,39,84,206,12
"2011","Southampton 020A","E01017189","Total",927,104,140,567,116,513,41,56,337,79,414,63,84,230,37
"2011","Southampton 020B","E01017190","Total",990,98,131,633,128,566,61,66,359,80,424,37,65,274,48
"2011","Southampton 020C","E01017191","Total",1065,85,154,714,112,619,34,58,441,86,446,51,96,273,26
"2011","Southampton 020D","E01017196","Total",1223,88,127,853,155,683,40,37,493,113,540,48,90,360,42
"2011","Southampton 020E","E01017197","Total",857,71,154,512,120,455,23,32,313,87,402,48,122,199,33
"2011","Southampton 021A","E01017192","Total",1136,72,169,765,130,621,27,41,459,94,515,45,128,306,36
"2011","Southampton 021B","E01017193","Total",952,60,142,635,115,525,23,44,367,91,427,37,98,268,24
"2011","Southampton 021C","E01017194","Total",1056,86,166,687,117,582,29,63,399,91,474,57,103,288,26
"2011","Southampton 021D","E01017195","Total",1156,68,176,775,137,651,19,67,457,108,505,49,109,318,29
"2011","Southampton 022A","E01017153","Total",677,119,178,326,54,481,69,123,246,43,196,50,55,80,11
"2011","Southampton 022B","E01017154","Total",781,83,192,430,76,459,27,86,287,59,322,56,106,143,17
"2011","Southampton 022C","E01017155","Total",731,98,149,412,72,484,45,88,291,60,247,53,61,121,12
"2011","Southampton 022D","E01017156","Total",670,98,149,361,62,445,53,84,256,52,225,45,65,105,10
"2011","Southampton 022F","E01032738","Total",707,141,102,387,77,407,72,48,225,62,300,69,54,162,15
"2011","Southampton 022G","E01032750","Total",600,98,101,345,56,370,46,45,232,47,230,52,56,113,9
"2011","Southampton 023A","E01017136","Total",831,236,136,376,83,457,105,64,230,58,374,131,72,146,25
"2011","Southampton 023B","E01017137","Total",782,347,164,232,39,429,165,91,147,26,353,182,73,85,13
"2011","Southampton 023C","E01017138","Total",1157,253,153,644,107,621,100,55,391,75,536,153,98,253,32
"2011","Southampton 023D","E01017140","Total",703,88,115,417,83,417,46,55,249,67,286,42,60,168,16
"2011","Southampton 024A","E01017217","Total",729,63,130,452,84,381,16,26,272,67,348,47,104,180,17
"2011","Southampton 024B","E01017223","Total",909,86,191,506,126,484,25,37,319,103,425,61,154,187,23
"2011","Southampton 024C","E01017224","Total",768,81,138,458,91,406,27,30,277,72,362,54,108,181,19
"2011","Southampton 024D","E01017225","Total",744,64,145,452,83,375,20,24,264,67,369,44,121,188,16
"2011","Southampton 025A","E01017162","Total",649,70,148,353,78,341,21,38,221,61,308,49,110,132,17
"2011","Southampton 025B","E01017163","Total",566,64,139,315,48,303,21,37,206,39,263,43,102,109,9
"2011","Southampton 025C","E01017164","Total",718,79,131,396,112,395,26,32,248,89,323,53,99,148,23
"2011","Southampton 025D","E01017165","Total",626,87,148,324,67,327,25,38,211,53,299,62,110,113,14
"2011","Southampton 025E","E01017166","Total",583,58,141,329,55,295,14,29,205,47,288,44,112,124,8
"2011","Southampton 026A","E01017256","Total",1049,110,209,599,131,555,28,50,375,102,494,82,159,224,29
"2011","Southampton 026B","E01017257","Total",865,72,175,538,80,465,25,40,332,68,400,47,135,206,12
"2011","Southampton 026C","E01017259","Total",792,68,172,457,95,425,17,28,304,76,367,51,144,153,19
"2011","Southampton 026D","E01017260","Total",649,77,141,371,60,334,19,32,230,53,315,58,109,141,7
"2011","Southampton 026E","E01017262","Total",695,61,160,403,71,357,14,27,255,61,338,47,133,148,10
"2011","Southampton 027A","E01017167","Total",576,51,118,361,46,311,13,32,227,39,265,38,86,134,7
"2011","Southampton 027B","E01017168","Total",752,55,142,460,95,397,18,29,267,83,355,37,113,193,12
"2011","Southampton 027C","E01017169","Total",622,63,145,349,65,305,17,26,214,48,317,46,119,135,17
"2011","Southampton 027D","E01017170","Total",754,78,169,418,89,391,13,50,254,74,363,65,119,164,15
"2011","Southampton 028A","E01017218","Total",629,46,135,374,74,357,16,27,255,59,272,30,108,119,15
"2011","Southampton 028B","E01017219","Total",834,61,141,538,94,454,21,34,323,76,380,40,107,215,18
"2011","Southampton 028C","E01017220","Total",935,84,154,591,106,489,19,27,363,80,446,65,127,228,26
"2011","Southampton 028D","E01017221","Total",884,80,163,540,101,458,28,32,319,79,426,52,131,221,22
"2011","Southampton 028E","E01017222","Total",863,90,162,516,95,451,27,32,320,72,412,63,130,196,23
"2011","Southampton 029A","E01017139","Total",951,181,196,492,82,522,83,76,305,58,429,98,120,187,24
"2011","Southampton 029C","E01017142","Total",1333,224,145,722,242,767,114,68,417,168,566,110,77,305,74
"2011","Southampton 029E","E01032745","Total",844,210,148,413,73,474,109,83,231,51,370,101,65,182,22
"2011","Southampton 029F","E01032746","Total",821,43,60,595,123,489,15,25,349,100,332,28,35,246,23
"2011","Southampton 029G","E01032748","Total",754,28,62,521,143,466,15,29,317,105,288,13,33,204,38
"2011","Southampton 029H","E01032751","Total",673,54,97,423,99,410,23,45,265,77,263,31,52,158,22
"2011","Southampton 029I","E01032755","Total",366,46,73,204,43,238,29,38,138,33,128,17,35,66,10
"2011","Southampton 030A","E01017255","Total",851,60,167,515,109,453,15,36,316,86,398,45,131,199,23
"2011","Southampton 030B","E01017258","Total",807,75,149,487,96,429,24,32,299,74,378,51,117,188,22
"2011","Southampton 030C","E01017261","Total",927,85,169,587,86,496,24,34,366,72,431,61,135,221,14
"2011","Southampton 030D","E01017263","Total",715,68,127,449,71,377,21,21,283,52,338,47,106,166,19
"2011","Southampton 031A","E01017273","Total",709,76,145,394,94,367,23,30,237,77,342,53,115,157,17
"2011","Southampton 031B","E01017275","Total",874,92,174,506,102,444,19,40,301,84,430,73,134,205,18
"2011","Southampton 031C","E01017276","Total",891,75,153,558,105,475,21,37,328,89,416,54,116,230,16
"2011","Southampton 031D","E01017278","Total",781,61,135,485,100,405,17,33,278,77,376,44,102,207,23
"2011","Southampton 031E","E01017279","Total",875,64,161,543,107,446,15,30,314,87,429,49,131,229,20
"2011","Southampton 032A","E01017274","Total",565,58,125,324,58,274,14,10,203,47,291,44,115,121,11
"2011","Southampton 032B","E01017277","Total",759,75,166,443,75,405,20,38,286,61,354,55,128,157,14
"2011","Southampton 032C","E01017280","Total",553,58,114,307,74,299,18,31,188,62,254,40,83,119,12
"2011","Southampton 032D","E01017281","Total",550,43,122,323,62,303,17,30,197,59,247,26,92,126,3
"2011","West Berkshire 001A","E01016277","Total",664,73,129,316,146,352,20,24,197,111,312,53,105,119,35
"2011","West Berkshire 001B","E01016286","Total",858,87,136,480,155,459,22,24,297,116,399,65,112,183,39
"2011","West Berkshire 001C","E01016287","Total",800,84,141,398,177,440,31,24,247,138,360,53,117,151,39
"2011","West Berkshire 001D","E01016288","Total",874,95,140,461,178,476,34,40,266,136,398,61,100,195,42
"2011","West Berkshire 002A","E01016303","Total",783,78,130,390,185,415,18,26,235,136,368,60,104,155,49
"2011","West Berkshire 002B","E01016304","Total",843,80,143,432,188,464,28,34,260,142,379,52,109,172,46
"2011","West Berkshire 002C","E01016305","Total",715,60,98,376,181,389,17,27,215,130,326,43,71,161,51
"2011","West Berkshire 002D","E01016306","Total",673,62,112,382,117,366,20,27,230,89,307,42,85,152,28
"2011","West Berkshire 003A","E01016256","Total",903,85,151,473,194,503,24,41,290,148,400,61,110,183,46
"2011","West Berkshire 003B","E01016257","Total",657,72,111,301,173,366,16,31,183,136,291,56,80,118,37
"2011","West Berkshire 003C","E01016313","Total",832,63,147,475,147,420,10,30,274,106,412,53,117,201,41
"2011","West Berkshire 003D","E01016314","Total",569,73,74,270,152,323,24,22,163,114,246,49,52,107,38
"2011","West Berkshire 004A","E01016315","Total",831,81,126,473,151,468,21,22,306,119,363,60,104,167,32
"2011","West Berkshire 004B","E01016316","Total",1135,108,191,657,179,590,25,33,397,135,545,83,158,260,44
"2011","West Berkshire 004C","E01016317","Total",684,80,119,367,118,354,24,29,223,78,330,56,90,144,40
"2011","West Berkshire 004D","E01016318","Total",849,81,148,520,100,442,22,16,321,83,407,59,132,199,17
"2011","West Berkshire 005A","E01016258","Total",781,71,158,453,99,413,22,34,282,75,368,49,124,171,24
"2011","West Berkshire 005B","E01016261","Total",990,86,180,573,151,506,17,30,346,113,484,69,150,227,38
"2011","West Berkshire 005C","E01016349","Total",629,76,112,370,71,337,24,17,237,59,292,52,95,133,12
"2011","West Berkshire 005D","E01016350","Total",791,77,154,491,69,428,25,27,316,60,363,52,127,175,9
"2011","West Berkshire 006A","E01016259","Total",879,92,163,520,104,464,21,32,334,77,415,71,131,186,27
"2011","West Berkshire 006B","E01016260","Total",878,103,139,523,113,455,22,22,325,86,423,81,117,198,27
"2011","West Berkshire 006C","E01016262","Total",664,57,139,382,86,350,13,29,233,75,314,44,110,149,11
"2011","West Berkshire 006D","E01016272","Total",894,97,144,538,115,470,26,29,328,87,424,71,115,210,28
"2011","West Berkshire 006E","E01016273","Total",706,70,116,448,72,388,23,25,282,58,318,47,91,166,14
"2011","West Berkshire 007A","E01016263","Total",1169,112,180,617,260,589,23,23,342,201,580,89,157,275,59
"2011","West Berkshire 007B","E01016278","Total",757,74,115,415,153,468,23,23,299,123,289,51,92,116,30
"2011","West Berkshire 007C","E01016283","Total",804,88,123,419,174,413,25,23,247,118,391,63,100,172,56
"2011","West Berkshire 007D","E01016284","Total",748,82,132,384,150,393,19,25,241,108,355,63,107,143,42
"2011","West Berkshire 007E","E01016285","Total",848,101,129,436,182,464,29,28,264,143,384,72,101,172,39
"2011","West Berkshire 008A","E01016271","Total",768,71,145,479,73,387,26,23,275,63,381,45,122,204,10
"2011","West Berkshire 008B","E01016274","Total",749,81,137,453,78,391,29,34,267,61,358,52,103,186,17
"2011","West Berkshire 008C","E01016275","Total",883,59,131,585,108,468,14,31,344,79,415,45,100,241,29
"2011","West Berkshire 008D","E01016276","Total",889,93,165,518,113,441,26,27,301,87,448,67,138,217,26
"2011","West Berkshire 009A","E01016327","Total",674,69,117,373,115,360,18,25,227,90,314,51,92,146,25
"2011","West Berkshire 009B","E01016328","Total",892,91,156,492,153,461,26,30,289,116,431,65,126,203,37
"2011","West Berkshire 009C","E01016344","Total",785,63,110,510,102,410,17,26,299,68,375,46,84,211,34
"2011","West Berkshire 009D","E01016345","Total",785,66,126,486,107,407,18,26,289,74,378,48,100,197,33
"2011","West Berkshire 010A","E01016296","Total",883,81,138,530,134,448,22,26,307,93,435,59,112,223,41
"2011","West Berkshire 010B","E01016297","Total",791,95,151,439,106,412,19,29,283,81,379,76,122,156,25
"2011","West Berkshire 010C","E01016298","Total",650,51,89,374,136,355,21,22,209,103,295,30,67,165,33
"2011","West Berkshire 010D","E01016299","Total",827,83,126,497,121,420,14,24,290,92,407,69,102,207,29
"2011","West Berkshire 011A","E01016254","Total",716,68,99,430,119,380,23,23,246,88,336,45,76,184,31
"2011","West Berkshire 011B","E01016255","Total",796,74,131,397,194,434,19,30,237,148,362,55,101,160,46
"2011","West Berkshire 011C","E01016264","Total",569,58,99,248,164,300,14,19,158,109,269,44,80,90,55
"2011","West Berkshire 011D","E01016265","Total",739,94,148,338,159,387,24,26,202,135,352,70,122,136,24
"2011","West Berkshire 011E","E01016266","Total",672,85,117,341,129,368,21,27,219,101,304,64,90,122,28
"2011","West Berkshire 011F","E01016339","Total",1635,107,238,1050,240,863,27,44,607,185,772,80,194,443,55
"2011","West Berkshire 012A","E01016310","Total",946,90,179,543,134,479,24,50,308,97,467,66,129,235,37
"2011","West Berkshire 012B","E01016311","Total",926,71,134,574,147,505,21,31,350,103,421,50,103,224,44
"2011","West Berkshire 012C","E01016323","Total",672,64,107,415,86,360,20,28,248,64,312,44,79,167,22
"2011","West Berkshire 012D","E01016324","Total",731,77,124,418,112,403,24,30,257,92,328,53,94,161,20
"2011","West Berkshire 012E","E01016325","Total",688,71,120,408,89,387,17,32,263,75,301,54,88,145,14
"2011","West Berkshire 013A","E01016279","Total",1187,84,173,782,148,645,24,39,461,121,542,60,134,321,27
"2011","West Berkshire 013B","E01016280","Total",929,76,146,602,105,504,15,39,365,85,425,61,107,237,20
"2011","West Berkshire 013C","E01016281","Total",785,81,106,490,108,433,28,19,301,85,352,53,87,189,23
"2011","West Berkshire 013D","E01016282","Total",889,69,135,551,134,467,18,24,316,109,422,51,111,235,25
"2011","West Berkshire 014A","E01016329","Total",966,77,147,631,111,493,18,20,367,88,473,59,127,264,23
"2011","West Berkshire 014B","E01016340","Total",818,72,157,472,117,445,26,33,287,99,373,46,124,185,18
"2011","West Berkshire 014C","E01016341","Total",803,94,133,473,103,434,32,32,287,83,369,62,101,186,20
"2011","West Berkshire 014D","E01016342","Total",1217,107,197,748,165,654,29,38,455,132,563,78,159,293,33
"2011","West Berkshire 014E","E01016343","Total",827,77,168,475,107,442,18,30,307,87,385,59,138,168,20
"2011","West Berkshire 015A","E01016267","Total",771,68,117,438,148,405,26,27,242,110,366,42,90,196,38
"2011","West Berkshire 015B","E01016268","Total",778,76,140,456,106,401,18,31,269,83,377,58,109,187,23
"2011","West Berkshire 015C","E01016269","Total",782,87,97,424,174,431,30,18,254,129,351,57,79,170,45
"2011","West Berkshire 015D","E01016270","Total",833,64,127,520,122,437,17,22,305,93,396,47,105,215,29
"2011","West Berkshire 016A","E01016330","Total",854,48,136,567,103,438,13,20,329,76,416,35,116,238,27
"2011","West Berkshire 016B","E01016331","Total",833,76,143,513,101,439,28,34,295,82,394,48,109,218,19
"2011","West Berkshire 016C","E01016332","Total",723,68,130,430,95,390,25,32,254,79,333,43,98,176,16
"2011","West Berkshire 016D","E01016334","Total",925,96,149,544,136,496,28,32,324,112,429,68,117,220,24
"2011","West Berkshire 016E","E01016336","Total",547,57,106,319,65,291,15,27,197,52,256,42,79,122,13
"2011","West Berkshire 017A","E01016333","Total",790,95,135,439,121,407,27,20,267,93,383,68,115,172,28
"2011","West Berkshire 017B","E01016335","Total",897,86,115,566,130,494,22,25,344,103,403,64,90,222,27
"2011","West Berkshire 017C","E01016337","Total",1167,108,196,717,146,642,43,48,443,108,525,65,148,274,38
"2011","West Berkshire 017D","E01016338","Total",1118,106,206,649,157,597,29,35,413,120,521,77,171,236,37
"2011","West Berkshire 018A","E01016300","Total",767,76,122,422,147,420,22,27,264,107,347,54,95,158,40
"2011","West Berkshire 018B","E01016301","Total",1036,126,180,487,243,571,27,46,310,188,465,99,134,177,55
"2011","West Berkshire 018C","E01016302","Total",875,76,155,465,179,487,23,39,283,142,388,53,116,182,37
"2011","West Berkshire 018D","E01016326","Total",666,66,109,334,157,366,17,27,202,120,300,49,82,132,37
"2011","West Berkshire 019A","E01016293","Total",1438,127,230,874,207,751,32,50,508,161,687,95,180,366,46
"2011","West Berkshire 019B","E01016346","Total",770,49,104,507,110,432,20,33,302,77,338,29,71,205,33
"2011","West Berkshire 019C","E01016347","Total",831,52,77,587,115,481,19,21,356,85,350,33,56,231,30
"2011","West Berkshire 019D","E01016348","Total",1272,77,150,878,167,675,21,37,496,121,597,56,113,382,46
"2011","West Berkshire 020A","E01016294","Total",884,76,140,552,116,471,15,28,346,82,413,61,112,206,34
"2011","West Berkshire 020B","E01016295","Total",688,68,125,400,95,349,11,27,242,69,339,57,98,158,26
"2011","West Berkshire 020C","E01016312","Total",1067,98,174,654,141,570,32,45,396,97,497,66,129,258,44
"2011","West Berkshire 020D","E01016319","Total",800,88,143,462,107,418,26,38,281,73,382,62,105,181,34
"2011","West Berkshire 020E","E01016320","Total",729,65,111,424,129,412,14,31,268,99,317,51,80,156,30
"2011","West Berkshire 021A","E01016289","Total",655,86,114,335,120,349,24,19,205,101,306,62,95,130,19
"2011","West Berkshire 021B","E01016290","Total",851,98,146,498,109,446,25,30,303,88,405,73,116,195,21
"2011","West Berkshire 021C","E01016291","Total",929,94,161,543,131,501,23,45,332,101,428,71,116,211,30
"2011","West Berkshire 021D","E01016292","Total",824,85,128,478,133,445,23,27,298,97,379,62,101,180,36
"2011","West Berkshire 021E","E01016321","Total",806,88,136,472,110,426,23,37,287,79,380,65,99,185,31
"2011","West Berkshire 021F","E01016322","Total",638,72,131,348,87,351,15,30,233,73,287,57,101,115,14
"2011","West Berkshire 022A","E01016307","Total",766,86,137,426,117,409,18,22,278,91,357,68,115,148,26
"2011","West Berkshire 022B","E01016308","Total",973,100,163,486,224,527,35,32,287,173,446,65,131,199,51
"2011","West Berkshire 022C","E01016309","Total",1101,108,173,606,214,607,18,43,381,165,494,90,130,225,49
"2011","Windsor and Maidenhead 001A","E01016570","Total",818,86,138,484,110,426,27,26,288,85,392,59,112,196,25
"2011","Windsor and Maidenhead 001B","E01016572","Total",621,53,133,336,99,319,20,32,190,77,302,33,101,146,22
"2011","Windsor and Maidenhead 001C","E01016582","Total",719,56,154,401,108,424,21,68,249,86,295,35,86,152,22
"2011","Windsor and Maidenhead 001D","E01016600","Total",533,56,97,265,115,279,13,24,154,88,254,43,73,111,27
"2011","Windsor and Maidenhead 002A","E01016530","Total",680,55,140,389,96,367,15,39,242,71,313,40,101,147,25
"2011","Windsor and Maidenhead 002B","E01016531","Total",705,84,118,315,188,399,23,34,191,151,306,61,84,124,37
"2011","Windsor and Maidenhead 002C","E01016532","Total",1056,129,167,546,214,553,39,39,317,158,503,90,128,229,56
"2011","Windsor and Maidenhead 002D","E01016533","Total",998,127,168,484,219,530,38,37,286,169,468,89,131,198,50
"2011","Windsor and Maidenhead 002E","E01016578","Total",783,75,122,410,176,430,27,36,235,132,353,48,86,175,44
"2011","Windsor and Maidenhead 002F","E01016579","Total",830,79,148,413,190,458,20,42,248,148,372,59,106,165,42
"2011","Windsor and Maidenhead 002G","E01016581","Total",725,99,141,343,142,393,29,42,212,110,332,70,99,131,32
"2011","Windsor and Maidenhead 003A","E01016571","Total",799,90,145,460,104,416,24,41,271,80,383,66,104,189,24
"2011","Windsor and Maidenhead 003B","E01016573","Total",665,57,149,394,65,347,11,38,244,54,318,46,111,150,11
"2011","Windsor and Maidenhead 003C","E01016574","Total",679,68,120,413,78,377,24,37,255,61,302,44,83,158,17
"2011","Windsor and Maidenhead 003D","E01016599","Total",788,74,145,474,95,404,19,32,273,80,384,55,113,201,15
"2011","Windsor and Maidenhead 004A","E01016583","Total",840,73,121,488,158,451,22,30,280,119,389,51,91,208,39
"2011","Windsor and Maidenhead 004B","E01016585","Total",920,63,123,559,175,501,17,38,320,126,419,46,85,239,49
"2011","Windsor and Maidenhead 004C","E01016586","Total",673,64,122,337,150,348,19,27,194,108,325,45,95,143,42
"2011","Windsor and Maidenhead 004D","E01016591","Total",833,85,135,411,202,457,31,33,240,153,376,54,102,171,49
"2011","Windsor and Maidenhead 004E","E01016592","Total",924,93,100,589,142,491,26,26,334,105,433,67,74,255,37
"2011","Windsor and Maidenhead 005A","E01016525","Total",887,81,129,512,165,465,16,28,302,119,422,65,101,210,46
"2011","Windsor and Maidenhead 005B","E01016528","Total",823,76,137,487,123,438,25,41,289,83,385,51,96,198,40
"2011","Windsor and Maidenhead 005C","E01016529","Total",730,68,141,422,99,411,26,56,253,76,319,42,85,169,23
"2011","Windsor and Maidenhead 005D","E01016536","Total",1062,64,128,699,171,586,24,44,410,108,476,40,84,289,63
"2011","Windsor and Maidenhead 005E","E01016584","Total",867,57,158,527,125,474,13,54,311,96,393,44,104,216,29
"2011","Windsor and Maidenhead 005G","E01032733","Total",560,38,49,383,90,306,14,15,214,63,254,24,34,169,27
"2011","Windsor and Maidenhead 005H","E01032734","Total",809,66,127,521,95,457,22,33,333,69,352,44,94,188,26
"2011","Windsor and Maidenhead 006A","E01016526","Total",1001,82,162,569,188,523,17,29,343,134,478,65,133,226,54
"2011","Windsor and Maidenhead 006B","E01016527","Total",889,68,133,555,133,457,28,31,304,94,432,40,102,251,39
"2011","Windsor and Maidenhead 006C","E01016534","Total",791,107,140,376,168,421,29,37,222,133,370,78,103,154,35
"2011","Windsor and Maidenhead 006D","E01016598","Total",666,72,123,365,106,339,25,22,212,80,327,47,101,153,26
"2011","Windsor and Maidenhead 006E","E01016601","Total",805,65,151,463,126,428,15,33,283,97,377,50,118,180,29
"2011","Windsor and Maidenhead 006F","E01016602","Total",763,80,160,377,146,405,25,29,235,116,358,55,131,142,30
"2011","Windsor and Maidenhead 007A","E01016535","Total",644,42,101,407,94,346,14,26,226,80,298,28,75,181,14
"2011","Windsor and Maidenhead 007B","E01016537","Total",736,69,130,447,90,419,29,51,266,73,317,40,79,181,17
"2011","Windsor and Maidenhead 007C","E01016538","Total",880,70,111,541,158,456,20,27,304,105,424,50,84,237,53
"2011","Windsor and Maidenhead 007D","E01016593","Total",837,72,146,518,101,439,28,42,289,80,398,44,104,229,21
"2011","Windsor and Maidenhead 007E","E01016594","Total",707,56,112,438,101,366,13,37,240,76,341,43,75,198,25
"2011","Windsor and Maidenhead 008A","E01016559","Total",755,66,117,451,121,404,22,22,272,88,351,44,95,179,33
"2011","Windsor and Maidenhead 008B","E01016560","Total",708,73,123,421,91,385,26,39,250,70,323,47,84,171,21
"2011","Windsor and Maidenhead 008C","E01016561","Total",1036,95,171,617,153,526,30,36,345,115,510,65,135,272,38
"2011","Windsor and Maidenhead 008D","E01016562","Total",763,69,122,488,84,407,21,27,294,65,356,48,95,194,19
"2011","Windsor and Maidenhead 008E","E01016563","Total",777,56,142,486,93,401,16,32,278,75,376,40,110,208,18
"2011","Windsor and Maidenhead 008F","E01016580","Total",769,69,148,459,93,402,21,32,269,80,367,48,116,190,13
"2011","Windsor and Maidenhead 009A","E01016539","Total",793,78,112,407,196,431,28,29,229,145,362,50,83,178,51
"2011","Windsor and Maidenhead 009B","E01016540","Total",895,87,151,456,201,474,25,40,258,151,421,62,111,198,50
"2011","Windsor and Maidenhead 009C","E01016541","Total",778,77,110,474,117,418,28,26,284,80,360,49,84,190,37
"2011","Windsor and Maidenhead 009D","E01016542","Total",598,61,109,359,69,313,21,23,214,55,285,40,86,145,14
"2011","Windsor and Maidenhead 009E","E01016543","Total",861,88,131,443,199,459,18,28,270,143,402,70,103,173,56
"2011","Windsor and Maidenhead 010A","E01016544","Total",1138,57,101,615,365,723,18,29,379,297,415,39,72,236,68
"2011","Windsor and Maidenhead 010B","E01016567","Total",1189,90,135,651,313,663,38,39,359,227,526,52,96,292,86
"2011","Windsor and Maidenhead 010C","E01016568","Total",658,72,113,376,97,345,21,21,227,76,313,51,92,149,21
"2011","Windsor and Maidenhead 010D","E01016569","Total",561,36,92,338,95,280,6,26,182,66,281,30,66,156,29
"2011","Windsor and Maidenhead 011A","E01016564","Total",813,80,128,467,138,421,31,29,260,101,392,49,99,207,37
"2011","Windsor and Maidenhead 011B","E01016565","Total",820,59,117,482,162,449,16,28,278,127,371,43,89,204,35
"2011","Windsor and Maidenhead 011C","E01016566","Total",950,61,136,589,164,499,17,35,325,122,451,44,101,264,42
"2011","Windsor and Maidenhead 011D","E01016577","Total",947,87,154,530,176,505,29,45,306,125,442,58,109,224,51
"2011","Windsor and Maidenhead 012A","E01016545","Total",1127,50,122,688,267,589,15,26,377,171,538,35,96,311,96
"2011","Windsor and Maidenhead 012B","E01016547","Total",1084,66,117,640,261,578,24,29,349,176,506,42,88,291,85
"2011","Windsor and Maidenhead 012C","E01016550","Total",921,57,112,489,263,600,11,25,335,229,321,46,87,154,34
"2011","Windsor and Maidenhead 012D","E01016552","Total",874,79,139,494,162,456,28,32,284,112,418,51,107,210,50
"2011","Windsor and Maidenhead 013A","E01016551","Total",813,77,135,491,110,421,22,29,291,79,392,55,106,200,31
"2011","Windsor and Maidenhead 013B","E01016553","Total",693,61,128,405,99,375,11,37,261,66,318,50,91,144,33
"2011","Windsor and Maidenhead 013C","E01016557","Total",981,91,152,594,144,485,28,27,326,104,496,63,125,268,40
"2011","Windsor and Maidenhead 013D","E01016558","Total",839,69,124,466,180,463,21,24,262,156,376,48,100,204,24
"2011","Windsor and Maidenhead 014A","E01016548","Total",1088,87,149,624,228,576,18,42,359,157,512,69,107,265,71
"2011","Windsor and Maidenhead 014B","E01016549","Total",950,76,135,580,159,492,22,33,331,106,458,54,102,249,53
"2011","Windsor and Maidenhead 014C","E01016554","Total",709,63,151,394,101,372,19,41,242,70,337,44,110,152,31
"2011","Windsor and Maidenhead 014D","E01016555","Total",709,64,120,441,84,378,19,32,259,68,331,45,88,182,16
"2011","Windsor and Maidenhead 014E","E01016556","Total",861,68,173,503,117,464,27,44,301,92,397,41,129,202,25
"2011","Windsor and Maidenhead 015A","E01016546","Total",962,64,107,543,248,540,15,34,311,180,422,49,73,232,68
"2011","Windsor and Maidenhead 015B","E01016595","Total",896,89,138,506,163,444,25,33,268,118,452,64,105,238,45
"2011","Windsor and Maidenhead 015C","E01016596","Total",952,79,131,526,216,501,25,35,294,147,451,54,96,232,69
"2011","Windsor and Maidenhead 015D","E01016597","Total",890,95,160,441,194,468,21,44,252,151,422,74,116,189,43
"2011","Windsor and Maidenhead 016A","E01016575","Total",873,76,145,500,152,483,23,36,306,118,390,53,109,194,34
"2011","Windsor and Maidenhead 016B","E01016576","Total",910,89,132,513,176,492,28,28,311,125,418,61,104,202,51
"2011","Windsor and Maidenhead 016C","E01016587","Total",835,95,134,485,121,428,25,28,282,93,407,70,106,203,28
"2011","Windsor and Maidenhead 016D","E01016588","Total",913,71,138,563,141,487,20,34,328,105,426,51,104,235,36
"2011","Windsor and Maidenhead 016E","E01016589","Total",832,82,147,421,182,430,25,32,252,121,402,57,115,169,61
"2011","Windsor and Maidenhead 017A","E01016522","Total",950,106,156,494,194,504,29,34,287,154,446,77,122,207,40
"2011","Windsor and Maidenhead 017B","E01016523","Total",742,89,124,320,209,420,27,37,201,155,322,62,87,119,54
"2011","Windsor and Maidenhead 017C","E01016524","Total",1023,100,150,514,259,546,28,44,281,193,477,72,106,233,66
"2011","Windsor and Maidenhead 017D","E01016609","Total",922,89,135,543,155,480,26,25,304,125,442,63,110,239,30
"2011","Windsor and Maidenhead 018A","E01016603","Total",813,89,131,374,219,462,19,36,228,179,351,70,95,146,40
"2011","Windsor and Maidenhead 018B","E01016604","Total",806,90,106,372,238,456,27,28,223,178,350,63,78,149,60
"2011","Windsor and Maidenhead 018C","E01016605","Total",776,77,121,405,173,417,22,26,242,127,359,55,95,163,46
"2011","Windsor and Maidenhead 018D","E01016606","Total",801,84,132,393,192,438,24,28,239,147,363,60,104,154,45
"2011","Windsor and Maidenhead 018E","E01016607","Total",662,92,99,275,196,360,30,23,163,144,302,62,76,112,52
"2011","Windsor and Maidenhead 018F","E01016608","Total",889,85,126,501,177,461,21,24,277,139,428,64,102,224,38
"2011","Wokingham 001A","E01016675","Total",483,56,72,224,131,273,19,23,137,94,210,37,49,87,37
"2011","Wokingham 001B","E01016676","Total",726,95,126,336,169,387,25,26,204,132,339,70,100,132,37
"2011","Wokingham 001C","E01016677","Total",729,85,128,369,147,382,28,22,225,107,347,57,106,144,40
"2011","Wokingham 001D","E01016678","Total",699,66,103,394,136,397,19,26,252,100,302,47,77,142,36
"2011","Wokingham 002A","E01016619","Total",818,89,124,449,156,440,19,27,272,122,378,70,97,177,34
"2011","Wokingham 002B","E01016620","Total",814,104,140,429,141,421,28,31,255,107,393,76,109,174,34
"2011","Wokingham 002C","E01016692","Total",707,79,122,407,99,372,27,26,244,75,335,52,96,163,24
"2011","Wokingham 002D","E01016693","Total",834,68,122,518,126,430,15,32,291,92,404,53,90,227,34
"2011","Wokingham 002E","E01016694","Total",730,58,115,423,134,384,19,30,244,91,346,39,85,179,43
"2011","Wokingham 002F","E01016695","Total",786,93,161,408,124,418,23,34,264,97,368,70,127,144,27
"2011","Wokingham 003A","E01016621","Total",800,74,160,468,98,404,25,33,272,74,396,49,127,196,24
"2011","Wokingham 003B","E01016623","Total",747,83,144,433,87,395,27,24,279,65,352,56,120,154,22
"2011","Wokingham 003C","E01016624","Total",716,105,137,380,94,361,14,23,254,70,355,91,114,126,24
"2011","Wokingham 003D","E01016684","Total",855,103,136,481,135,449,23,31,297,98,406,80,105,184,37
"2011","Wokingham 003E","E01016685","Total",729,96,120,367,146,416,32,40,235,109,313,64,80,132,37
"2011","Wokingham 004A","E01016622","Total",659,79,109,368,103,350,29,16,225,80,309,50,93,143,23
"2011","Wokingham 004B","E01016657","Total",772,87,120,429,136,411,21,22,270,98,361,66,98,159,38
"2011","Wokingham 004C","E01016658","Total",816,90,129,478,119,433,27,26,281,99,383,63,103,197,20
"2011","Wokingham 004D","E01016659","Total",862,69,137,531,125,439,18,23,306,92,423,51,114,225,33
"2011","Wokingham 004E","E01016660","Total",956,109,153,579,115,509,30,26,361,92,447,79,127,218,23
"2011","Wokingham 005A","E01016615","Total",663,74,130,390,69,363,20,42,243,58,300,54,88,147,11
"2011","Wokingham 005B","E01016616","Total",653,67,127,370,89,362,21,31,239,71,291,46,96,131,18
"2011","Wokingham 005C","E01016617","Total",589,61,103,352,73,308,21,25,207,55,281,40,78,145,18
"2011","Wokingham 005D","E01016662","Total",797,86,127,494,90,402,26,25,284,67,395,60,102,210,23
"2011","Wokingham 006A","E01016613","Total",710,79,144,401,86,408,31,55,251,71,302,48,89,150,15
"2011","Wokingham 006B","E01016614","Total",681,67,137,396,81,384,21,51,247,65,297,46,86,149,16
"2011","Wokingham 006C","E01016618","Total",628,73,112,369,74,347,25,33,228,61,281,48,79,141,13
"2011","Wokingham 006D","E01016664","Total",591,91,104,327,69,304,18,20,214,52,287,73,84,113,17
"2011","Wokingham 006E","E01016668","Total",769,94,124,450,101,432,33,34,287,78,337,61,90,163,23
"2011","Wokingham 006F","E01016669","Total",905,79,139,554,133,500,31,35,331,103,405,48,104,223,30
"2011","Wokingham 007A","E01016661","Total",769,70,137,476,86,406,12,29,301,64,363,58,108,175,22
"2011","Wokingham 007B","E01016663","Total",835,76,128,513,118,440,20,23,307,90,395,56,105,206,28
"2011","Wokingham 007C","E01016686","Total",719,56,126,466,71,377,18,29,280,50,342,38,97,186,21
"2011","Wokingham 007D","E01016687","Total",663,79,114,410,60,351,31,26,249,45,312,48,88,161,15
"2011","Wokingham 007E","E01016688","Total",794,133,142,433,86,432,46,39,283,64,362,87,103,150,22
"2011","Wokingham 007F","E01016689","Total",681,56,124,420,81,376,20,29,271,56,305,36,95,149,25
"2011","Wokingham 008B","E01016652","Total",683,68,112,416,87,350,17,16,251,66,333,51,96,165,21
"2011","Wokingham 008C","E01016653","Total",735,129,138,403,65,396,48,29,267,52,339,81,109,136,13
"2011","Wokingham 008D","E01016665","Total",879,75,142,571,91,465,20,30,344,71,414,55,112,227,20
"2011","Wokingham 008E","E01016666","Total",800,68,142,482,108,420,22,28,287,83,380,46,114,195,25
"2011","Wokingham 008G","E01032761","Total",1299,190,236,679,194,701,63,53,430,155,598,127,183,249,39
"2011","Wokingham 009A","E01016647","Total",1051,93,145,633,180,547,21,23,376,127,504,72,122,257,53
"2011","Wokingham 009B","E01016701","Total",947,107,155,535,150,484,27,32,309,116,463,80,123,226,34
"2011","Wokingham 009C","E01016702","Total",1004,85,157,594,168,529,23,28,352,126,475,62,129,242,42
"2011","Wokingham 009D","E01016703","Total",1003,83,147,612,161,525,31,31,354,109,478,52,116,258,52
"2011","Wokingham 009E","E01016704","Total",1003,80,128,631,164,527,27,24,362,114,476,53,104,269,50
"2011","Wokingham 010A","E01016627","Total",1048,102,148,631,167,562,32,30,378,122,486,70,118,253,45
"2011","Wokingham 010B","E01016628","Total",777,89,131,451,106,419,28,28,279,84,358,61,103,172,22
"2011","Wokingham 010C","E01016656","Total",792,103,127,386,176,421,20,32,230,139,371,83,95,156,37
"2011","Wokingham 010D","E01016700","Total",1084,94,152,632,206,576,29,27,367,153,508,65,125,265,53
"2011","Wokingham 011A","E01016644","Total",843,81,126,536,100,451,20,14,340,77,392,61,112,196,23
"2011","Wokingham 011B","E01016645","Total",1011,68,115,705,123,558,21,35,415,87,453,47,80,290,36
"2011","Wokingham 011C","E01016646","Total",949,85,137,599,128,511,29,23,354,105,438,56,114,245,23
"2011","Wokingham 011D","E01016648","Total",916,74,122,614,106,490,28,23,356,83,426,46,99,258,23
"2011","Wokingham 011E","E01016649","Total",897,77,125,568,127,481,26,12,346,97,416,51,113,222,30
"2011","Wokingham 012A","E01016651","Total",774,77,112,477,108,397,20,21,281,75,377,57,91,196,33
"2011","Wokingham 012B","E01016654","Total",775,72,114,498,91,411,15,25,301,70,364,57,89,197,21
"2011","Wokingham 012C","E01016655","Total",815,67,112,528,108,426,21,24,307,74,389,46,88,221,34
"2011","Wokingham 012D","E01016679","Total",1212,82,183,772,175,662,18,40,472,132,550,64,143,300,43
"2011","Wokingham 012E","E01016680","Total",606,49,92,384,81,328,18,21,230,59,278,31,71,154,22
"2011","Wokingham 012G","E01032758","Total",908,65,124,584,135,470,14,25,327,104,438,51,99,257,31
"2011","Wokingham 012H","E01032759","Total",812,71,96,500,145,446,24,21,287,114,366,47,75,213,31
"2011","Wokingham 013A","E01016626","Total",864,71,104,549,140,451,21,26,301,103,413,50,78,248,37
"2011","Wokingham 013B","E01016671","Total",705,68,88,418,131,390,20,22,259,89,315,48,66,159,42
"2011","Wokingham 013C","E01016673","Total",776,78,148,445,105,408,17,46,272,73,368,61,102,173,32
"2011","Wokingham 013D","E01016674","Total",728,82,135,419,92,370,25,28,245,72,358,57,107,174,20
"2011","Wokingham 013E","E01016696","Total",871,69,96,578,128,454,20,21,327,86,417,49,75,251,42
"2011","Wokingham 014A","E01016670","Total",1209,86,193,748,182,628,19,32,436,141,581,67,161,312,41
"2011","Wokingham 014B","E01016672","Total",941,100,153,522,166,487,27,31,301,128,454,73,122,221,38
"2011","Wokingham 014E","E01032763","Total",1139,118,201,646,174,607,36,42,391,138,532,82,159,255,36
"2011","Wokingham 015A","E01016612","Total",1170,124,204,638,204,622,32,39,394,157,548,92,165,244,47
"2011","Wokingham 015B","E01016629","Total",656,83,129,334,110,335,27,25,197,86,321,56,104,137,24
"2011","Wokingham 015C","E01016630","Total",889,78,148,527,136,468,20,24,321,103,421,58,124,206,33
"2011","Wokingham 015D","E01016635","Total",814,80,139,486,109,423,21,22,295,85,391,59,117,191,24
"2011","Wokingham 016A","E01016625","Total",793,84,130,456,123,425,18,29,279,99,368,66,101,177,24
"2011","Wokingham 016B","E01016631","Total",744,65,103,488,88,386,14,13,289,70,358,51,90,199,18
"2011","Wokingham 016C","E01016632","Total",863,78,160,498,127,458,19,31,315,93,405,59,129,183,34
"2011","Wokingham 016D","E01016634","Total",747,70,110,447,120,406,17,29,265,95,341,53,81,182,25
"2011","Wokingham 016E","E01016699","Total",774,76,118,417,163,401,18,22,242,119,373,58,96,175,44
"2011","Wokingham 017A","E01016682","Total",1063,72,171,624,196,576,21,42,371,142,487,51,129,253,54
"2011","Wokingham 017B","E01016683","Total",1041,100,163,608,170,548,25,35,357,131,493,75,128,251,39
"2011","Wokingham 017C","E01016690","Total",958,87,156,545,170,516,27,31,324,134,442,60,125,221,36
"2011","Wokingham 017D","E01016691","Total",593,61,103,273,156,329,13,19,176,121,264,48,84,97,35
"2011","Wokingham 018A","E01016610","Total",1524,138,223,872,291,810,36,48,504,222,714,102,175,368,69
"2011","Wokingham 018B","E01016611","Total",931,35,104,585,207,613,12,24,405,172,318,23,80,180,35
"2011","Wokingham 018C","E01016641","Total",674,88,117,321,148,378,30,25,207,116,296,58,92,114,32
"2011","Wokingham 018D","E01016642","Total",533,42,103,303,85,274,15,27,170,62,259,27,76,133,23
"2011","Wokingham 019A","E01016633","Total",704,95,109,355,145,365,28,13,214,110,339,67,96,141,35
"2011","Wokingham 019B","E01016636","Total",734,91,132,384,127,397,28,31,228,110,337,63,101,156,17
"2011","Wokingham 019C","E01016637","Total",544,78,107,254,105,301,22,24,173,82,243,56,83,81,23
"2011","Wokingham 019D","E01016638","Total",743,56,125,449,113,390,11,27,269,83,353,45,98,180,30
"2011","Wokingham 019E","E01016639","Total",854,100,132,464,158,453,23,22,279,129,401,77,110,185,29
"2011","Wokingham 019F","E01016640","Total",743,96,112,382,153,415,23,29,242,121,328,73,83,140,32
"2011","Wokingham 019G","E01016643","Total",762,84,126,420,132,412,35,20,247,110,350,49,106,173,22
"2011","Wokingham 020A","E01016705","Total",698,78,121,364,135,365,31,25,209,100,333,47,96,155,35
"2011","Wokingham 020B","E01016706","Total",941,99,150,525,167,487,35,29,305,118,454,64,121,220,49
"2011","Wokingham 020C","E01016707","Total",820,101,158,459,102,433,28,34,290,81,387,73,124,169,21
"2011","Wokingham 020D","E01016708","Total",798,98,138,387,175,437,29,39,233,136,361,69,99,154,39
"2011","Wokingham 020E","E01016709","Total",728,102,141,364,121,383,22,30,231,100,345,80,111,133,21
"2011","Aylesbury Vale 001A","E01017648","Total",1045,119,186,558,182,540,29,30,336,145,505,90,156,222,37
"2011","Aylesbury Vale 001B","E01017649","Total",992,104,183,555,150,521,26,39,335,121,471,78,144,220,29
"2011","Aylesbury Vale 001C","E01017650","Total",900,92,141,530,137,482,19,31,328,104,418,73,110,202,33
"2011","Aylesbury Vale 001F","E01032960","Total",1371,163,251,654,303,719,54,66,386,213,652,109,185,268,90
"2011","Aylesbury Vale 002A","E01017644","Total",896,88,165,513,130,459,28,27,306,98,437,60,138,207,32
"2011","Aylesbury Vale 002B","E01017645","Total",579,68,94,339,78,308,31,26,191,60,271,37,68,148,18
"2011","Aylesbury Vale 002C","E01017646","Total",878,89,152,499,138,463,25,35,299,104,415,64,117,200,34
"2011","Aylesbury Vale 002D","E01017647","Total",841,95,150,451,145,459,34,29,282,114,382,61,121,169,31
"2011","Aylesbury Vale 003A","E01017671","Total",859,108,129,432,190,460,28,31,259,142,399,80,98,173,48
"2011","Aylesbury Vale 003B","E01017672","Total",767,89,129,369,180,425,31,34,223,137,342,58,95,146,43
"2011","Aylesbury Vale 003C","E01017695","Total",603,61,111,347,84,313,19,28,207,59,290,42,83,140,25
"2011","Aylesbury Vale 003D","E01017696","Total",672,64,120,363,125,359,17,25,223,94,313,47,95,140,31
"2011","Aylesbury Vale 004A","E01017693","Total",632,57,98,333,144,329,17,22,179,111,303,40,76,154,33
"2011","Aylesbury Vale 004B","E01017694","Total",1224,120,214,646,244,644,28,45,379,192,580,92,169,267,52
"2011","Aylesbury Vale 004C","E01017713","Total",788,70,131,459,128,415,21,22,269,103,373,49,109,190,25
"2011","Aylesbury Vale 004D","E01017714","Total",811,92,141,441,137,441,32,34,267,108,370,60,107,174,29
"2011","Aylesbury Vale 004E","E01017717","Total",858,86,152,410,210,451,20,32,243,156,407,66,120,167,54
"2011","Aylesbury Vale 004F","E01017718","Total",875,98,144,430,203,458,24,29,251,154,417,74,115,179,49
"2011","Aylesbury Vale 005A","E01017735","Total",688,80,120,358,130,368,24,32,211,101,320,56,88,147,29
"2011","Aylesbury Vale 005B","E01017736","Total",770,78,149,436,107,421,27,37,276,81,349,51,112,160,26
"2011","Aylesbury Vale 005C","E01017737","Total",697,72,135,389,101,365,27,22,233,83,332,45,113,156,18
"2011","Aylesbury Vale 005D","E01017738","Total",799,72,152,448,127,414,20,43,254,97,385,52,109,194,30
"2011","Aylesbury Vale 006A","E01017669","Total",769,89,148,379,153,408,24,37,223,124,361,65,111,156,29
"2011","Aylesbury Vale 006B","E01017670","Total",837,108,133,430,166,440,30,30,255,125,397,78,103,175,41
"2011","Aylesbury Vale 006C","E01017715","Total",608,75,108,265,160,331,22,30,159,120,277,53,78,106,40
"2011","Aylesbury Vale 006D","E01017716","Total",913,112,159,442,200,494,28,29,272,165,419,84,130,170,35
"2011","Aylesbury Vale 007A","E01017641","Total",880,97,166,503,114,450,21,40,306,83,430,76,126,197,31
"2011","Aylesbury Vale 007B","E01017731","Total",679,67,120,395,97,362,19,21,242,80,317,48,99,153,17
"2011","Aylesbury Vale 007C","E01017732","Total",766,67,127,415,157,390,16,23,234,117,376,51,104,181,40
"2011","Aylesbury Vale 007D","E01017733","Total",630,65,133,321,111,325,17,31,184,93,305,48,102,137,18
"2011","Aylesbury Vale 007E","E01017734","Total",765,77,126,385,177,410,24,31,223,132,355,53,95,162,45
"2011","Aylesbury Vale 008A","E01017703","Total",634,77,124,323,110,334,17,35,196,86,300,60,89,127,24
"2011","Aylesbury Vale 008B","E01017704","Total",654,76,122,323,133,337,17,21,202,97,317,59,101,121,36
"2011","Aylesbury Vale 008C","E01017719","Total",642,61,132,355,94,335,21,21,211,82,307,40,111,144,12
"2011","Aylesbury Vale 008D","E01017720","Total",746,71,119,407,149,414,25,29,242,118,332,46,90,165,31
"2011","Aylesbury Vale 008F","E01032958","Total",804,91,154,390,169,423,22,38,229,134,381,69,116,161,35
"2011","Aylesbury Vale 008G","E01032959","Total",859,53,162,510,134,444,12,38,289,105,415,41,124,221,29
"2011","Aylesbury Vale 009A","E01017651","Total",864,107,151,462,144,467,37,31,283,116,397,70,120,179,28
"2011","Aylesbury Vale 009B","E01017652","Total",776,73,136,450,117,418,20,32,281,85,358,53,104,169,32
"2011","Aylesbury Vale 009C","E01017657","Total",663,95,116,304,148,348,21,34,182,111,315,74,82,122,37
"2011","Aylesbury Vale 009D","E01017658","Total",779,63,128,436,152,413,20,25,257,111,366,43,103,179,41
"2011","Aylesbury Vale 009E","E01017701","Total",1170,124,214,616,216,605,24,42,376,163,565,100,172,240,53
"2011","Aylesbury Vale 009F","E01017702","Total",781,75,127,445,134,420,17,35,268,100,361,58,92,177,34
"2011","Aylesbury Vale 010A","E01017642","Total",648,56,117,325,150,333,13,21,189,110,315,43,96,136,40
"2011","Aylesbury Vale 010B","E01017643","Total",724,72,129,366,157,412,21,33,231,127,312,51,96,135,30
"2011","Aylesbury Vale 010C","E01017673","Total",689,70,139,347,133,363,15,30,208,110,326,55,109,139,23
"2011","Aylesbury Vale 010D","E01017674","Total",887,127,146,461,153,509,70,43,273,123,378,57,103,188,30
"2011","Aylesbury Vale 011A","E01017659","Total",735,66,175,407,87,390,20,61,239,70,345,46,114,168,17
"2011","Aylesbury Vale 011B","E01017660","Total",993,64,143,659,127,500,19,31,353,97,493,45,112,306,30
"2011","Aylesbury Vale 011C","E01017661","Total",779,73,160,460,86,412,24,52,267,69,367,49,108,193,17
"2011","Aylesbury Vale 011D","E01017664","Total",919,71,116,593,139,484,20,20,345,99,435,51,96,248,40
"2011","Aylesbury Vale 012A","E01017705","Total",739,61,101,490,87,371,17,27,266,61,368,44,74,224,26
"2011","Aylesbury Vale 012B","E01017706","Total",688,50,140,421,77,355,14,33,252,56,333,36,107,169,21
"2011","Aylesbury Vale 012C","E01017707","Total",595,64,140,347,44,296,23,41,196,36,299,41,99,151,8
"2011","Aylesbury Vale 012D","E01017708","Total",699,53,149,423,74,380,16,56,243,65,319,37,93,180,9
"2011","Aylesbury Vale 013A","E01017665","Total",703,66,147,415,75,376,20,45,248,63,327,46,102,167,12
"2011","Aylesbury Vale 013B","E01017666","Total",833,51,137,557,88,466,20,45,335,66,367,31,92,222,22
"2011","Aylesbury Vale 013C","E01017667","Total",614,50,123,370,71,327,17,34,221,55,287,33,89,149,16
"2011","Aylesbury Vale 013D","E01017668","Total",840,52,157,527,104,442,19,35,302,86,398,33,122,225,18
"2011","Aylesbury Vale 014A","E01017697","Total",873,58,182,524,109,458,18,32,324,84,415,40,150,200,25
"2011","Aylesbury Vale 014B","E01017698","Total",747,72,158,425,92,385,26,33,256,70,362,46,125,169,22
"2011","Aylesbury Vale 014C","E01017699","Total",661,54,97,437,73,368,31,42,234,61,293,23,55,203,12
"2011","Aylesbury Vale 014D","E01017700","Total",783,73,154,460,96,410,22,30,282,76,373,51,124,178,20
"2011","Aylesbury Vale 015B","E01017634","Total",907,56,138,580,133,514,15,54,344,101,393,41,84,236,32
"2011","Aylesbury Vale 015C","E01017662","Total",629,62,120,374,73,348,22,43,219,64,281,40,77,155,9
"2011","Aylesbury Vale 015D","E01017663","Total",669,63,123,411,72,415,33,68,255,59,254,30,55,156,13
"2011","Aylesbury Vale 015E","E01032955","Total",686,38,65,468,115,366,17,18,253,78,320,21,47,215,37
"2011","Aylesbury Vale 015F","E01032961","Total",616,37,86,394,99,336,13,37,217,69,280,24,49,177,30
"2011","Aylesbury Vale 016A","E01017653","Total",887,103,133,534,117,462,35,29,304,94,425,68,104,230,23
"2011","Aylesbury Vale 016B","E01017654","Total",660,63,131,404,62,366,29,42,249,46,294,34,89,155,16
"2011","Aylesbury Vale 016C","E01017655","Total",1188,63,163,813,149,608,10,29,461,108,580,53,134,352,41
"2011","Aylesbury Vale 016E","E01032956","Total",1066,62,136,701,167,548,15,21,387,125,518,47,115,314,42
"2011","Aylesbury Vale 016F","E01032957","Total",884,40,101,591,152,477,8,14,357,98,407,32,87,234,54
"2011","Aylesbury Vale 016G","E01032962","Total",976,46,131,641,158,531,14,12,381,124,445,32,119,260,34
"2011","Aylesbury Vale 017A","E01017635","Total",708,74,159,381,94,384,26,32,247,79,324,48,127,134,15
"2011","Aylesbury Vale 017B","E01017636","Total",752,79,153,418,102,407,25,31,266,85,345,54,122,152,17
"2011","Aylesbury Vale 017C","E01017637","Total",732,71,122,434,105,384,21,19,265,79,348,50,103,169,26
"2011","Aylesbury Vale 017D","E01017638","Total",606,75,115,328,88,323,17,28,207,71,283,58,87,121,17
"2011","Aylesbury Vale 017E","E01017639","Total",821,103,136,460,122,448,28,22,299,99,373,75,114,161,23
"2011","Aylesbury Vale 017F","E01017640","Total",729,81,153,408,87,376,25,27,254,70,353,56,126,154,17
"2011","Aylesbury Vale 018A","E01017709","Total",720,66,163,427,64,378,13,46,271,48,342,53,117,156,16
"2011","Aylesbury Vale 018B","E01017710","Total",777,81,145,464,87,425,34,45,278,68,352,47,100,186,19
"2011","Aylesbury Vale 018C","E01017711","Total",691,64,160,407,60,372,30,43,246,53,319,34,117,161,7
"2011","Aylesbury Vale 018D","E01017712","Total",1009,97,201,594,117,559,38,92,344,85,450,59,109,250,32
"2011","Aylesbury Vale 019A","E01017687","Total",1094,89,152,735,118,560,27,38,402,93,534,62,114,333,25
"2011","Aylesbury Vale 019B","E01017688","Total",724,49,105,486,84,360,13,21,263,63,364,36,84,223,21
"2011","Aylesbury Vale 019C","E01017689","Total",815,61,156,495,103,428,15,34,299,80,387,46,122,196,23
"2011","Aylesbury Vale 019D","E01017690","Total",618,47,108,390,73,315,9,22,223,61,303,38,86,167,12
"2011","Aylesbury Vale 019E","E01017691","Total",830,62,156,510,102,415,16,29,288,82,415,46,127,222,20
"2011","Aylesbury Vale 019F","E01017692","Total",887,73,138,566,110,486,21,35,346,84,401,52,103,220,26
"2011","Aylesbury Vale 020A","E01017721","Total",1000,57,122,700,121,489,14,28,363,84,511,43,94,337,37
"2011","Aylesbury Vale 020B","E01017722","Total",941,70,163,603,105,506,20,37,374,75,435,50,126,229,30
"2011","Aylesbury Vale 020C","E01017723","Total",637,54,101,411,71,329,18,33,223,55,308,36,68,188,16
"2011","Aylesbury Vale 020D","E01017724","Total",648,54,146,383,65,347,19,40,235,53,301,35,106,148,12
"2011","Aylesbury Vale 021A","E01017627","Total",899,96,148,481,174,466,24,35,277,130,433,72,113,204,44
"2011","Aylesbury Vale 021B","E01017628","Total",836,71,149,463,153,439,17,28,282,112,397,54,121,181,41
"2011","Aylesbury Vale 021C","E01017629","Total",824,100,152,418,154,435,24,38,247,126,389,76,114,171,28
"2011","Aylesbury Vale 021D","E01017630","Total",737,78,148,402,109,380,22,33,236,89,357,56,115,166,20
"2011","Aylesbury Vale 021E","E01017631","Total",830,100,160,426,144,437,27,42,260,108,393,73,118,166,36
"2011","Aylesbury Vale 021F","E01017632","Total",843,84,145,469,145,442,18,33,278,113,401,66,112,191,32
"2011","Aylesbury Vale 022A","E01017675","Total",750,104,140,368,138,395,33,34,219,109,355,71,106,149,29
"2011","Aylesbury Vale 022B","E01017676","Total",713,94,141,315,163,368,27,39,186,116,345,67,102,129,47
"2011","Aylesbury Vale 022C","E01017677","Total",709,78,151,354,126,361,16,37,210,98,348,62,114,144,28
"2011","Aylesbury Vale 022D","E01017678","Total",750,65,122,423,140,395,17,27,251,100,355,48,95,172,40
"2011","Aylesbury Vale 022E","E01017679","Total",800,69,151,431,149,416,15,37,247,117,384,54,114,184,32
"2011","Aylesbury Vale 022F","E01017680","Total",480,39,80,293,68,260,11,17,180,52,220,28,63,113,16
"2011","Aylesbury Vale 023A","E01017681","Total",621,75,96,327,123,334,15,15,207,97,287,60,81,120,26
"2011","Aylesbury Vale 023B","E01017682","Total",554,70,89,242,153,307,23,23,151,110,247,47,66,91,43
"2011","Aylesbury Vale 023C","E01017683","Total",962,110,190,452,210,517,35,40,271,171,445,75,150,181,39
"2011","Aylesbury Vale 023D","E01017684","Total",551,66,123,240,122,289,17,36,142,94,262,49,87,98,28
"2011","Aylesbury Vale 024A","E01017726","Total",465,56,85,219,105,242,20,24,122,76,223,36,61,97,29
"2011","Aylesbury Vale 024B","E01017727","Total",771,96,145,388,142,419,19,30,257,113,352,77,115,131,29
"2011","Aylesbury Vale 024C","E01017728","Total",1253,72,186,769,226,669,24,32,449,164,584,48,154,320,62
"2011","Aylesbury Vale 024D","E01017729","Total",847,112,177,434,124,434,24,40,274,96,413,88,137,160,28
"2011","Aylesbury Vale 024E","E01017730","Total",709,66,142,394,107,347,19,25,226,77,362,47,117,168,30
"2011","Chiltern 001A","E01017750","Total",1144,162,197,531,254,616,47,46,325,198,528,115,151,206,56
"2011","Chiltern 001B","E01017752","Total",1133,136,194,546,257,607,28,41,332,206,526,108,153,214,51
"2011","Chiltern 001C","E01017766","Total",1104,182,186,492,244,601,40,48,321,192,503,142,138,171,52
"2011","Chiltern 001D","E01017778","Total",611,80,119,318,94,314,21,33,188,72,297,59,86,130,22
"2011","Chiltern 002A","E01017747","Total",671,74,122,372,103,385,27,43,241,74,286,47,79,131,29
"2011","Chiltern 002B","E01017748","Total",853,96,174,472,111,468,32,59,296,81,385,64,115,176,30
"2011","Chiltern 002C","E01017749","Total",846,111,156,460,119,447,38,32,284,93,399,73,124,176,26
"2011","Chiltern 002D","E01017789","Total",568,66,96,329,77,306,22,22,199,63,262,44,74,130,14
"2011","Chiltern 002E","E01017790","Total",583,55,129,339,60,334,15,33,235,51,249,40,96,104,9
"2011","Chiltern 002F","E01017795","Total",1058,105,216,598,139,592,30,75,382,105,466,75,141,216,34
"2011","Chiltern 003A","E01017769","Total",872,98,146,488,140,471,25,44,297,105,401,73,102,191,35
"2011","Chiltern 003B","E01017771","Total",669,84,104,371,110,363,18,26,234,85,306,66,78,137,25
"2011","Chiltern 003C","E01017780","Total",677,83,120,372,102,351,15,28,224,84,326,68,92,148,18
"2011","Chiltern 003D","E01017781","Total",588,50,105,369,64,325,8,39,230,48,263,42,66,139,16
"2011","Chiltern 004A","E01017770","Total",795,67,133,484,111,447,20,50,298,79,348,47,83,186,32
"2011","Chiltern 004B","E01017791","Total",786,74,151,442,119,397,13,34,267,83,389,61,117,175,36
"2011","Chiltern 004C","E01017792","Total",909,77,139,547,146,499,30,37,329,103,410,47,102,218,43
"2011","Chiltern 004D","E01017793","Total",769,89,150,443,87,396,25,44,269,58,373,64,106,174,29
"2011","Chiltern 005A","E01017768","Total",1071,137,189,504,241,571,36,48,301,186,500,101,141,203,55
"2011","Chiltern 005B","E01017779","Total",529,74,91,255,109,278,17,16,154,91,251,57,75,101,18
"2011","Chiltern 005C","E01017785","Total",862,100,164,443,155,462,20,31,286,125,400,80,133,157,30
"2011","Chiltern 005D","E01017786","Total",798,100,146,404,148,417,30,17,246,124,381,70,129,158,24
"2011","Chiltern 005E","E01017787","Total",747,101,129,368,149,404,32,31,223,118,343,69,98,145,31
"2011","Chiltern 005F","E01017788","Total",873,103,168,479,123,441,30,38,280,93,432,73,130,199,30
"2011","Chiltern 006A","E01017741","Total",717,110,127,378,102,370,22,36,235,77,347,88,91,143,25
"2011","Chiltern 006B","E01017742","Total",807,90,137,443,137,450,30,34,281,105,357,60,103,162,32
"2011","Chiltern 006C","E01017743","Total",807,85,110,482,130,405,26,15,270,94,402,59,95,212,36
"2011","Chiltern 006D","E01017763","Total",775,90,111,409,165,407,28,26,227,126,368,62,85,182,39
"2011","Chiltern 006E","E01017764","Total",788,121,126,366,175,425,27,27,234,137,363,94,99,132,38
"2011","Chiltern 006F","E01017765","Total",753,113,156,301,183,435,34,46,196,159,318,79,110,105,24
"2011","Chiltern 007A","E01017739","Total",641,87,110,307,137,340,21,33,177,109,301,66,77,130,28
"2011","Chiltern 007B","E01017740","Total",700,77,132,390,101,358,24,30,225,79,342,53,102,165,22
"2011","Chiltern 007C","E01017744","Total",748,85,148,392,123,386,22,31,235,98,362,63,117,157,25
"2011","Chiltern 007D","E01017745","Total",896,99,122,493,182,484,32,26,293,133,412,67,96,200,49
"2011","Chiltern 007E","E01017746","Total",808,97,140,462,109,419,28,32,281,78,389,69,108,181,31
"2011","Chiltern 008A","E01017762","Total",647,96,111,276,164,367,32,29,177,129,280,64,82,99,35
"2011","Chiltern 008B","E01017775","Total",699,78,128,386,107,371,26,29,233,83,328,52,99,153,24
"2011","Chiltern 008C","E01017776","Total",778,82,124,423,149,408,28,33,229,118,370,54,91,194,31
"2011","Chiltern 008D","E01017777","Total",728,100,136,362,130,385,29,27,235,94,343,71,109,127,36
"2011","Chiltern 010A","E01017759","Total",841,99,148,443,151,440,29,33,261,117,401,70,115,182,34
"2011","Chiltern 010B","E01017760","Total",755,110,120,350,175,408,27,26,217,138,347,83,94,133,37
"2011","Chiltern 010C","E01017761","Total",1038,122,188,533,195,517,22,38,316,141,521,100,150,217,54
"2011","Chiltern 010D","E01017794","Total",1137,127,186,591,233,614,37,36,362,179,523,90,150,229,54
"2011","Chiltern 011A","E01017754","Total",721,105,113,367,136,369,28,31,205,105,352,77,82,162,31
"2011","Chiltern 011B","E01017755","Total",807,76,141,447,143,422,25,35,255,107,385,51,106,192,36
"2011","Chiltern 011C","E01017756","Total",703,99,141,331,132,360,21,35,200,104,343,78,106,131,28
"2011","Chiltern 011D","E01017757","Total",594,86,104,303,101,307,30,19,180,78,287,56,85,123,23
"2011","Chiltern 011E","E01017758","Total",568,52,111,297,108,294,21,26,165,82,274,31,85,132,26
"2011","Chiltern 012A","E01017751","Total",1013,143,169,470,231,541,43,38,276,184,472,100,131,194,47
"2011","Chiltern 012B","E01017753","Total",605,63,115,340,87,303,16,22,198,67,302,47,93,142,20
"2011","Chiltern 012C","E01017767","Total",1070,107,213,579,171,548,32,52,336,128,522,75,161,243,43
"2011","Chiltern 013A","E01017773","Total",749,86,155,389,119,400,22,30,245,103,349,64,125,144,16
"2011","Chiltern 013B","E01017774","Total",614,91,100,315,108,333,20,21,200,92,281,71,79,115,16
"2011","Chiltern 013C","E01017782","Total",616,92,99,281,144,337,22,19,183,113,279,70,80,98,31
"2011","Chiltern 013D","E01017783","Total",753,84,139,368,162,399,16,37,219,127,354,68,102,149,35
"2011","Chiltern 013E","E01017784","Total",766,114,133,333,186,406,30,40,192,144,360,84,93,141,42
"2011","Chiltern 013F","E01032609","Total",627,64,133,354,76,319,15,30,218,56,308,49,103,136,20
"2011","South Bucks 001A","E01017796","Total",812,66,122,456,168,446,16,36,256,138,366,50,86,200,30
"2011","South Bucks 001B","E01017797","Total",660,97,107,287,169,376,30,28,184,134,284,67,79,103,35
"2011","South Bucks 001C","E01017798","Total",722,92,119,318,193,416,28,37,198,153,306,64,82,120,40
"2011","South Bucks 001D","E01017799","Total",988,120,134,498,236,512,30,32,276,174,476,90,102,222,62
"2011","South Bucks 001E","E01017800","Total",967,61,121,575,210,541,15,26,342,158,426,46,95,233,52
"2011","South Bucks 001F","E01017801","Total",758,92,114,354,198,420,21,15,218,166,338,71,99,136,32
"2011","South Bucks 001G","E01017802","Total",757,102,129,397,129,412,27,26,257,102,345,75,103,140,27
"2011","South Bucks 002A","E01017818","Total",965,102,165,463,235,521,26,34,270,191,444,76,131,193,44
"2011","South Bucks 002B","E01017819","Total",705,94,125,278,208,393,26,37,165,165,312,68,88,113,43
"2011","South Bucks 002C","E01017820","Total",694,69,78,362,185,371,19,27,198,127,323,50,51,164,58
"2011","South Bucks 002D","E01017821","Total",714,75,113,338,188,417,18,26,220,153,297,57,87,118,35
"2011","South Bucks 002E","E01017822","Total",920,133,132,404,251,508,39,28,242,199,412,94,104,162,52
"2011","South Bucks 003A","E01017810","Total",743,51,105,489,98,398,12,21,285,80,345,39,84,204,18
"2011","South Bucks 003B","E01017811","Total",544,40,92,327,85,306,15,23,206,62,238,25,69,121,23
"2011","South Bucks 003C","E01017812","Total",872,77,144,518,133,480,26,40,317,97,392,51,104,201,36
"2011","South Bucks 003D","E01017813","Total",997,91,167,559,180,549,30,40,348,131,448,61,127,211,49
"2011","South Bucks 004A","E01017815","Total",860,94,143,424,199,479,22,41,251,165,381,72,102,173,34
"2011","South Bucks 004B","E01017816","Total",857,75,132,495,155,463,25,23,293,122,394,50,109,202,33
"2011","South Bucks 004C","E01017817","Total",947,96,160,502,189,483,27,37,286,133,464,69,123,216,56
"2011","South Bucks 004D","E01017823","Total",661,67,116,308,170,340,18,23,181,118,321,49,93,127,52
"2011","South Bucks 005A","E01017830","Total",958,95,151,539,173,505,25,35,315,130,453,70,116,224,43
"2011","South Bucks 005B","E01017831","Total",807,82,145,435,145,441,27,37,257,120,366,55,108,178,25
"2011","South Bucks 005C","E01017832","Total",870,87,148,486,149,462,24,35,285,118,408,63,113,201,31
"2011","South Bucks 005D","E01017834","Total",724,71,104,412,137,401,26,31,236,108,323,45,73,176,29
"2011","South Bucks 005E","E01017835","Total",917,90,141,543,143,488,33,29,316,110,429,57,112,227,33
"2011","South Bucks 006A","E01017803","Total",619,69,84,317,149,337,19,19,182,117,282,50,65,135,32
"2011","South Bucks 006B","E01017806","Total",857,87,160,464,146,442,18,41,269,114,415,69,119,195,32
"2011","South Bucks 006C","E01017814","Total",821,89,139,459,134,424,20,36,260,108,397,69,103,199,26
"2011","South Bucks 006D","E01017833","Total",950,93,131,519,207,505,31,34,293,147,445,62,97,226,60
"2011","South Bucks 007A","E01017804","Total",762,73,119,456,114,396,25,29,257,85,366,48,90,199,29
"2011","South Bucks 007B","E01017805","Total",954,84,155,587,128,464,23,28,319,94,490,61,127,268,34
"2011","South Bucks 007C","E01017807","Total",812,63,138,502,109,416,12,30,295,79,396,51,108,207,30
"2011","South Bucks 007D","E01017808","Total",774,60,125,489,100,416,23,34,291,68,358,37,91,198,32
"2011","South Bucks 007E","E01017809","Total",783,63,163,460,97,393,16,34,265,78,390,47,129,195,19
"2011","South Bucks 008A","E01017824","Total",911,62,138,559,152,493,22,29,324,118,418,40,109,235,34
"2011","South Bucks 008B","E01017825","Total",942,72,146,576,148,491,18,23,332,118,451,54,123,244,30
"2011","South Bucks 008C","E01017826","Total",723,65,115,439,104,388,17,31,252,88,335,48,84,187,16
"2011","South Bucks 008D","E01017827","Total",877,74,130,541,132,487,26,38,317,106,390,48,92,224,26
"2011","South Bucks 008E","E01017828","Total",826,61,127,514,124,423,20,23,291,89,403,41,104,223,35
"2011","South Bucks 008F","E01017829","Total",1087,96,163,658,170,595,36,48,375,136,492,60,115,283,34
"2011","Wycombe 001A","E01017929","Total",648,65,105,386,92,350,23,30,223,74,298,42,75,163,18
"2011","Wycombe 001B","E01017930","Total",864,99,157,477,131,465,30,35,301,99,399,69,122,176,32
"2011","Wycombe 001C","E01017931","Total",704,61,135,405,103,368,13,32,242,81,336,48,103,163,22
"2011","Wycombe 001D","E01017932","Total",761,87,148,388,138,404,26,36,233,109,357,61,112,155,29
"2011","Wycombe 001E","E01017933","Total",769,96,159,415,99,418,22,44,269,83,351,74,115,146,16
"2011","Wycombe 002A","E01017885","Total",861,101,150,430,180,474,28,42,260,144,387,73,108,170,36
"2011","Wycombe 002B","E01017886","Total",713,82,133,318,180,404,21,32,205,146,309,61,101,113,34
"2011","Wycombe 002C","E01017887","Total",555,53,94,272,136,298,14,26,165,93,257,39,68,107,43
"2011","Wycombe 002D","E01017888","Total",868,118,159,382,209,460,18,38,235,169,408,100,121,147,40
"2011","Wycombe 003A","E01017869","Total",675,101,118,322,134,374,26,35,205,108,301,75,83,117,26
"2011","Wycombe 003B","E01017870","Total",629,75,94,318,142,353,27,26,192,108,276,48,68,126,34
"2011","Wycombe 003C","E01017871","Total",776,126,133,375,142,390,27,31,225,107,386,99,102,150,35
"2011","Wycombe 003D","E01017872","Total",785,75,168,397,145,432,28,37,252,115,353,47,131,145,30
"2011","Wycombe 003E","E01017873","Total",831,88,165,451,127,440,23,43,271,103,391,65,122,180,24
"2011","Wycombe 003F","E01017874","Total",570,43,76,378,73,294,8,11,222,53,276,35,65,156,20
"2011","Wycombe 004A","E01017915","Total",721,75,125,408,113,391,16,25,259,91,330,59,100,149,22
"2011","Wycombe 004B","E01017916","Total",677,81,114,342,140,357,19,28,206,104,320,62,86,136,36
"2011","Wycombe 004C","E01017917","Total",823,54,152,489,128,430,14,31,288,97,393,40,121,201,31
"2011","Wycombe 004D","E01017918","Total",776,65,123,473,115,404,17,25,279,83,372,48,98,194,32
"2011","Wycombe 006A","E01017857","Total",663,70,120,419,54,370,30,48,251,41,293,40,72,168,13
"2011","Wycombe 006B","E01017858","Total",877,125,128,540,84,445,55,45,290,55,432,70,83,250,29
"2011","Wycombe 006C","E01017859","Total",716,78,152,410,76,393,21,51,265,56,323,57,101,145,20
"2011","Wycombe 006D","E01017860","Total",684,71,144,402,67,367,22,43,245,57,317,49,101,157,10
"2011","Wycombe 006E","E01017861","Total",816,74,148,488,106,433,24,27,294,88,383,50,121,194,18
"2011","Wycombe 006F","E01017862","Total",959,108,173,545,133,516,38,41,337,100,443,70,132,208,33
"2011","Wycombe 006G","E01017863","Total",912,94,151,542,125,488,21,26,341,100,424,73,125,201,25
"2011","Wycombe 007A","E01017842","Total",1672,194,234,854,390,965,61,63,528,313,707,133,171,326,77
"2011","Wycombe 007B","E01017853","Total",790,75,114,480,121,440,32,30,294,84,350,43,84,186,37
"2011","Wycombe 007C","E01017854","Total",673,77,116,333,147,349,15,27,201,106,324,62,89,132,41
"2011","Wycombe 007D","E01017878","Total",1370,160,232,645,333,744,32,59,400,253,626,128,173,245,80
"2011","Wycombe 008A","E01017920","Total",669,71,116,365,117,347,16,29,214,88,322,55,87,151,29
"2011","Wycombe 008B","E01017921","Total",961,116,165,544,136,501,40,49,315,97,460,76,116,229,39
"2011","Wycombe 008C","E01017922","Total",860,86,151,519,104,461,30,48,304,79,399,56,103,215,25
"2011","Wycombe 008D","E01017923","Total",816,97,129,508,82,459,43,61,298,57,357,54,68,210,25
"2011","Wycombe 008E","E01017924","Total",760,64,135,406,155,414,17,39,245,113,346,47,96,161,42
"2011","Wycombe 009A","E01017937","Total",790,114,146,386,144,417,31,24,243,119,373,83,122,143,25
"2011","Wycombe 009B","E01017938","Total",689,90,113,345,141,364,22,21,204,117,325,68,92,141,24
"2011","Wycombe 009C","E01017940","Total",935,90,154,582,109,485,22,27,366,70,450,68,127,216,39
"2011","Wycombe 009D","E01017942","Total",736,90,138,386,122,380,22,30,232,96,356,68,108,154,26
"2011","Wycombe 010A","E01017850","Total",640,64,125,383,68,338,30,35,227,46,302,34,90,156,22
"2011","Wycombe 010B","E01017851","Total",917,97,130,572,118,533,47,45,344,97,384,50,85,228,21
"2011","Wycombe 010C","E01017852","Total",1063,148,210,587,118,629,68,90,381,90,434,80,120,206,28
"2011","Wycombe 010D","E01017919","Total",743,50,115,483,95,418,18,37,293,70,325,32,78,190,25
"2011","Wycombe 011A","E01017925","Total",1087,90,183,680,134,586,32,70,383,101,501,58,113,297,33
"2011","Wycombe 011B","E01017926","Total",689,49,131,441,68,365,15,47,252,51,324,34,84,189,17
"2011","Wycombe 011C","E01017927","Total",735,65,126,445,99,393,14,37,264,78,342,51,89,181,21
"2011","Wycombe 011D","E01017928","Total",666,67,98,425,76,352,21,27,253,51,314,46,71,172,25
"2011","Wycombe 012A","E01017911","Total",839,72,151,530,86,457,25,41,317,74,382,47,110,213,12
"2011","Wycombe 012B","E01017912","Total",743,62,131,453,97,418,24,39,285,70,325,38,92,168,27
"2011","Wycombe 012C","E01017913","Total",977,79,129,668,101,556,35,62,383,76,421,44,67,285,25
"2011","Wycombe 012D","E01017914","Total",755,56,126,471,102,423,23,31,284,85,332,33,95,187,17
"2011","Wycombe 013A","E01017903","Total",694,80,162,391,61,413,34,81,248,50,281,46,81,143,11
"2011","Wycombe 013B","E01017904","Total",850,105,157,510,78,511,47,84,329,51,339,58,73,181,27
"2011","Wycombe 013C","E01017905","Total",1111,157,211,652,91,662,82,110,406,64,449,75,101,246,27
"2011","Wycombe 013D","E01017906","Total",663,73,192,332,66,433,38,109,231,55,230,35,83,101,11
"2011","Wycombe 013E","E01017907","Total",766,90,157,446,73,444,41,74,269,60,322,49,83,177,13
"2011","Wycombe 014A","E01017899","Total",758,83,117,494,64,402,29,38,292,43,356,54,79,202,21
"2011","Wycombe 014B","E01017900","Total",669,50,159,387,73,361,18,50,238,55,308,32,109,149,18
"2011","Wycombe 014C","E01017901","Total",565,55,107,353,50,282,19,21,207,35,283,36,86,146,15
"2011","Wycombe 014D","E01017902","Total",744,73,136,458,77,389,26,37,261,65,355,47,99,197,12
"2011","Wycombe 015A","E01017836","Total",843,75,127,541,100,492,33,47,340,72,351,42,80,201,28
"2011","Wycombe 015B","E01017837","Total",1060,162,170,623,105,582,75,77,352,78,478,87,93,271,27
"2011","Wycombe 015C","E01017838","Total",758,74,126,468,90,451,32,48,304,67,307,42,78,164,23
"2011","Wycombe 015D","E01017839","Total",674,56,117,384,117,350,28,46,218,58,324,28,71,166,59
"2011","Wycombe 015E","E01017840","Total",948,83,159,584,122,515,20,42,358,95,433,63,117,226,27
"2011","Wycombe 015F","E01017841","Total",773,65,118,435,155,404,22,19,245,118,369,43,99,190,37
"2011","Wycombe 016A","E01017908","Total",1379,94,226,879,180,745,29,68,511,137,634,65,158,368,43
"2011","Wycombe 016B","E01017909","Total",1295,80,170,859,186,700,25,40,493,142,595,55,130,366,44
"2011","Wycombe 016C","E01017910","Total",1351,109,191,852,199,727,38,50,503,136,624,71,141,349,63
"2011","Wycombe 016D","E01017941","Total",817,69,125,508,115,441,16,31,308,86,376,53,94,200,29
"2011","Wycombe 017A","E01017843","Total",753,48,148,448,109,394,15,37,259,83,359,33,111,189,26
"2011","Wycombe 017B","E01017844","Total",768,95,115,461,97,417,31,30,289,67,351,64,85,172,30
"2011","Wycombe 017C","E01017845","Total",833,71,108,547,107,459,29,28,316,86,374,42,80,231,21
"2011","Wycombe 017D","E01017855","Total",724,58,138,405,123,370,15,30,231,94,354,43,108,174,29
"2011","Wycombe 017E","E01017856","Total",679,67,133,386,93,370,21,32,242,75,309,46,101,144,18
"2011","Wycombe 018A","E01017864","Total",662,71,126,364,101,349,19,26,227,77,313,52,100,137,24
"2011","Wycombe 018B","E01017865","Total",746,85,136,391,134,409,24,26,250,109,337,61,110,141,25
"2011","Wycombe 018C","E01017867","Total",726,83,147,397,99,362,21,30,235,76,364,62,117,162,23
"2011","Wycombe 018D","E01017868","Total",766,102,123,410,131,403,25,19,264,95,363,77,104,146,36
"2011","Wycombe 019A","E01017934","Total",912,74,151,549,138,478,25,31,318,104,434,49,120,231,34
"2011","Wycombe 019B","E01017935","Total",1130,93,179,648,210,575,24,40,357,154,555,69,139,291,56
"2011","Wycombe 019C","E01017936","Total",802,97,141,418,146,429,29,40,255,105,373,68,101,163,41
"2011","Wycombe 019D","E01017939","Total",780,73,129,460,118,415,18,23,278,96,365,55,106,182,22
"2011","Wycombe 020A","E01017866","Total",745,111,128,343,163,391,29,34,207,121,354,82,94,136,42
"2011","Wycombe 020B","E01017875","Total",783,91,128,384,180,438,23,24,248,143,345,68,104,136,37
"2011","Wycombe 020C","E01017876","Total",1038,119,193,552,174,547,36,40,325,146,491,83,153,227,28
"2011","Wycombe 020D","E01017877","Total",781,107,143,403,128,429,34,37,254,104,352,73,106,149,24
"2011","Wycombe 021A","E01017846","Total",630,65,98,374,93,344,18,22,226,78,286,47,76,148,15
"2011","Wycombe 021B","E01017847","Total",758,74,113,420,151,396,20,27,238,111,362,54,86,182,40
"2011","Wycombe 021C","E01017848","Total",590,56,119,310,105,323,13,29,202,79,267,43,90,108,26
"2011","Wycombe 021D","E01017849","Total",764,62,114,445,143,405,16,25,251,113,359,46,89,194,30
"2011","Wycombe 022A","E01017889","Total",716,66,130,414,106,365,20,35,232,78,351,46,95,182,28
"2011","Wycombe 022B","E01017890","Total",665,80,119,367,99,360,25,20,239,76,305,55,99,128,23
"2011","Wycombe 022C","E01017891","Total",690,57,134,360,139,361,18,22,212,109,329,39,112,148,30
"2011","Wycombe 022D","E01017892","Total",668,76,126,295,171,366,11,21,196,138,302,65,105,99,33
"2011","Wycombe 022E","E01017893","Total",782,74,125,445,138,407,21,30,254,102,375,53,95,191,36
"2011","Wycombe 022F","E01017894","Total",743,97,120,345,181,385,23,27,203,132,358,74,93,142,49
"2011","Wycombe 023A","E01017895","Total",649,62,102,357,128,325,12,24,195,94,324,50,78,162,34
"2011","Wycombe 023B","E01017896","Total",679,69,106,337,167,355,17,23,193,122,324,52,83,144,45
"2011","Wycombe 023C","E01017897","Total",889,81,141,504,163,475,22,34,301,118,414,59,107,203,45
"2011","Wycombe 023D","E01017898","Total",709,51,122,438,98,349,14,27,238,70,360,37,95,200,28
"2011","Wycombe 024A","E01017880","Total",728,97,132,395,104,384,16,27,254,87,344,81,105,141,17
"2011","Wycombe 024B","E01017881","Total",868,98,190,453,127,458,28,34,291,105,410,70,156,162,22
"2011","Wycombe 024C","E01017882","Total",815,86,149,449,131,435,26,28,286,95,380,60,121,163,36
"2011","Wycombe 024D","E01017883","Total",838,116,125,427,170,455,31,21,264,139,383,85,104,163,31
"2011","Wycombe 024E","E01017884","Total",775,77,165,439,94,383,21,25,258,79,392,56,140,181,15
"2011","Wycombe 024F","E01032610","Total",840,82,160,495,103,432,27,31,297,77,408,55,129,198,26
"2011","Eastbourne 001A","E01020924","Total",685,83,153,372,77,359,26,38,232,63,326,57,115,140,14
"2011","Eastbourne 001B","E01020925","Total",679,63,184,368,64,328,23,44,215,46,351,40,140,153,18
"2011","Eastbourne 001C","E01020927","Total",700,58,163,406,73,369,15,45,247,62,331,43,118,159,11
"2011","Eastbourne 001D","E01020928","Total",610,53,147,364,46,303,12,46,214,31,307,41,101,150,15
"2011","Eastbourne 001E","E01020930","Total",718,71,179,393,75,369,29,43,231,66,349,42,136,162,9
"2011","Eastbourne 002A","E01020917","Total",643,44,152,389,58,349,21,43,240,45,294,23,109,149,13
"2011","Eastbourne 002B","E01020918","Total",743,80,184,410,69,366,24,38,246,58,377,56,146,164,11
"2011","Eastbourne 002C","E01020919","Total",713,86,151,417,59,356,18,27,258,53,357,68,124,159,6
"2011","Eastbourne 002D","E01020923","Total",610,61,143,350,56,315,19,49,206,41,295,42,94,144,15
"2011","Eastbourne 002E","E01020949","Total",722,67,163,411,81,360,18,41,236,65,362,49,122,175,16
"2011","Eastbourne 003A","E01020926","Total",780,97,166,414,103,394,42,38,234,80,386,55,128,180,23
"2011","Eastbourne 003B","E01020929","Total",625,49,166,339,71,317,14,43,203,57,308,35,123,136,14
"2011","Eastbourne 003C","E01020955","Total",617,65,157,356,39,325,23,36,232,34,292,42,121,124,5
"2011","Eastbourne 003D","E01020956","Total",551,71,115,308,57,282,12,37,185,48,269,59,78,123,9
"2011","Eastbourne 003E","E01020957","Total",595,56,159,311,69,292,18,31,185,58,303,38,128,126,11
"2011","Eastbourne 004A","E01020920","Total",555,48,133,330,44,278,12,32,200,34,277,36,101,130,10
"2011","Eastbourne 004B","E01020921","Total",672,80,154,364,74,337,25,30,225,57,335,55,124,139,17
"2011","Eastbourne 004C","E01020922","Total",645,75,157,351,62,328,24,50,205,49,317,51,107,146,13
"2011","Eastbourne 004D","E01020945","Total",770,107,178,386,99,399,35,48,234,82,371,72,130,152,17
"2011","Eastbourne 004E","E01020950","Total",634,68,138,363,65,324,28,33,210,53,310,40,105,153,12
"2011","Eastbourne 006A","E01020940","Total",653,95,154,327,77,344,34,33,213,64,309,61,121,114,13
"2011","Eastbourne 006B","E01020941","Total",740,104,203,360,73,354,20,66,210,58,386,84,137,150,15
"2011","Eastbourne 006C","E01020942","Total",776,90,178,401,107,361,27,38,227,69,415,63,140,174,38
"2011","Eastbourne 006D","E01020946","Total",753,107,175,363,108,370,35,40,218,77,383,72,135,145,31
"2011","Eastbourne 006E","E01020947","Total",640,70,142,353,75,333,29,36,211,57,307,41,106,142,18
"2011","Eastbourne 007A","E01020914","Total",1019,96,230,601,92,484,40,44,334,66,535,56,186,267,26
"2011","Eastbourne 007B","E01020915","Total",731,84,170,388,89,383,31,44,247,61,348,53,126,141,28
"2011","Eastbourne 007C","E01020952","Total",803,73,181,477,72,393,20,40,274,59,410,53,141,203,13
"2011","Eastbourne 007D","E01020953","Total",816,94,175,455,92,411,30,33,277,71,405,64,142,178,21
"2011","Eastbourne 007E","E01020954","Total",895,119,221,457,98,453,41,40,293,79,442,78,181,164,19
"2011","Eastbourne 008A","E01020948","Total",580,52,106,339,83,300,15,34,193,58,280,37,72,146,25
"2011","Eastbourne 008B","E01020963","Total",821,101,155,440,125,428,31,44,261,92,393,70,111,179,33
"2011","Eastbourne 008C","E01020965","Total",971,77,154,606,134,530,36,46,357,91,441,41,108,249,43
"2011","Eastbourne 008D","E01020966","Total",740,69,109,454,108,394,28,36,250,80,346,41,73,204,28
"2011","Eastbourne 009A","E01020938","Total",756,88,177,404,87,366,24,40,236,66,390,64,137,168,21
"2011","Eastbourne 009B","E01020939","Total",787,91,177,419,100,390,34,43,237,76,397,57,134,182,24
"2011","Eastbourne 009C","E01020943","Total",798,88,167,440,103,376,29,29,242,76,422,59,138,198,27
"2011","Eastbourne 009D","E01020964","Total",760,83,152,436,89,386,26,48,244,68,374,57,104,192,21
"2011","Eastbourne 009E","E01020967","Total",650,67,120,364,99,346,19,43,209,75,304,48,77,155,24
"2011","Eastbourne 010A","E01020910","Total",792,86,160,445,101,413,30,50,266,67,379,56,110,179,34
"2011","Eastbourne 010B","E01020911","Total",1036,113,191,618,114,585,55,81,375,74,451,58,110,243,40
"2011","Eastbourne 010C","E01020912","Total",1050,116,207,611,116,581,44,101,349,87,469,72,106,262,29
"2011","Eastbourne 010D","E01020916","Total",887,96,192,525,74,439,28,72,294,45,448,68,120,231,29
"2011","Eastbourne 011A","E01020935","Total",998,79,159,667,93,593,26,71,431,65,405,53,88,236,28
"2011","Eastbourne 011B","E01020936","Total",658,47,108,377,126,342,17,40,201,84,316,30,68,176,42
"2011","Eastbourne 011C","E01020937","Total",670,61,118,368,123,354,32,40,197,85,316,29,78,171,38
"2011","Eastbourne 011D","E01020968","Total",758,65,130,484,79,412,24,48,286,54,346,41,82,198,25
"2011","Eastbourne 012A","E01020931","Total",608,127,110,287,84,328,57,47,166,58,280,70,63,121,26
"2011","Eastbourne 012B","E01020932","Total",348,32,68,190,58,193,18,17,116,42,155,14,51,74,16
"2011","Eastbourne 012C","E01020933","Total",375,46,87,187,55,204,14,26,123,41,171,32,61,64,14
"2011","Eastbourne 012D","E01020934","Total",463,53,101,243,66,245,26,37,133,49,218,27,64,110,17
"2011","Eastbourne 012E","E01020944","Total",662,93,148,317,104,344,33,38,193,80,318,60,110,124,24
"2011","Eastbourne 013A","E01020913","Total",915,110,213,509,83,448,41,51,295,61,467,69,162,214,22
"2011","Eastbourne 013B","E01020951","Total",747,68,169,431,79,391,25,50,254,62,356,43,119,177,17
"2011","Eastbourne 013C","E01020959","Total",641,63,130,375,73,354,18,30,240,66,287,45,100,135,7
"2011","Eastbourne 013D","E01020961","Total",533,72,128,284,49,257,12,32,172,41,276,60,96,112,8
"2011","Eastbourne 013E","E01020962","Total",929,99,166,539,125,492,38,47,317,90,437,61,119,222,35
"2011","Eastbourne 014A","E01020960","Total",1216,99,227,701,189,683,35,75,436,137,533,64,152,265,52
"2011","Eastbourne 014B","E01032831","Total",777,71,152,423,131,410,19,40,258,93,367,52,112,165,38
"2011","Eastbourne 014C","E01032832","Total",658,68,152,343,95,342,24,32,209,77,316,44,120,134,18
"2011","Eastbourne 014D","E01032833","Total",772,64,139,464,105,438,23,49,290,76,334,41,90,174,29
"2011","Hastings 001A","E01020969","Total",692,76,173,367,76,359,26,43,225,65,333,50,130,142,11
"2011","Hastings 001B","E01020970","Total",1454,172,308,741,233,755,50,66,456,183,699,122,242,285,50
"2011","Hastings 001C","E01020971","Total",940,102,206,527,105,488,30,57,323,78,452,72,149,204,27
"2011","Hastings 001D","E01020987","Total",1026,63,219,637,107,502,14,43,369,76,524,49,176,268,31
"2011","Hastings 002A","E01020974","Total",628,71,141,342,74,323,19,43,201,60,305,52,98,141,14
"2011","Hastings 002B","E01020986","Total",721,65,174,393,89,366,20,49,231,66,355,45,125,162,23
"2011","Hastings 002C","E01020988","Total",775,100,182,395,98,395,24,54,242,75,380,76,128,153,23
"2011","Hastings 002D","E01021007","Total",632,60,143,338,91,341,19,40,208,74,291,41,103,130,17
"2011","Hastings 002E","E01021008","Total",669,82,141,368,78,332,23,38,213,58,337,59,103,155,20
"2011","Hastings 002F","E01021009","Total",863,106,201,458,98,438,26,50,286,76,425,80,151,172,22
"2011","Hastings 003A","E01020993","Total",483,44,114,278,47,240,15,31,160,34,243,29,83,118,13
"2011","Hastings 003B","E01020994","Total",552,46,145,307,54,275,8,41,183,43,277,38,104,124,11
"2011","Hastings 003C","E01020995","Total",560,44,139,326,51,282,13,35,194,40,278,31,104,132,11
"2011","Hastings 003D","E01020996","Total",788,67,180,454,87,407,18,35,284,70,381,49,145,170,17
"2011","Hastings 003E","E01021019","Total",553,54,116,324,59,287,18,26,195,48,266,36,90,129,11
"2011","Hastings 004A","E01021004","Total",772,86,187,407,92,381,27,35,245,74,391,59,152,162,18
"2011","Hastings 004B","E01021005","Total",558,52,160,304,42,288,23,38,188,39,270,29,122,116,3
"2011","Hastings 004C","E01021006","Total",893,80,211,490,112,442,22,35,293,92,451,58,176,197,20
"2011","Hastings 004D","E01021013","Total",939,96,211,550,82,479,29,47,338,65,460,67,164,212,17
"2011","Hastings 005A","E01020972","Total",438,42,116,230,50,216,10,32,134,40,222,32,84,96,10
"2011","Hastings 005B","E01020973","Total",763,75,203,409,76,393,26,40,260,67,370,49,163,149,9
"2011","Hastings 005C","E01020977","Total",742,70,185,408,79,399,30,54,247,68,343,40,131,161,11
"2011","Hastings 005D","E01021015","Total",490,54,144,242,50,231,13,33,148,37,259,41,111,94,13
"2011","Hastings 006A","E01021010","Total",781,79,174,432,96,397,16,40,270,71,384,63,134,162,25
"2011","Hastings 006B","E01021011","Total",782,68,181,439,94,396,10,47,265,74,386,58,134,174,20
"2011","Hastings 006C","E01021012","Total",755,84,161,417,93,373,26,40,237,70,382,58,121,180,23
"2011","Hastings 006D","E01021020","Total",682,75,181,350,76,355,24,44,226,61,327,51,137,124,15
"2011","Hastings 006E","E01021021","Total",918,67,185,553,113,478,23,51,320,84,440,44,134,233,29
"2011","Hastings 007A","E01021000","Total",738,68,172,411,87,393,28,40,261,64,345,40,132,150,23
"2011","Hastings 007B","E01021001","Total",616,57,147,337,75,300,19,30,196,55,316,38,117,141,20
"2011","Hastings 007C","E01021002","Total",661,80,139,356,86,325,23,37,196,69,336,57,102,160,17
"2011","Hastings 007D","E01021003","Total",782,82,165,408,127,408,25,58,251,74,374,57,107,157,53
"2011","Hastings 007E","E01021014","Total",791,68,219,412,92,391,18,67,229,77,400,50,152,183,15
"2011","Hastings 008A","E01020975","Total",822,73,174,464,111,431,26,54,266,85,391,47,120,198,26
"2011","Hastings 008B","E01020976","Total",922,111,199,514,98,466,29,64,303,70,456,82,135,211,28
"2011","Hastings 008C","E01020990","Total",728,66,170,426,66,378,24,61,243,50,350,42,109,183,16
"2011","Hastings 008D","E01020991","Total",664,55,155,376,78,355,21,50,226,58,309,34,105,150,20
"2011","Hastings 008E","E01020992","Total",841,85,173,507,76,421,25,64,278,54,420,60,109,229,22
"2011","Hastings 009A","E01020978","Total",930,84,204,557,85,503,33,80,333,57,427,51,124,224,28
"2011","Hastings 009B","E01020979","Total",832,92,148,497,95,476,38,60,298,80,356,54,88,199,15
"2011","Hastings 009C","E01020980","Total",725,60,187,407,71,375,20,72,233,50,350,40,115,174,21
"2011","Hastings 009D","E01020981","Total",763,78,170,422,93,408,37,57,251,63,355,41,113,171,30
"2011","Hastings 010A","E01020997","Total",744,77,168,402,97,366,18,40,240,68,378,59,128,162,29
"2011","Hastings 010B","E01020998","Total",856,77,166,511,102,484,33,54,313,84,372,44,112,198,18
"2011","Hastings 010C","E01020999","Total",744,73,157,402,112,381,22,45,235,79,363,51,112,167,33
"2011","Hastings 010D","E01021016","Total",746,68,159,420,99,372,19,45,237,71,374,49,114,183,28
"2011","Hastings 010E","E01021017","Total",863,74,174,505,110,437,28,42,289,78,426,46,132,216,32
"2011","Hastings 010F","E01021018","Total",1029,94,231,587,117,523,28,39,363,93,506,66,192,224,24
"2011","Hastings 011A","E01020982","Total",776,67,173,455,81,452,38,71,282,61,324,29,102,173,20
"2011","Hastings 011B","E01020983","Total",607,43,111,403,50,340,24,43,238,35,267,19,68,165,15
"2011","Hastings 011C","E01020984","Total",959,68,205,572,114,520,37,88,315,80,439,31,117,257,34
"2011","Hastings 011D","E01020985","Total",887,95,173,513,106,497,44,68,305,80,390,51,105,208,26
"2011","Hastings 011E","E01020989","Total",796,51,173,481,91,414,14,58,274,68,382,37,115,207,23
"2011","Lewes 001A","E01021022","Total",1004,120,208,491,185,523,28,59,294,142,481,92,149,197,43
"2011","Lewes 001B","E01021024","Total",605,68,120,323,94,312,13,33,190,76,293,55,87,133,18
"2011","Lewes 001C","E01021025","Total",946,116,166,466,198,538,42,46,285,165,408,74,120,181,33
"2011","Lewes 001D","E01021052","Total",639,86,126,329,98,332,24,29,206,73,307,62,97,123,25
"2011","Lewes 001E","E01021053","Total",562,73,100,280,109,307,21,24,180,82,255,52,76,100,27
"2011","Lewes 002A","E01021023","Total",998,107,207,507,177,536,27,44,324,141,462,80,163,183,36
"2011","Lewes 002B","E01021026","Total",964,132,234,426,172,527,47,66,271,143,437,85,168,155,29
"2011","Lewes 002C","E01021032","Total",979,142,211,436,190,488,38,57,252,141,491,104,154,184,49
"2011","Lewes 002D","E01021067","Total",645,85,136,322,102,334,26,32,194,82,311,59,104,128,20
"2011","Lewes 002E","E01021068","Total",606,90,91,290,135,335,24,35,176,100,271,66,56,114,35
"2011","Lewes 003A","E01021033","Total",864,104,184,467,109,458,37,50,292,79,406,67,134,175,30
"2011","Lewes 003B","E01021034","Total",706,84,162,378,82,348,19,35,228,66,358,65,127,150,16
"2011","Lewes 003C","E01021035","Total",982,86,213,542,141,510,29,70,318,93,472,57,143,224,48
"2011","Lewes 003D","E01021036","Total",708,89,146,384,89,371,31,41,228,71,337,58,105,156,18
"2011","Lewes 003E","E01021037","Total",718,81,159,403,75,390,23,42,269,56,328,58,117,134,19
"2011","Lewes 003F","E01021038","Total",920,128,197,490,105,457,33,64,281,79,463,95,133,209,26
"2011","Lewes 004A","E01021054","Total",806,111,173,414,108,428,32,45,258,93,378,79,128,156,15
"2011","Lewes 004B","E01021055","Total",745,91,170,390,94,386,31,36,250,69,359,60,134,140,25
"2011","Lewes 004C","E01021056","Total",772,89,188,374,121,405,25,51,233,96,367,64,137,141,25
"2011","Lewes 004D","E01021057","Total",748,73,190,379,106,380,21,55,222,82,368,52,135,157,24
"2011","Lewes 005A","E01021039","Total",714,96,164,340,114,355,26,47,198,84,359,70,117,142,30
"2011","Lewes 005B","E01021040","Total",757,110,174,361,112,395,38,54,217,86,362,72,120,144,26
"2011","Lewes 005C","E01021041","Total",648,102,135,307,104,338,27,36,199,76,310,75,99,108,28
"2011","Lewes 005D","E01021042","Total",665,83,155,358,69,338,23,36,226,53,327,60,119,132,16
"2011","Lewes 005E","E01021043","Total",749,88,180,406,75,354,21,45,238,50,395,67,135,168,25
"2011","Lewes 006A","E01021027","Total",733,95,131,405,102,391,22,36,257,76,342,73,95,148,26
"2011","Lewes 006B","E01021028","Total",867,83,197,490,97,437,31,48,282,76,430,52,149,208,21
"2011","Lewes 006C","E01021029","Total",803,104,154,447,98,409,27,40,271,71,394,77,114,176,27
"2011","Lewes 006D","E01021030","Total",562,52,139,289,82,289,25,25,185,54,273,27,114,104,28
"2011","Lewes 006E","E01021031","Total",714,77,147,407,83,383,27,40,250,66,331,50,107,157,17
"2011","Lewes 007A","E01021061","Total",802,95,175,429,103,426,31,39,274,82,376,64,136,155,21
"2011","Lewes 007B","E01021063","Total",869,79,213,491,86,444,23,49,306,66,425,56,164,185,20
"2011","Lewes 007C","E01021064","Total",765,83,151,439,92,407,27,41,270,69,358,56,110,169,23
"2011","Lewes 007D","E01021065","Total",534,37,123,330,44,273,13,32,192,36,261,24,91,138,8
"2011","Lewes 007E","E01021066","Total",709,76,169,395,69,379,26,41,253,59,330,50,128,142,10
"2011","Lewes 008A","E01021045","Total",745,71,166,437,71,397,21,42,281,53,348,50,124,156,18
"2011","Lewes 008B","E01021046","Total",763,82,165,434,82,384,28,41,248,67,379,54,124,186,15
"2011","Lewes 008C","E01021047","Total",713,72,160,401,80,364,23,38,238,65,349,49,122,163,15
"2011","Lewes 008D","E01021048","Total",808,84,164,477,83,426,33,56,273,64,382,51,108,204,19
"2011","Lewes 009A","E01021044","Total",899,79,216,493,111,464,20,55,301,88,435,59,161,192,23
"2011","Lewes 009B","E01021049","Total",720,54,161,418,87,388,19,63,236,70,332,35,98,182,17
"2011","Lewes 009C","E01021050","Total",659,56,142,387,74,333,12,32,227,62,326,44,110,160,12
"2011","Lewes 009D","E01021051","Total",592,55,124,342,71,307,12,32,204,59,285,43,92,138,12
"2011","Lewes 010A","E01021058","Total",846,64,181,486,115,427,18,37,283,89,419,46,144,203,26
"2011","Lewes 010B","E01021059","Total",662,62,138,373,89,333,18,39,212,64,329,44,99,161,25
"2011","Lewes 010C","E01021060","Total",663,53,155,372,83,362,16,50,236,60,301,37,105,136,23
"2011","Lewes 010D","E01021062","Total",643,65,149,370,59,343,21,31,239,52,300,44,118,131,7
"2011","Lewes 011A","E01021069","Total",654,75,128,356,95,339,25,29,220,65,315,50,99,136,30
"2011","Lewes 011B","E01021075","Total",813,92,196,426,99,413,24,49,262,78,400,68,147,164,21
"2011","Lewes 011C","E01021077","Total",608,75,128,297,108,322,27,43,172,80,286,48,85,125,28
"2011","Lewes 011D","E01021081","Total",649,57,156,338,98,351,18,45,215,73,298,39,111,123,25
"2011","Lewes 011E","E01021082","Total",715,108,152,346,109,374,40,46,203,85,341,68,106,143,24
"2011","Lewes 011F","E01021083","Total",558,78,120,275,85,293,25,35,169,64,265,53,85,106,21
"2011","Lewes 012A","E01021072","Total",547,69,124,276,78,273,18,35,159,61,274,51,89,117,17
"2011","Lewes 012B","E01021073","Total",616,74,140,317,85,323,19,38,201,65,293,55,102,116,20
"2011","Lewes 012C","E01021074","Total",661,72,142,384,63,338,22,35,232,49,323,50,107,152,14
"2011","Lewes 012D","E01021076","Total",832,90,210,454,78,407,34,52,263,58,425,56,158,191,20
"2011","Lewes 012E","E01021078","Total",530,83,127,254,66,267,22,41,157,47,263,61,86,97,19
"2011","Lewes 013A","E01021070","Total",744,83,145,423,93,383,32,33,257,61,361,51,112,166,32
"2011","Lewes 013B","E01021071","Total",822,74,157,486,105,449,32,52,286,79,373,42,105,200,26
"2011","Lewes 013C","E01021079","Total",639,76,143,345,75,337,28,52,206,51,302,48,91,139,24
"2011","Lewes 013D","E01021080","Total",623,85,141,303,94,313,29,41,176,67,310,56,100,127,27
"2011","Rother 001A","E01021132","Total",571,66,116,289,100,314,20,30,192,72,257,46,86,97,28
"2011","Rother 001B","E01021133","Total",815,96,157,410,152,445,26,47,250,122,370,70,110,160,30
"2011","Rother 001C","E01021134","Total",767,62,135,421,149,428,16,33,265,114,339,46,102,156,35
"2011","Rother 001D","E01021139","Total",559,57,122,294,86,309,15,29,196,69,250,42,93,98,17
"2011","Rother 001E","E01021140","Total",901,103,179,430,189,484,36,37,258,153,417,67,142,172,36
"2011","Rother 001F","E01021141","Total",724,86,142,353,143,401,18,40,226,117,323,68,102,127,26
"2011","Rother 002A","E01021103","Total",648,69,147,318,114,347,19,48,194,86,301,50,99,124,28
"2011","Rother 002B","E01021114","Total",642,89,147,313,93,343,26,42,203,72,299,63,105,110,21
"2011","Rother 002C","E01021115","Total",711,72,154,330,155,393,26,44,198,125,318,46,110,132,30
"2011","Rother 002D","E01021116","Total",712,100,139,359,114,380,32,33,221,94,332,68,106,138,20
"2011","Rother 003A","E01021098","Total",794,100,174,389,131,420,24,49,239,108,374,76,125,150,23
"2011","Rother 003B","E01021099","Total",809,94,156,394,165,442,28,39,243,132,367,66,117,151,33
"2011","Rother 003C","E01021100","Total",876,104,188,447,137,458,36,43,271,108,418,68,145,176,29
"2011","Rother 003D","E01021104","Total",631,81,120,304,126,326,17,36,179,94,305,64,84,125,32
"2011","Rother 003E","E01021105","Total",523,53,123,264,83,277,10,31,172,64,246,43,92,92,19
"2011","Rother 004A","E01021101","Total",680,88,165,309,118,348,26,53,185,84,332,62,112,124,34
"2011","Rother 004B","E01021102","Total",747,70,158,404,115,411,23,34,262,92,336,47,124,142,23
"2011","Rother 004C","E01021117","Total",735,82,151,375,127,411,36,53,229,93,324,46,98,146,34
"2011","Rother 004D","E01021118","Total",755,101,172,361,121,418,32,49,240,97,337,69,123,121,24
"2011","Rother 004E","E01021119","Total",405,53,108,193,51,217,3,35,133,46,188,50,73,60,5
"2011","Rother 005A","E01021087","Total",761,88,169,360,144,404,34,48,209,113,357,54,121,151,31
"2011","Rother 005B","E01021088","Total",682,89,153,332,108,381,21,46,231,83,301,68,107,101,25
"2011","Rother 005C","E01021089","Total",677,83,163,339,92,350,25,35,214,76,327,58,128,125,16
"2011","Rother 005D","E01021109","Total",730,98,159,339,134,375,31,34,206,104,355,67,125,133,30
"2011","Rother 005E","E01021110","Total",869,124,200,399,146,470,49,63,248,110,399,75,137,151,36
"2011","Rother 006A","E01021084","Total",762,81,160,400,121,401,21,37,250,93,361,60,123,150,28
"2011","Rother 006B","E01021085","Total",801,101,191,392,117,421,31,52,247,91,380,70,139,145,26
"2011","Rother 006C","E01021086","Total",727,111,166,342,108,373,26,42,217,88,354,85,124,125,20
"2011","Rother 006D","E01021096","Total",603,66,118,287,132,319,17,28,173,101,284,49,90,114,31
"2011","Rother 006E","E01021097","Total",625,84,138,304,99,328,22,41,182,83,297,62,97,122,16
"2011","Rother 007A","E01021111","Total",359,45,87,181,46,185,11,24,111,39,174,34,63,70,7
"2011","Rother 007B","E01021113","Total",662,69,145,369,79,333,23,34,220,56,329,46,111,149,23
"2011","Rother 007C","E01021131","Total",699,80,155,374,90,356,16,39,228,73,343,64,116,146,17
"2011","Rother 007D","E01021135","Total",662,69,182,351,60,336,19,51,213,53,326,50,131,138,7
"2011","Rother 007E","E01021136","Total",408,40,99,230,39,215,15,34,135,31,193,25,65,95,8
"2011","Rother 007F","E01021137","Total",607,61,162,310,74,304,21,38,187,58,303,40,124,123,16
"2011","Rother 008A","E01021112","Total",591,77,124,325,65,296,21,31,191,53,295,56,93,134,12
"2011","Rother 008B","E01021120","Total",369,52,96,180,41,183,17,26,106,34,186,35,70,74,7
"2011","Rother 008C","E01021126","Total",573,66,111,313,83,319,30,33,193,63,254,36,78,120,20
"2011","Rother 008D","E01021127","Total",599,60,153,319,67,307,17,45,194,51,292,43,108,125,16
"2011","Rother 008E","E01021128","Total",748,75,188,411,74,386,29,48,252,57,362,46,140,159,17
"2011","Rother 009A","E01021093","Total",569,78,117,279,95,290,22,28,159,81,279,56,89,120,14
"2011","Rother 009B","E01021095","Total",423,51,98,201,73,209,13,25,118,53,214,38,73,83,20
"2011","Rother 009C","E01021123","Total",560,75,117,280,88,297,33,29,164,71,263,42,88,116,17
"2011","Rother 009D","E01021124","Total",576,64,126,283,103,297,17,40,166,74,279,47,86,117,29
"2011","Rother 009E","E01021125","Total",468,57,112,224,75,254,17,45,131,61,214,40,67,93,14
"2011","Rother 009F","E01021129","Total",683,77,143,351,112,359,24,41,206,88,324,53,102,145,24
"2011","Rother 009G","E01021138","Total",415,39,97,204,75,215,13,30,119,53,200,26,67,85,22
"2011","Rother 010A","E01021094","Total",491,50,110,255,76,249,15,32,155,47,242,35,78,100,29
"2011","Rother 010B","E01021106","Total",466,53,121,231,61,224,18,32,138,36,242,35,89,93,25
"2011","Rother 010C","E01021107","Total",528,74,123,269,62,285,27,27,177,54,243,47,96,92,8
"2011","Rother 010D","E01021108","Total",675,91,147,351,86,331,27,32,209,63,344,64,115,142,23
"2011","Rother 010E","E01021130","Total",586,65,132,312,77,304,22,34,194,54,282,43,98,118,23
"2011","Rother 011A","E01021090","Total",789,73,161,464,91,417,35,40,281,61,372,38,121,183,30
"2011","Rother 011B","E01021091","Total",847,70,146,507,124,445,28,41,287,89,402,42,105,220,35
"2011","Rother 011C","E01021092","Total",739,71,150,438,80,397,27,56,260,54,342,44,94,178,26
"2011","Rother 011D","E01021121","Total",696,64,152,396,84,343,20,38,222,63,353,44,114,174,21
"2011","Rother 011E","E01021122","Total",553,47,116,320,70,297,16,47,183,51,256,31,69,137,19
"2011","Wealden 001A","E01021167","Total",1067,153,227,519,168,558,45,71,305,137,509,108,156,214,31
"2011","Wealden 001B","E01021168","Total",872,139,181,413,139,456,44,56,258,98,416,95,125,155,41
"2011","Wealden 001C","E01021169","Total",691,97,143,315,136,364,26,34,200,104,327,71,109,115,32
"2011","Wealden 001D","E01021186","Total",614,60,143,266,145,334,14,42,164,114,280,46,101,102,31
"2011","Wealden 002A","E01021171","Total",1002,125,189,436,252,543,30,41,271,201,459,95,148,165,51
"2011","Wealden 002B","E01021172","Total",863,103,180,411,169,464,30,48,252,134,399,73,132,159,35
"2011","Wealden 002C","E01021173","Total",721,100,144,299,178,387,29,27,190,141,334,71,117,109,37
"2011","Wealden 002D","E01021218","Total",581,86,115,260,120,309,24,26,168,91,272,62,89,92,29
"2011","Wealden 003A","E01021156","Total",875,94,161,493,127,478,26,35,311,106,397,68,126,182,21
"2011","Wealden 003B","E01021157","Total",860,102,156,476,126,470,39,30,293,108,390,63,126,183,18
"2011","Wealden 003C","E01021158","Total",1107,142,205,617,143,585,40,53,380,112,522,102,152,237,31
"2011","Wealden 004A","E01021159","Total",1040,147,183,512,198,581,49,53,317,162,459,98,130,195,36
"2011","Wealden 004B","E01021160","Total",707,98,129,361,119,379,26,22,232,99,328,72,107,129,20
"2011","Wealden 004C","E01021161","Total",820,79,172,449,120,456,28,32,292,104,364,51,140,157,16
"2011","Wealden 004D","E01021162","Total",796,121,157,370,148,421,39,29,234,119,375,82,128,136,29
"2011","Wealden 005A","E01021202","Total",524,79,97,244,104,258,19,29,138,72,266,60,68,106,32
"2011","Wealden 005B","E01021203","Total",707,98,139,311,159,380,19,36,200,125,327,79,103,111,34
"2011","Wealden 005C","E01021229","Total",834,105,153,388,188,456,23,45,247,141,378,82,108,141,47
"2011","Wealden 005D","E01021230","Total",785,106,166,351,162,422,26,44,219,133,363,80,122,132,29
"2011","Wealden 005E","E01021231","Total",811,111,176,370,154,418,37,34,229,118,393,74,142,141,36
"2011","Wealden 006A","E01021151","Total",967,133,196,504,134,512,42,43,321,106,455,91,153,183,28
"2011","Wealden 006B","E01021152","Total",762,74,132,349,207,391,22,37,208,124,371,52,95,141,83
"2011","Wealden 006C","E01021153","Total",1088,112,200,630,146,576,39,51,373,113,512,73,149,257,33
"2011","Wealden 006D","E01021154","Total",725,73,143,418,91,395,15,34,268,78,330,58,109,150,13
"2011","Wealden 006E","E01021155","Total",670,66,131,399,74,353,19,30,244,60,317,47,101,155,14
"2011","Wealden 007A","E01021163","Total",1031,130,193,483,225,551,34,50,291,176,480,96,143,192,49
"2011","Wealden 007B","E01021164","Total",929,125,182,427,195,503,26,50,275,152,426,99,132,152,43
"2011","Wealden 007C","E01021187","Total",723,80,140,358,145,404,17,44,231,112,319,63,96,127,33
"2011","Wealden 008A","E01021144","Total",909,134,170,428,177,493,38,44,271,140,416,96,126,157,37
"2011","Wealden 008B","E01021145","Total",930,121,165,450,194,510,31,48,283,148,420,90,117,167,46
"2011","Wealden 008C","E01021170","Total",1419,192,251,720,256,765,55,63,438,209,654,137,188,282,47
"2011","Wealden 008D","E01021217","Total",600,82,120,281,117,329,25,25,186,93,271,57,95,95,24
"2011","Wealden 009A","E01021219","Total",717,81,158,378,100,373,25,36,230,82,344,56,122,148,18
"2011","Wealden 009B","E01021220","Total",752,85,143,438,86,395,23,32,274,66,357,62,111,164,20
"2011","Wealden 009C","E01021223","Total",618,55,125,366,72,305,14,26,213,52,313,41,99,153,20
"2011","Wealden 009D","E01021224","Total",675,67,164,360,84,356,18,41,237,60,319,49,123,123,24
"2011","Wealden 009E","E01021225","Total",800,95,149,463,93,411,24,26,280,81,389,71,123,183,12
"2011","Wealden 009F","E01021226","Total",762,96,148,424,94,390,19,28,268,75,372,77,120,156,19
"2011","Wealden 010A","E01021150","Total",582,76,122,270,114,312,27,27,175,83,270,49,95,95,31
"2011","Wealden 010B","E01021191","Total",794,79,140,463,112,433,22,38,291,82,361,57,102,172,30
"2011","Wealden 010C","E01021192","Total",849,108,174,426,141,428,25,31,256,116,421,83,143,170,25
"2011","Wealden 010D","E01021193","Total",800,90,147,467,96,427,25,33,287,82,373,65,114,180,14
"2011","Wealden 010E","E01021194","Total",823,94,150,464,115,434,20,29,300,85,389,74,121,164,30
"2011","Wealden 011A","E01021149","Total",638,86,111,323,118,355,25,24,209,97,283,61,87,114,21
"2011","Wealden 011B","E01021189","Total",706,84,139,318,165,384,20,29,206,129,322,64,110,112,36
"2011","Wealden 011C","E01021190","Total",792,104,166,389,133,429,30,47,235,117,363,74,119,154,16
"2011","Wealden 011D","E01021200","Total",523,53,105,281,84,268,14,22,170,62,255,39,83,111,22
"2011","Wealden 011E","E01021201","Total",736,96,133,363,144,398,25,35,231,107,338,71,98,132,37
"2011","Wealden 012A","E01021221","Total",689,62,129,409,89,366,17,30,250,69,323,45,99,159,20
"2011","Wealden 012B","E01021222","Total",825,88,159,466,112,418,23,34,275,86,407,65,125,191,26
"2011","Wealden 012C","E01021227","Total",927,95,181,517,134,480,27,32,317,104,447,68,149,200,30
"2011","Wealden 012D","E01021228","Total",836,108,167,436,125,429,32,24,270,103,407,76,143,166,22
"2011","Wealden 013A","E01021146","Total",811,117,140,430,124,439,29,28,280,102,372,88,112,150,22
"2011","Wealden 013B","E01021147","Total",867,107,171,412,177,477,31,48,263,135,390,76,123,149,42
"2011","Wealden 013C","E01021148","Total",790,89,157,406,138,422,21,36,255,110,368,68,121,151,28
"2011","Wealden 013D","E01021165","Total",624,99,100,297,128,330,24,27,178,101,294,75,73,119,27
"2011","Wealden 014A","E01021188","Total",580,83,114,244,139,320,22,30,156,112,260,61,84,88,27
"2011","Wealden 014B","E01021198","Total",724,87,134,375,128,380,21,24,228,107,344,66,110,147,21
"2011","Wealden 014C","E01021199","Total",681,107,136,300,138,348,35,32,175,106,333,72,104,125,32
"2011","Wealden 014D","E01021204","Total",563,64,138,247,114,302,15,29,165,93,261,49,109,82,21
"2011","Wealden 014E","E01021205","Total",649,78,140,298,133,347,25,39,181,102,302,53,101,117,31
"2011","Wealden 015A","E01021174","Total",811,83,172,433,123,427,26,35,269,97,384,57,137,164,26
"2011","Wealden 015B","E01021175","Total",665,68,135,390,72,350,18,30,248,54,315,50,105,142,18
"2011","Wealden 015C","E01021176","Total",609,73,122,344,70,330,23,28,224,55,279,50,94,120,15
"2011","Wealden 015D","E01021177","Total",501,45,110,280,66,265,12,36,168,49,236,33,74,112,17
"2011","Wealden 016A","E01021180","Total",607,72,133,310,92,318,17,27,200,74,289,55,106,110,18
"2011","Wealden 016B","E01021181","Total",598,67,125,336,70,316,23,33,199,61,282,44,92,137,9
"2011","Wealden 016C","E01021182","Total",704,62,172,398,72,383,21,49,260,53,321,41,123,138,19
"2011","Wealden 016D","E01021183","Total",549,57,143,281,68,281,14,32,177,58,268,43,111,104,10
"2011","Wealden 017A","E01021178","Total",514,46,155,255,58,263,14,46,155,48,251,32,109,100,10
"2011","Wealden 017B","E01021179","Total",597,59,140,339,59,311,15,43,211,42,286,44,97,128,17
"2011","Wealden 017C","E01021184","Total",637,72,138,345,82,319,22,35,202,60,318,50,103,143,22
"2011","Wealden 017D","E01021185","Total",617,55,162,312,88,327,12,53,192,70,290,43,109,120,18
"2011","Wealden 018A","E01021142","Total",366,70,88,139,69,197,16,35,93,53,169,54,53,46,16
"2011","Wealden 018B","E01021143","Total",527,63,91,258,115,268,12,24,152,80,259,51,67,106,35
"2011","Wealden 018C","E01021166","Total",962,147,201,418,196,525,39,63,271,152,437,108,138,147,44
"2011","Wealden 018D","E01021195","Total",903,106,190,472,135,453,29,44,282,98,450,77,146,190,37
"2011","Wealden 018E","E01021196","Total",950,106,197,541,106,492,23,35,347,87,458,83,162,194,19
"2011","Wealden 018F","E01021197","Total",987,107,212,492,176,507,25,39,304,139,480,82,173,188,37
"2011","Wealden 019A","E01021212","Total",808,94,159,457,98,426,25,36,293,72,382,69,123,164,26
"2011","Wealden 019B","E01021213","Total",846,96,176,471,103,438,25,54,283,76,408,71,122,188,27
"2011","Wealden 019C","E01021214","Total",653,77,144,356,76,360,27,39,230,64,293,50,105,126,12
"2011","Wealden 019D","E01021215","Total",506,49,106,276,75,263,13,25,166,59,243,36,81,110,16
"2011","Wealden 019E","E01021216","Total",500,49,109,290,52,264,13,23,185,43,236,36,86,105,9
"2011","Wealden 020A","E01021206","Total",654,65,152,330,107,336,21,32,199,84,318,44,120,131,23
"2011","Wealden 020B","E01021207","Total",582,64,148,309,61,301,14,42,200,45,281,50,106,109,16
"2011","Wealden 020C","E01021208","Total",984,101,209,533,141,498,30,46,314,108,486,71,163,219,33
"2011","Wealden 020D","E01021209","Total",717,89,158,364,106,375,27,33,232,83,342,62,125,132,23
"2011","Wealden 020E","E01021210","Total",824,80,195,431,118,434,27,32,277,98,390,53,163,154,20
"2011","Wealden 020F","E01021211","Total",541,52,121,288,80,280,14,34,174,58,261,38,87,114,22
"2011","Wealden 021A","E01021232","Total",694,92,148,365,89,350,23,45,208,74,344,69,103,157,15
"2011","Wealden 021B","E01021233","Total",627,69,147,329,82,321,19,32,207,63,306,50,115,122,19
"2011","Wealden 021C","E01021234","Total",654,88,139,329,98,334,24,32,196,82,320,64,107,133,16
"2011","Wealden 021D","E01021235","Total",592,76,122,319,75,313,15,36,204,58,279,61,86,115,17
"2011","Wealden 021E","E01021236","Total",635,82,146,328,79,318,23,38,191,66,317,59,108,137,13
"2011","Basingstoke and Deane 001A","E01022553","Total",777,73,111,493,100,414,16,26,299,73,363,57,85,194,27
"2011","Basingstoke and Deane 001B","E01022554","Total",880,74,151,556,99,466,23,27,340,76,414,51,124,216,23
"2011","Basingstoke and Deane 001C","E01022555","Total",776,60,120,513,83,426,19,22,311,74,350,41,98,202,9
"2011","Basingstoke and Deane 001D","E01022556","Total",763,77,139,460,87,416,17,39,286,74,347,60,100,174,13
"2011","Basingstoke and Deane 001E","E01022560","Total",698,67,116,441,74,377,12,24,287,54,321,55,92,154,20
"2011","Basingstoke and Deane 002A","E01022493","Total",707,77,118,372,140,399,19,31,243,106,308,58,87,129,34
"2011","Basingstoke and Deane 002B","E01022536","Total",650,84,109,324,133,374,19,29,217,109,276,65,80,107,24
"2011","Basingstoke and Deane 002C","E01022537","Total",694,72,113,414,95,371,18,24,258,71,323,54,89,156,24
"2011","Basingstoke and Deane 002D","E01022557","Total",796,56,129,502,109,444,16,27,319,82,352,40,102,183,27
"2011","Basingstoke and Deane 002E","E01022558","Total",756,46,117,493,100,412,14,13,303,82,344,32,104,190,18
"2011","Basingstoke and Deane 002F","E01022559","Total",712,72,101,416,123,383,20,23,246,94,329,52,78,170,29
"2011","Basingstoke and Deane 003A","E01022488","Total",605,51,110,334,110,333,14,29,202,88,272,37,81,132,22
"2011","Basingstoke and Deane 003B","E01022489","Total",739,92,134,346,167,397,21,35,211,130,342,71,99,135,37
"2011","Basingstoke and Deane 003C","E01022499","Total",793,85,147,430,131,424,20,25,276,103,369,65,122,154,28
"2011","Basingstoke and Deane 003D","E01022500","Total",735,84,112,382,157,396,24,24,229,119,339,60,88,153,38
"2011","Basingstoke and Deane 003E","E01022513","Total",805,94,157,383,171,440,23,42,240,135,365,71,115,143,36
"2011","Basingstoke and Deane 004A","E01022472","Total",603,66,96,300,141,328,19,28,171,110,275,47,68,129,31
"2011","Basingstoke and Deane 004B","E01022473","Total",677,59,107,439,72,362,20,31,258,53,315,39,76,181,19
"2011","Basingstoke and Deane 004C","E01022520","Total",859,81,137,491,150,457,28,24,296,109,402,53,113,195,41
"2011","Basingstoke and Deane 004D","E01022521","Total",925,91,150,523,161,494,21,34,320,119,431,70,116,203,42
"2011","Basingstoke and Deane 004E","E01022522","Total",880,77,156,448,199,483,24,29,271,159,397,53,127,177,40
"2011","Basingstoke and Deane 005A","E01022490","Total",961,98,148,550,165,512,27,30,330,125,449,71,118,220,40
"2011","Basingstoke and Deane 005B","E01022491","Total",1021,88,163,625,145,525,20,32,362,111,496,68,131,263,34
"2011","Basingstoke and Deane 005C","E01022492","Total",873,77,128,464,204,481,19,27,275,160,392,58,101,189,44
"2011","Basingstoke and Deane 005D","E01022546","Total",724,87,116,401,120,380,26,20,242,92,344,61,96,159,28
"2011","Basingstoke and Deane 005E","E01022547","Total",832,89,144,444,155,455,25,26,280,124,377,64,118,164,31
"2011","Basingstoke and Deane 006A","E01022495","Total",952,68,107,661,116,497,17,16,385,79,455,51,91,276,37
"2011","Basingstoke and Deane 006B","E01022496","Total",1528,91,231,923,283,792,28,42,499,223,736,63,189,424,60
"2011","Basingstoke and Deane 006C","E01022497","Total",850,54,112,568,116,444,18,10,325,91,406,36,102,243,25
"2011","Basingstoke and Deane 006D","E01022498","Total",953,83,132,605,133,489,26,21,344,98,464,57,111,261,35
"2011","Basingstoke and Deane 007B","E01022539","Total",631,43,120,401,67,348,9,33,250,56,283,34,87,151,11
"2011","Basingstoke and Deane 007C","E01022540","Total",983,71,184,619,109,476,17,29,342,88,507,54,155,277,21
"2011","Basingstoke and Deane 007E","E01022542","Total",601,59,87,399,56,325,18,25,236,46,276,41,62,163,10
"2011","Basingstoke and Deane 007F","E01022543","Total",856,60,121,591,84,450,22,31,334,63,406,38,90,257,21
"2011","Basingstoke and Deane 007H","E01032843","Total",1029,54,97,764,114,556,19,17,435,85,473,35,80,329,29
"2011","Basingstoke and Deane 007I","E01032844","Total",793,50,125,520,98,428,16,29,306,77,365,34,96,214,21
"2011","Basingstoke and Deane 007J","E01032851","Total",992,84,179,648,81,506,26,34,376,70,486,58,145,272,11
"2011","Basingstoke and Deane 008A","E01022470","Total",1144,95,176,703,170,610,32,34,410,134,534,63,142,293,36
"2011","Basingstoke and Deane 008B","E01022471","Total",934,87,134,583,130,482,25,20,342,95,452,62,114,241,35
"2011","Basingstoke and Deane 008C","E01022494","Total",1464,105,192,935,232,755,30,42,518,165,709,75,150,417,67
"2011","Basingstoke and Deane 008D","E01022523","Total",1063,90,169,681,123,549,29,34,397,89,514,61,135,284,34
"2011","Basingstoke and Deane 009A","E01022524","Total",952,80,142,623,107,479,19,30,357,73,473,61,112,266,34
"2011","Basingstoke and Deane 009B","E01022525","Total",849,69,127,554,99,444,19,27,323,75,405,50,100,231,24
"2011","Basingstoke and Deane 009C","E01022526","Total",900,75,135,604,86,483,21,30,362,70,417,54,105,242,16
"2011","Basingstoke and Deane 009D","E01022527","Total",769,63,126,505,75,406,19,28,301,58,363,44,98,204,17
"2011","Basingstoke and Deane 010B","E01022566","Total",689,75,124,410,80,372,21,32,251,68,317,54,92,159,12
"2011","Basingstoke and Deane 010C","E01022567","Total",594,58,109,371,56,304,19,22,214,49,290,39,87,157,7
"2011","Basingstoke and Deane 010D","E01022568","Total",725,61,128,474,62,358,15,25,272,46,367,46,103,202,16
"2011","Basingstoke and Deane 010E","E01022570","Total",820,76,144,522,78,403,16,26,299,62,417,60,118,223,16
"2011","Basingstoke and Deane 010F","E01032840","Total",1101,60,115,782,144,585,19,21,449,96,516,41,94,333,48
"2011","Basingstoke and Deane 010G","E01032841","Total",1027,55,136,716,120,540,11,17,427,85,487,44,119,289,35
"2011","Basingstoke and Deane 011B","E01022502","Total",907,72,140,619,76,490,29,32,366,63,417,43,108,253,13
"2011","Basingstoke and Deane 011C","E01022506","Total",728,45,110,491,82,387,14,15,295,63,341,31,95,196,19
"2011","Basingstoke and Deane 011D","E01022507","Total",872,90,130,569,83,471,28,25,347,71,401,62,105,222,12
"2011","Basingstoke and Deane 011E","E01032842","Total",892,40,56,690,106,531,11,23,415,82,361,29,33,275,24
"2011","Basingstoke and Deane 011F","E01032847","Total",746,48,108,513,77,402,14,28,300,60,344,34,80,213,17
"2011","Basingstoke and Deane 012A","E01022481","Total",994,94,181,628,91,536,23,35,407,71,458,71,146,221,20
"2011","Basingstoke and Deane 012B","E01022482","Total",737,66,119,456,96,389,17,26,268,78,348,49,93,188,18
"2011","Basingstoke and Deane 012D","E01022503","Total",861,61,125,576,99,469,22,31,342,74,392,39,94,234,25
"2011","Basingstoke and Deane 012E","E01032845","Total",1037,68,147,725,97,548,20,30,422,76,489,48,117,303,21
"2011","Basingstoke and Deane 012F","E01032846","Total",1025,58,80,760,127,584,19,15,453,97,441,39,65,307,30
"2011","Basingstoke and Deane 013A","E01022484","Total",590,58,102,383,47,318,14,24,245,35,272,44,78,138,12
"2011","Basingstoke and Deane 013B","E01022485","Total",561,51,100,362,48,293,13,34,212,34,268,38,66,150,14
"2011","Basingstoke and Deane 013C","E01022486","Total",1123,81,179,720,143,573,17,40,416,100,550,64,139,304,43
"2011","Basingstoke and Deane 013D","E01022487","Total",597,50,107,384,56,317,11,23,232,51,280,39,84,152,5
"2011","Basingstoke and Deane 013E","E01022569","Total",639,46,108,397,88,344,19,34,223,68,295,27,74,174,20
"2011","Basingstoke and Deane 014A","E01022548","Total",606,41,95,407,63,324,16,18,243,47,282,25,77,164,16
"2011","Basingstoke and Deane 014B","E01022549","Total",767,61,150,484,72,408,16,40,297,55,359,45,110,187,17
"2011","Basingstoke and Deane 014C","E01022550","Total",719,62,125,464,68,392,16,28,294,54,327,46,97,170,14
"2011","Basingstoke and Deane 014D","E01022551","Total",811,63,130,539,79,430,20,28,319,63,381,43,102,220,16
"2011","Basingstoke and Deane 014E","E01022552","Total",763,77,141,469,76,397,23,34,276,64,366,54,107,193,12
"2011","Basingstoke and Deane 015A","E01022528","Total",639,69,115,364,91,341,26,21,225,69,298,43,94,139,22
"2011","Basingstoke and Deane 015B","E01022529","Total",714,70,119,416,109,376,28,25,240,83,338,42,94,176,26
"2011","Basingstoke and Deane 015C","E01022530","Total",609,81,118,314,96,321,31,25,191,74,288,50,93,123,22
"2011","Basingstoke and Deane 015D","E01022531","Total",796,93,156,434,113,444,32,41,281,90,352,61,115,153,23
"2011","Basingstoke and Deane 016A","E01022475","Total",1042,84,156,675,127,555,25,25,405,100,487,59,131,270,27
"2011","Basingstoke and Deane 016B","E01022476","Total",1089,103,201,681,104,568,22,52,414,80,521,81,149,267,24
"2011","Basingstoke and Deane 016C","E01022480","Total",727,60,134,451,82,388,20,26,276,66,339,40,108,175,16
"2011","Basingstoke and Deane 016D","E01022504","Total",726,92,99,425,110,381,35,20,237,89,345,57,79,188,21
"2011","Basingstoke and Deane 016E","E01022505","Total",850,77,146,528,99,430,19,30,303,78,420,58,116,225,21
"2011","Basingstoke and Deane 017A","E01022467","Total",840,95,142,432,171,458,27,27,266,138,382,68,115,166,33
"2011","Basingstoke and Deane 017B","E01022468","Total",852,91,128,442,191,454,29,25,256,144,398,62,103,186,47
"2011","Basingstoke and Deane 017C","E01022469","Total",780,88,130,438,124,398,20,27,258,93,382,68,103,180,31
"2011","Basingstoke and Deane 017D","E01022561","Total",793,90,131,385,187,439,21,25,245,148,354,69,106,140,39
"2011","Basingstoke and Deane 017E","E01022562","Total",648,71,114,309,154,364,18,27,195,124,284,53,87,114,30
"2011","Basingstoke and Deane 018A","E01022515","Total",515,59,88,310,58,280,25,25,185,45,235,34,63,125,13
"2011","Basingstoke and Deane 018B","E01022516","Total",710,83,123,398,106,380,27,23,249,81,330,56,100,149,25
"2011","Basingstoke and Deane 018C","E01022517","Total",680,79,156,347,98,355,24,43,211,77,325,55,113,136,21
"2011","Basingstoke and Deane 018D","E01022518","Total",1121,116,203,610,192,595,30,31,380,154,526,86,172,230,38
"2011","Basingstoke and Deane 018E","E01022519","Total",660,64,126,388,82,342,15,27,234,66,318,49,99,154,16
"2011","Basingstoke and Deane 019A","E01022474","Total",760,63,121,505,71,395,17,28,291,59,365,46,93,214,12
"2011","Basingstoke and Deane 019B","E01022477","Total",816,55,121,547,93,416,17,20,313,66,400,38,101,234,27
"2011","Basingstoke and Deane 019C","E01022478","Total",770,78,130,478,84,382,22,23,273,64,388,56,107,205,20
"2011","Basingstoke and Deane 019D","E01022479","Total",698,58,122,461,57,348,17,27,256,48,350,41,95,205,9
"2011","Basingstoke and Deane 019E","E01022509","Total",859,68,138,560,93,448,18,18,338,74,411,50,120,222,19
"2011","Basingstoke and Deane 020A","E01022514","Total",807,93,131,426,157,434,25,35,259,115,373,68,96,167,42
"2011","Basingstoke and Deane 020B","E01022563","Total",941,94,156,540,151,504,18,35,328,123,437,76,121,212,28
"2011","Basingstoke and Deane 020C","E01022564","Total",890,77,150,523,140,481,12,33,324,112,409,65,117,199,28
"2011","Basingstoke and Deane 020D","E01022565","Total",872,86,153,511,122,436,23,17,302,94,436,63,136,209,28
"2011","Basingstoke and Deane 021B","E01022510","Total",1038,103,169,626,140,526,28,25,364,109,512,75,144,262,31
"2011","Basingstoke and Deane 021C","E01022511","Total",738,61,133,440,104,390,14,20,279,77,348,47,113,161,27
"2011","Basingstoke and Deane 021D","E01022512","Total",821,80,134,478,129,432,22,31,283,96,389,58,103,195,33
"2011","Basingstoke and Deane 021E","E01032848","Total",904,63,125,556,160,480,20,16,321,123,424,43,109,235,37
"2011","Basingstoke and Deane 021F","E01032849","Total",879,70,133,541,135,449,16,25,305,103,430,54,108,236,32
"2011","Basingstoke and Deane 021G","E01032850","Total",938,78,128,608,124,491,20,24,351,96,447,58,104,257,28
"2011","Basingstoke and Deane 022A","E01022532","Total",724,85,120,387,132,381,29,27,219,106,343,56,93,168,26
"2011","Basingstoke and Deane 022B","E01022533","Total",919,90,143,482,204,498,26,39,271,162,421,64,104,211,42
"2011","Basingstoke and Deane 022C","E01022534","Total",805,70,145,488,102,430,20,28,298,84,375,50,117,190,18
"2011","Basingstoke and Deane 022D","E01022535","Total",737,66,110,442,119,408,26,24,263,95,329,40,86,179,24
"2011","East Hampshire 001A","E01022581","Total",758,90,139,386,143,405,24,40,231,110,353,66,99,155,33
"2011","East Hampshire 001B","E01022582","Total",734,102,112,358,162,399,27,23,215,134,335,75,89,143,28
"2011","East Hampshire 001C","E01022604","Total",576,89,96,269,122,299,22,13,167,97,277,67,83,102,25
"2011","East Hampshire 001D","E01022605","Total",817,105,144,408,160,440,36,29,266,109,377,69,115,142,51
"2011","East Hampshire 002A","E01022574","Total",688,77,118,409,84,366,24,21,256,65,322,53,97,153,19
"2011","East Hampshire 002B","E01022575","Total",678,51,146,419,62,354,10,36,255,53,324,41,110,164,9
"2011","East Hampshire 002C","E01022576","Total",756,73,124,467,92,409,17,34,283,75,347,56,90,184,17
"2011","East Hampshire 002D","E01022579","Total",500,45,105,282,68,269,12,30,176,51,231,33,75,106,17
"2011","East Hampshire 003A","E01022571","Total",672,65,110,406,91,361,21,18,253,69,311,44,92,153,22
"2011","East Hampshire 003B","E01022572","Total",718,74,130,427,87,348,14,18,243,73,370,60,112,184,14
"2011","East Hampshire 003C","E01022573","Total",1388,147,215,826,200,727,38,49,496,144,661,109,166,330,56
"2011","East Hampshire 003D","E01022577","Total",733,68,120,441,104,395,26,33,265,71,338,42,87,176,33
"2011","East Hampshire 003E","E01022578","Total",1512,195,262,812,243,803,56,56,494,197,709,139,206,318,46
"2011","East Hampshire 003F","E01022580","Total",668,73,123,393,79,352,18,29,251,54,316,55,94,142,25
"2011","East Hampshire 004A","E01022603","Total",725,99,110,383,133,397,23,30,241,103,328,76,80,142,30
"2011","East Hampshire 004B","E01022634","Total",597,42,102,392,61,315,11,21,233,50,282,31,81,159,11
"2011","East Hampshire 004C","E01022639","Total",1073,66,115,648,244,710,19,16,457,218,363,47,99,191,26
"2011","East Hampshire 004D","E01022640","Total",805,51,142,496,116,437,16,34,300,87,368,35,108,196,29
"2011","East Hampshire 006A","E01022615","Total",1533,159,274,882,218,800,50,60,522,168,733,109,214,360,50
"2011","East Hampshire 006B","E01022633","Total",813,60,122,521,110,421,18,27,289,87,392,42,95,232,23
"2011","East Hampshire 006C","E01022635","Total",720,74,141,433,72,370,18,34,262,56,350,56,107,171,16
"2011","East Hampshire 006D","E01022636","Total",802,69,151,490,92,424,23,27,301,73,378,46,124,189,19
"2011","East Hampshire 006E","E01022641","Total",735,61,129,465,80,400,15,26,292,67,335,46,103,173,13
"2011","East Hampshire 007A","E01022591","Total",1204,154,220,529,301,665,40,53,343,229,539,114,167,186,72
"2011","East Hampshire 007B","E01022593","Total",613,76,131,287,119,340,13,31,199,97,273,63,100,88,22
"2011","East Hampshire 007C","E01022594","Total",726,79,116,393,138,397,15,23,248,111,329,64,93,145,27
"2011","East Hampshire 007D","E01022595","Total",1016,118,164,541,193,538,28,31,331,148,478,90,133,210,45
"2011","East Hampshire 007E","E01022596","Total",693,89,127,315,162,367,22,35,196,114,326,67,92,119,48
"2011","East Hampshire 007F","E01022627","Total",1115,129,208,540,238,606,29,51,335,191,509,100,157,205,47
"2011","East Hampshire 008A","E01022630","Total",1148,134,224,590,200,613,42,62,355,154,535,92,162,235,46
"2011","East Hampshire 008D","E01022642","Total",595,71,111,325,88,306,17,20,193,76,289,54,91,132,12
"2011","East Hampshire 008E","E01032663","Total",1289,110,226,785,168,670,37,50,451,132,619,73,176,334,36
"2011","East Hampshire 009A","E01022583","Total",781,84,146,423,128,414,25,38,257,94,367,59,108,166,34
"2011","East Hampshire 009B","E01022584","Total",778,82,158,401,137,414,17,42,249,106,364,65,116,152,31
"2011","East Hampshire 009C","E01022585","Total",836,107,133,418,178,445,28,26,256,135,391,79,107,162,43
"2011","East Hampshire 009D","E01022586","Total",863,101,166,445,151,460,24,42,269,125,403,77,124,176,26
"2011","East Hampshire 009E","E01022587","Total",913,97,166,513,137,479,23,43,310,103,434,74,123,203,34
"2011","East Hampshire 010A","E01022616","Total",798,103,148,426,121,412,30,33,256,93,386,73,115,170,28
"2011","East Hampshire 010B","E01022617","Total",810,92,162,432,124,423,25,35,263,100,387,67,127,169,24
"2011","East Hampshire 010C","E01022618","Total",767,108,146,360,153,412,34,41,215,122,355,74,105,145,31
"2011","East Hampshire 010D","E01022631","Total",681,72,125,349,135,367,17,25,222,103,314,55,100,127,32
"2011","East Hampshire 010E","E01022632","Total",579,68,106,321,84,306,16,19,211,60,273,52,87,110,24
"2011","East Hampshire 011A","E01022592","Total",1145,151,229,517,248,621,45,59,325,192,524,106,170,192,56
"2011","East Hampshire 011B","E01022597","Total",1264,153,225,582,304,682,37,59,357,229,582,116,166,225,75
"2011","East Hampshire 011C","E01022619","Total",668,63,117,360,128,355,18,19,215,103,313,45,98,145,25
"2011","East Hampshire 011D","E01022624","Total",1121,165,227,563,166,596,51,54,369,122,525,114,173,194,44
"2011","East Hampshire 011E","E01022625","Total",1287,171,236,618,262,666,37,50,383,196,621,134,186,235,66
"2011","East Hampshire 012A","E01022620","Total",637,62,117,382,76,325,15,27,226,57,312,47,90,156,19
"2011","East Hampshire 012B","E01022621","Total",630,65,136,354,75,307,12,28,209,58,323,53,108,145,17
"2011","East Hampshire 012C","E01022622","Total",610,70,133,324,83,328,15,32,218,63,282,55,101,106,20
"2011","East Hampshire 012D","E01022623","Total",1112,136,191,638,147,579,25,38,396,120,533,111,153,242,27
"2011","East Hampshire 012F","E01032664","Total",529,43,73,329,84,287,12,25,200,50,242,31,48,129,34
"2011","East Hampshire 012G","E01032665","Total",702,76,104,432,90,370,26,27,252,65,332,50,77,180,25
"2011","East Hampshire 013A","E01022588","Total",830,105,160,441,124,440,31,33,275,101,390,74,127,166,23
"2011","East Hampshire 013B","E01022589","Total",929,98,191,478,162,483,30,40,295,118,446,68,151,183,44
"2011","East Hampshire 013C","E01022590","Total",738,104,124,414,96,377,33,22,255,67,361,71,102,159,29
"2011","East Hampshire 013D","E01022607","Total",612,62,133,319,98,310,14,23,192,81,302,48,110,127,17
"2011","East Hampshire 013E","E01022608","Total",722,82,130,405,105,376,20,29,247,80,346,62,101,158,25
"2011","East Hampshire 014A","E01022606","Total",1351,152,264,716,219,716,43,58,445,170,635,109,206,271,49
"2011","East Hampshire 014B","E01022611","Total",776,85,146,435,110,405,28,33,261,83,371,57,113,174,27
"2011","East Hampshire 014C","E01022613","Total",742,82,149,409,102,369,23,20,245,81,373,59,129,164,21
"2011","East Hampshire 014D","E01022614","Total",509,46,113,286,64,271,13,26,180,52,238,33,87,106,12
"2011","East Hampshire 016A","E01022610","Total",689,77,132,369,111,362,20,27,227,88,327,57,105,142,23
"2011","East Hampshire 016B","E01022628","Total",617,53,125,359,80,321,12,29,224,56,296,41,96,135,24
"2011","East Hampshire 016C","E01022629","Total",556,94,111,257,94,308,30,31,171,76,248,64,80,86,18
"2011","East Hampshire 016D","E01032615","Total",457,52,90,254,61,248,12,19,169,48,209,40,71,85,13
"2011","East Hampshire 016E","E01032616","Total",872,89,171,503,109,448,22,28,309,89,424,67,143,194,20
"2011","East Hampshire 017A","E01022599","Total",635,66,116,346,107,338,20,29,207,82,297,46,87,139,25
"2011","East Hampshire 017B","E01022600","Total",722,89,143,362,128,386,26,31,235,94,336,63,112,127,34
"2011","East Hampshire 017C","E01022601","Total",698,96,121,357,124,373,22,29,222,100,325,74,92,135,24
"2011","East Hampshire 017D","E01022602","Total",643,63,123,310,147,350,17,28,193,112,293,46,95,117,35
"2011","East Hampshire 017E","E01032625","Total",448,60,85,215,88,233,11,21,129,72,215,49,64,86,16
"2011","Eastleigh 001A","E01022705","Total",662,99,148,297,118,342,24,30,190,98,320,75,118,107,20
"2011","Eastleigh 001B","E01022706","Total",765,133,144,360,128,400,34,31,226,109,365,99,113,134,19
"2011","Eastleigh 001C","E01022707","Total",1012,139,195,554,124,547,50,38,357,102,465,89,157,197,22
"2011","Eastleigh 001D","E01022708","Total",877,95,154,516,112,454,22,33,313,86,423,73,121,203,26
"2011","Eastleigh 001E","E01022709","Total",753,97,153,370,133,394,21,37,232,104,359,76,116,138,29
"2011","Eastleigh 002A","E01022659","Total",911,103,175,552,81,445,26,33,322,64,466,77,142,230,17
"2011","Eastleigh 002B","E01022660","Total",751,76,133,448,94,400,23,24,277,76,351,53,109,171,18
"2011","Eastleigh 002C","E01022675","Total",816,76,169,459,112,437,19,39,287,92,379,57,130,172,20
"2011","Eastleigh 002D","E01022676","Total",856,88,156,516,96,443,23,37,308,75,413,65,119,208,21
"2011","Eastleigh 002E","E01022704","Total",892,94,185,508,105,455,21,35,308,91,437,73,150,200,14
"2011","Eastleigh 003A","E01022661","Total",791,78,148,442,123,432,26,28,277,101,359,52,120,165,22
"2011","Eastleigh 003B","E01022662","Total",726,71,154,410,91,373,20,39,252,62,353,51,115,158,29
"2011","Eastleigh 003C","E01022663","Total",932,114,177,525,116,491,36,35,330,90,441,78,142,195,26
"2011","Eastleigh 003D","E01022664","Total",785,97,153,420,115,403,31,32,249,91,382,66,121,171,24
"2011","Eastleigh 003E","E01022665","Total",814,65,124,502,123,431,26,24,289,92,383,39,100,213,31
"2011","Eastleigh 004A","E01022648","Total",676,55,110,428,83,363,20,23,260,60,313,35,87,168,23
"2011","Eastleigh 004B","E01022667","Total",849,81,149,513,106,452,24,35,308,85,397,57,114,205,21
"2011","Eastleigh 004C","E01022672","Total",831,75,169,480,107,438,19,40,292,87,393,56,129,188,20
"2011","Eastleigh 004D","E01022673","Total",1145,97,185,728,135,619,32,39,442,106,526,65,146,286,29
"2011","Eastleigh 004E","E01022674","Total",924,83,159,591,91,478,24,28,356,70,446,59,131,235,21
"2011","Eastleigh 005A","E01022643","Total",921,75,193,538,115,475,20,33,329,93,446,55,160,209,22
"2011","Eastleigh 005B","E01022644","Total",685,66,151,393,75,356,11,28,254,63,329,55,123,139,12
"2011","Eastleigh 005C","E01022646","Total",867,102,168,500,97,453,31,31,312,79,414,71,137,188,18
"2011","Eastleigh 005D","E01022647","Total",850,99,176,475,100,443,35,27,306,75,407,64,149,169,25
"2011","Eastleigh 005E","E01022649","Total",674,76,159,376,63,339,13,33,246,47,335,63,126,130,16
"2011","Eastleigh 005F","E01022650","Total",615,53,132,354,76,329,17,26,225,61,286,36,106,129,15
"2011","Eastleigh 006A","E01022668","Total",1478,123,229,959,167,780,42,51,564,123,698,81,178,395,44
"2011","Eastleigh 006B","E01022677","Total",999,106,174,607,112,530,32,35,368,95,469,74,139,239,17
"2011","Eastleigh 006C","E01022678","Total",912,81,194,520,117,449,22,37,299,91,463,59,157,221,26
"2011","Eastleigh 006D","E01022680","Total",675,69,138,376,92,346,20,29,223,74,329,49,109,153,18
"2011","Eastleigh 006E","E01022681","Total",717,63,151,433,70,371,19,29,266,57,346,44,122,167,13
"2011","Eastleigh 007A","E01022666","Total",1273,101,242,806,124,712,36,93,479,104,561,65,149,327,20
"2011","Eastleigh 007B","E01022669","Total",1018,85,166,645,122,527,31,35,377,84,491,54,131,268,38
"2011","Eastleigh 007C","E01022670","Total",822,64,144,527,87,428,22,38,307,61,394,42,106,220,26
"2011","Eastleigh 007D","E01022671","Total",866,46,176,548,96,447,17,33,319,78,419,29,143,229,18
"2011","Eastleigh 007E","E01022679","Total",1027,83,194,621,129,548,23,55,366,104,479,60,139,255,25
"2011","Eastleigh 008A","E01022645","Total",578,61,128,307,82,296,10,21,201,64,282,51,107,106,18
"2011","Eastleigh 008B","E01022682","Total",750,100,149,398,103,390,21,28,261,80,360,79,121,137,23
"2011","Eastleigh 008C","E01022683","Total",788,95,142,432,119,410,24,18,280,88,378,71,124,152,31
"2011","Eastleigh 008D","E01022684","Total",772,75,177,435,85,413,26,27,291,69,359,49,150,144,16
"2011","Eastleigh 008E","E01022685","Total",610,55,107,360,88,334,11,22,224,77,276,44,85,136,11
"2011","Eastleigh 008F","E01022686","Total",908,118,194,452,144,469,24,37,291,117,439,94,157,161,27
"2011","Eastleigh 008G","E01022687","Total",980,96,178,560,146,518,27,32,338,121,462,69,146,222,25
"2011","Eastleigh 009A","E01022713","Total",871,82,172,495,122,452,17,32,306,97,419,65,140,189,25
"2011","Eastleigh 009B","E01022714","Total",795,78,174,439,104,432,29,30,289,84,363,49,144,150,20
"2011","Eastleigh 009C","E01022715","Total",891,64,158,559,110,457,19,34,319,85,434,45,124,240,25
"2011","Eastleigh 009D","E01022716","Total",897,72,168,544,113,462,26,30,321,85,435,46,138,223,28
"2011","Eastleigh 009E","E01022717","Total",739,59,140,436,104,366,19,26,239,82,373,40,114,197,22
"2011","Eastleigh 009F","E01022718","Total",765,68,166,440,91,410,17,45,270,78,355,51,121,170,13
"2011","Eastleigh 009G","E01022719","Total",799,103,153,427,116,416,34,34,257,91,383,69,119,170,25
"2011","Eastleigh 010A","E01022653","Total",721,87,145,379,110,389,25,35,240,89,332,62,110,139,21
"2011","Eastleigh 010B","E01022691","Total",943,84,168,568,123,487,17,26,345,99,456,67,142,223,24
"2011","Eastleigh 010C","E01022692","Total",1712,122,308,1043,239,849,20,47,600,182,863,102,261,443,57
"2011","Eastleigh 010D","E01022693","Total",874,97,153,493,131,449,18,32,294,105,425,79,121,199,26
"2011","Eastleigh 010E","E01022694","Total",1052,113,200,582,157,547,34,32,360,121,505,79,168,222,36
"2011","Eastleigh 011A","E01022652","Total",849,92,179,470,108,435,28,39,285,83,414,64,140,185,25
"2011","Eastleigh 011B","E01022695","Total",693,70,145,396,82,341,18,24,235,64,352,52,121,161,18
"2011","Eastleigh 011C","E01022700","Total",760,83,140,450,87,395,24,24,279,68,365,59,116,171,19
"2011","Eastleigh 011D","E01022701","Total",482,64,88,274,56,252,17,17,175,43,230,47,71,99,13
"2011","Eastleigh 011E","E01022703","Total",797,81,143,476,97,404,22,40,272,70,393,59,103,204,27
"2011","Eastleigh 012A","E01022651","Total",1090,101,196,653,140,536,30,33,372,101,554,71,163,281,39
"2011","Eastleigh 012B","E01022696","Total",716,60,167,391,98,367,13,24,251,79,349,47,143,140,19
"2011","Eastleigh 012C","E01022697","Total",783,105,161,399,118,419,24,36,266,93,364,81,125,133,25
"2011","Eastleigh 012D","E01022698","Total",786,90,151,430,115,416,26,34,271,85,370,64,117,159,30
"2011","Eastleigh 012E","E01022699","Total",787,66,154,463,104,419,13,26,289,91,368,53,128,174,13
"2011","Eastleigh 012F","E01022702","Total",783,79,151,441,112,420,26,27,285,82,363,53,124,156,30
"2011","Eastleigh 013A","E01022654","Total",808,66,137,490,115,411,13,25,278,95,397,53,112,212,20
"2011","Eastleigh 013B","E01022655","Total",611,61,151,334,65,300,21,29,203,47,311,40,122,131,18
"2011","Eastleigh 013C","E01022656","Total",742,83,142,417,100,401,20,31,267,83,341,63,111,150,17
"2011","Eastleigh 013D","E01022657","Total",924,82,121,564,157,499,24,18,333,124,425,58,103,231,33
"2011","Eastleigh 013E","E01022658","Total",843,87,147,461,148,437,33,22,275,107,406,54,125,186,41
"2011","Eastleigh 014A","E01022710","Total",959,90,163,555,151,523,33,40,343,107,436,57,123,212,44
"2011","Eastleigh 014B","E01022711","Total",769,71,169,457,72,380,17,37,270,56,389,54,132,187,16
"2011","Eastleigh 014C","E01022712","Total",948,77,203,545,123,483,24,31,335,93,465,53,172,210,30
"2011","Eastleigh 015A","E01022688","Total",1268,88,201,732,247,675,26,40,423,186,593,62,161,309,61
"2011","Eastleigh 015B","E01022689","Total",798,82,151,447,118,413,32,16,280,85,385,50,135,167,33
"2011","Eastleigh 015C","E01022690","Total",960,92,196,539,133,511,34,44,331,102,449,58,152,208,31
"2011","Fareham 001A","E01022758","Total",795,61,160,468,106,400,18,35,266,81,395,43,125,202,25
"2011","Fareham 001B","E01022771","Total",967,97,157,538,175,503,20,21,319,143,464,77,136,219,32
"2011","Fareham 001C","E01022772","Total",1264,123,213,700,228,679,31,33,445,170,585,92,180,255,58
"2011","Fareham 001D","E01022773","Total",838,95,136,449,158,434,23,26,265,120,404,72,110,184,38
"2011","Fareham 001E","E01022774","Total",1021,112,179,561,169,561,32,41,357,131,460,80,138,204,38
"2011","Fareham 002A","E01022749","Total",683,69,137,374,103,371,14,30,240,87,312,55,107,134,16
"2011","Fareham 002B","E01022753","Total",688,68,157,371,92,330,11,23,223,73,358,57,134,148,19
"2011","Fareham 002C","E01022754","Total",962,94,134,570,164,513,19,24,345,125,449,75,110,225,39
"2011","Fareham 002D","E01022780","Total",869,55,143,529,142,459,13,20,318,108,410,42,123,211,34
"2011","Fareham 002E","E01022787","Total",695,74,112,411,98,369,23,26,244,76,326,51,86,167,22
"2011","Fareham 002F","E01022788","Total",700,65,137,411,87,357,17,30,239,71,343,48,107,172,16
"2011","Fareham 003A","E01022730","Total",728,73,145,424,86,370,22,25,261,62,358,51,120,163,24
"2011","Fareham 003B","E01022731","Total",815,76,156,481,102,432,26,22,304,80,383,50,134,177,22
"2011","Fareham 003C","E01022732","Total",688,52,140,407,89,336,15,19,234,68,352,37,121,173,21
"2011","Fareham 003D","E01022733","Total",789,86,139,472,92,409,33,27,274,75,380,53,112,198,17
"2011","Fareham 003E","E01022734","Total",656,59,136,401,60,332,16,20,248,48,324,43,116,153,12
"2011","Fareham 004A","E01022720","Total",731,90,138,390,113,379,23,19,252,85,352,67,119,138,28
"2011","Fareham 004B","E01022725","Total",565,76,120,282,87,299,29,28,178,64,266,47,92,104,23
"2011","Fareham 004C","E01022726","Total",658,62,124,382,90,366,15,25,253,73,292,47,99,129,17
"2011","Fareham 004D","E01022727","Total",716,72,157,419,68,372,20,34,265,53,344,52,123,154,15
"2011","Fareham 004E","E01022729","Total",653,48,133,380,92,351,10,21,241,79,302,38,112,139,13
"2011","Fareham 004F","E01022743","Total",912,96,160,539,117,489,29,36,334,90,423,67,124,205,27
"2011","Fareham 005A","E01022750","Total",736,72,153,416,95,376,15,34,253,74,360,57,119,163,21
"2011","Fareham 005B","E01022751","Total",712,70,143,383,116,367,16,23,237,91,345,54,120,146,25
"2011","Fareham 005C","E01022752","Total",768,113,141,389,125,407,33,29,246,99,361,80,112,143,26
"2011","Fareham 005D","E01022757","Total",1039,85,176,656,122,525,23,33,376,93,514,62,143,280,29
"2011","Fareham 005E","E01022790","Total",1002,112,180,537,173,534,28,25,337,144,468,84,155,200,29
"2011","Fareham 006A","E01022755","Total",695,72,146,387,90,348,19,33,221,75,347,53,113,166,15
"2011","Fareham 006B","E01022756","Total",772,81,159,433,99,404,31,28,267,78,368,50,131,166,21
"2011","Fareham 006C","E01022791","Total",1029,101,188,572,168,601,37,53,381,130,428,64,135,191,38
"2011","Fareham 006D","E01022792","Total",780,79,167,404,130,413,30,32,248,103,367,49,135,156,27
"2011","Fareham 006E","E01022793","Total",931,114,166,515,136,480,31,33,308,108,451,83,133,207,28
"2011","Fareham 007A","E01022781","Total",629,70,122,336,101,338,21,17,220,80,291,49,105,116,21
"2011","Fareham 007B","E01022782","Total",736,95,137,376,128,383,32,41,219,91,353,63,96,157,37
"2011","Fareham 007C","E01022785","Total",822,99,154,463,106,423,21,23,298,81,399,78,131,165,25
"2011","Fareham 007D","E01022786","Total",863,87,178,498,100,436,26,35,297,78,427,61,143,201,22
"2011","Fareham 007E","E01022789","Total",850,67,134,543,106,442,13,26,317,86,408,54,108,226,20
"2011","Fareham 008A","E01022721","Total",739,70,128,449,92,383,21,28,264,70,356,49,100,185,22
"2011","Fareham 008B","E01022722","Total",781,74,150,438,119,399,21,31,265,82,382,53,119,173,37
"2011","Fareham 008C","E01022723","Total",783,55,131,482,115,411,22,30,269,90,372,33,101,213,25
"2011","Fareham 008D","E01022724","Total",787,71,156,454,106,404,18,30,265,91,383,53,126,189,15
"2011","Fareham 008E","E01022737","Total",810,63,121,524,102,440,15,28,322,75,370,48,93,202,27
"2011","Fareham 008F","E01022766","Total",648,78,129,332,109,346,25,23,208,90,302,53,106,124,19
"2011","Fareham 008G","E01022769","Total",716,50,118,459,89,379,17,23,269,70,337,33,95,190,19
"2011","Fareham 009A","E01022740","Total",852,78,171,520,83,434,25,33,319,57,418,53,138,201,26
"2011","Fareham 009B","E01022741","Total",623,63,102,360,98,334,13,23,222,76,289,50,79,138,22
"2011","Fareham 009C","E01022742","Total",783,79,146,447,111,423,21,31,280,91,360,58,115,167,20
"2011","Fareham 009D","E01022783","Total",698,69,121,381,127,365,26,20,225,94,333,43,101,156,33
"2011","Fareham 009E","E01022784","Total",745,79,140,434,92,379,21,35,259,64,366,58,105,175,28
"2011","Fareham 010A","E01022759","Total",775,87,141,444,103,405,26,23,279,77,370,61,118,165,26
"2011","Fareham 010B","E01022763","Total",741,78,156,410,97,378,22,39,246,71,363,56,117,164,26
"2011","Fareham 010C","E01022765","Total",835,87,147,511,90,432,22,33,312,65,403,65,114,199,25
"2011","Fareham 010D","E01022768","Total",756,66,153,451,86,394,12,31,281,70,362,54,122,170,16
"2011","Fareham 010E","E01022770","Total",889,92,183,493,121,485,25,36,322,102,404,67,147,171,19
"2011","Fareham 011A","E01022728","Total",889,60,178,540,111,462,20,38,316,88,427,40,140,224,23
"2011","Fareham 011B","E01022735","Total",805,67,164,473,101,430,21,36,291,82,375,46,128,182,19
"2011","Fareham 011C","E01022736","Total",794,69,163,486,76,439,23,40,319,57,355,46,123,167,19
"2011","Fareham 011D","E01022738","Total",466,31,92,302,41,255,8,29,187,31,211,23,63,115,10
"2011","Fareham 011E","E01022739","Total",682,69,149,405,59,337,13,26,249,49,345,56,123,156,10
"2011","Fareham 012A","E01022760","Total",766,72,145,450,99,398,18,32,271,77,368,54,113,179,22
"2011","Fareham 012B","E01022761","Total",718,82,147,394,95,385,23,35,252,75,333,59,112,142,20
"2011","Fareham 012C","E01022762","Total",802,79,158,483,82,414,27,24,295,68,388,52,134,188,14
"2011","Fareham 012D","E01022764","Total",708,61,170,415,62,382,16,40,275,51,326,45,130,140,11
"2011","Fareham 012E","E01022767","Total",612,52,129,369,62,327,11,27,235,54,285,41,102,134,8
"2011","Fareham 013B","E01022776","Total",827,97,162,466,102,450,30,30,305,85,377,67,132,161,17
"2011","Fareham 013C","E01022777","Total",616,83,132,325,76,315,25,24,206,60,301,58,108,119,16
"2011","Fareham 013D","E01022778","Total",710,68,138,428,76,384,13,25,284,62,326,55,113,144,14
"2011","Fareham 013F","E01032877","Total",968,117,196,536,119,515,31,52,337,95,453,86,144,199,24
"2011","Fareham 014A","E01022744","Total",631,88,124,320,99,335,26,30,200,79,296,62,94,120,20
"2011","Fareham 014B","E01022745","Total",680,97,122,348,113,349,25,20,221,83,331,72,102,127,30
"2011","Fareham 014C","E01022746","Total",678,93,131,340,114,368,27,33,211,97,310,66,98,129,17
"2011","Fareham 014D","E01022747","Total",617,66,114,351,86,302,14,19,202,67,315,52,95,149,19
"2011","Fareham 014E","E01022748","Total",758,90,171,415,82,378,28,36,246,68,380,62,135,169,14
"2011","Gosport 001A","E01022800","Total",791,66,154,502,69,412,16,31,306,59,379,50,123,196,10
"2011","Gosport 001B","E01022801","Total",665,38,139,416,72,342,11,29,250,52,323,27,110,166,20
"2011","Gosport 001C","E01022802","Total",765,77,154,428,106,410,19,28,279,84,355,58,126,149,22
"2011","Gosport 001D","E01022803","Total",763,69,161,444,89,411,19,37,280,75,352,50,124,164,14
"2011","Gosport 001E","E01022836","Total",616,57,115,373,71,336,20,28,230,58,280,37,87,143,13
"2011","Gosport 002A","E01022804","Total",759,74,147,440,98,418,25,33,281,79,341,49,114,159,19
"2011","Gosport 002B","E01022805","Total",689,63,143,412,71,345,19,25,239,62,344,44,118,173,9
"2011","Gosport 002C","E01022834","Total",608,57,107,384,60,325,17,15,246,47,283,40,92,138,13
"2011","Gosport 002D","E01022835","Total",717,56,127,448,86,376,14,25,271,66,341,42,102,177,20
"2011","Gosport 002E","E01022840","Total",744,70,157,442,75,385,12,34,276,63,359,58,123,166,12
"2011","Gosport 003A","E01022813","Total",785,70,143,472,100,414,22,16,296,80,371,48,127,176,20
"2011","Gosport 003B","E01022814","Total",885,88,136,558,103,462,19,24,333,86,423,69,112,225,17
"2011","Gosport 003C","E01022815","Total",826,66,148,519,93,446,16,24,327,79,380,50,124,192,14
"2011","Gosport 003D","E01022823","Total",833,57,139,513,124,461,13,29,318,101,372,44,110,195,23
"2011","Gosport 003E","E01022825","Total",786,58,158,476,94,412,14,27,297,74,374,44,131,179,20
"2011","Gosport 004A","E01022819","Total",784,64,144,476,100,412,20,25,284,83,372,44,119,192,17
"2011","Gosport 004B","E01022820","Total",763,63,148,467,85,384,13,27,267,77,379,50,121,200,8
"2011","Gosport 004E","E01022841","Total",694,60,132,415,87,382,15,32,260,75,312,45,100,155,12
"2011","Gosport 004F","E01022842","Total",783,59,142,435,147,433,20,21,275,117,350,39,121,160,30
"2011","Gosport 004G","E01032882","Total",860,72,191,530,67,437,18,42,327,50,423,54,149,203,17
"2011","Gosport 005A","E01022807","Total",820,49,118,557,96,436,9,23,338,66,384,40,95,219,30
"2011","Gosport 005B","E01022816","Total",793,67,141,486,99,426,12,24,310,80,367,55,117,176,19
"2011","Gosport 005C","E01022817","Total",922,55,186,582,99,505,17,37,366,85,417,38,149,216,14
"2011","Gosport 005D","E01022818","Total",650,51,138,394,67,339,19,28,237,55,311,32,110,157,12
"2011","Gosport 005E","E01022824","Total",1565,95,214,1015,241,878,23,50,621,184,687,72,164,394,57
"2011","Gosport 006A","E01022826","Total",860,76,170,500,114,435,17,20,304,94,425,59,150,196,20
"2011","Gosport 006C","E01022828","Total",482,42,85,275,80,272,9,27,184,52,210,33,58,91,28
"2011","Gosport 006D","E01022829","Total",842,100,160,424,158,472,21,30,290,131,370,79,130,134,27
"2011","Gosport 006E","E01022830","Total",634,64,125,335,110,333,15,33,211,74,301,49,92,124,36
"2011","Gosport 006F","E01032880","Total",763,67,138,435,123,397,19,18,263,97,366,48,120,172,26
"2011","Gosport 006G","E01032881","Total",914,77,158,532,147,467,18,24,306,119,447,59,134,226,28
"2011","Gosport 006H","E01032883","Total",581,55,118,346,62,295,16,23,206,50,286,39,95,140,12
"2011","Gosport 007A","E01022806","Total",775,70,140,494,71,422,21,27,311,63,353,49,113,183,8
"2011","Gosport 007D","E01022832","Total",887,68,155,553,111,454,22,17,321,94,433,46,138,232,17
"2011","Gosport 007E","E01022839","Total",662,67,135,395,65,348,21,36,237,54,314,46,99,158,11
"2011","Gosport 007F","E01032884","Total",1036,96,183,626,131,568,20,47,391,110,468,76,136,235,21
"2011","Gosport 008A","E01022810","Total",783,83,134,473,93,443,49,35,292,67,340,34,99,181,26
"2011","Gosport 008B","E01022811","Total",1266,93,203,796,174,693,36,41,482,134,573,57,162,314,40
"2011","Gosport 008C","E01022833","Total",839,68,182,498,91,444,19,46,308,71,395,49,136,190,20
"2011","Gosport 008D","E01022843","Total",587,56,120,341,70,299,17,33,201,48,288,39,87,140,22
"2011","Gosport 008F","E01032878","Total",610,37,89,405,79,326,12,23,231,60,284,25,66,174,19
"2011","Gosport 008G","E01032879","Total",520,30,91,314,85,294,12,31,183,68,226,18,60,131,17
"2011","Gosport 009A","E01022794","Total",629,74,109,336,110,341,20,24,210,87,288,54,85,126,23
"2011","Gosport 009B","E01022795","Total",737,76,113,481,67,403,24,25,301,53,334,52,88,180,14
"2011","Gosport 009C","E01022796","Total",471,57,97,246,71,261,19,26,164,52,210,38,71,82,19
"2011","Gosport 009D","E01022837","Total",756,87,151,405,113,397,35,22,255,85,359,52,129,150,28
"2011","Gosport 009E","E01022838","Total",598,77,110,331,80,309,16,20,209,64,289,61,90,122,16
"2011","Gosport 010A","E01022797","Total",508,58,93,281,76,268,23,25,158,62,240,35,68,123,14
"2011","Gosport 010B","E01022798","Total",580,55,101,361,63,324,14,25,234,51,256,41,76,127,12
"2011","Gosport 010C","E01022799","Total",670,59,139,362,110,361,14,38,222,87,309,45,101,140,23
"2011","Gosport 010D","E01022812","Total",721,68,134,438,81,376,22,33,261,60,345,46,101,177,21
"2011","Gosport 010E","E01022831","Total",746,58,125,479,84,380,15,23,280,62,366,43,102,199,22
"2011","Gosport 010F","E01022845","Total",740,65,133,446,96,374,14,31,258,71,366,51,102,188,25
"2011","Hart 001A","E01022890","Total",691,86,127,377,101,361,30,25,223,83,330,56,102,154,18
"2011","Hart 001B","E01022891","Total",975,105,184,515,171,511,27,37,322,125,464,78,147,193,46
"2011","Hart 001C","E01022892","Total",949,105,200,519,125,500,29,46,319,106,449,76,154,200,19
"2011","Hart 001D","E01022893","Total",850,89,154,493,114,424,17,38,285,84,426,72,116,208,30
"2011","Hart 001E","E01022894","Total",801,72,153,468,108,417,20,24,286,87,384,52,129,182,21
"2011","Hart 002A","E01022859","Total",901,106,157,433,205,472,22,29,266,155,429,84,128,167,50
"2011","Hart 002B","E01022895","Total",1048,110,178,598,162,551,34,37,347,133,497,76,141,251,29
"2011","Hart 002C","E01022896","Total",917,84,181,526,126,465,21,28,325,91,452,63,153,201,35
"2011","Hart 002D","E01022897","Total",1011,96,171,597,147,514,26,25,341,122,497,70,146,256,25
"2011","Hart 002E","E01022898","Total",873,99,169,477,128,449,33,23,291,102,424,66,146,186,26
"2011","Hart 003A","E01022846","Total",687,46,79,426,136,410,9,21,281,99,277,37,58,145,37
"2011","Hart 003B","E01022847","Total",973,86,135,587,165,521,20,28,351,122,452,66,107,236,43
"2011","Hart 003C","E01022848","Total",786,78,132,459,117,414,20,35,267,92,372,58,97,192,25
"2011","Hart 003D","E01022874","Total",736,75,146,438,77,379,17,32,270,60,357,58,114,168,17
"2011","Hart 003E","E01022875","Total",749,77,149,437,86,388,19,36,263,70,361,58,113,174,16
"2011","Hart 003F","E01022876","Total",727,72,139,413,103,388,15,24,261,88,339,57,115,152,15
"2011","Hart 003G","E01022877","Total",767,79,149,418,121,411,31,32,254,94,356,48,117,164,27
"2011","Hart 004A","E01022858","Total",569,67,84,270,148,327,19,22,170,116,242,48,62,100,32
"2011","Hart 004B","E01022878","Total",810,108,129,387,186,436,34,27,237,138,374,74,102,150,48
"2011","Hart 004C","E01022879","Total",811,73,125,466,147,436,20,28,286,102,375,53,97,180,45
"2011","Hart 004D","E01022880","Total",784,81,133,412,158,422,19,28,254,121,362,62,105,158,37
"2011","Hart 005A","E01022860","Total",837,90,124,468,155,474,28,33,285,128,363,62,91,183,27
"2011","Hart 005B","E01022862","Total",1124,90,141,736,157,635,32,32,454,117,489,58,109,282,40
"2011","Hart 005D","E01022867","Total",939,81,115,588,155,513,25,27,348,113,426,56,88,240,42
"2011","Hart 005E","E01032852","Total",1001,71,142,621,167,529,18,17,361,133,472,53,125,260,34
"2011","Hart 005F","E01032853","Total",974,78,126,563,207,533,20,16,335,162,441,58,110,228,45
"2011","Hart 005G","E01032854","Total",935,65,106,576,188,518,13,12,343,150,417,52,94,233,38
"2011","Hart 005H","E01032857","Total",649,50,87,401,111,362,14,17,243,88,287,36,70,158,23
"2011","Hart 006A","E01022881","Total",1237,136,170,716,215,669,45,23,439,162,568,91,147,277,53
"2011","Hart 006B","E01022882","Total",851,91,133,475,152,473,19,38,297,119,378,72,95,178,33
"2011","Hart 006C","E01022883","Total",733,88,110,397,138,390,22,22,243,103,343,66,88,154,35
"2011","Hart 006D","E01022884","Total",809,92,132,441,144,427,21,26,271,109,382,71,106,170,35
"2011","Hart 006E","E01022885","Total",860,95,135,489,141,453,19,25,294,115,407,76,110,195,26
"2011","Hart 007A","E01022861","Total",873,119,146,454,154,475,40,28,284,123,398,79,118,170,31
"2011","Hart 007B","E01022863","Total",730,71,135,410,114,405,17,31,261,96,325,54,104,149,18
"2011","Hart 007C","E01022865","Total",807,101,142,433,131,439,31,33,276,99,368,70,109,157,32
"2011","Hart 007D","E01022868","Total",837,102,164,442,129,470,25,38,303,104,367,77,126,139,25
"2011","Hart 007E","E01022870","Total",677,76,135,363,103,363,19,30,233,81,314,57,105,130,22
"2011","Hart 008A","E01022864","Total",606,74,108,345,79,340,25,25,226,64,266,49,83,119,15
"2011","Hart 008B","E01022871","Total",781,88,128,453,112,415,24,24,277,90,366,64,104,176,22
"2011","Hart 008C","E01022872","Total",904,96,169,493,146,498,22,46,317,113,406,74,123,176,33
"2011","Hart 008D","E01022873","Total",845,121,137,418,169,454,23,32,265,134,391,98,105,153,35
"2011","Hart 008E","E01022887","Total",749,91,139,366,153,407,25,37,227,118,342,66,102,139,35
"2011","Hart 009A","E01022849","Total",871,94,158,463,156,453,21,28,285,119,418,73,130,178,37
"2011","Hart 009B","E01022850","Total",825,74,145,489,117,447,14,33,308,92,378,60,112,181,25
"2011","Hart 009C","E01022851","Total",838,84,133,487,134,442,25,21,291,105,396,59,112,196,29
"2011","Hart 009D","E01022853","Total",861,100,154,476,131,448,22,30,298,98,413,78,124,178,33
"2011","Hart 009E","E01022869","Total",757,75,153,419,110,407,18,28,274,87,350,57,125,145,23
"2011","Hart 010A","E01022852","Total",1107,103,157,640,207,561,25,19,364,153,546,78,138,276,54
"2011","Hart 010B","E01022854","Total",898,90,153,485,170,469,16,19,295,139,429,74,134,190,31
"2011","Hart 010C","E01022855","Total",568,63,106,282,117,310,12,26,171,101,258,51,80,111,16
"2011","Hart 010D","E01022856","Total",709,104,120,334,151,374,20,26,210,118,335,84,94,124,33
"2011","Hart 010E","E01022857","Total",729,79,82,405,163,395,22,13,226,134,334,57,69,179,29
"2011","Hart 011B","E01022888","Total",835,106,144,415,170,430,32,37,237,124,405,74,107,178,46
"2011","Hart 011C","E01022889","Total",735,104,118,401,112,381,24,26,240,91,354,80,92,161,21
"2011","Hart 011D","E01032855","Total",596,59,100,293,144,338,17,24,188,109,258,42,76,105,35
"2011","Hart 011E","E01032856","Total",1545,78,100,989,378,1108,24,23,745,316,437,54,77,244,62
"2011","Havant 003A","E01022930","Total",785,79,158,464,84,411,21,35,282,73,374,58,123,182,11
"2011","Havant 003B","E01022931","Total",844,99,166,475,104,432,19,32,298,83,412,80,134,177,21
"2011","Havant 003C","E01022935","Total",633,75,130,357,71,327,25,32,212,58,306,50,98,145,13
"2011","Havant 003D","E01022975","Total",720,72,141,414,93,377,21,28,253,75,343,51,113,161,18
"2011","Havant 003E","E01022976","Total",668,68,115,378,107,366,19,26,239,82,302,49,89,139,25
"2011","Havant 004A","E01022922","Total",938,78,162,596,102,477,16,28,351,82,461,62,134,245,20
"2011","Havant 004B","E01022971","Total",795,80,135,476,104,405,19,21,289,76,390,61,114,187,28
"2011","Havant 004C","E01022972","Total",817,106,161,428,122,425,27,30,272,96,392,79,131,156,26
"2011","Havant 004D","E01022974","Total",769,80,157,425,107,385,30,29,245,81,384,50,128,180,26
"2011","Havant 005A","E01022959","Total",607,75,124,345,63,323,16,27,227,53,284,59,97,118,10
"2011","Havant 005B","E01022962","Total",763,76,160,447,80,392,19,33,273,67,371,57,127,174,13
"2011","Havant 005C","E01022965","Total",632,77,148,339,68,310,25,26,205,54,322,52,122,134,14
"2011","Havant 005D","E01022973","Total",848,81,162,451,154,455,17,34,281,123,393,64,128,170,31
"2011","Havant 006A","E01022901","Total",725,56,152,439,78,387,16,28,279,64,338,40,124,160,14
"2011","Havant 006B","E01022902","Total",660,57,137,397,69,349,18,36,237,58,311,39,101,160,11
"2011","Havant 006C","E01022966","Total",576,46,151,321,58,287,9,28,199,51,289,37,123,122,7
"2011","Havant 006D","E01022967","Total",446,43,86,258,59,229,15,25,144,45,217,28,61,114,14
"2011","Havant 007A","E01022960","Total",763,56,148,468,91,409,11,33,283,82,354,45,115,185,9
"2011","Havant 007B","E01022961","Total",731,86,143,392,110,391,24,22,252,93,340,62,121,140,17
"2011","Havant 007C","E01022963","Total",725,84,129,420,92,382,28,34,247,73,343,56,95,173,19
"2011","Havant 007D","E01022964","Total",631,45,128,383,75,328,14,30,230,54,303,31,98,153,21
"2011","Havant 008A","E01022903","Total",770,62,174,479,55,427,19,34,323,51,343,43,140,156,4
"2011","Havant 008B","E01022906","Total",635,56,144,367,68,311,12,22,220,57,324,44,122,147,11
"2011","Havant 008C","E01022968","Total",568,55,130,339,44,292,16,25,214,37,276,39,105,125,7
"2011","Havant 008D","E01022969","Total",759,83,178,431,67,389,31,28,273,57,370,52,150,158,10
"2011","Havant 009A","E01022913","Total",583,66,115,346,56,300,24,17,214,45,283,42,98,132,11
"2011","Havant 009B","E01022914","Total",544,55,101,335,53,294,17,23,210,44,250,38,78,125,9
"2011","Havant 009C","E01022915","Total",596,55,119,348,74,327,14,20,236,57,269,41,99,112,17
"2011","Havant 009D","E01022916","Total",783,60,165,482,76,396,17,22,297,60,387,43,143,185,16
"2011","Havant 009E","E01022917","Total",473,50,104,279,40,244,14,23,174,33,229,36,81,105,7
"2011","Havant 010A","E01022900","Total",775,60,182,459,74,426,15,48,304,59,349,45,134,155,15
"2011","Havant 010B","E01022904","Total",882,86,207,496,93,478,26,46,329,77,404,60,161,167,16
"2011","Havant 010C","E01022905","Total",654,57,137,388,72,347,14,28,245,60,307,43,109,143,12
"2011","Havant 010D","E01022908","Total",694,52,157,425,60,336,9,29,249,49,358,43,128,176,11
"2011","Havant 010E","E01022970","Total",775,78,154,443,100,405,19,39,264,83,370,59,115,179,17
"2011","Havant 011A","E01022947","Total",929,104,184,495,146,489,29,49,303,108,440,75,135,192,38
"2011","Havant 011B","E01022948","Total",831,82,157,474,118,423,20,30,272,101,408,62,127,202,17
"2011","Havant 011C","E01022949","Total",674,62,131,392,89,336,12,20,230,74,338,50,111,162,15
"2011","Havant 011D","E01022950","Total",731,86,146,412,87,382,18,26,264,74,349,68,120,148,13
"2011","Havant 011E","E01022951","Total",720,68,157,416,79,387,18,37,270,62,333,50,120,146,17
"2011","Havant 011F","E01022952","Total",759,73,139,469,78,399,20,35,281,63,360,53,104,188,15
"2011","Havant 013A","E01022924","Total",751,74,152,415,110,397,22,40,256,79,354,52,112,159,31
"2011","Havant 013B","E01022925","Total",647,69,143,359,76,335,17,34,223,61,312,52,109,136,15
"2011","Havant 013C","E01022926","Total",665,99,153,324,89,363,35,40,207,81,302,64,113,117,8
"2011","Havant 013D","E01022927","Total",672,81,153,337,101,346,19,33,214,80,326,62,120,123,21
"2011","Havant 013E","E01022928","Total",688,84,154,338,112,347,23,37,210,77,341,61,117,128,35
"2011","Havant 013F","E01022929","Total",695,73,115,361,146,369,21,31,218,99,326,52,84,143,47
"2011","Havant 014A","E01022953","Total",971,77,183,600,111,525,28,45,368,84,446,49,138,232,27
"2011","Havant 014B","E01022954","Total",714,89,140,370,115,368,32,34,219,83,346,57,106,151,32
"2011","Havant 014C","E01022955","Total",631,73,138,332,88,328,27,29,205,67,303,46,109,127,21
"2011","Havant 014D","E01022956","Total",652,57,132,398,65,328,15,18,244,51,324,42,114,154,14
"2011","Havant 014E","E01022957","Total",579,61,112,328,78,311,17,28,204,62,268,44,84,124,16
"2011","Havant 014F","E01022958","Total",729,99,151,382,97,387,34,37,240,76,342,65,114,142,21
"2011","Havant 015A","E01022937","Total",694,77,153,351,113,388,29,44,224,91,306,48,109,127,22
"2011","Havant 015B","E01022943","Total",565,82,93,281,109,318,34,23,179,82,247,48,70,102,27
"2011","Havant 015C","E01022944","Total",652,87,117,332,116,334,24,30,192,88,318,63,87,140,28
"2011","Havant 015D","E01022946","Total",786,74,189,403,120,391,21,41,232,97,395,53,148,171,23
"2011","Havant 016A","E01022940","Total",700,74,137,364,125,370,22,35,224,89,330,52,102,140,36
"2011","Havant 016B","E01022942","Total",564,50,88,321,105,310,17,18,194,81,254,33,70,127,24
"2011","Havant 016C","E01022945","Total",950,109,204,510,127,492,28,48,317,99,458,81,156,193,28
"2011","Havant 017A","E01022936","Total",699,54,141,397,107,383,14,46,247,76,316,40,95,150,31
"2011","Havant 017B","E01022938","Total",589,71,131,307,80,314,17,43,190,64,275,54,88,117,16
"2011","Havant 017C","E01022939","Total",707,64,147,395,101,373,19,39,240,75,334,45,108,155,26
"2011","Havant 017D","E01022941","Total",692,73,125,383,111,375,27,37,226,85,317,46,88,157,26
"2011","Havant 018A","E01022899","Total",660,65,152,363,80,355,16,37,240,62,305,49,115,123,18
"2011","Havant 018B","E01022907","Total",717,72,175,381,89,367,20,40,233,74,350,52,135,148,15
"2011","Havant 018C","E01022909","Total",800,84,160,432,124,416,25,40,262,89,384,59,120,170,35
"2011","Havant 018D","E01022910","Total",735,63,128,458,86,405,20,30,290,65,330,43,98,168,21
"2011","Havant 018E","E01022911","Total",735,72,157,423,83,391,23,38,259,71,344,49,119,164,12
"2011","Havant 018F","E01032605","Total",670,63,150,369,88,336,12,28,227,69,334,51,122,142,19
"2011","Havant 019A","E01022919","Total",779,58,150,476,95,405,19,17,291,78,374,39,133,185,17
"2011","Havant 019B","E01022933","Total",643,54,164,353,72,358,16,48,232,62,285,38,116,121,10
"2011","Havant 019C","E01022934","Total",815,75,164,488,88,420,21,30,295,74,395,54,134,193,14
"2011","Havant 019D","E01032618","Total",735,76,135,428,96,392,28,32,254,78,343,48,103,174,18
"2011","Havant 020A","E01022918","Total",708,66,142,417,83,371,15,22,269,65,337,51,120,148,18
"2011","Havant 020B","E01022920","Total",797,72,146,466,113,431,18,34,285,94,366,54,112,181,19
"2011","Havant 020C","E01022921","Total",829,70,169,466,124,447,25,35,292,95,382,45,134,174,29
"2011","Havant 020D","E01032617","Total",729,85,166,393,85,398,30,47,250,71,331,55,119,143,14
"2011","New Forest 001A","E01023011","Total",744,94,138,358,154,405,24,29,232,120,339,70,109,126,34
"2011","New Forest 001B","E01023012","Total",711,107,144,334,126,385,34,41,207,103,326,73,103,127,23
"2011","New Forest 001C","E01023021","Total",710,93,157,327,133,383,34,33,216,100,327,59,124,111,33
"2011","New Forest 001D","E01023022","Total",867,84,162,484,137,446,28,30,285,103,421,56,132,199,34
"2011","New Forest 001E","E01023023","Total",803,107,168,428,100,412,22,41,276,73,391,85,127,152,27
"2011","New Forest 001F","E01023024","Total",772,100,162,394,116,392,22,32,246,92,380,78,130,148,24
"2011","New Forest 001G","E01023025","Total",660,92,146,303,119,350,20,44,193,93,310,72,102,110,26
"2011","New Forest 002A","E01023076","Total",678,76,141,386,75,349,18,26,243,62,329,58,115,143,13
"2011","New Forest 002B","E01023082","Total",840,73,178,498,91,440,20,39,304,77,400,53,139,194,14
"2011","New Forest 002C","E01023083","Total",743,83,153,422,85,381,19,28,265,69,362,64,125,157,16
"2011","New Forest 002D","E01023088","Total",761,72,171,425,93,403,29,31,266,77,358,43,140,159,16
"2011","New Forest 003A","E01023073","Total",856,100,173,481,102,444,26,28,305,85,412,74,145,176,17
"2011","New Forest 003B","E01023080","Total",683,72,148,379,84,354,19,30,239,66,329,53,118,140,18
"2011","New Forest 003C","E01023081","Total",1056,113,218,580,145,529,24,33,360,112,527,89,185,220,33
"2011","New Forest 003D","E01023089","Total",870,83,137,548,102,464,26,20,337,81,406,57,117,211,21
"2011","New Forest 003E","E01023090","Total",1109,88,172,704,145,572,19,22,412,119,537,69,150,292,26
"2011","New Forest 004A","E01023074","Total",680,69,130,398,83,369,28,31,247,63,311,41,99,151,20
"2011","New Forest 004B","E01023077","Total",756,63,159,429,105,409,15,46,258,90,347,48,113,171,15
"2011","New Forest 004C","E01023078","Total",667,69,132,386,80,367,18,23,252,74,300,51,109,134,6
"2011","New Forest 004D","E01023079","Total",890,89,151,531,119,489,21,27,338,103,401,68,124,193,16
"2011","New Forest 004E","E01023085","Total",754,86,143,424,101,384,20,25,257,82,370,66,118,167,19
"2011","New Forest 005A","E01023072","Total",803,81,138,461,123,417,17,20,286,94,386,64,118,175,29
"2011","New Forest 005B","E01023075","Total",632,74,135,337,86,325,19,30,205,71,307,55,105,132,15
"2011","New Forest 005C","E01023084","Total",801,71,168,482,80,403,22,22,295,64,398,49,146,187,16
"2011","New Forest 005D","E01023086","Total",713,92,167,366,88,361,26,31,231,73,352,66,136,135,15
"2011","New Forest 005E","E01023087","Total",956,90,169,576,121,468,20,25,339,84,488,70,144,237,37
"2011","New Forest 006A","E01022977","Total",722,91,159,351,121,380,17,34,226,103,342,74,125,125,18
"2011","New Forest 006B","E01022978","Total",760,117,152,366,125,391,31,33,233,94,369,86,119,133,31
"2011","New Forest 006C","E01022979","Total",585,87,122,288,88,302,21,29,179,73,283,66,93,109,15
"2011","New Forest 006D","E01022980","Total",696,87,158,342,109,382,27,41,229,85,314,60,117,113,24
"2011","New Forest 007A","E01022992","Total",600,69,109,298,124,328,19,27,178,104,272,50,82,120,20
"2011","New Forest 007B","E01022993","Total",662,89,138,278,157,360,29,43,166,122,302,60,95,112,35
"2011","New Forest 007C","E01023045","Total",800,100,149,405,146,425,33,37,247,108,375,67,112,158,38
"2011","New Forest 007D","E01023046","Total",692,97,137,331,127,351,37,41,180,93,341,60,96,151,34
"2011","New Forest 008A","E01023007","Total",564,59,117,309,79,298,16,30,185,67,266,43,87,124,12
"2011","New Forest 008B","E01023010","Total",825,77,169,485,94,402,25,26,277,74,423,52,143,208,20
"2011","New Forest 008C","E01023047","Total",795,81,150,458,106,411,22,30,272,87,384,59,120,186,19
"2011","New Forest 008D","E01023048","Total",705,93,137,396,79,359,32,28,237,62,346,61,109,159,17
"2011","New Forest 008E","E01023049","Total",1036,74,162,586,214,575,25,28,357,165,461,49,134,229,49
"2011","New Forest 008F","E01023050","Total",985,110,163,557,155,518,26,30,336,126,467,84,133,221,29
"2011","New Forest 009A","E01023008","Total",569,56,120,280,113,327,21,39,175,92,242,35,81,105,21
"2011","New Forest 009B","E01023009","Total",881,78,164,490,149,466,21,35,292,118,415,57,129,198,31
"2011","New Forest 009C","E01023038","Total",717,90,145,394,88,368,24,19,253,72,349,66,126,141,16
"2011","New Forest 009D","E01023039","Total",624,57,133,361,73,322,15,27,220,60,302,42,106,141,13
"2011","New Forest 009E","E01023040","Total",633,79,133,351,70,343,22,30,239,52,290,57,103,112,18
"2011","New Forest 010A","E01023026","Total",568,79,109,273,107,309,23,30,180,76,259,56,79,93,31
"2011","New Forest 010B","E01023062","Total",762,126,160,371,105,408,36,43,244,85,354,90,117,127,20
"2011","New Forest 010C","E01023064","Total",707,79,159,365,104,375,12,45,238,80,332,67,114,127,24
"2011","New Forest 010D","E01023066","Total",754,94,142,401,117,403,28,27,250,98,351,66,115,151,19
"2011","New Forest 010E","E01023067","Total",702,78,155,354,115,352,14,35,215,88,350,64,120,139,27
"2011","New Forest 011A","E01023003","Total",774,127,146,409,92,403,41,29,254,79,371,86,117,155,13
"2011","New Forest 011B","E01023004","Total",930,120,192,505,113,482,34,37,315,96,448,86,155,190,17
"2011","New Forest 011C","E01023005","Total",774,89,154,427,104,408,23,28,273,84,366,66,126,154,20
"2011","New Forest 011D","E01023006","Total",605,72,148,306,79,310,24,35,184,67,295,48,113,122,12
"2011","New Forest 011E","E01023028","Total",998,112,199,555,132,530,29,47,349,105,468,83,152,206,27
"2011","New Forest 011F","E01023037","Total",828,91,147,503,87,440,26,32,312,70,388,65,115,191,17
"2011","New Forest 012A","E01023065","Total",732,76,178,387,91,368,21,41,242,64,364,55,137,145,27
"2011","New Forest 012B","E01023068","Total",608,75,134,333,66,314,23,37,200,54,294,52,97,133,12
"2011","New Forest 012C","E01023069","Total",787,101,161,426,99,398,22,30,264,82,389,79,131,162,17
"2011","New Forest 012D","E01023070","Total",801,86,171,408,136,409,24,40,244,101,392,62,131,164,35
"2011","New Forest 012E","E01023071","Total",781,86,158,419,118,404,17,44,254,89,377,69,114,165,29
"2011","New Forest 013A","E01023029","Total",645,65,162,349,69,310,12,34,204,60,335,53,128,145,9
"2011","New Forest 013B","E01023030","Total",732,88,146,404,94,376,27,22,251,76,356,61,124,153,18
"2011","New Forest 013C","E01023032","Total",642,78,129,365,70,338,22,22,240,54,304,56,107,125,16
"2011","New Forest 013D","E01023033","Total",583,54,122,335,72,300,10,26,202,62,283,44,96,133,10
"2011","New Forest 014A","E01023013","Total",702,80,133,390,99,365,19,28,244,74,337,61,105,146,25
"2011","New Forest 014B","E01023014","Total",757,93,151,410,103,412,26,42,258,86,345,67,109,152,17
"2011","New Forest 014C","E01023015","Total",706,82,139,390,95,371,23,32,243,73,335,59,107,147,22
"2011","New Forest 014D","E01023016","Total",660,81,108,389,82,351,20,20,249,62,309,61,88,140,20
"2011","New Forest 014E","E01023027","Total",683,68,136,386,93,347,19,19,231,78,336,49,117,155,15
"2011","New Forest 014F","E01023031","Total",645,68,115,383,79,339,13,20,241,65,306,55,95,142,14
"2011","New Forest 015A","E01022989","Total",788,127,174,383,104,404,29,48,248,79,384,98,126,135,25
"2011","New Forest 015B","E01022991","Total",967,148,208,437,174,506,47,52,285,122,461,101,156,152,52
"2011","New Forest 015C","E01022998","Total",735,132,126,319,158,394,34,37,201,122,341,98,89,118,36
"2011","New Forest 015D","E01023000","Total",804,110,161,404,129,406,32,39,238,97,398,78,122,166,32
"2011","New Forest 016A","E01022994","Total",749,80,178,384,107,378,17,43,236,82,371,63,135,148,25
"2011","New Forest 016B","E01022995","Total",708,85,170,351,102,368,25,35,231,77,340,60,135,120,25
"2011","New Forest 016C","E01022996","Total",555,68,96,284,107,300,19,32,171,78,255,49,64,113,29
"2011","New Forest 016D","E01022997","Total",615,76,118,285,136,332,19,28,179,106,283,57,90,106,30
"2011","New Forest 016E","E01023063","Total",595,78,120,286,111,328,20,37,183,88,267,58,83,103,23
"2011","New Forest 017A","E01022990","Total",683,93,147,324,119,361,19,42,212,88,322,74,105,112,31
"2011","New Forest 017B","E01022999","Total",1037,132,209,514,182,573,39,59,327,148,464,93,150,187,34
"2011","New Forest 017C","E01023041","Total",630,84,124,308,114,339,24,36,195,84,291,60,88,113,30
"2011","New Forest 017D","E01023042","Total",618,62,90,340,126,334,23,34,189,88,284,39,56,151,38
"2011","New Forest 017E","E01023043","Total",802,100,138,430,134,401,24,31,259,87,401,76,107,171,47
"2011","New Forest 018A","E01022984","Total",600,95,138,286,81,316,29,40,179,68,284,66,98,107,13
"2011","New Forest 018B","E01022985","Total",631,72,153,332,74,326,18,48,193,67,305,54,105,139,7
"2011","New Forest 018C","E01023020","Total",624,102,131,322,69,315,23,24,217,51,309,79,107,105,18
"2011","New Forest 018D","E01023034","Total",776,112,161,399,104,384,33,39,236,76,392,79,122,163,28
"2011","New Forest 018E","E01023035","Total",859,101,200,457,101,433,26,41,292,74,426,75,159,165,27
"2011","New Forest 018F","E01023036","Total",787,113,195,372,107,414,27,56,244,87,373,86,139,128,20
"2011","New Forest 019A","E01023001","Total",982,118,192,543,129,521,39,51,336,95,461,79,141,207,34
"2011","New Forest 019B","E01023002","Total",802,82,189,443,88,395,22,39,260,74,407,60,150,183,14
"2011","New Forest 019C","E01023058","Total",605,67,159,315,64,309,17,39,202,51,296,50,120,113,13
"2011","New Forest 019D","E01023060","Total",681,96,147,338,100,361,25,29,228,79,320,71,118,110,21
"2011","New Forest 019E","E01023061","Total",715,97,157,381,80,372,31,41,230,70,343,66,116,151,10
"2011","New Forest 020A","E01023017","Total",840,108,203,441,88,437,34,51,283,69,403,74,152,158,19
"2011","New Forest 020B","E01023018","Total",543,62,117,313,51,280,14,27,196,43,263,48,90,117,8
"2011","New Forest 020C","E01023019","Total",732,80,157,417,78,352,14,41,241,56,380,66,116,176,22
"2011","New Forest 020D","E01023055","Total",516,63,125,269,59,262,15,32,168,47,254,48,93,101,12
"2011","New Forest 021A","E01022986","Total",649,88,143,334,84,339,28,44,199,68,310,60,99,135,16
"2011","New Forest 021B","E01022988","Total",739,88,172,402,77,376,28,51,241,56,363,60,121,161,21
"2011","New Forest 021C","E01023054","Total",707,90,143,404,70,358,31,40,233,54,349,59,103,171,16
"2011","New Forest 021D","E01023056","Total",471,40,95,270,66,237,7,26,157,47,234,33,69,113,19
"2011","New Forest 021E","E01023057","Total",674,68,144,396,66,341,18,37,237,49,333,50,107,159,17
"2011","New Forest 022A","E01022981","Total",694,85,158,362,89,369,24,47,228,70,325,61,111,134,19
"2011","New Forest 022B","E01022982","Total",684,75,154,343,112,356,26,45,196,89,328,49,109,147,23
"2011","New Forest 022C","E01022983","Total",643,92,148,315,88,313,17,35,198,63,330,75,113,117,25
"2011","New Forest 022D","E01022987","Total",638,98,142,306,92,317,31,40,177,69,321,67,102,129,23
"2011","New Forest 023A","E01023044","Total",343,55,77,156,55,182,15,23,110,34,161,40,54,46,21
"2011","New Forest 023B","E01023051","Total",689,106,152,348,83,360,33,48,213,66,329,73,104,135,17
"2011","New Forest 023C","E01023052","Total",577,87,125,270,95,306,31,43,161,71,271,56,82,109,24
"2011","New Forest 023D","E01023053","Total",587,106,127,255,99,314,37,32,169,76,273,69,95,86,23
"2011","New Forest 023E","E01023059","Total",687,94,151,333,109,354,25,49,201,79,333,69,102,132,30
"2011","Rushmoor 001A","E01023099","Total",740,63,131,444,102,406,22,36,265,83,334,41,95,179,19
"2011","Rushmoor 001B","E01023104","Total",855,81,155,539,80,469,25,49,330,65,386,56,106,209,15
"2011","Rushmoor 001C","E01023106","Total",730,63,138,442,87,388,20,30,265,73,342,43,108,177,14
"2011","Rushmoor 001D","E01023121","Total",1055,96,171,677,111,538,25,42,384,87,517,71,129,293,24
"2011","Rushmoor 002A","E01023105","Total",746,87,103,475,81,388,24,29,275,60,358,63,74,200,21
"2011","Rushmoor 002B","E01023119","Total",558,59,102,342,55,281,12,20,205,44,277,47,82,137,11
"2011","Rushmoor 002C","E01023120","Total",881,68,170,541,102,456,13,48,315,80,425,55,122,226,22
"2011","Rushmoor 002D","E01023122","Total",765,76,146,477,66,389,22,29,286,52,376,54,117,191,14
"2011","Rushmoor 002E","E01023146","Total",704,71,119,420,94,378,23,22,256,77,326,48,97,164,17
"2011","Rushmoor 003A","E01023100","Total",748,48,134,475,91,394,13,28,284,69,354,35,106,191,22
"2011","Rushmoor 003B","E01023101","Total",732,65,106,459,102,395,15,17,284,79,337,50,89,175,23
"2011","Rushmoor 003C","E01023102","Total",776,56,131,483,106,407,10,24,287,86,369,46,107,196,20
"2011","Rushmoor 003D","E01023134","Total",1119,63,177,750,129,592,16,45,428,103,527,47,132,322,26
"2011","Rushmoor 003E","E01023147","Total",805,90,129,473,113,417,24,27,272,94,388,66,102,201,19
"2011","Rushmoor 004A","E01023096","Total",1161,95,154,745,167,643,30,37,457,119,518,65,117,288,48
"2011","Rushmoor 004B","E01023097","Total",803,88,135,444,136,430,19,30,276,105,373,69,105,168,31
"2011","Rushmoor 004C","E01023103","Total",935,85,155,572,123,487,30,29,334,94,448,55,126,238,29
"2011","Rushmoor 004D","E01023111","Total",944,95,146,534,169,505,26,29,318,132,439,69,117,216,37
"2011","Rushmoor 004E","E01023112","Total",749,76,136,435,102,385,26,22,250,87,364,50,114,185,15
"2011","Rushmoor 005A","E01023092","Total",901,67,151,593,90,468,14,21,362,71,433,53,130,231,19
"2011","Rushmoor 005B","E01023093","Total",831,76,144,517,94,440,21,28,325,66,391,55,116,192,28
"2011","Rushmoor 005C","E01023132","Total",828,83,118,526,101,437,25,20,317,75,391,58,98,209,26
"2011","Rushmoor 005D","E01023133","Total",821,62,114,525,120,418,14,19,288,97,403,48,95,237,23
"2011","Rushmoor 005E","E01023135","Total",1274,105,214,779,176,665,28,33,463,141,609,77,181,316,35
"2011","Rushmoor 006A","E01023091","Total",777,70,123,474,110,423,20,29,285,89,354,50,94,189,21
"2011","Rushmoor 006B","E01023094","Total",758,68,120,483,87,390,12,21,289,68,368,56,99,194,19
"2011","Rushmoor 006C","E01023095","Total",963,81,138,647,97,506,21,30,387,68,457,60,108,260,29
"2011","Rushmoor 006D","E01023098","Total",887,85,132,558,112,465,30,23,332,80,422,55,109,226,32
"2011","Rushmoor 006E","E01023148","Total",786,65,122,518,81,424,19,33,308,64,362,46,89,210,17
"2011","Rushmoor 006F","E01023149","Total",656,53,111,416,76,355,16,19,257,63,301,37,92,159,13
"2011","Rushmoor 007A","E01023113","Total",863,78,124,544,117,473,21,31,335,86,390,57,93,209,31
"2011","Rushmoor 007B","E01023114","Total",828,66,149,495,118,440,16,23,306,95,388,50,126,189,23
"2011","Rushmoor 007C","E01023136","Total",997,77,135,611,174,563,28,33,363,139,434,49,102,248,35
"2011","Rushmoor 007D","E01023137","Total",735,49,102,476,108,403,18,21,279,85,332,31,81,197,23
"2011","Rushmoor 007E","E01023138","Total",756,48,112,487,109,404,12,31,281,80,352,36,81,206,29
"2011","Rushmoor 007F","E01023139","Total",634,42,105,412,75,335,13,20,240,62,299,29,85,172,13
"2011","Rushmoor 007G","E01023140","Total",795,75,100,471,149,447,26,23,275,123,348,49,77,196,26
"2011","Rushmoor 008A","E01023141","Total",2194,114,134,1213,733,1584,58,30,849,647,610,56,104,364,86
"2011","Rushmoor 008B","E01023142","Total",1085,73,141,726,145,594,31,39,413,111,491,42,102,313,34
"2011","Rushmoor 008C","E01023143","Total",966,57,129,586,194,531,20,23,330,158,435,37,106,256,36
"2011","Rushmoor 008D","E01023144","Total",941,83,134,610,114,513,26,43,357,87,428,57,91,253,27
"2011","Rushmoor 009A","E01023118","Total",1007,77,172,641,117,542,25,45,384,88,465,52,127,257,29
"2011","Rushmoor 009B","E01023124","Total",766,56,117,487,106,405,17,22,277,89,361,39,95,210,17
"2011","Rushmoor 009C","E01023125","Total",1392,98,231,881,182,734,30,43,515,146,658,68,188,366,36
"2011","Rushmoor 009F","E01032858","Total",1084,90,204,660,130,564,41,56,371,96,520,49,148,289,34
"2011","Rushmoor 010A","E01023128","Total",694,64,121,433,76,354,16,26,261,51,340,48,95,172,25
"2011","Rushmoor 010B","E01023129","Total",738,54,116,478,90,377,17,24,268,68,361,37,92,210,22
"2011","Rushmoor 010C","E01023130","Total",758,67,130,463,98,393,16,27,275,75,365,51,103,188,23
"2011","Rushmoor 010D","E01023131","Total",683,73,135,372,103,361,21,37,225,78,322,52,98,147,25
"2011","Rushmoor 010E","E01023145","Total",1196,75,177,824,120,617,24,50,451,92,579,51,127,373,28
"2011","Rushmoor 011A","E01023109","Total",858,62,139,545,112,451,15,25,315,96,407,47,114,230,16
"2011","Rushmoor 011B","E01023115","Total",744,64,122,456,102,409,17,27,279,86,335,47,95,177,16
"2011","Rushmoor 011C","E01023116","Total",1050,94,173,655,128,546,35,45,384,82,504,59,128,271,46
"2011","Rushmoor 011D","E01023117","Total",1037,94,185,640,118,551,23,39,391,98,486,71,146,249,20
"2011","Rushmoor 012A","E01023107","Total",665,60,126,403,76,345,15,33,230,67,320,45,93,173,9
"2011","Rushmoor 012B","E01023108","Total",586,57,113,363,53,295,11,32,207,45,291,46,81,156,8
"2011","Rushmoor 012C","E01023110","Total",902,73,168,548,113,482,22,30,345,85,420,51,138,203,28
"2011","Rushmoor 012D","E01023123","Total",845,69,144,523,109,435,13,27,307,88,410,56,117,216,21
"2011","Test Valley 001A","E01023165","Total",1099,138,191,543,227,604,33,44,343,184,495,105,147,200,43
"2011","Test Valley 001B","E01023169","Total",1044,90,197,646,111,545,34,38,377,96,499,56,159,269,15
"2011","Test Valley 001C","E01023181","Total",853,76,127,525,125,448,25,17,302,104,405,51,110,223,21
"2011","Test Valley 001D","E01023182","Total",963,71,161,602,129,500,17,29,354,100,463,54,132,248,29
"2011","Test Valley 002A","E01023153","Total",903,62,149,582,110,478,14,37,336,91,425,48,112,246,19
"2011","Test Valley 002B","E01023154","Total",801,75,139,498,89,416,22,25,291,78,385,53,114,207,11
"2011","Test Valley 002C","E01023156","Total",626,64,124,371,67,340,21,29,231,59,286,43,95,140,8
"2011","Test Valley 002D","E01023157","Total",669,68,112,407,82,343,13,30,232,68,326,55,82,175,14
"2011","Test Valley 002E","E01023205","Total",647,55,139,401,52,329,18,27,241,43,318,37,112,160,9
"2011","Test Valley 003A","E01023155","Total",1363,123,223,814,203,743,28,71,488,156,620,95,152,326,47
"2011","Test Valley 003B","E01023201","Total",784,74,158,450,102,423,30,30,281,82,361,44,128,169,20
"2011","Test Valley 003C","E01023202","Total",875,63,120,559,133,490,18,33,341,98,385,45,87,218,35
"2011","Test Valley 003D","E01023215","Total",807,70,152,473,112,423,19,28,287,89,384,51,124,186,23
"2011","Test Valley 003E","E01023219","Total",761,74,144,462,81,385,17,30,275,63,376,57,114,187,18
"2011","Test Valley 004A","E01023179","Total",968,95,159,596,118,512,21,25,371,95,456,74,134,225,23
"2011","Test Valley 004B","E01023183","Total",703,82,117,424,80,366,22,21,256,67,337,60,96,168,13
"2011","Test Valley 004C","E01023190","Total",612,60,97,362,93,324,14,27,214,69,288,46,70,148,24
"2011","Test Valley 004D","E01023203","Total",841,86,149,508,98,436,28,39,296,73,405,58,110,212,25
"2011","Test Valley 004E","E01023204","Total",898,57,150,579,112,486,15,35,353,83,412,42,115,226,29
"2011","Test Valley 005B","E01023180","Total",807,73,151,489,94,426,24,21,304,77,381,49,130,185,17
"2011","Test Valley 005C","E01023186","Total",923,102,160,537,124,482,39,29,328,86,441,63,131,209,38
"2011","Test Valley 005D","E01023189","Total",912,75,138,525,174,494,20,18,317,139,418,55,120,208,35
"2011","Test Valley 005E","E01023196","Total",858,99,128,458,173,473,28,25,276,144,385,71,103,182,29
"2011","Test Valley 005F","E01032870","Total",1058,107,193,579,179,556,38,41,337,140,502,69,152,242,39
"2011","Test Valley 005G","E01032871","Total",754,69,157,380,148,404,19,32,230,123,350,50,125,150,25
"2011","Test Valley 006A","E01023187","Total",842,77,137,518,110,441,23,23,311,84,401,54,114,207,26
"2011","Test Valley 006B","E01023188","Total",792,87,139,470,96,403,21,22,279,81,389,66,117,191,15
"2011","Test Valley 006C","E01023216","Total",972,68,163,627,114,499,18,41,357,83,473,50,122,270,31
"2011","Test Valley 006D","E01023217","Total",865,100,141,513,111,454,29,29,309,87,411,71,112,204,24
"2011","Test Valley 006E","E01023218","Total",816,95,152,458,111,432,29,31,279,93,384,66,121,179,18
"2011","Test Valley 007A","E01023159","Total",1119,96,182,611,230,617,23,48,361,185,502,73,134,250,45
"2011","Test Valley 007B","E01023195","Total",1228,108,158,681,281,745,27,21,464,233,483,81,137,217,48
"2011","Test Valley 007C","E01023197","Total",847,58,123,526,140,449,20,20,295,114,398,38,103,231,26
"2011","Test Valley 007D","E01023198","Total",752,79,136,402,135,407,16,39,247,105,345,63,97,155,30
"2011","Test Valley 008A","E01023160","Total",718,92,120,363,143,392,32,33,215,112,326,60,87,148,31
"2011","Test Valley 008B","E01023168","Total",732,97,120,371,144,407,20,38,229,120,325,77,82,142,24
"2011","Test Valley 008C","E01023178","Total",1170,115,213,614,228,644,25,47,392,180,526,90,166,222,48
"2011","Test Valley 009A","E01023166","Total",757,118,131,356,152,419,34,35,231,119,338,84,96,125,33
"2011","Test Valley 009B","E01023167","Total",745,98,129,340,178,401,33,35,202,131,344,65,94,138,47
"2011","Test Valley 009C","E01023177","Total",1069,106,193,551,219,597,26,54,353,164,472,80,139,198,55
"2011","Test Valley 009D","E01023184","Total",709,78,125,356,150,391,18,28,227,118,318,60,97,129,32
"2011","Test Valley 009E","E01023185","Total",583,80,115,273,115,310,17,29,173,91,273,63,86,100,24
"2011","Test Valley 010A","E01023174","Total",982,111,198,576,97,496,27,32,358,79,486,84,166,218,18
"2011","Test Valley 010B","E01023175","Total",769,100,147,400,122,395,28,30,245,92,374,72,117,155,30
"2011","Test Valley 010C","E01023176","Total",747,70,160,413,104,369,16,31,242,80,378,54,129,171,24
"2011","Test Valley 010D","E01023207","Total",735,82,158,391,104,405,27,32,263,83,330,55,126,128,21
"2011","Test Valley 010E","E01023208","Total",630,74,116,375,65,311,18,19,221,53,319,56,97,154,12
"2011","Test Valley 010F","E01023209","Total",763,93,170,407,93,392,27,33,258,74,371,66,137,149,19
"2011","Test Valley 011A","E01023150","Total",738,51,114,466,107,383,12,23,265,83,355,39,91,201,24
"2011","Test Valley 011B","E01023151","Total",556,47,95,327,87,307,15,21,209,62,249,32,74,118,25
"2011","Test Valley 011C","E01023152","Total",668,85,112,366,105,338,24,23,217,74,330,61,89,149,31
"2011","Test Valley 011D","E01023206","Total",526,67,103,283,73,273,16,23,177,57,253,51,80,106,16
"2011","Test Valley 012A","E01023158","Total",1080,151,205,536,188,578,46,48,332,152,502,105,157,204,36
"2011","Test Valley 012B","E01023191","Total",1044,116,199,613,116,535,25,53,373,84,509,91,146,240,32
"2011","Test Valley 012C","E01023192","Total",810,94,177,456,83,399,23,33,270,73,411,71,144,186,10
"2011","Test Valley 012D","E01023193","Total",733,78,154,394,107,397,26,35,248,88,336,52,119,146,19
"2011","Test Valley 012E","E01023194","Total",740,93,163,403,81,375,27,32,248,68,365,66,131,155,13
"2011","Test Valley 012F","E01023200","Total",846,85,167,471,123,444,24,32,297,91,402,61,135,174,32
"2011","Test Valley 013A","E01023162","Total",832,99,144,406,183,443,25,34,241,143,389,74,110,165,40
"2011","Test Valley 013B","E01023163","Total",831,103,172,399,157,431,27,38,247,119,400,76,134,152,38
"2011","Test Valley 013C","E01023164","Total",776,106,152,387,131,407,26,45,233,103,369,80,107,154,28
"2011","Test Valley 013D","E01023199","Total",856,96,148,443,169,445,22,37,260,126,411,74,111,183,43
"2011","Test Valley 014A","E01023210","Total",880,108,165,468,139,468,28,25,302,113,412,80,140,166,26
"2011","Test Valley 014B","E01023211","Total",1065,110,176,618,161,553,25,25,384,119,512,85,151,234,42
"2011","Test Valley 014C","E01023212","Total",828,74,157,448,149,436,25,29,262,120,392,49,128,186,29
"2011","Test Valley 014D","E01023213","Total",735,78,134,380,143,382,27,18,231,106,353,51,116,149,37
"2011","Test Valley 014E","E01023214","Total",795,79,151,476,89,411,21,22,296,72,384,58,129,180,17
"2011","Test Valley 015A","E01023170","Total",919,85,176,526,132,466,27,29,302,108,453,58,147,224,24
"2011","Test Valley 015B","E01023171","Total",849,110,149,402,188,463,28,49,237,149,386,82,100,165,39
"2011","Test Valley 015C","E01023172","Total",803,100,173,415,115,424,32,34,257,101,379,68,139,158,14
"2011","Test Valley 015D","E01023173","Total",830,104,188,420,118,442,38,43,272,89,388,66,145,148,29
"2011","Winchester 001A","E01023286","Total",722,75,135,359,153,378,21,41,196,120,344,54,94,163,33
"2011","Winchester 001B","E01023287","Total",1537,179,243,828,287,795,44,45,475,231,742,135,198,353,56
"2011","Winchester 001C","E01023288","Total",755,75,113,391,176,411,12,26,233,140,344,63,87,158,36
"2011","Winchester 002A","E01023236","Total",931,125,175,418,213,529,42,52,268,167,402,83,123,150,46
"2011","Winchester 002B","E01023237","Total",633,56,145,353,79,319,19,34,203,63,314,37,111,150,16
"2011","Winchester 002C","E01023238","Total",895,91,147,471,186,497,32,24,292,149,398,59,123,179,37
"2011","Winchester 002D","E01023239","Total",860,110,141,453,156,440,30,34,258,118,420,80,107,195,38
"2011","Winchester 003A","E01023240","Total",996,123,206,531,136,518,44,44,320,110,478,79,162,211,26
"2011","Winchester 003B","E01023241","Total",594,97,103,265,129,326,32,20,169,105,268,65,83,96,24
"2011","Winchester 003C","E01023248","Total",772,110,159,386,117,405,35,34,247,89,367,75,125,139,28
"2011","Winchester 003D","E01023253","Total",677,75,130,365,107,368,20,33,230,85,309,55,97,135,22
"2011","Winchester 003E","E01023274","Total",823,148,145,373,157,466,62,48,237,119,357,86,97,136,38
"2011","Winchester 004A","E01023225","Total",1118,131,237,492,258,605,51,66,294,194,513,80,171,198,64
"2011","Winchester 004B","E01023278","Total",783,104,163,407,109,401,28,39,256,78,382,76,124,151,31
"2011","Winchester 004C","E01023279","Total",763,90,181,364,128,396,25,35,230,106,367,65,146,134,22
"2011","Winchester 004D","E01023280","Total",762,111,149,360,142,402,25,35,227,115,360,86,114,133,27
"2011","Winchester 004E","E01023281","Total",755,83,146,417,109,393,19,37,258,79,362,64,109,159,30
"2011","Winchester 005A","E01023247","Total",693,87,124,361,121,375,28,30,223,94,318,59,94,138,27
"2011","Winchester 005B","E01023249","Total",598,85,114,312,87,322,29,31,197,65,276,56,83,115,22
"2011","Winchester 005C","E01023250","Total",759,78,161,429,91,395,16,42,265,72,364,62,119,164,19
"2011","Winchester 005D","E01023268","Total",698,87,125,341,145,359,25,29,196,109,339,62,96,145,36
"2011","Winchester 005E","E01023269","Total",1046,287,159,457,143,480,85,41,259,95,566,202,118,198,48
"2011","Winchester 005F","E01023270","Total",664,88,120,337,119,353,32,36,199,86,311,56,84,138,33
"2011","Winchester 006A","E01023251","Total",520,35,89,308,88,278,10,27,182,59,242,25,62,126,29
"2011","Winchester 006B","E01023255","Total",857,119,148,478,112,413,27,27,281,78,444,92,121,197,34
"2011","Winchester 006C","E01023256","Total",649,81,134,364,70,331,26,41,206,58,318,55,93,158,12
"2011","Winchester 006D","E01023257","Total",787,93,152,422,120,406,34,50,235,87,381,59,102,187,33
"2011","Winchester 006E","E01023258","Total",625,108,111,318,88,325,28,27,202,68,300,80,84,116,20
"2011","Winchester 007A","E01023252","Total",983,105,128,587,163,533,41,46,341,105,450,64,82,246,58
"2011","Winchester 007B","E01023254","Total",979,110,156,531,182,497,25,31,318,123,482,85,125,213,59
"2011","Winchester 007C","E01023263","Total",649,103,94,327,125,350,37,34,189,90,299,66,60,138,35
"2011","Winchester 007D","E01023264","Total",728,72,111,345,200,393,19,31,208,135,335,53,80,137,65
"2011","Winchester 007E","E01023265","Total",859,106,142,433,178,438,32,29,258,119,421,74,113,175,59
"2011","Winchester 007F","E01023267","Total",724,81,97,399,147,391,24,29,228,110,333,57,68,171,37
"2011","Winchester 008A","E01023260","Total",654,184,148,272,50,300,46,45,167,42,354,138,103,105,8
"2011","Winchester 008B","E01023261","Total",697,172,161,309,55,317,43,39,189,46,380,129,122,120,9
"2011","Winchester 008C","E01023262","Total",750,197,170,321,62,355,64,54,190,47,395,133,116,131,15
"2011","Winchester 008D","E01023266","Total",657,131,116,286,124,338,41,31,173,93,319,90,85,113,31
"2011","Winchester 009A","E01023229","Total",968,144,171,418,235,525,44,45,250,186,443,100,126,168,49
"2011","Winchester 009B","E01023242","Total",700,78,140,388,94,359,21,30,239,69,341,57,110,149,25
"2011","Winchester 009C","E01023243","Total",838,68,134,538,98,429,23,47,301,58,409,45,87,237,40
"2011","Winchester 009D","E01023244","Total",660,96,140,333,91,338,38,30,201,69,322,58,110,132,22
"2011","Winchester 009E","E01023259","Total",676,94,143,336,103,351,28,39,201,83,325,66,104,135,20
"2011","Winchester 010A","E01023226","Total",758,86,150,373,149,402,18,35,238,111,356,68,115,135,38
"2011","Winchester 010B","E01023227","Total",970,102,179,545,144,522,22,46,347,107,448,80,133,198,37
"2011","Winchester 010C","E01023228","Total",973,104,183,535,151,503,26,29,336,112,470,78,154,199,39
"2011","Winchester 010D","E01023230","Total",1035,132,181,517,205,557,42,41,314,160,478,90,140,203,45
"2011","Winchester 010E","E01023246","Total",797,97,153,374,173,439,22,35,234,148,358,75,118,140,25
"2011","Winchester 011A","E01023235","Total",955,112,174,449,220,518,31,41,272,174,437,81,133,177,46
"2011","Winchester 011B","E01023275","Total",691,113,124,321,133,362,38,29,185,110,329,75,95,136,23
"2011","Winchester 011C","E01023276","Total",763,108,161,374,120,395,32,28,238,97,368,76,133,136,23
"2011","Winchester 011D","E01023277","Total",662,95,119,300,148,356,23,25,200,108,306,72,94,100,40
"2011","Winchester 011E","E01023282","Total",929,131,186,409,203,512,28,53,266,165,417,103,133,143,38
"2011","Winchester 012A","E01023220","Total",1119,104,220,615,180,575,23,39,374,139,544,81,181,241,41
"2011","Winchester 012B","E01023221","Total",795,74,177,421,123,412,19,54,245,94,383,55,123,176,29
"2011","Winchester 012C","E01023222","Total",762,108,142,386,126,396,31,35,237,93,366,77,107,149,33
"2011","Winchester 012D","E01023223","Total",701,90,143,347,121,378,21,28,235,94,323,69,115,112,27
"2011","Winchester 012E","E01023272","Total",692,80,137,380,95,351,16,32,232,71,341,64,105,148,24
"2011","Winchester 012F","E01023273","Total",787,75,157,406,149,423,13,27,265,118,364,62,130,141,31
"2011","Winchester 013A","E01023245","Total",1208,170,197,596,245,645,49,40,361,195,563,121,157,235,50
"2011","Winchester 013B","E01023271","Total",591,65,109,299,118,323,11,27,195,90,268,54,82,104,28
"2011","Winchester 013D","E01023284","Total",1485,126,207,899,253,804,42,42,522,198,681,84,165,377,55
"2011","Winchester 013E","E01023285","Total",657,66,122,368,101,341,17,27,216,81,316,49,95,152,20
"2011","Winchester 013F","E01032859","Total",1028,99,162,582,185,540,27,24,345,144,488,72,138,237,41
"2011","Winchester 013G","E01032860","Total",927,54,111,602,160,493,10,16,343,124,434,44,95,259,36
"2011","Winchester 014A","E01023224","Total",832,68,136,439,189,454,17,27,271,139,378,51,109,168,50
"2011","Winchester 014B","E01023231","Total",898,98,164,485,151,475,25,40,298,112,423,73,124,187,39
"2011","Winchester 014C","E01023232","Total",969,105,178,541,145,512,33,45,321,113,457,72,133,220,32
"2011","Winchester 014D","E01023233","Total",737,88,155,383,111,375,24,22,245,84,362,64,133,138,27
"2011","Winchester 014E","E01023234","Total",803,87,158,454,104,400,19,30,273,78,403,68,128,181,26
"2011","Ashford 001B","E01023987","Total",489,57,81,267,84,261,23,25,155,58,228,34,56,112,26
"2011","Ashford 001C","E01023988","Total",685,70,143,317,155,367,18,40,190,119,318,52,103,127,36
"2011","Ashford 001D","E01024040","Total",487,43,83,281,80,273,19,23,176,55,214,24,60,105,25
"2011","Ashford 001E","E01024041","Total",510,65,81,245,119,279,23,19,142,95,231,42,62,103,24
"2011","Ashford 001F","E01032810","Total",773,70,160,435,108,380,21,31,238,90,393,49,129,197,18
"2011","Ashford 001G","E01032812","Total",921,86,164,501,170,487,20,32,299,136,434,66,132,202,34
"2011","Ashford 002A","E01023985","Total",485,61,91,249,84,268,15,27,159,67,217,46,64,90,17
"2011","Ashford 002B","E01023986","Total",568,59,111,297,101,309,18,36,177,78,259,41,75,120,23
"2011","Ashford 002C","E01023989","Total",602,76,130,268,128,319,16,26,171,106,283,60,104,97,22
"2011","Ashford 002D","E01023990","Total",528,63,103,254,108,282,16,22,153,91,246,47,81,101,17
"2011","Ashford 002E","E01024033","Total",894,102,175,435,182,465,27,42,260,136,429,75,133,175,46
"2011","Ashford 002F","E01024035","Total",518,65,103,257,93,276,19,25,159,73,242,46,78,98,20
"2011","Ashford 003A","E01023983","Total",629,73,146,352,58,330,23,41,216,50,299,50,105,136,8
"2011","Ashford 003B","E01023999","Total",1080,114,204,578,184,575,38,46,352,139,505,76,158,226,45
"2011","Ashford 003D","E01032811","Total",875,62,177,500,136,454,15,38,283,118,421,47,139,217,18
"2011","Ashford 003E","E01032822","Total",691,86,125,383,97,358,25,20,238,75,333,61,105,145,22
"2011","Ashford 004A","E01023980","Total",559,64,92,328,75,283,16,14,193,60,276,48,78,135,15
"2011","Ashford 004B","E01023981","Total",561,55,125,302,79,294,18,24,187,65,267,37,101,115,14
"2011","Ashford 004C","E01023984","Total",478,41,86,287,64,253,11,17,169,56,225,30,69,118,8
"2011","Ashford 004E","E01023992","Total",743,60,136,453,94,397,20,39,267,71,346,40,97,186,23
"2011","Ashford 004F","E01023993","Total",814,73,167,486,88,425,25,35,288,77,389,48,132,198,11
"2011","Ashford 004G","E01024021","Total",690,56,124,412,98,370,19,29,239,83,320,37,95,173,15
"2011","Ashford 004H","E01024022","Total",655,71,141,355,88,336,15,34,215,72,319,56,107,140,16
"2011","Ashford 004I","E01032820","Total",867,74,118,560,115,469,22,32,324,91,398,52,86,236,24
"2011","Ashford 004J","E01032821","Total",933,86,136,561,150,485,18,19,329,119,448,68,117,232,31
"2011","Ashford 005A","E01023973","Total",667,57,126,404,80,328,14,25,231,58,339,43,101,173,22
"2011","Ashford 005B","E01024002","Total",746,54,136,464,92,406,19,34,286,67,340,35,102,178,25
"2011","Ashford 005C","E01024023","Total",1245,103,248,749,145,650,36,65,436,113,595,67,183,313,32
"2011","Ashford 005D","E01024027","Total",821,80,144,494,103,448,39,42,291,76,373,41,102,203,27
"2011","Ashford 005E","E01024029","Total",1131,88,218,688,137,601,26,44,426,105,530,62,174,262,32
"2011","Ashford 006A","E01023972","Total",583,62,108,340,73,313,19,28,201,65,270,43,80,139,8
"2011","Ashford 006B","E01023995","Total",650,66,128,387,69,332,26,26,225,55,318,40,102,162,14
"2011","Ashford 006C","E01023996","Total",777,83,140,448,106,391,19,27,253,92,386,64,113,195,14
"2011","Ashford 006D","E01024003","Total",835,87,178,480,90,435,33,39,294,69,400,54,139,186,21
"2011","Ashford 006E","E01024004","Total",901,92,160,498,151,451,29,41,280,101,450,63,119,218,50
"2011","Ashford 006F","E01024005","Total",814,80,172,475,87,421,19,38,290,74,393,61,134,185,13
"2011","Ashford 007A","E01023974","Total",594,67,136,331,60,312,15,38,209,50,282,52,98,122,10
"2011","Ashford 007B","E01023975","Total",694,78,153,390,73,374,24,35,254,61,320,54,118,136,12
"2011","Ashford 007C","E01023977","Total",643,47,105,407,84,336,11,9,245,71,307,36,96,162,13
"2011","Ashford 007D","E01024016","Total",798,64,123,493,118,435,21,28,299,87,363,43,95,194,31
"2011","Ashford 007E","E01024017","Total",943,84,144,571,144,512,21,27,346,118,431,63,117,225,26
"2011","Ashford 007F","E01024028","Total",755,68,173,448,66,397,21,44,278,54,358,47,129,170,12
"2011","Ashford 008A","E01023976","Total",699,65,147,415,72,366,20,36,250,60,333,45,111,165,12
"2011","Ashford 008B","E01024019","Total",611,51,134,360,66,330,16,36,222,56,281,35,98,138,10
"2011","Ashford 008C","E01024020","Total",702,59,180,391,72,351,22,41,230,58,351,37,139,161,14
"2011","Ashford 008E","E01032816","Total",1059,100,162,621,176,549,24,34,362,129,510,76,128,259,47
"2011","Ashford 008F","E01032823","Total",849,69,162,516,102,456,20,30,318,88,393,49,132,198,14
"2011","Ashford 009A","E01024001","Total",728,66,147,426,89,381,19,35,253,74,347,47,112,173,15
"2011","Ashford 009B","E01024006","Total",705,73,143,390,99,369,21,23,247,78,336,52,120,143,21
"2011","Ashford 009D","E01024008","Total",1103,91,213,634,165,564,22,33,370,139,539,69,180,264,26
"2011","Ashford 009F","E01032815","Total",476,36,95,291,54,244,9,18,175,42,232,27,77,116,12
"2011","Ashford 009G","E01032817","Total",661,68,104,399,90,346,20,21,240,65,315,48,83,159,25
"2011","Ashford 009H","E01032818","Total",829,72,143,502,112,441,21,24,306,90,388,51,119,196,22
"2011","Ashford 009I","E01032819","Total",959,77,159,565,158,520,25,20,348,127,439,52,139,217,31
"2011","Ashford 009J","E01032824","Total",804,70,159,472,103,436,23,37,292,84,368,47,122,180,19
"2011","Ashford 010A","E01024013","Total",804,96,169,417,122,402,30,34,254,84,402,66,135,163,38
"2011","Ashford 010B","E01024014","Total",845,108,146,411,180,441,25,34,250,132,404,83,112,161,48
"2011","Ashford 010C","E01024015","Total",820,105,156,401,158,434,31,37,238,128,386,74,119,163,30
"2011","Ashford 010D","E01024034","Total",1244,126,228,667,223,653,32,50,397,174,591,94,178,270,49
"2011","Ashford 011A","E01023978","Total",580,77,127,228,148,328,19,43,150,116,252,58,84,78,32
"2011","Ashford 011B","E01023979","Total",594,90,115,288,101,299,25,31,174,69,295,65,84,114,32
"2011","Ashford 011C","E01024032","Total",776,99,175,376,126,422,26,58,238,100,354,73,117,138,26
"2011","Ashford 011D","E01024036","Total",672,93,90,329,160,377,23,17,216,121,295,70,73,113,39
"2011","Ashford 012B","E01024031","Total",709,80,136,342,151,387,23,27,224,113,322,57,109,118,38
"2011","Ashford 012C","E01024038","Total",779,101,140,401,137,422,24,31,261,106,357,77,109,140,31
"2011","Ashford 012D","E01024039","Total",714,87,151,349,127,372,24,40,208,100,342,63,111,141,27
"2011","Ashford 012E","E01032813","Total",1063,85,172,636,170,532,19,36,348,129,531,66,136,288,41
"2011","Ashford 012F","E01032814","Total",963,96,158,559,150,531,29,33,348,121,432,67,125,211,29
"2011","Ashford 013A","E01024009","Total",498,60,97,231,110,269,14,23,143,89,229,46,74,88,21
"2011","Ashford 013B","E01024010","Total",609,85,118,288,118,311,22,28,174,87,298,63,90,114,31
"2011","Ashford 013C","E01024011","Total",593,74,132,298,89,312,17,38,188,69,281,57,94,110,20
"2011","Ashford 013D","E01024012","Total",523,62,118,257,86,291,24,36,164,67,232,38,82,93,19
"2011","Ashford 013E","E01024024","Total",873,107,182,442,142,448,29,46,270,103,425,78,136,172,39
"2011","Ashford 013F","E01024025","Total",432,64,98,207,63,214,17,25,126,46,218,47,73,81,17
"2011","Ashford 014A","E01023997","Total",686,85,146,314,141,374,22,36,205,111,312,63,110,109,30
"2011","Ashford 014B","E01023998","Total",525,66,113,247,99,287,17,33,159,78,238,49,80,88,21
"2011","Ashford 014C","E01024026","Total",581,90,122,269,100,305,23,40,164,78,276,67,82,105,22
"2011","Ashford 014D","E01024037","Total",846,94,161,455,136,433,29,28,263,113,413,65,133,192,23
"2011","Canterbury 001A","E01024078","Total",752,66,133,427,126,408,25,44,244,95,344,41,89,183,31
"2011","Canterbury 001B","E01024080","Total",578,47,147,298,86,297,16,40,177,64,281,31,107,121,22
"2011","Canterbury 001C","E01024081","Total",609,51,130,357,71,339,21,37,228,53,270,30,93,129,18
"2011","Canterbury 001D","E01024082","Total",629,54,155,357,63,318,16,39,215,48,311,38,116,142,15
"2011","Canterbury 001E","E01024095","Total",715,85,168,374,88,357,31,34,227,65,358,54,134,147,23
"2011","Canterbury 002A","E01024094","Total",1090,109,236,591,154,576,30,61,370,115,514,79,175,221,39
"2011","Canterbury 002B","E01024096","Total",697,75,165,379,78,365,28,44,234,59,332,47,121,145,19
"2011","Canterbury 002C","E01024097","Total",576,78,132,282,84,285,24,34,163,64,291,54,98,119,20
"2011","Canterbury 002D","E01024098","Total",664,81,149,323,111,339,22,33,198,86,325,59,116,125,25
"2011","Canterbury 003A","E01024064","Total",1163,129,236,607,191,595,22,44,377,152,568,107,192,230,39
"2011","Canterbury 003B","E01024066","Total",639,74,143,360,62,321,26,40,204,51,318,48,103,156,11
"2011","Canterbury 003C","E01024079","Total",638,69,134,347,88,311,21,24,205,61,327,48,110,142,27
"2011","Canterbury 003D","E01024083","Total",503,60,121,262,60,244,18,27,149,50,259,42,94,113,10
"2011","Canterbury 003E","E01024118","Total",745,82,164,394,105,383,27,38,239,79,362,55,126,155,26
"2011","Canterbury 004A","E01024059","Total",540,63,119,276,82,274,26,35,153,60,266,37,84,123,22
"2011","Canterbury 004B","E01024065","Total",943,117,220,498,108,494,34,60,320,80,449,83,160,178,28
"2011","Canterbury 004C","E01024117","Total",594,80,132,302,80,307,20,38,189,60,287,60,94,113,20
"2011","Canterbury 004D","E01024119","Total",648,53,169,358,68,326,14,36,216,60,322,39,133,142,8
"2011","Canterbury 004E","E01024120","Total",614,72,152,321,69,318,27,30,203,58,296,45,122,118,11
"2011","Canterbury 005A","E01024056","Total",782,105,158,365,154,421,34,39,227,121,361,71,119,138,33
"2011","Canterbury 005B","E01024057","Total",751,82,146,402,121,396,28,36,246,86,355,54,110,156,35
"2011","Canterbury 005C","E01024058","Total",792,75,191,421,105,400,25,46,254,75,392,50,145,167,30
"2011","Canterbury 005D","E01024114","Total",790,97,177,397,119,393,25,43,239,86,397,72,134,158,33
"2011","Canterbury 005E","E01024115","Total",579,76,131,306,66,299,24,35,190,50,280,52,96,116,16
"2011","Canterbury 006A","E01024073","Total",962,93,205,544,120,504,31,53,322,98,458,62,152,222,22
"2011","Canterbury 006B","E01024074","Total",781,101,169,415,96,404,27,39,267,71,377,74,130,148,25
"2011","Canterbury 006C","E01024075","Total",709,61,159,372,117,371,22,27,239,83,338,39,132,133,34
"2011","Canterbury 006D","E01024076","Total",950,96,183,531,140,502,33,33,330,106,448,63,150,201,34
"2011","Canterbury 006E","E01024077","Total",755,80,155,394,126,392,22,31,244,95,363,58,124,150,31
"2011","Canterbury 007A","E01024055","Total",644,79,134,352,79,326,21,31,216,58,318,58,103,136,21
"2011","Canterbury 007B","E01024061","Total",500,52,104,292,52,251,12,24,174,41,249,40,80,118,11
"2011","Canterbury 007C","E01024063","Total",741,86,167,406,82,388,25,34,266,63,353,61,133,140,19
"2011","Canterbury 007D","E01024071","Total",817,105,187,411,114,399,33,34,248,84,418,72,153,163,30
"2011","Canterbury 007E","E01024116","Total",615,76,118,315,106,331,24,32,200,75,284,52,86,115,31
"2011","Canterbury 008A","E01024060","Total",745,76,153,422,94,374,23,32,244,75,371,53,121,178,19
"2011","Canterbury 008B","E01024069","Total",720,78,166,365,111,357,23,45,215,74,363,55,121,150,37
"2011","Canterbury 008C","E01024070","Total",708,80,161,373,94,363,30,51,220,62,345,50,110,153,32
"2011","Canterbury 008D","E01024072","Total",712,74,145,413,80,345,22,44,226,53,367,52,101,187,27
"2011","Canterbury 008E","E01024106","Total",677,83,152,361,81,334,22,42,211,59,343,61,110,150,22
"2011","Canterbury 009A","E01024062","Total",741,77,142,401,121,391,25,35,235,96,350,52,107,166,25
"2011","Canterbury 009B","E01024105","Total",680,73,142,357,108,368,21,40,221,86,312,52,102,136,22
"2011","Canterbury 009C","E01024107","Total",719,86,142,384,107,376,19,34,238,85,343,67,108,146,22
"2011","Canterbury 009D","E01024108","Total",438,47,108,220,63,224,10,29,130,55,214,37,79,90,8
"2011","Canterbury 009E","E01024109","Total",967,112,190,496,169,503,28,42,297,136,464,84,148,199,33
"2011","Canterbury 010A","E01024084","Total",518,39,95,303,81,249,9,21,162,57,269,30,74,141,24
"2011","Canterbury 010B","E01024085","Total",768,83,148,401,136,406,25,52,221,108,362,58,96,180,28
"2011","Canterbury 010C","E01024086","Total",984,100,193,534,157,523,33,53,320,117,461,67,140,214,40
"2011","Canterbury 010D","E01024087","Total",569,58,107,309,95,301,19,30,183,69,268,39,77,126,26
"2011","Canterbury 011A","E01024091","Total",594,74,145,310,65,313,18,45,197,53,281,56,100,113,12
"2011","Canterbury 011B","E01024110","Total",579,62,143,272,102,313,25,38,175,75,266,37,105,97,27
"2011","Canterbury 011C","E01024111","Total",669,57,152,372,88,340,14,29,227,70,329,43,123,145,18
"2011","Canterbury 011D","E01024112","Total",803,77,190,436,100,410,23,38,269,80,393,54,152,167,20
"2011","Canterbury 011E","E01024113","Total",586,37,143,299,107,303,12,42,174,75,283,25,101,125,32
"2011","Canterbury 012C","E01024067","Total",538,79,119,253,87,289,33,43,149,64,249,46,76,104,23
"2011","Canterbury 012D","E01024068","Total",642,91,130,315,106,325,27,37,194,67,317,64,93,121,39
"2011","Canterbury 012E","E01024123","Total",735,144,137,366,88,385,56,44,218,67,350,88,93,148,21
"2011","Canterbury 012F","E01032809","Total",1484,538,296,468,182,732,215,93,286,138,752,323,203,182,44
"2011","Canterbury 013A","E01024099","Total",505,141,112,209,43,253,48,36,133,36,252,93,76,76,7
"2011","Canterbury 013B","E01024100","Total",565,208,111,181,65,277,78,43,110,46,288,130,68,71,19
"2011","Canterbury 013C","E01024101","Total",695,200,167,268,60,345,83,57,157,48,350,117,110,111,12
"2011","Canterbury 013D","E01024102","Total",742,197,161,317,67,377,86,54,194,43,365,111,107,123,24
"2011","Canterbury 013E","E01024103","Total",594,148,128,256,62,283,47,35,155,46,311,101,93,101,16
"2011","Canterbury 014A","E01024047","Total",618,99,121,266,132,344,20,27,177,120,274,79,94,89,12
"2011","Canterbury 014B","E01024049","Total",813,99,131,226,357,563,52,39,126,346,250,47,92,100,11
"2011","Canterbury 014C","E01024090","Total",898,258,205,364,71,456,108,73,224,51,442,150,132,140,20
"2011","Canterbury 014D","E01024092","Total",597,150,132,257,58,290,57,47,147,39,307,93,85,110,19
"2011","Canterbury 014E","E01024093","Total",598,114,145,255,84,288,45,51,134,58,310,69,94,121,26
"2011","Canterbury 016A","E01024044","Total",1009,137,216,533,123,500,54,76,288,82,509,83,140,245,41
"2011","Canterbury 016B","E01024045","Total",683,91,149,351,92,343,30,39,211,63,340,61,110,140,29
"2011","Canterbury 016C","E01024046","Total",851,78,122,504,147,448,29,37,283,99,403,49,85,221,48
"2011","Canterbury 016D","E01024048","Total",622,194,130,230,68,291,63,44,137,47,331,131,86,93,21
"2011","Canterbury 016E","E01024131","Total",765,85,147,424,109,391,31,39,246,75,374,54,108,178,34
"2011","Canterbury 017A","E01024052","Total",1095,100,180,625,190,577,27,39,372,139,518,73,141,253,51
"2011","Canterbury 017B","E01024053","Total",947,89,183,509,166,489,19,44,301,125,458,70,139,208,41
"2011","Canterbury 017C","E01024054","Total",905,106,165,462,172,474,30,40,274,130,431,76,125,188,42
"2011","Canterbury 017D","E01024127","Total",784,82,170,414,118,408,26,46,240,96,376,56,124,174,22
"2011","Canterbury 018A","E01024042","Total",660,78,133,331,118,348,20,32,200,96,312,58,101,131,22
"2011","Canterbury 018B","E01024043","Total",648,82,132,325,109,322,24,28,187,83,326,58,104,138,26
"2011","Canterbury 018C","E01024088","Total",707,82,134,372,119,353,26,28,216,83,354,56,106,156,36
"2011","Canterbury 018D","E01024089","Total",568,83,97,291,97,296,22,25,175,74,272,61,72,116,23
"2011","Canterbury 019A","E01024128","Total",697,62,172,378,85,360,20,53,225,62,337,42,119,153,23
"2011","Canterbury 019B","E01024129","Total",855,160,169,430,96,431,60,69,243,59,424,100,100,187,37
"2011","Canterbury 019C","E01024130","Total",1276,145,247,724,160,609,48,71,392,98,667,97,176,332,62
"2011","Canterbury 020A","E01024104","Total",1046,171,155,556,164,553,78,51,312,112,493,93,104,244,52
"2011","Canterbury 020B","E01024121","Total",723,156,128,353,86,385,69,48,206,62,338,87,80,147,24
"2011","Canterbury 020C","E01024122","Total",567,82,131,282,72,281,33,35,162,51,286,49,96,120,21
"2011","Canterbury 020D","E01024124","Total",532,82,85,257,108,278,31,30,144,73,254,51,55,113,35
"2011","Canterbury 020E","E01024126","Total",556,77,134,288,57,265,30,40,151,44,291,47,94,137,13
"2011","Canterbury 020F","E01032807","Total",721,92,93,408,128,359,27,32,210,90,362,65,61,198,38
"2011","Canterbury 020G","E01032808","Total",697,96,103,407,91,356,40,28,230,58,341,56,75,177,33
"2011","Dartford 001A","E01024148","Total",616,51,110,376,79,328,21,25,216,66,288,30,85,160,13
"2011","Dartford 001B","E01024149","Total",1427,95,229,945,158,735,25,45,540,125,692,70,184,405,33
"2011","Dartford 001C","E01024154","Total",537,50,95,335,57,276,14,19,194,49,261,36,76,141,8
"2011","Dartford 001D","E01024155","Total",537,54,109,322,52,272,7,26,196,43,265,47,83,126,9
"2011","Dartford 002A","E01024140","Total",1703,90,197,1160,256,893,21,29,657,186,810,69,168,503,70
"2011","Dartford 002B","E01024141","Total",833,60,127,537,109,436,16,30,308,82,397,44,97,229,27
"2011","Dartford 002C","E01024143","Total",1462,75,173,919,295,799,25,36,514,224,663,50,137,405,71
"2011","Dartford 002D","E01024179","Total",1492,121,236,947,188,800,39,43,570,148,692,82,193,377,40
"2011","Dartford 003A","E01024180","Total",878,57,129,578,114,505,14,36,367,88,373,43,93,211,26
"2011","Dartford 003B","E01024181","Total",735,56,142,479,58,385,14,34,296,41,350,42,108,183,17
"2011","Dartford 003C","E01024182","Total",899,46,144,579,130,538,17,69,350,102,361,29,75,229,28
"2011","Dartford 003D","E01024183","Total",696,65,140,410,81,387,17,32,275,63,309,48,108,135,18
"2011","Dartford 003E","E01024184","Total",1090,81,178,704,127,578,31,43,403,101,512,50,135,301,26
"2011","Dartford 003F","E01024185","Total",1085,82,169,677,157,586,31,44,387,124,499,51,125,290,33
"2011","Dartford 004A","E01024142","Total",1608,96,203,1043,266,849,21,48,574,206,759,75,155,469,60
"2011","Dartford 004B","E01024176","Total",755,35,146,479,95,408,10,36,288,74,347,25,110,191,21
"2011","Dartford 004C","E01024177","Total",551,35,129,321,66,291,10,28,196,57,260,25,101,125,9
"2011","Dartford 004D","E01024178","Total",786,65,159,456,106,414,18,26,283,87,372,47,133,173,19
"2011","Dartford 005A","E01024156","Total",908,43,126,639,100,494,13,30,374,77,414,30,96,265,23
"2011","Dartford 005B","E01024161","Total",1148,94,186,736,132,604,30,37,427,110,544,64,149,309,22
"2011","Dartford 005C","E01024162","Total",1016,59,124,698,135,553,15,27,409,102,463,44,97,289,33
"2011","Dartford 005D","E01024163","Total",924,93,165,548,118,479,30,28,328,93,445,63,137,220,25
"2011","Dartford 005E","E01024164","Total",1061,74,172,700,115,594,23,55,419,97,467,51,117,281,18
"2011","Dartford 006A","E01024169","Total",671,67,118,423,63,345,23,23,251,48,326,44,95,172,15
"2011","Dartford 006B","E01024170","Total",658,55,119,405,79,345,13,23,244,65,313,42,96,161,14
"2011","Dartford 006C","E01024171","Total",823,53,135,536,99,436,11,24,320,81,387,42,111,216,18
"2011","Dartford 006D","E01024172","Total",1190,78,151,819,142,655,25,37,476,117,535,53,114,343,25
"2011","Dartford 007A","E01024144","Total",803,90,134,492,87,431,16,32,315,68,372,74,102,177,19
"2011","Dartford 007B","E01024145","Total",835,78,187,473,97,456,26,50,293,87,379,52,137,180,10
"2011","Dartford 007C","E01024146","Total",759,97,150,411,101,393,32,26,257,78,366,65,124,154,23
"2011","Dartford 007D","E01024147","Total",892,93,155,545,99,455,20,29,327,79,437,73,126,218,20
"2011","Dartford 007E","E01024186","Total",685,59,124,408,94,343,9,28,240,66,342,50,96,168,28
"2011","Dartford 008A","E01024133","Total",780,57,122,482,119,405,17,22,278,88,375,40,100,204,31
"2011","Dartford 008B","E01024136","Total",881,72,160,543,106,479,12,39,335,93,402,60,121,208,13
"2011","Dartford 008C","E01024137","Total",756,72,129,474,81,390,18,29,277,66,366,54,100,197,15
"2011","Dartford 008D","E01024138","Total",826,78,160,505,83,434,25,36,308,65,392,53,124,197,18
"2011","Dartford 008E","E01024139","Total",910,81,182,525,122,492,30,36,327,99,418,51,146,198,23
"2011","Dartford 009A","E01024165","Total",619,56,142,345,76,317,16,41,194,66,302,40,101,151,10
"2011","Dartford 009B","E01024166","Total",795,72,140,475,108,408,20,26,275,87,387,52,114,200,21
"2011","Dartford 009C","E01024167","Total",861,91,144,500,126,452,22,39,282,109,409,69,105,218,17
"2011","Dartford 009D","E01024168","Total",581,48,118,345,70,308,12,34,207,55,273,36,84,138,15
"2011","Dartford 010A","E01024150","Total",643,81,122,347,93,342,19,35,213,75,301,62,87,134,18
"2011","Dartford 010B","E01024151","Total",594,64,123,317,90,321,16,33,203,69,273,48,90,114,21
"2011","Dartford 010C","E01024152","Total",1367,112,254,788,213,702,36,49,456,161,665,76,205,332,52
"2011","Dartford 010D","E01024153","Total",686,71,128,385,102,358,18,30,228,82,328,53,98,157,20
"2011","Dartford 011A","E01024173","Total",881,95,174,480,132,478,32,47,293,106,403,63,127,187,26
"2011","Dartford 011B","E01024187","Total",573,65,121,293,94,303,11,33,184,75,270,54,88,109,19
"2011","Dartford 011C","E01024188","Total",608,74,99,329,106,303,17,15,187,84,305,57,84,142,22
"2011","Dartford 011D","E01024189","Total",782,92,129,440,121,405,29,30,260,86,377,63,99,180,35
"2011","Dartford 012A","E01024132","Total",626,56,116,383,71,338,16,28,233,61,288,40,88,150,10
"2011","Dartford 012B","E01024134","Total",829,69,163,501,96,428,16,36,303,73,401,53,127,198,23
"2011","Dartford 012C","E01024135","Total",632,45,127,386,74,337,11,35,240,51,295,34,92,146,23
"2011","Dartford 012D","E01024174","Total",620,78,109,362,71,317,23,22,219,53,303,55,87,143,18
"2011","Dartford 012E","E01024175","Total",712,69,124,432,87,357,18,23,242,74,355,51,101,190,13
"2011","Dartford 013A","E01024157","Total",828,87,150,444,147,429,23,38,249,119,399,64,112,195,28
"2011","Dartford 013B","E01024158","Total",717,86,122,386,123,367,19,27,231,90,350,67,95,155,33
"2011","Dartford 013C","E01024159","Total",782,104,125,420,133,412,26,25,257,104,370,78,100,163,29
"2011","Dartford 013D","E01024160","Total",659,83,138,314,124,363,24,38,197,104,296,59,100,117,20
"2011","Dover 001A","E01024206","Total",866,102,169,413,182,467,30,38,256,143,399,72,131,157,39
"2011","Dover 001B","E01024207","Total",872,100,176,453,143,446,25,45,264,112,426,75,131,189,31
"2011","Dover 001C","E01024208","Total",783,93,153,420,117,411,25,47,238,101,372,68,106,182,16
"2011","Dover 001D","E01024209","Total",838,100,160,432,146,452,32,55,257,108,386,68,105,175,38
"2011","Dover 002A","E01024202","Total",750,71,168,422,89,381,14,35,264,68,369,57,133,158,21
"2011","Dover 002B","E01024242","Total",770,89,150,407,124,413,30,34,263,86,357,59,116,144,38
"2011","Dover 002C","E01024243","Total",679,82,154,357,86,333,26,34,209,64,346,56,120,148,22
"2011","Dover 002D","E01024244","Total",842,70,153,483,136,445,24,50,279,92,397,46,103,204,44
"2011","Dover 002E","E01024245","Total",821,87,161,450,123,434,31,42,270,91,387,56,119,180,32
"2011","Dover 003A","E01024219","Total",498,52,104,275,67,235,17,19,149,50,263,35,85,126,17
"2011","Dover 003B","E01024220","Total",669,73,147,377,72,344,26,38,227,53,325,47,109,150,19
"2011","Dover 003C","E01024221","Total",776,84,154,426,112,389,25,39,238,87,387,59,115,188,25
"2011","Dover 003D","E01024227","Total",688,64,126,408,90,354,23,24,240,67,334,41,102,168,23
"2011","Dover 003E","E01024229","Total",679,61,145,383,90,353,19,36,225,73,326,42,109,158,17
"2011","Dover 004A","E01024228","Total",710,68,153,364,125,397,35,61,210,91,313,33,92,154,34
"2011","Dover 004B","E01024230","Total",646,61,142,345,98,345,19,46,207,73,301,42,96,138,25
"2011","Dover 004C","E01024231","Total",737,70,162,403,102,390,28,50,242,70,347,42,112,161,32
"2011","Dover 004D","E01024252","Total",1186,105,242,684,155,619,28,67,417,107,567,77,175,267,48
"2011","Dover 005A","E01024201","Total",759,82,160,389,128,393,17,51,224,101,366,65,109,165,27
"2011","Dover 005B","E01024217","Total",755,73,122,453,107,401,23,29,263,86,354,50,93,190,21
"2011","Dover 005C","E01024223","Total",696,69,153,387,87,357,18,34,232,73,339,51,119,155,14
"2011","Dover 005D","E01024225","Total",807,77,173,448,109,421,18,39,272,92,386,59,134,176,17
"2011","Dover 005E","E01024226","Total",631,72,149,332,78,324,18,34,206,66,307,54,115,126,12
"2011","Dover 006A","E01024190","Total",650,64,114,361,111,340,24,28,202,86,310,40,86,159,25
"2011","Dover 006B","E01024191","Total",822,73,184,477,88,419,17,32,289,81,403,56,152,188,7
"2011","Dover 006C","E01024192","Total",641,68,134,341,98,343,21,25,214,83,298,47,109,127,15
"2011","Dover 006D","E01024204","Total",671,58,145,363,105,357,21,40,216,80,314,37,105,147,25
"2011","Dover 007A","E01024218","Total",543,45,135,294,69,285,17,31,186,51,258,28,104,108,18
"2011","Dover 007B","E01024222","Total",664,57,150,387,70,343,17,35,235,56,321,40,115,152,14
"2011","Dover 007C","E01024224","Total",726,74,169,418,65,376,22,45,265,44,350,52,124,153,21
"2011","Dover 007D","E01024250","Total",671,70,151,379,71,356,28,40,234,54,315,42,111,145,17
"2011","Dover 007E","E01024251","Total",634,60,152,341,81,340,18,46,216,60,294,42,106,125,21
"2011","Dover 008A","E01024200","Total",820,71,192,419,138,447,23,53,262,109,373,48,139,157,29
"2011","Dover 008B","E01024203","Total",805,90,150,423,142,435,31,42,261,101,370,59,108,162,41
"2011","Dover 008C","E01024205","Total",791,82,149,439,121,402,15,27,264,96,389,67,122,175,25
"2011","Dover 008D","E01024255","Total",698,76,164,357,101,365,25,35,230,75,333,51,129,127,26
"2011","Dover 009A","E01024232","Total",891,131,194,420,146,461,31,61,265,104,430,100,133,155,42
"2011","Dover 009B","E01024236","Total",729,80,139,409,101,366,23,35,233,75,363,57,104,176,26
"2011","Dover 009C","E01024237","Total",628,76,121,303,128,331,21,29,183,98,297,55,92,120,30
"2011","Dover 009D","E01024253","Total",714,90,169,358,97,368,30,53,213,72,346,60,116,145,25
"2011","Dover 010C","E01024233","Total",833,96,190,450,97,440,27,42,281,90,393,69,148,169,7
"2011","Dover 010D","E01024235","Total",700,58,135,393,114,378,24,27,239,88,322,34,108,154,26
"2011","Dover 010E","E01024254","Total",956,87,209,522,138,506,22,52,319,113,450,65,157,203,25
"2011","Dover 010F","E01024256","Total",709,65,161,396,87,361,16,32,238,75,348,49,129,158,12
"2011","Dover 010G","E01033210","Total",1144,93,233,656,162,614,29,49,413,123,530,64,184,243,39
"2011","Dover 011A","E01024193","Total",619,64,158,331,66,308,18,46,190,54,311,46,112,141,12
"2011","Dover 011B","E01024194","Total",773,67,161,457,88,418,23,32,294,69,355,44,129,163,19
"2011","Dover 011C","E01024195","Total",664,66,140,378,80,337,19,35,220,63,327,47,105,158,17
"2011","Dover 011D","E01024196","Total",595,50,136,332,77,317,16,30,207,64,278,34,106,125,13
"2011","Dover 011E","E01024197","Total",763,64,174,430,95,379,15,35,251,78,384,49,139,179,17
"2011","Dover 011F","E01024240","Total",553,48,146,309,50,280,9,46,186,39,273,39,100,123,11
"2011","Dover 011G","E01024241","Total",925,88,206,511,120,480,18,52,324,86,445,70,154,187,34
"2011","Dover 011H","E01024248","Total",830,68,192,479,91,432,18,44,294,76,398,50,148,185,15
"2011","Dover 012B","E01024238","Total",767,78,134,414,141,436,27,35,264,110,331,51,99,150,31
"2011","Dover 012C","E01024239","Total",781,76,139,467,99,429,29,34,284,82,352,47,105,183,17
"2011","Dover 012D","E01024247","Total",868,73,174,518,103,496,29,65,326,76,372,44,109,192,27
"2011","Dover 012E","E01033209","Total",518,49,87,292,90,303,14,33,194,62,215,35,54,98,28
"2011","Dover 012F","E01033211","Total",443,33,86,255,69,245,7,36,150,52,198,26,50,105,17
"2011","Dover 013A","E01024214","Total",760,54,178,434,94,408,20,58,261,69,352,34,120,173,25
"2011","Dover 013B","E01024215","Total",733,73,123,438,99,415,26,45,265,79,318,47,78,173,20
"2011","Dover 013C","E01024216","Total",802,77,162,474,89,415,25,28,293,69,387,52,134,181,20
"2011","Dover 013D","E01024246","Total",925,68,213,551,93,523,25,71,349,78,402,43,142,202,15
"2011","Dover 013E","E01024249","Total",804,80,164,476,84,461,32,54,311,64,343,48,110,165,20
"2011","Dover 014A","E01024198","Total",1087,129,213,564,181,583,42,56,345,140,504,87,157,219,41
"2011","Dover 014B","E01024212","Total",816,83,126,495,112,446,23,28,301,94,370,60,98,194,18
"2011","Dover 014C","E01024213","Total",783,83,182,444,74,397,21,40,270,66,386,62,142,174,8
"2011","Dover 014D","E01024234","Total",689,85,134,355,115,357,20,35,217,85,332,65,99,138,30
"2011","Gravesham 001A","E01024276","Total",1359,121,222,828,188,743,42,56,499,146,616,79,166,329,42
"2011","Gravesham 001B","E01024277","Total",788,79,154,456,99,409,19,38,278,74,379,60,116,178,25
"2011","Gravesham 001C","E01024278","Total",703,49,140,420,94,384,13,37,264,70,319,36,103,156,24
"2011","Gravesham 001D","E01024279","Total",689,65,134,403,87,366,23,31,239,73,323,42,103,164,14
"2011","Gravesham 002A","E01024257","Total",917,66,146,553,152,551,26,57,351,117,366,40,89,202,35
"2011","Gravesham 002C","E01024290","Total",766,70,119,454,123,418,23,38,258,99,348,47,81,196,24
"2011","Gravesham 002D","E01024291","Total",787,46,137,502,102,463,15,40,327,81,324,31,97,175,21
"2011","Gravesham 002E","E01024295","Total",811,80,149,478,104,457,26,46,298,87,354,54,103,180,17
"2011","Gravesham 002F","E01032799","Total",780,45,130,507,98,478,21,63,319,75,302,24,67,188,23
"2011","Gravesham 002G","E01032800","Total",684,32,70,476,106,403,13,30,278,82,281,19,40,198,24
"2011","Gravesham 003A","E01024258","Total",814,66,125,513,110,444,17,36,307,84,370,49,89,206,26
"2011","Gravesham 003B","E01024261","Total",1025,106,211,559,149,543,27,40,358,118,482,79,171,201,31
"2011","Gravesham 003C","E01024293","Total",778,73,130,460,115,440,19,39,289,93,338,54,91,171,22
"2011","Gravesham 003D","E01024294","Total",942,90,175,564,113,495,27,50,328,90,447,63,125,236,23
"2011","Gravesham 003E","E01024296","Total",1502,146,240,921,195,863,53,73,577,160,639,93,167,344,35
"2011","Gravesham 004A","E01024262","Total",835,77,148,518,92,444,19,41,310,74,391,58,107,208,18
"2011","Gravesham 004B","E01024263","Total",624,58,124,359,83,330,14,31,217,68,294,44,93,142,15
"2011","Gravesham 004C","E01024282","Total",835,66,151,493,125,435,20,42,276,97,400,46,109,217,28
"2011","Gravesham 004D","E01024283","Total",633,67,121,370,75,353,22,34,241,56,280,45,87,129,19
"2011","Gravesham 004E","E01024284","Total",786,53,156,458,119,424,14,37,272,101,362,39,119,186,18
"2011","Gravesham 005A","E01024259","Total",784,75,150,442,117,428,23,35,273,97,356,52,115,169,20
"2011","Gravesham 005B","E01024260","Total",952,84,159,566,143,530,29,38,367,96,422,55,121,199,47
"2011","Gravesham 005C","E01024292","Total",802,76,136,468,122,444,18,35,300,91,358,58,101,168,31
"2011","Gravesham 005D","E01024313","Total",828,87,153,484,104,426,25,26,295,80,402,62,127,189,24
"2011","Gravesham 005E","E01024317","Total",836,72,158,485,121,451,15,38,305,93,385,57,120,180,28
"2011","Gravesham 005F","E01024318","Total",792,84,132,477,99,415,21,28,285,81,377,63,104,192,18
"2011","Gravesham 006A","E01024280","Total",759,55,135,470,99,383,13,29,262,79,376,42,106,208,20
"2011","Gravesham 006B","E01024281","Total",682,84,130,386,82,353,21,24,241,67,329,63,106,145,15
"2011","Gravesham 006C","E01024285","Total",659,67,134,369,89,345,16,25,230,74,314,51,109,139,15
"2011","Gravesham 006D","E01024287","Total",586,42,122,344,78,312,5,27,213,67,274,37,95,131,11
"2011","Gravesham 006E","E01024288","Total",565,60,104,328,73,297,16,25,201,55,268,44,79,127,18
"2011","Gravesham 007A","E01024308","Total",511,40,130,275,66,279,15,31,178,55,232,25,99,97,11
"2011","Gravesham 007B","E01024310","Total",605,62,115,343,85,331,9,25,224,73,274,53,90,119,12
"2011","Gravesham 007C","E01024311","Total",514,44,111,294,65,261,14,27,169,51,253,30,84,125,14
"2011","Gravesham 007D","E01024314","Total",652,50,128,386,88,351,15,25,235,76,301,35,103,151,12
"2011","Gravesham 007E","E01024315","Total",651,67,151,350,83,349,22,38,228,61,302,45,113,122,22
"2011","Gravesham 008A","E01024297","Total",830,85,176,458,111,430,15,35,286,94,400,70,141,172,17
"2011","Gravesham 008B","E01024298","Total",704,72,142,423,67,369,22,30,262,55,335,50,112,161,12
"2011","Gravesham 008C","E01024299","Total",712,82,125,403,102,367,22,20,239,86,345,60,105,164,16
"2011","Gravesham 008D","E01024309","Total",529,51,122,291,65,270,13,25,180,52,259,38,97,111,13
"2011","Gravesham 008E","E01024312","Total",586,59,117,341,69,310,11,24,221,54,276,48,93,120,15
"2011","Gravesham 009A","E01024264","Total",653,68,154,339,92,351,26,33,217,75,302,42,121,122,17
"2011","Gravesham 009B","E01024286","Total",870,96,187,502,85,478,23,38,344,73,392,73,149,158,12
"2011","Gravesham 009C","E01024316","Total",947,104,180,533,130,475,29,30,313,103,472,75,150,220,27
"2011","Gravesham 009D","E01024319","Total",704,69,163,388,84,366,15,36,244,71,338,54,127,144,13
"2011","Gravesham 010A","E01024265","Total",592,55,128,294,115,333,15,27,194,97,259,40,101,100,18
"2011","Gravesham 010B","E01024266","Total",501,42,112,275,72,247,11,26,156,54,254,31,86,119,18
"2011","Gravesham 010C","E01024267","Total",715,80,134,390,111,388,19,29,248,92,327,61,105,142,19
"2011","Gravesham 010D","E01024300","Total",720,81,150,389,100,382,21,33,240,88,338,60,117,149,12
"2011","Gravesham 010E","E01024301","Total",533,69,113,258,93,294,13,33,180,68,239,56,80,78,25
"2011","Gravesham 011A","E01024303","Total",808,67,169,476,96,385,11,30,266,78,423,56,139,210,18
"2011","Gravesham 011B","E01024304","Total",742,70,157,402,113,378,17,25,242,94,364,53,132,160,19
"2011","Gravesham 011C","E01024305","Total",536,54,121,295,66,289,11,27,198,53,247,43,94,97,13
"2011","Gravesham 011D","E01024306","Total",408,31,109,222,46,218,7,27,141,43,190,24,82,81,3
"2011","Gravesham 011E","E01024307","Total",602,62,134,322,84,330,20,23,213,74,272,42,111,109,10
"2011","Gravesham 012A","E01024268","Total",724,81,144,380,119,386,19,35,234,98,338,62,109,146,21
"2011","Gravesham 012B","E01024269","Total",869,103,170,473,123,460,33,29,296,102,409,70,141,177,21
"2011","Gravesham 012C","E01024270","Total",733,74,120,406,133,386,19,32,232,103,347,55,88,174,30
"2011","Gravesham 012D","E01024271","Total",665,76,127,350,112,341,19,30,203,89,324,57,97,147,23
"2011","Gravesham 012E","E01024272","Total",718,92,137,347,142,373,20,25,214,114,345,72,112,133,28
"2011","Gravesham 013A","E01024273","Total",791,84,149,397,161,419,24,36,238,121,372,60,113,159,40
"2011","Gravesham 013B","E01024274","Total",762,88,153,422,99,402,23,42,259,78,360,65,111,163,21
"2011","Gravesham 013C","E01024275","Total",778,89,140,435,114,407,25,18,271,93,371,64,122,164,21
"2011","Gravesham 013D","E01024302","Total",671,71,134,326,140,357,16,34,196,111,314,55,100,130,29
"2011","Maidstone 001A","E01024333","Total",787,69,132,471,115,418,20,17,288,93,369,49,115,183,22
"2011","Maidstone 001B","E01024334","Total",599,45,92,372,90,315,11,10,227,67,284,34,82,145,23
"2011","Maidstone 001C","E01024335","Total",877,103,175,435,164,464,32,40,267,125,413,71,135,168,39
"2011","Maidstone 001D","E01024338","Total",836,71,135,494,136,452,18,25,299,110,384,53,110,195,26
"2011","Maidstone 001E","E01024347","Total",875,104,139,443,189,456,29,27,258,142,419,75,112,185,47
"2011","Maidstone 002A","E01024353","Total",986,91,185,563,147,534,22,42,352,118,452,69,143,211,29
"2011","Maidstone 002B","E01024354","Total",783,70,151,463,99,406,16,31,281,78,377,54,120,182,21
"2011","Maidstone 002C","E01024355","Total",1100,85,167,676,172,601,26,48,403,124,499,59,119,273,48
"2011","Maidstone 002D","E01024385","Total",788,95,143,438,112,411,26,26,268,91,377,69,117,170,21
"2011","Maidstone 002E","E01024386","Total",877,73,161,490,153,470,19,35,304,112,407,54,126,186,41
"2011","Maidstone 003A","E01024320","Total",618,61,141,330,86,311,13,18,205,75,307,48,123,125,11
"2011","Maidstone 003B","E01024321","Total",707,84,137,375,111,374,21,28,239,86,333,63,109,136,25
"2011","Maidstone 003C","E01024322","Total",549,65,120,292,72,290,19,33,180,58,259,46,87,112,14
"2011","Maidstone 003D","E01024323","Total",641,69,130,367,75,320,11,25,222,62,321,58,105,145,13
"2011","Maidstone 003E","E01024324","Total",697,62,137,411,87,366,20,28,244,74,331,42,109,167,13
"2011","Maidstone 003F","E01024341","Total",758,69,131,434,124,422,27,31,266,98,336,42,100,168,26
"2011","Maidstone 004A","E01024352","Total",956,76,183,563,134,478,30,50,308,90,478,46,133,255,44
"2011","Maidstone 004C","E01024382","Total",1140,91,251,642,156,735,56,169,388,122,405,35,82,254,34
"2011","Maidstone 004D","E01024383","Total",1420,88,166,898,268,899,33,37,601,228,521,55,129,297,40
"2011","Maidstone 004E","E01024384","Total",922,72,170,549,131,499,15,44,335,105,423,57,126,214,26
"2011","Maidstone 004F","E01033090","Total",623,53,110,377,83,352,30,32,225,65,271,23,78,152,18
"2011","Maidstone 004G","E01033092","Total",709,53,88,472,96,409,23,33,282,71,300,30,55,190,25
"2011","Maidstone 005A","E01024330","Total",778,84,152,420,122,411,22,27,262,100,367,62,125,158,22
"2011","Maidstone 005B","E01024336","Total",893,105,164,478,146,476,25,36,296,119,417,80,128,182,27
"2011","Maidstone 005C","E01024337","Total",805,89,163,432,121,424,19,24,276,105,381,70,139,156,16
"2011","Maidstone 005D","E01024348","Total",799,98,135,444,122,424,26,28,272,98,375,72,107,172,24
"2011","Maidstone 005E","E01024351","Total",712,72,144,400,96,377,24,33,244,76,335,48,111,156,20
"2011","Maidstone 006A","E01024339","Total",1021,82,160,618,161,521,29,47,324,121,500,53,113,294,40
"2011","Maidstone 006B","E01024340","Total",1303,95,159,851,198,699,41,41,474,143,604,54,118,377,55
"2011","Maidstone 006C","E01024356","Total",867,91,155,497,124,462,24,45,299,94,405,67,110,198,30
"2011","Maidstone 006E","E01024373","Total",968,78,161,602,127,509,30,42,338,99,459,48,119,264,28
"2011","Maidstone 006F","E01033087","Total",860,64,94,572,130,474,18,32,327,97,386,46,62,245,33
"2011","Maidstone 006G","E01033091","Total",988,77,138,656,117,496,26,28,358,84,492,51,110,298,33
"2011","Maidstone 007A","E01024326","Total",843,112,177,429,125,446,34,33,275,104,397,78,144,154,21
"2011","Maidstone 007B","E01024327","Total",843,80,154,495,114,438,15,25,302,96,405,65,129,193,18
"2011","Maidstone 007C","E01024328","Total",698,84,141,348,125,365,22,30,211,102,333,62,111,137,23
"2011","Maidstone 007D","E01024329","Total",733,101,156,352,124,396,28,37,223,108,337,73,119,129,16
"2011","Maidstone 007E","E01024349","Total",861,72,146,513,130,445,15,21,304,105,416,57,125,209,25
"2011","Maidstone 008A","E01024357","Total",927,79,150,585,113,480,25,32,341,82,447,54,118,244,31
"2011","Maidstone 008B","E01024358","Total",817,100,156,452,109,416,27,41,264,84,401,73,115,188,25
"2011","Maidstone 008C","E01024367","Total",715,80,125,400,110,379,23,40,228,88,336,57,85,172,22
"2011","Maidstone 008E","E01024369","Total",794,87,163,432,112,423,25,34,269,95,371,62,129,163,17
"2011","Maidstone 008F","E01033088","Total",879,61,131,542,145,455,22,25,302,106,424,39,106,240,39
"2011","Maidstone 008G","E01033089","Total",794,62,132,496,104,395,10,34,276,75,399,52,98,220,29
"2011","Maidstone 009A","E01024360","Total",843,76,138,514,115,407,24,22,270,91,436,52,116,244,24
"2011","Maidstone 009B","E01024372","Total",1115,76,179,701,159,596,28,49,400,119,519,48,130,301,40
"2011","Maidstone 009C","E01024374","Total",683,76,148,368,91,353,20,37,231,65,330,56,111,137,26
"2011","Maidstone 009D","E01024401","Total",833,67,136,522,108,429,17,24,301,87,404,50,112,221,21
"2011","Maidstone 009E","E01024403","Total",991,72,169,601,149,527,23,33,350,121,464,49,136,251,28
"2011","Maidstone 010A","E01024371","Total",813,96,170,433,114,443,28,48,281,86,370,68,122,152,28
"2011","Maidstone 010B","E01024392","Total",756,64,154,431,107,408,21,33,257,97,348,43,121,174,10
"2011","Maidstone 010C","E01024393","Total",711,92,133,389,97,377,31,33,234,79,334,61,100,155,18
"2011","Maidstone 010D","E01024395","Total",673,86,131,367,89,367,25,35,235,72,306,61,96,132,17
"2011","Maidstone 010E","E01024396","Total",692,79,146,388,79,355,29,22,232,72,337,50,124,156,7
"2011","Maidstone 011A","E01024361","Total",806,76,160,443,127,430,19,40,267,104,376,57,120,176,23
"2011","Maidstone 011B","E01024362","Total",921,102,168,470,181,500,26,33,304,137,421,76,135,166,44
"2011","Maidstone 011C","E01024363","Total",985,92,200,508,185,530,23,51,316,140,455,69,149,192,45
"2011","Maidstone 011D","E01024387","Total",1227,130,224,590,283,664,25,59,353,227,563,105,165,237,56
"2011","Maidstone 012A","E01024331","Total",676,85,137,354,100,369,18,38,230,83,307,67,99,124,17
"2011","Maidstone 012B","E01024394","Total",689,75,143,387,84,375,22,36,249,68,314,53,107,138,16
"2011","Maidstone 012C","E01024402","Total",713,90,136,383,104,370,25,25,240,80,343,65,111,143,24
"2011","Maidstone 012D","E01024404","Total",803,78,171,435,119,426,23,31,273,99,377,55,140,162,20
"2011","Maidstone 012E","E01024405","Total",1029,110,151,597,171,543,33,35,339,136,486,77,116,258,35
"2011","Maidstone 013A","E01024389","Total",735,59,178,402,96,397,15,44,255,83,338,44,134,147,13
"2011","Maidstone 013B","E01024390","Total",544,57,126,290,71,281,18,24,179,60,263,39,102,111,11
"2011","Maidstone 013C","E01024391","Total",564,52,116,317,79,311,20,22,209,60,253,32,94,108,19
"2011","Maidstone 013D","E01024397","Total",574,59,114,339,62,307,15,26,216,50,267,44,88,123,12
"2011","Maidstone 013E","E01024398","Total",715,62,141,419,93,384,13,29,260,82,331,49,112,159,11
"2011","Maidstone 013F","E01024399","Total",550,56,103,317,74,291,12,19,197,63,259,44,84,120,11
"2011","Maidstone 013G","E01024400","Total",551,60,126,303,62,288,22,28,185,53,263,38,98,118,9
"2011","Maidstone 014A","E01024325","Total",1017,117,205,544,151,546,42,48,336,120,471,75,157,208,31
"2011","Maidstone 014B","E01024346","Total",608,69,104,311,124,335,19,28,192,96,273,50,76,119,28
"2011","Maidstone 014C","E01024377","Total",784,100,135,414,135,429,19,40,261,109,355,81,95,153,26
"2011","Maidstone 014D","E01024378","Total",647,76,114,335,122,346,21,25,202,98,301,55,89,133,24
"2011","Maidstone 015A","E01024332","Total",623,56,106,305,156,350,14,30,180,126,273,42,76,125,30
"2011","Maidstone 015B","E01024350","Total",784,84,139,439,122,414,18,28,262,106,370,66,111,177,16
"2011","Maidstone 015C","E01024375","Total",1238,114,250,627,247,660,34,51,381,194,578,80,199,246,53
"2011","Maidstone 015D","E01024388","Total",1569,114,294,930,231,820,34,65,540,181,749,80,229,390,50
"2011","Maidstone 015E","E01024410","Total",757,75,151,394,137,415,22,42,247,104,342,53,109,147,33
"2011","Maidstone 016A","E01024342","Total",821,72,129,477,143,435,21,26,279,109,386,51,103,198,34
"2011","Maidstone 016B","E01024343","Total",722,79,141,390,112,389,26,19,244,100,333,53,122,146,12
"2011","Maidstone 016C","E01024344","Total",665,66,142,375,82,342,16,29,231,66,323,50,113,144,16
"2011","Maidstone 016D","E01024376","Total",1180,131,231,619,199,632,30,46,396,160,548,101,185,223,39
"2011","Maidstone 017A","E01024364","Total",751,83,152,348,168,408,24,34,212,138,343,59,118,136,30
"2011","Maidstone 017B","E01024365","Total",851,97,156,477,121,472,29,30,312,101,379,68,126,165,20
"2011","Maidstone 017C","E01024366","Total",894,100,155,429,210,468,28,39,236,165,426,72,116,193,45
"2011","Maidstone 017D","E01024411","Total",619,56,109,285,169,332,14,28,166,124,287,42,81,119,45
"2011","Maidstone 018A","E01024345","Total",806,69,160,412,165,437,22,38,253,124,369,47,122,159,41
"2011","Maidstone 018B","E01024379","Total",886,118,184,405,179,488,34,49,264,141,398,84,135,141,38
"2011","Maidstone 018C","E01024380","Total",864,99,161,428,176,474,23,40,268,143,390,76,121,160,33
"2011","Maidstone 018D","E01024381","Total",649,68,123,348,110,346,18,22,223,83,303,50,101,125,27
"2011","Maidstone 019A","E01024406","Total",738,75,156,382,125,408,21,34,254,99,330,54,122,128,26
"2011","Maidstone 019B","E01024407","Total",794,98,135,424,137,425,26,28,267,104,369,72,107,157,33
"2011","Maidstone 019C","E01024408","Total",770,83,118,462,107,414,24,26,282,82,356,59,92,180,25
"2011","Maidstone 019D","E01024409","Total",715,78,131,392,114,391,13,27,256,95,324,65,104,136,19
"2011","Sevenoaks 001A","E01024445","Total",693,78,129,402,84,349,22,21,243,63,344,56,108,159,21
"2011","Sevenoaks 001B","E01024446","Total",811,98,133,462,118,417,20,36,265,96,394,78,97,197,22
"2011","Sevenoaks 001C","E01024447","Total",609,70,141,313,85,325,17,44,195,69,284,53,97,118,16
"2011","Sevenoaks 001D","E01024472","Total",678,60,114,404,100,359,9,21,245,84,319,51,93,159,16
"2011","Sevenoaks 001E","E01024479","Total",751,69,134,450,98,398,11,29,277,81,353,58,105,173,17
"2011","Sevenoaks 002A","E01024476","Total",616,56,133,370,57,327,13,33,232,49,289,43,100,138,8
"2011","Sevenoaks 002B","E01024477","Total",623,57,119,374,73,330,18,33,219,60,293,39,86,155,13
"2011","Sevenoaks 002C","E01024478","Total",678,64,119,417,78,378,15,31,264,68,300,49,88,153,10
"2011","Sevenoaks 002D","E01024480","Total",653,59,131,394,69,344,23,22,238,61,309,36,109,156,8
"2011","Sevenoaks 002E","E01024481","Total",707,74,145,407,81,355,19,36,232,68,352,55,109,175,13
"2011","Sevenoaks 002F","E01024482","Total",717,63,142,418,94,361,17,27,240,77,356,46,115,178,17
"2011","Sevenoaks 003A","E01024421","Total",929,117,161,483,168,494,28,43,293,130,435,89,118,190,38
"2011","Sevenoaks 003B","E01024473","Total",856,79,179,472,126,433,16,38,277,102,423,63,141,195,24
"2011","Sevenoaks 003C","E01024474","Total",629,67,121,358,83,312,8,27,208,69,317,59,94,150,14
"2011","Sevenoaks 003D","E01024475","Total",718,72,137,423,86,403,17,48,271,67,315,55,89,152,19
"2011","Sevenoaks 004A","E01024441","Total",677,95,138,329,115,368,24,36,214,94,309,71,102,115,21
"2011","Sevenoaks 004B","E01024442","Total",721,83,130,356,152,401,24,32,224,121,320,59,98,132,31
"2011","Sevenoaks 004C","E01024443","Total",615,84,131,301,99,335,20,30,199,86,280,64,101,102,13
"2011","Sevenoaks 004D","E01024444","Total",651,66,136,371,78,326,16,24,224,62,325,50,112,147,16
"2011","Sevenoaks 005A","E01024431","Total",912,106,157,469,180,476,27,31,276,142,436,79,126,193,38
"2011","Sevenoaks 005B","E01024432","Total",772,90,149,417,116,404,30,32,246,96,368,60,117,171,20
"2011","Sevenoaks 005C","E01024433","Total",711,70,127,382,132,388,27,37,223,101,323,43,90,159,31
"2011","Sevenoaks 005D","E01024434","Total",1057,78,165,666,148,572,20,35,407,110,485,58,130,259,38
"2011","Sevenoaks 007A","E01024435","Total",807,94,170,393,150,419,23,34,241,121,388,71,136,152,29
"2011","Sevenoaks 007B","E01024436","Total",660,62,148,325,125,350,12,39,202,97,310,50,109,123,28
"2011","Sevenoaks 007C","E01024437","Total",758,105,133,401,119,409,32,38,239,100,349,73,95,162,19
"2011","Sevenoaks 007D","E01024438","Total",734,73,137,401,123,388,17,42,221,108,346,56,95,180,15
"2011","Sevenoaks 008A","E01024422","Total",1020,92,173,618,137,522,18,35,365,104,498,74,138,253,33
"2011","Sevenoaks 008B","E01024423","Total",936,76,148,564,148,503,14,41,331,117,433,62,107,233,31
"2011","Sevenoaks 008C","E01024439","Total",784,76,187,375,146,414,24,45,233,112,370,52,142,142,34
"2011","Sevenoaks 008D","E01024440","Total",986,112,177,531,166,542,37,46,325,134,444,75,131,206,32
"2011","Sevenoaks 008E","E01024452","Total",669,64,124,328,153,371,21,34,207,109,298,43,90,121,44
"2011","Sevenoaks 009A","E01024448","Total",630,67,123,353,87,312,4,29,211,68,318,63,94,142,19
"2011","Sevenoaks 009B","E01024449","Total",646,85,132,324,105,355,31,27,206,91,291,54,105,118,14
"2011","Sevenoaks 009C","E01024450","Total",746,113,141,369,123,377,27,37,212,101,369,86,104,157,22
"2011","Sevenoaks 009D","E01024453","Total",706,102,130,311,163,391,30,35,190,136,315,72,95,121,27
"2011","Sevenoaks 009E","E01024454","Total",749,94,154,373,128,389,23,37,231,98,360,71,117,142,30
"2011","Sevenoaks 010A","E01024457","Total",543,45,91,304,103,277,10,13,181,73,266,35,78,123,30
"2011","Sevenoaks 010B","E01024460","Total",750,77,181,384,108,406,25,36,262,83,344,52,145,122,25
"2011","Sevenoaks 010C","E01024461","Total",1227,111,174,673,269,681,25,40,410,206,546,86,134,263,63
"2011","Sevenoaks 010D","E01024465","Total",798,64,142,493,99,404,12,35,283,74,394,52,107,210,25
"2011","Sevenoaks 010E","E01024466","Total",665,70,124,374,97,366,19,38,237,72,299,51,86,137,25
"2011","Sevenoaks 010F","E01024468","Total",753,70,111,407,165,393,14,26,233,120,360,56,85,174,45
"2011","Sevenoaks 011A","E01024416","Total",780,106,148,368,158,428,25,40,240,123,352,81,108,128,35
"2011","Sevenoaks 011B","E01024418","Total",596,84,102,283,127,317,16,24,183,94,279,68,78,100,33
"2011","Sevenoaks 011C","E01024424","Total",571,73,91,245,162,330,12,19,161,138,241,61,72,84,24
"2011","Sevenoaks 011D","E01024463","Total",664,89,120,275,180,377,19,32,172,154,287,70,88,103,26
"2011","Sevenoaks 011E","E01024464","Total",705,97,116,295,197,394,26,27,182,159,311,71,89,113,38
"2011","Sevenoaks 011F","E01024467","Total",800,87,147,415,151,416,19,26,255,116,384,68,121,160,35
"2011","Sevenoaks 012A","E01024458","Total",615,73,104,261,177,361,21,27,167,146,254,52,77,94,31
"2011","Sevenoaks 012B","E01024459","Total",754,107,145,324,178,419,28,32,205,154,335,79,113,119,24
"2011","Sevenoaks 012C","E01024462","Total",714,95,117,327,175,410,31,29,202,148,304,64,88,125,27
"2011","Sevenoaks 012D","E01024469","Total",911,68,87,502,254,534,27,30,294,183,377,41,57,208,71
"2011","Sevenoaks 012E","E01024470","Total",692,66,105,350,171,403,18,22,222,141,289,48,83,128,30
"2011","Sevenoaks 012F","E01024471","Total",659,55,88,341,175,365,13,27,201,124,294,42,61,140,51
"2011","Sevenoaks 013A","E01024417","Total",790,84,121,421,164,433,24,29,251,129,357,60,92,170,35
"2011","Sevenoaks 013B","E01024419","Total",879,108,159,391,221,481,31,36,237,177,398,77,123,154,44
"2011","Sevenoaks 013C","E01024483","Total",839,92,147,429,171,447,31,35,253,128,392,61,112,176,43
"2011","Sevenoaks 013D","E01024484","Total",632,77,111,282,162,359,22,32,173,132,273,55,79,109,30
"2011","Sevenoaks 013E","E01024485","Total",840,79,176,457,128,439,16,46,283,94,401,63,130,174,34
"2011","Sevenoaks 014A","E01024425","Total",788,95,126,451,116,433,35,36,279,83,355,60,90,172,33
"2011","Sevenoaks 014B","E01024426","Total",969,101,162,544,162,509,30,39,320,120,460,71,123,224,42
"2011","Sevenoaks 014C","E01024427","Total",626,72,113,364,77,315,17,23,218,57,311,55,90,146,20
"2011","Sevenoaks 014D","E01024428","Total",641,60,123,375,83,344,14,21,241,68,297,46,102,134,15
"2011","Sevenoaks 014E","E01024429","Total",739,90,138,409,102,362,24,36,227,75,377,66,102,182,27
"2011","Sevenoaks 014F","E01024430","Total",721,91,116,374,140,370,24,34,208,104,351,67,82,166,36
"2011","Sevenoaks 015A","E01024420","Total",1054,138,194,488,234,570,32,46,307,185,484,106,148,181,49
"2011","Sevenoaks 015B","E01024451","Total",1109,139,181,549,240,607,41,41,338,187,502,98,140,211,53
"2011","Sevenoaks 015C","E01024455","Total",616,78,114,279,145,325,14,28,175,108,291,64,86,104,37
"2011","Sevenoaks 015D","E01024456","Total",557,71,110,244,132,314,17,30,155,112,243,54,80,89,20
"2011","Sevenoaks 016A","E01024413","Total",883,89,156,527,111,454,25,29,308,92,429,64,127,219,19
"2011","Sevenoaks 016B","E01024414","Total",898,84,170,521,123,461,24,42,297,98,437,60,128,224,25
"2011","Sevenoaks 016C","E01024415","Total",748,103,131,398,116,381,31,36,231,83,367,72,95,167,33
"2011","Sevenoaks 016D","E01032619","Total",874,92,185,476,121,459,24,49,292,94,415,68,136,184,27
"2011","Shepway 001A","E01024490","Total",1001,138,197,437,229,530,40,48,265,177,471,98,149,172,52
"2011","Shepway 001B","E01024544","Total",667,66,131,356,114,359,23,27,218,91,308,43,104,138,23
"2011","Shepway 001C","E01024545","Total",736,95,143,350,148,391,22,36,213,120,345,73,107,137,28
"2011","Shepway 001D","E01024547","Total",602,59,130,352,61,300,17,28,213,42,302,42,102,139,19
"2011","Shepway 002A","E01024492","Total",713,75,174,382,82,355,23,48,217,67,358,52,126,165,15
"2011","Shepway 002B","E01024541","Total",1090,101,219,623,147,560,30,48,367,115,530,71,171,256,32
"2011","Shepway 002C","E01024542","Total",984,91,189,549,155,516,23,41,329,123,468,68,148,220,32
"2011","Shepway 002E","E01033213","Total",916,85,157,504,170,490,27,32,301,130,426,58,125,203,40
"2011","Shepway 002F","E01033214","Total",884,104,167,476,137,452,29,39,277,107,432,75,128,199,30
"2011","Shepway 003A","E01024496","Total",614,46,150,357,61,306,12,33,209,52,308,34,117,148,9
"2011","Shepway 003B","E01024497","Total",718,56,159,431,72,361,17,37,251,56,357,39,122,180,16
"2011","Shepway 003C","E01024498","Total",615,67,164,306,78,289,16,36,177,60,326,51,128,129,18
"2011","Shepway 003D","E01024503","Total",781,88,185,424,84,404,29,49,256,70,377,59,136,168,14
"2011","Shepway 003E","E01024518","Total",841,85,176,474,106,444,31,39,283,91,397,54,137,191,15
"2011","Shepway 004A","E01024499","Total",717,73,167,408,69,371,24,46,242,59,346,49,121,166,10
"2011","Shepway 004B","E01024500","Total",483,48,109,264,62,247,12,27,161,47,236,36,82,103,15
"2011","Shepway 004C","E01024501","Total",662,54,167,396,45,339,17,48,239,35,323,37,119,157,10
"2011","Shepway 004D","E01024502","Total",650,46,135,369,100,357,14,25,243,75,293,32,110,126,25
"2011","Shepway 004E","E01024505","Total",803,73,183,467,80,422,20,51,292,59,381,53,132,175,21
"2011","Shepway 005A","E01024491","Total",740,68,176,414,82,372,19,31,249,73,368,49,145,165,9
"2011","Shepway 005B","E01024493","Total",648,84,130,364,70,352,30,31,231,60,296,54,99,133,10
"2011","Shepway 005C","E01024494","Total",755,83,175,408,89,393,29,36,254,74,362,54,139,154,15
"2011","Shepway 005D","E01024495","Total",825,59,174,463,129,470,20,39,299,112,355,39,135,164,17
"2011","Shepway 005E","E01024520","Total",650,65,127,381,77,322,17,24,219,62,328,48,103,162,15
"2011","Shepway 005F","E01024528","Total",584,51,142,318,73,291,19,33,181,58,293,32,109,137,15
"2011","Shepway 006A","E01024511","Total",639,76,111,345,107,321,26,25,194,76,318,50,86,151,31
"2011","Shepway 006B","E01024512","Total",849,96,189,479,85,436,23,47,296,70,413,73,142,183,15
"2011","Shepway 006C","E01024513","Total",779,87,203,403,86,398,29,55,247,67,381,58,148,156,19
"2011","Shepway 006D","E01024514","Total",654,66,145,360,83,348,26,39,219,64,306,40,106,141,19
"2011","Shepway 006E","E01024515","Total",672,74,170,360,68,342,21,43,223,55,330,53,127,137,13
"2011","Shepway 006F","E01024516","Total",632,65,149,351,67,326,25,35,219,47,306,40,114,132,20
"2011","Shepway 006G","E01024519","Total",960,77,124,480,279,639,34,33,321,251,321,43,91,159,28
"2011","Shepway 006H","E01024521","Total",849,72,163,485,129,435,26,50,253,106,414,46,113,232,23
"2011","Shepway 008A","E01024523","Total",599,84,135,281,99,305,28,30,170,77,294,56,105,111,22
"2011","Shepway 008B","E01024526","Total",675,66,137,383,89,356,24,39,225,68,319,42,98,158,21
"2011","Shepway 008C","E01024527","Total",569,69,101,315,84,300,18,21,194,67,269,51,80,121,17
"2011","Shepway 008D","E01024550","Total",948,98,219,471,160,484,32,45,279,128,464,66,174,192,32
"2011","Shepway 009A","E01024489","Total",714,94,148,375,97,392,31,44,240,77,322,63,104,135,20
"2011","Shepway 009B","E01024530","Total",705,66,157,381,101,353,17,31,222,83,352,49,126,159,18
"2011","Shepway 009C","E01024536","Total",1001,124,197,512,168,514,40,43,300,131,487,84,154,212,37
"2011","Shepway 009D","E01024546","Total",776,86,143,402,145,395,19,37,231,108,381,67,106,171,37
"2011","Shepway 010A","E01024522","Total",617,71,151,304,91,316,26,33,191,66,301,45,118,113,25
"2011","Shepway 010B","E01024524","Total",546,65,126,279,76,274,20,34,160,60,272,45,92,119,16
"2011","Shepway 010C","E01024525","Total",610,62,120,316,112,323,26,38,185,74,287,36,82,131,38
"2011","Shepway 010D","E01024529","Total",579,60,132,321,66,312,17,38,202,55,267,43,94,119,11
"2011","Shepway 010E","E01024531","Total",578,63,131,333,51,310,24,37,210,39,268,39,94,123,12
"2011","Shepway 011A","E01024486","Total",762,73,152,432,105,396,23,40,251,82,366,50,112,181,23
"2011","Shepway 011B","E01024487","Total",517,55,101,290,71,277,12,27,181,57,240,43,74,109,14
"2011","Shepway 011C","E01024488","Total",445,41,93,252,59,221,13,22,139,47,224,28,71,113,12
"2011","Shepway 011D","E01024548","Total",598,65,120,286,127,325,20,28,178,99,273,45,92,108,28
"2011","Shepway 011E","E01024549","Total",547,51,102,296,98,309,11,37,180,81,238,40,65,116,17
"2011","Shepway 012A","E01024537","Total",709,79,131,392,107,388,19,37,246,86,321,60,94,146,21
"2011","Shepway 012B","E01024538","Total",711,86,145,377,103,373,27,37,228,81,338,59,108,149,22
"2011","Shepway 012C","E01024539","Total",851,80,173,505,93,453,24,36,323,70,398,56,137,182,23
"2011","Shepway 012D","E01024540","Total",697,87,145,363,102,362,24,27,227,84,335,63,118,136,18
"2011","Shepway 013A","E01024532","Total",604,58,143,318,85,335,21,42,208,64,269,37,101,110,21
"2011","Shepway 013B","E01024533","Total",462,58,91,223,90,255,19,31,137,68,207,39,60,86,22
"2011","Shepway 013C","E01024534","Total",632,52,115,378,87,345,13,21,239,72,287,39,94,139,15
"2011","Shepway 013D","E01024535","Total",1063,100,182,608,173,610,31,37,398,144,453,69,145,210,29
"2011","Shepway 014A","E01024504","Total",859,79,223,459,98,483,25,72,315,71,376,54,151,144,27
"2011","Shepway 014B","E01024507","Total",802,71,168,453,110,464,22,55,299,88,338,49,113,154,22
"2011","Shepway 014C","E01033212","Total",723,51,132,453,87,423,23,47,277,76,300,28,85,176,11
"2011","Shepway 014D","E01033215","Total",484,45,72,296,71,297,13,30,203,51,187,32,42,93,20
"2011","Shepway 015A","E01024508","Total",948,72,157,588,131,532,27,53,351,101,416,45,104,237,30
"2011","Shepway 015B","E01024509","Total",672,42,128,399,103,418,18,56,271,73,254,24,72,128,30
"2011","Shepway 015C","E01024510","Total",769,63,131,467,108,421,20,48,272,81,348,43,83,195,27
"2011","Shepway 015D","E01024517","Total",795,75,135,476,109,445,30,45,287,83,350,45,90,189,26
"2011","Swale 001A","E01024609","Total",454,41,61,291,61,266,10,19,188,49,188,31,42,103,12
"2011","Swale 001B","E01024610","Total",602,54,119,337,92,337,21,33,203,80,265,33,86,134,12
"2011","Swale 001C","E01024611","Total",623,62,126,338,97,330,11,26,215,78,293,51,100,123,19
"2011","Swale 001D","E01024612","Total",635,47,146,352,90,338,19,31,211,77,297,28,115,141,13
"2011","Swale 002A","E01024613","Total",545,55,92,298,100,318,16,20,202,80,227,39,72,96,20
"2011","Swale 002B","E01024614","Total",502,54,112,263,73,276,16,29,173,58,226,38,83,90,15
"2011","Swale 002C","E01024615","Total",462,46,86,272,58,252,8,30,164,50,210,38,56,108,8
"2011","Swale 002D","E01024616","Total",614,51,140,339,84,335,11,29,223,72,279,40,111,116,12
"2011","Swale 003A","E01024585","Total",535,44,116,295,80,294,11,28,190,65,241,33,88,105,15
"2011","Swale 003B","E01024587","Total",649,79,113,358,99,332,12,26,214,80,317,67,87,144,19
"2011","Swale 003C","E01024588","Total",674,78,122,360,114,357,19,34,215,89,317,59,88,145,25
"2011","Swale 003D","E01024589","Total",742,82,121,415,124,406,23,24,257,102,336,59,97,158,22
"2011","Swale 004A","E01024595","Total",709,83,131,399,96,379,18,30,254,77,330,65,101,145,19
"2011","Swale 004B","E01024598","Total",753,66,126,433,128,416,18,25,274,99,337,48,101,159,29
"2011","Swale 004D","E01024619","Total",714,62,142,413,97,371,12,31,246,82,343,50,111,167,15
"2011","Swale 004E","E01024621","Total",395,44,110,194,47,194,11,24,118,41,201,33,86,76,6
"2011","Swale 004F","E01032653","Total",754,67,146,432,109,381,19,26,242,94,373,48,120,190,15
"2011","Swale 004G","E01032654","Total",1045,58,146,658,183,570,21,21,383,145,475,37,125,275,38
"2011","Swale 005A","E01024594","Total",622,61,111,369,81,331,12,23,221,75,291,49,88,148,6
"2011","Swale 005B","E01024596","Total",692,68,118,400,106,378,11,30,249,88,314,57,88,151,18
"2011","Swale 005C","E01024597","Total",550,56,93,327,74,290,6,23,200,61,260,50,70,127,13
"2011","Swale 005D","E01024620","Total",565,55,121,288,101,320,19,24,190,87,245,36,97,98,14
"2011","Swale 006A","E01024580","Total",532,45,92,293,102,307,9,20,195,83,225,36,72,98,19
"2011","Swale 006B","E01024581","Total",546,43,115,312,76,291,16,27,185,63,255,27,88,127,13
"2011","Swale 006C","E01024586","Total",755,66,153,402,134,397,12,36,238,111,358,54,117,164,23
"2011","Swale 006D","E01024618","Total",1101,118,291,477,215,744,60,189,309,186,357,58,102,168,29
"2011","Swale 007B","E01024576","Total",932,65,152,568,147,484,15,26,328,115,448,50,126,240,32
"2011","Swale 007C","E01024577","Total",667,60,121,392,94,340,15,29,222,74,327,45,92,170,20
"2011","Swale 007D","E01024578","Total",906,70,167,547,122,456,14,26,319,97,450,56,141,228,25
"2011","Swale 007E","E01024579","Total",1378,99,232,836,211,743,25,47,500,171,635,74,185,336,40
"2011","Swale 007F","E01024583","Total",790,87,146,437,120,399,22,22,254,101,391,65,124,183,19
"2011","Swale 007G","E01032655","Total",911,61,160,530,160,482,16,23,311,132,429,45,137,219,28
"2011","Swale 007H","E01032656","Total",744,48,140,435,121,385,13,18,260,94,359,35,122,175,27
"2011","Swale 008A","E01024570","Total",744,82,137,382,143,378,12,31,220,115,366,70,106,162,28
"2011","Swale 008B","E01024571","Total",791,72,139,464,116,420,25,34,273,88,371,47,105,191,28
"2011","Swale 008C","E01024572","Total",612,52,109,324,127,332,13,22,192,105,280,39,87,132,22
"2011","Swale 008D","E01024573","Total",626,78,125,334,89,321,32,20,198,71,305,46,105,136,18
"2011","Swale 008E","E01024575","Total",607,69,106,342,90,319,17,20,211,71,288,52,86,131,19
"2011","Swale 009A","E01024554","Total",1229,132,241,663,193,670,34,56,426,154,559,98,185,237,39
"2011","Swale 009B","E01024561","Total",722,51,131,442,98,404,10,31,280,83,318,41,100,162,15
"2011","Swale 009C","E01024567","Total",1330,109,224,808,189,699,28,39,480,152,631,81,185,328,37
"2011","Swale 009D","E01024568","Total",1461,118,257,845,241,776,25,44,505,202,685,93,213,340,39
"2011","Swale 009E","E01024582","Total",785,67,150,451,117,419,17,25,286,91,366,50,125,165,26
"2011","Swale 010A","E01024559","Total",636,56,106,383,91,340,10,20,236,74,296,46,86,147,17
"2011","Swale 010B","E01024584","Total",650,57,131,370,92,359,12,32,239,76,291,45,99,131,16
"2011","Swale 010C","E01024590","Total",486,54,105,275,52,247,13,27,163,44,239,41,78,112,8
"2011","Swale 010D","E01024599","Total",885,78,151,549,107,481,21,32,341,87,404,57,119,208,20
"2011","Swale 010E","E01024608","Total",787,58,143,489,97,428,15,36,295,82,359,43,107,194,15
"2011","Swale 011A","E01024591","Total",904,71,148,559,126,496,13,37,344,102,408,58,111,215,24
"2011","Swale 011B","E01024592","Total",683,61,125,410,87,377,17,26,259,75,306,44,99,151,12
"2011","Swale 011C","E01024593","Total",662,70,101,386,105,346,13,20,219,94,316,57,81,167,11
"2011","Swale 011D","E01024600","Total",648,71,130,364,83,328,13,30,219,66,320,58,100,145,17
"2011","Swale 011E","E01024601","Total",796,86,176,425,109,417,24,29,270,94,379,62,147,155,15
"2011","Swale 012A","E01024560","Total",586,58,115,334,79,316,12,27,216,61,270,46,88,118,18
"2011","Swale 012B","E01024562","Total",718,64,140,417,97,380,15,28,257,80,338,49,112,160,17
"2011","Swale 012C","E01024569","Total",882,86,150,520,126,482,21,27,327,107,400,65,123,193,19
"2011","Swale 012D","E01024630","Total",682,76,131,399,76,374,20,29,264,61,308,56,102,135,15
"2011","Swale 012E","E01024632","Total",733,87,133,411,102,386,22,31,256,77,347,65,102,155,25
"2011","Swale 013A","E01024606","Total",662,72,139,359,92,353,25,27,228,73,309,47,112,131,19
"2011","Swale 013C","E01024628","Total",722,93,130,354,145,393,26,23,225,119,329,67,107,129,26
"2011","Swale 013D","E01024629","Total",593,74,119,312,88,329,14,25,210,80,264,60,94,102,8
"2011","Swale 013E","E01024631","Total",777,120,141,392,124,413,34,28,251,100,364,86,113,141,24
"2011","Swale 013F","E01032735","Total",831,89,130,498,114,427,24,14,303,86,404,65,116,195,28
"2011","Swale 013G","E01032737","Total",773,56,117,476,124,399,21,20,266,92,374,35,97,210,32
"2011","Swale 014A","E01024564","Total",477,58,103,257,59,251,17,20,164,50,226,41,83,93,9
"2011","Swale 014B","E01024603","Total",656,54,135,385,82,346,13,36,230,67,310,41,99,155,15
"2011","Swale 014C","E01024604","Total",542,55,109,303,75,286,14,26,187,59,256,41,83,116,16
"2011","Swale 014D","E01024605","Total",663,68,132,384,79,357,15,30,251,61,306,53,102,133,18
"2011","Swale 014E","E01024626","Total",772,83,143,421,125,422,23,34,273,92,350,60,109,148,33
"2011","Swale 014F","E01024627","Total",768,89,168,399,112,403,25,49,247,82,365,64,119,152,30
"2011","Swale 015A","E01024551","Total",1168,97,229,687,155,590,27,50,395,118,578,70,179,292,37
"2011","Swale 015B","E01024552","Total",856,80,161,500,115,452,22,33,305,92,404,58,128,195,23
"2011","Swale 015C","E01024553","Total",979,95,159,585,140,522,27,52,336,107,457,68,107,249,33
"2011","Swale 015D","E01024563","Total",567,66,126,306,69,295,16,31,202,46,272,50,95,104,23
"2011","Swale 015E","E01024602","Total",731,75,147,413,96,355,28,38,216,73,376,47,109,197,23
"2011","Swale 015F","E01024625","Total",930,86,170,543,131,487,29,45,317,96,443,57,125,226,35
"2011","Swale 016A","E01024565","Total",660,70,137,334,119,372,22,37,220,93,288,48,100,114,26
"2011","Swale 016B","E01024566","Total",660,66,142,318,134,365,17,38,207,103,295,49,104,111,31
"2011","Swale 016C","E01024622","Total",814,82,157,434,141,432,21,30,272,109,382,61,127,162,32
"2011","Swale 016D","E01024623","Total",875,93,152,494,136,464,24,26,305,109,411,69,126,189,27
"2011","Swale 016E","E01024624","Total",812,71,132,436,173,441,15,40,258,128,371,56,92,178,45
"2011","Swale 017A","E01024555","Total",669,77,135,331,126,354,24,38,192,100,315,53,97,139,26
"2011","Swale 017B","E01024556","Total",582,60,111,276,135,301,18,21,157,105,281,42,90,119,30
"2011","Swale 017C","E01024557","Total",696,62,150,374,110,352,15,35,216,86,344,47,115,158,24
"2011","Swale 017D","E01024558","Total",832,81,133,464,154,449,20,33,270,126,383,61,100,194,28
"2011","Thanet 001A","E01024657","Total",766,66,209,432,59,439,32,95,267,45,327,34,114,165,14
"2011","Thanet 001B","E01024658","Total",726,65,188,404,69,385,24,68,238,55,341,41,120,166,14
"2011","Thanet 001C","E01024659","Total",587,64,145,314,64,315,21,53,194,47,272,43,92,120,17
"2011","Thanet 001D","E01024660","Total",633,58,148,347,80,335,27,57,195,56,298,31,91,152,24
"2011","Thanet 001E","E01024678","Total",695,53,131,427,84,356,24,34,239,59,339,29,97,188,25
"2011","Thanet 002A","E01024653","Total",659,75,154,360,70,344,27,42,228,47,315,48,112,132,23
"2011","Thanet 002B","E01024654","Total",549,70,119,299,61,280,23,26,177,54,269,47,93,122,7
"2011","Thanet 002C","E01024655","Total",581,64,131,307,79,293,24,39,166,64,288,40,92,141,15
"2011","Thanet 002D","E01024656","Total",679,79,128,370,102,355,22,36,219,78,324,57,92,151,24
"2011","Thanet 002E","E01024675","Total",942,125,189,465,163,492,44,51,275,122,450,81,138,190,41
"2011","Thanet 003A","E01024676","Total",618,72,155,316,75,340,24,59,201,56,278,48,96,115,19
"2011","Thanet 003B","E01024677","Total",713,70,188,382,73,346,21,62,220,43,367,49,126,162,30
"2011","Thanet 003C","E01024695","Total",586,59,146,322,59,292,21,34,190,47,294,38,112,132,12
"2011","Thanet 003D","E01024697","Total",470,53,119,263,35,220,15,36,141,28,250,38,83,122,7
"2011","Thanet 003E","E01024710","Total",498,45,108,268,77,268,17,44,157,50,230,28,64,111,27
"2011","Thanet 004A","E01024661","Total",609,58,127,365,59,319,22,29,223,45,290,36,98,142,14
"2011","Thanet 004B","E01024664","Total",625,69,139,358,59,309,26,27,211,45,316,43,112,147,14
"2011","Thanet 004C","E01024665","Total",699,56,168,392,83,345,14,35,229,67,354,42,133,163,16
"2011","Thanet 004D","E01024694","Total",846,72,172,479,123,435,25,42,280,88,411,47,130,199,35
"2011","Thanet 004E","E01024696","Total",599,41,134,344,80,310,15,32,205,58,289,26,102,139,22
"2011","Thanet 005A","E01024672","Total",545,51,134,298,62,264,11,35,174,44,281,40,99,124,18
"2011","Thanet 005B","E01024673","Total",792,69,169,460,94,398,16,40,278,64,394,53,129,182,30
"2011","Thanet 005C","E01024674","Total",818,82,193,430,113,414,24,40,269,81,404,58,153,161,32
"2011","Thanet 005D","E01024711","Total",670,65,144,360,101,354,24,44,218,68,316,41,100,142,33
"2011","Thanet 005E","E01024712","Total",718,80,142,397,99,382,22,41,248,71,336,58,101,149,28
"2011","Thanet 006A","E01024633","Total",598,60,125,356,57,315,19,38,220,38,283,41,87,136,19
"2011","Thanet 006B","E01024634","Total",595,67,139,320,69,296,22,32,190,52,299,45,107,130,17
"2011","Thanet 006C","E01024662","Total",577,73,123,322,59,287,23,30,187,47,290,50,93,135,12
"2011","Thanet 006D","E01024663","Total",505,47,157,271,30,237,11,42,164,20,268,36,115,107,10
"2011","Thanet 006E","E01024666","Total",533,56,137,286,54,274,16,43,170,45,259,40,94,116,9
"2011","Thanet 007A","E01024641","Total",529,63,122,289,55,261,20,37,162,42,268,43,85,127,13
"2011","Thanet 007B","E01024713","Total",672,62,144,388,78,344,21,30,236,57,328,41,114,152,21
"2011","Thanet 007C","E01024714","Total",523,47,116,276,84,282,18,39,164,61,241,29,77,112,23
"2011","Thanet 007D","E01024715","Total",761,67,124,463,107,392,33,31,251,77,369,34,93,212,30
"2011","Thanet 007E","E01024716","Total",928,94,206,526,102,454,31,52,296,75,474,63,154,230,27
"2011","Thanet 008A","E01024636","Total",789,87,166,430,106,405,31,41,258,75,384,56,125,172,31
"2011","Thanet 008B","E01024637","Total",576,74,126,291,85,291,21,26,171,73,285,53,100,120,12
"2011","Thanet 008C","E01024638","Total",570,62,113,324,71,285,21,33,178,53,285,41,80,146,18
"2011","Thanet 008D","E01024639","Total",654,77,139,376,62,331,21,42,220,48,323,56,97,156,14
"2011","Thanet 008E","E01024640","Total",563,63,123,311,66,307,23,26,206,52,256,40,97,105,14
"2011","Thanet 009A","E01024635","Total",716,85,165,357,109,373,30,43,222,78,343,55,122,135,31
"2011","Thanet 009B","E01024642","Total",519,61,135,247,76,245,21,45,135,44,274,40,90,112,32
"2011","Thanet 009C","E01024644","Total",544,65,121,293,65,281,25,29,174,53,263,40,92,119,12
"2011","Thanet 009D","E01024692","Total",688,65,156,383,84,333,23,38,209,63,355,42,118,174,21
"2011","Thanet 009E","E01024693","Total",599,72,137,305,85,307,18,33,193,63,292,54,104,112,22
"2011","Thanet 010A","E01024643","Total",571,54,127,295,95,309,24,39,179,67,262,30,88,116,28
"2011","Thanet 010B","E01024705","Total",567,58,105,324,80,298,25,31,187,55,269,33,74,137,25
"2011","Thanet 010C","E01024706","Total",650,61,128,365,96,336,20,29,224,63,314,41,99,141,33
"2011","Thanet 010D","E01024707","Total",634,63,133,346,92,342,14,39,215,74,292,49,94,131,18
"2011","Thanet 010E","E01024708","Total",581,78,145,274,84,300,21,41,169,69,281,57,104,105,15
"2011","Thanet 011A","E01024686","Total",679,76,155,375,73,350,23,28,243,56,329,53,127,132,17
"2011","Thanet 011B","E01024688","Total",619,54,172,319,74,327,20,49,200,58,292,34,123,119,16
"2011","Thanet 011C","E01024689","Total",557,52,120,340,45,281,9,30,210,32,276,43,90,130,13
"2011","Thanet 011D","E01024690","Total",553,63,128,296,66,274,20,25,181,48,279,43,103,115,18
"2011","Thanet 011E","E01024691","Total",595,71,160,301,63,291,32,48,158,53,304,39,112,143,10
"2011","Thanet 012A","E01024669","Total",817,83,208,445,81,402,37,45,260,60,415,46,163,185,21
"2011","Thanet 012B","E01024698","Total",665,47,146,380,92,337,21,33,221,62,328,26,113,159,30
"2011","Thanet 012C","E01024699","Total",679,69,207,331,72,318,14,50,200,54,361,55,157,131,18
"2011","Thanet 012D","E01024700","Total",814,88,197,435,94,386,26,38,252,70,428,62,159,183,24
"2011","Thanet 012E","E01024709","Total",550,54,146,275,75,286,20,28,180,58,264,34,118,95,17
"2011","Thanet 013A","E01024682","Total",621,40,152,358,71,312,15,31,212,54,309,25,121,146,17
"2011","Thanet 013B","E01024683","Total",488,53,130,263,42,243,13,39,160,31,245,40,91,103,11
"2011","Thanet 013C","E01024684","Total",671,68,168,365,70,354,23,49,228,54,317,45,119,137,16
"2011","Thanet 013D","E01024685","Total",721,74,174,400,73,361,25,40,240,56,360,49,134,160,17
"2011","Thanet 013E","E01024687","Total",540,53,141,290,56,289,16,37,191,45,251,37,104,99,11
"2011","Thanet 014A","E01024701","Total",1027,107,208,534,178,536,27,61,308,140,491,80,147,226,38
"2011","Thanet 014B","E01024702","Total",528,53,132,275,68,278,14,41,168,55,250,39,91,107,13
"2011","Thanet 014C","E01024703","Total",818,96,161,415,146,417,23,38,241,115,401,73,123,174,31
"2011","Thanet 014D","E01024704","Total",778,73,168,438,99,401,22,47,251,81,377,51,121,187,18
"2011","Thanet 015A","E01024645","Total",696,69,174,378,75,365,14,46,243,62,331,55,128,135,13
"2011","Thanet 015B","E01024647","Total",769,66,155,450,98,407,28,46,259,74,362,38,109,191,24
"2011","Thanet 015C","E01024668","Total",524,49,134,266,75,259,20,30,153,56,265,29,104,113,19
"2011","Thanet 015D","E01024670","Total",619,57,140,347,75,313,18,37,199,59,306,39,103,148,16
"2011","Thanet 015E","E01024681","Total",812,63,209,454,86,407,29,53,266,59,405,34,156,188,27
"2011","Thanet 016A","E01024646","Total",805,65,171,466,103,426,21,54,277,74,379,44,117,189,29
"2011","Thanet 016B","E01024648","Total",657,47,132,386,92,355,16,26,236,77,302,31,106,150,15
"2011","Thanet 016C","E01024649","Total",750,69,141,443,97,373,23,39,238,73,377,46,102,205,24
"2011","Thanet 016D","E01024667","Total",666,63,151,363,89,364,27,56,225,56,302,36,95,138,33
"2011","Thanet 016E","E01024671","Total",691,74,148,386,83,342,27,54,203,58,349,47,94,183,25
"2011","Thanet 017A","E01024650","Total",691,70,146,389,86,357,24,29,240,64,334,46,117,149,22
"2011","Thanet 017B","E01024651","Total",615,60,136,334,85,322,18,32,202,70,293,42,104,132,15
"2011","Thanet 017C","E01024652","Total",873,87,175,465,146,448,26,42,267,113,425,61,133,198,33
"2011","Thanet 017D","E01024679","Total",482,59,106,262,55,246,17,16,165,48,236,42,90,97,7
"2011","Thanet 017E","E01024680","Total",765,66,185,427,87,391,22,38,253,78,374,44,147,174,9
"2011","Tonbridge and Malling 001A","E01024719","Total",1092,91,174,647,180,581,24,41,388,128,511,67,133,259,52
"2011","Tonbridge and Malling 001B","E01024720","Total",702,71,139,367,125,370,13,26,228,103,332,58,113,139,22
"2011","Tonbridge and Malling 001C","E01024721","Total",679,82,123,362,112,370,17,26,234,93,309,65,97,128,19
"2011","Tonbridge and Malling 001D","E01024722","Total",750,69,140,442,99,391,14,17,277,83,359,55,123,165,16
"2011","Tonbridge and Malling 001E","E01024727","Total",1492,115,234,892,251,752,33,33,499,187,740,82,201,393,64
"2011","Tonbridge and Malling 001F","E01024728","Total",857,71,146,526,114,445,22,25,301,97,412,49,121,225,17
"2011","Tonbridge and Malling 002C","E01024771","Total",928,76,176,542,134,477,24,26,325,102,451,52,150,217,32
"2011","Tonbridge and Malling 002D","E01024772","Total",939,60,183,575,121,477,14,38,332,93,462,46,145,243,28
"2011","Tonbridge and Malling 002E","E01024773","Total",923,69,171,531,152,496,20,30,322,124,427,49,141,209,28
"2011","Tonbridge and Malling 002F","E01024774","Total",1358,102,199,838,219,696,26,35,471,164,662,76,164,367,55
"2011","Tonbridge and Malling 002G","E01032830","Total",1175,109,252,654,160,625,29,56,401,139,550,80,196,253,21
"2011","Tonbridge and Malling 003A","E01024741","Total",611,59,140,356,56,319,22,18,230,49,292,37,122,126,7
"2011","Tonbridge and Malling 003B","E01024761","Total",1162,109,211,647,195,605,37,34,380,154,557,72,177,267,41
"2011","Tonbridge and Malling 003C","E01024762","Total",1225,102,211,738,174,644,34,44,418,148,581,68,167,320,26
"2011","Tonbridge and Malling 003D","E01024763","Total",691,65,138,408,80,355,17,26,246,66,336,48,112,162,14
"2011","Tonbridge and Malling 003E","E01024764","Total",646,67,131,362,86,355,20,28,233,74,291,47,103,129,12
"2011","Tonbridge and Malling 003F","E01024765","Total",753,85,150,422,96,393,30,25,261,77,360,55,125,161,19
"2011","Tonbridge and Malling 003G","E01024782","Total",734,62,143,418,111,387,14,34,247,92,347,48,109,171,19
"2011","Tonbridge and Malling 003H","E01024785","Total",786,78,141,468,99,395,15,22,279,79,391,63,119,189,20
"2011","Tonbridge and Malling 005A","E01024717","Total",593,80,125,311,77,306,22,30,185,69,287,58,95,126,8
"2011","Tonbridge and Malling 005B","E01024718","Total",715,80,165,376,94,367,28,36,224,79,348,52,129,152,15
"2011","Tonbridge and Malling 005C","E01024735","Total",807,69,167,461,110,417,20,35,272,90,390,49,132,189,20
"2011","Tonbridge and Malling 005D","E01024736","Total",858,80,147,516,115,443,21,32,293,97,415,59,115,223,18
"2011","Tonbridge and Malling 005E","E01024737","Total",1197,113,216,690,178,620,25,45,404,146,577,88,171,286,32
"2011","Tonbridge and Malling 006A","E01024723","Total",757,88,135,347,187,425,19,45,213,148,332,69,90,134,39
"2011","Tonbridge and Malling 006B","E01024724","Total",884,116,185,419,164,471,31,45,259,136,413,85,140,160,28
"2011","Tonbridge and Malling 006C","E01024725","Total",783,85,134,433,131,410,20,24,259,107,373,65,110,174,24
"2011","Tonbridge and Malling 006D","E01024726","Total",823,87,150,466,120,437,28,45,268,96,386,59,105,198,24
"2011","Tonbridge and Malling 006E","E01024755","Total",944,113,150,467,214,525,22,37,292,174,419,91,113,175,40
"2011","Tonbridge and Malling 006F","E01024786","Total",835,104,131,413,187,451,31,30,240,150,384,73,101,173,37
"2011","Tonbridge and Malling 007A","E01024746","Total",564,62,110,271,121,299,16,30,161,92,265,46,80,110,29
"2011","Tonbridge and Malling 007C","E01024760","Total",767,95,150,397,125,400,26,26,246,102,367,69,124,151,23
"2011","Tonbridge and Malling 007D","E01024781","Total",1055,118,190,549,198,562,26,35,341,160,493,92,155,208,38
"2011","Tonbridge and Malling 007E","E01032825","Total",800,79,150,429,142,415,16,19,264,116,385,63,131,165,26
"2011","Tonbridge and Malling 007F","E01032826","Total",856,64,126,463,203,468,7,17,286,158,388,57,109,177,45
"2011","Tonbridge and Malling 007G","E01032827","Total",872,78,130,470,194,481,17,18,283,163,391,61,112,187,31
"2011","Tonbridge and Malling 007H","E01032828","Total",654,69,92,366,127,349,17,20,214,98,305,52,72,152,29
"2011","Tonbridge and Malling 008A","E01024743","Total",900,83,189,511,117,459,23,40,297,99,441,60,149,214,18
"2011","Tonbridge and Malling 008B","E01024744","Total",1056,139,182,533,202,578,34,39,342,163,478,105,143,191,39
"2011","Tonbridge and Malling 008C","E01024745","Total",901,139,173,420,169,481,38,46,265,132,420,101,127,155,37
"2011","Tonbridge and Malling 008D","E01024747","Total",702,69,147,418,68,376,19,44,258,55,326,50,103,160,13
"2011","Tonbridge and Malling 009A","E01024730","Total",548,80,109,296,63,279,26,23,177,53,269,54,86,119,10
"2011","Tonbridge and Malling 009B","E01024731","Total",529,71,118,271,69,274,19,25,170,60,255,52,93,101,9
"2011","Tonbridge and Malling 009C","E01024775","Total",638,64,136,391,47,318,19,35,226,38,320,45,101,165,9
"2011","Tonbridge and Malling 009D","E01024776","Total",564,56,132,306,70,284,16,29,183,56,280,40,103,123,14
"2011","Tonbridge and Malling 009E","E01024777","Total",559,52,130,307,70,300,16,35,189,60,259,36,95,118,10
"2011","Tonbridge and Malling 010A","E01024734","Total",773,91,162,410,110,398,22,31,249,96,375,69,131,161,14
"2011","Tonbridge and Malling 010B","E01024752","Total",796,100,155,406,135,419,28,35,250,106,377,72,120,156,29
"2011","Tonbridge and Malling 010C","E01024753","Total",762,92,145,396,129,407,25,30,252,100,355,67,115,144,29
"2011","Tonbridge and Malling 010D","E01024754","Total",846,119,159,392,176,453,37,42,236,138,393,82,117,156,38
"2011","Tonbridge and Malling 011A","E01024729","Total",747,89,177,376,105,399,28,42,245,84,348,61,135,131,21
"2011","Tonbridge and Malling 011B","E01024748","Total",706,90,150,354,112,362,18,37,222,85,344,72,113,132,27
"2011","Tonbridge and Malling 011C","E01024749","Total",656,88,145,334,89,346,19,30,226,71,310,69,115,108,18
"2011","Tonbridge and Malling 011D","E01024750","Total",652,75,141,344,92,338,17,23,217,81,314,58,118,127,11
"2011","Tonbridge and Malling 011E","E01024751","Total",623,94,130,309,90,330,28,25,200,77,293,66,105,109,13
"2011","Tonbridge and Malling 012A","E01024732","Total",915,82,123,554,156,491,20,28,318,125,424,62,95,236,31
"2011","Tonbridge and Malling 012B","E01024733","Total",890,98,153,472,167,482,27,40,280,135,408,71,113,192,32
"2011","Tonbridge and Malling 012C","E01024756","Total",834,76,140,523,95,442,17,31,312,82,392,59,109,211,13
"2011","Tonbridge and Malling 012D","E01024766","Total",1137,86,198,706,147,637,27,60,432,118,500,59,138,274,29
"2011","Tonbridge and Malling 012E","E01024767","Total",706,94,136,394,82,379,32,37,245,65,327,62,99,149,17
"2011","Tonbridge and Malling 012F","E01024768","Total",870,83,105,503,179,485,27,25,293,140,385,56,80,210,39
"2011","Tonbridge and Malling 013A","E01024757","Total",864,77,143,521,123,468,17,35,320,96,396,60,108,201,27
"2011","Tonbridge and Malling 013B","E01024758","Total",867,79,168,503,117,451,24,32,306,89,416,55,136,197,28
"2011","Tonbridge and Malling 013C","E01024778","Total",902,77,131,569,125,473,18,28,332,95,429,59,103,237,30
"2011","Tonbridge and Malling 013D","E01024779","Total",995,89,178,597,131,541,39,60,346,96,454,50,118,251,35
"2011","Tonbridge and Malling 013E","E01024780","Total",840,95,160,472,113,428,24,21,301,82,412,71,139,171,31
"2011","Tonbridge and Malling 014A","E01024740","Total",926,85,159,509,173,495,24,44,299,128,431,61,115,210,45
"2011","Tonbridge and Malling 014B","E01024742","Total",755,69,153,422,111,388,15,30,251,92,367,54,123,171,19
"2011","Tonbridge and Malling 014C","E01024783","Total",788,88,119,435,146,429,26,31,267,105,359,62,88,168,41
"2011","Tonbridge and Malling 014D","E01024784","Total",685,76,151,339,119,353,22,42,200,89,332,54,109,139,30
"2011","Tonbridge and Malling 014E","E01032620","Total",1128,158,206,514,250,608,41,60,308,199,520,117,146,206,51
"2011","Tonbridge and Malling 014F","E01032829","Total",666,76,125,330,135,361,23,31,197,110,305,53,94,133,25
"2011","Tunbridge Wells 001A","E01024798","Total",1286,138,242,709,197,682,37,54,430,161,604,101,188,279,36
"2011","Tunbridge Wells 001B","E01024811","Total",582,70,106,317,89,307,19,24,197,67,275,51,82,120,22
"2011","Tunbridge Wells 001C","E01024812","Total",617,83,108,319,107,329,24,19,198,88,288,59,89,121,19
"2011","Tunbridge Wells 001D","E01024813","Total",929,83,150,576,120,500,26,42,337,95,429,57,108,239,25
"2011","Tunbridge Wells 001E","E01024814","Total",656,82,115,398,61,356,18,26,258,54,300,64,89,140,7
"2011","Tunbridge Wells 001F","E01024815","Total",665,62,132,381,90,355,12,31,235,77,310,50,101,146,13
"2011","Tunbridge Wells 001G","E01024816","Total",693,81,127,382,103,388,13,37,257,81,305,68,90,125,22
"2011","Tunbridge Wells 002A","E01024837","Total",965,104,213,503,145,503,27,37,318,121,462,77,176,185,24
"2011","Tunbridge Wells 002B","E01024844","Total",897,78,168,520,131,477,13,45,323,96,420,65,123,197,35
"2011","Tunbridge Wells 002C","E01024846","Total",847,97,177,460,113,431,21,52,269,89,416,76,125,191,24
"2011","Tunbridge Wells 002D","E01024849","Total",839,94,138,482,125,448,25,28,301,94,391,69,110,181,31
"2011","Tunbridge Wells 002E","E01024850","Total",587,79,114,270,124,323,20,27,173,103,264,59,87,97,21
"2011","Tunbridge Wells 003A","E01024836","Total",914,72,158,558,126,508,19,35,351,103,406,53,123,207,23
"2011","Tunbridge Wells 003B","E01024839","Total",963,82,177,582,122,514,26,46,349,93,449,56,131,233,29
"2011","Tunbridge Wells 003C","E01024845","Total",608,70,131,310,97,302,18,21,188,75,306,52,110,122,22
"2011","Tunbridge Wells 003D","E01024847","Total",851,67,170,506,108,436,22,45,289,80,415,45,125,217,28
"2011","Tunbridge Wells 003E","E01024848","Total",530,60,117,257,96,277,14,32,152,79,253,46,85,105,17
"2011","Tunbridge Wells 004A","E01024793","Total",840,96,162,415,167,446,26,37,249,134,394,70,125,166,33
"2011","Tunbridge Wells 004B","E01024825","Total",694,82,139,351,122,375,17,39,221,98,319,65,100,130,24
"2011","Tunbridge Wells 004C","E01024826","Total",718,89,134,365,130,370,27,29,212,102,348,62,105,153,28
"2011","Tunbridge Wells 004D","E01024827","Total",772,90,153,426,103,399,20,40,257,82,373,70,113,169,21
"2011","Tunbridge Wells 004E","E01024828","Total",756,80,156,391,129,403,25,42,241,95,353,55,114,150,34
"2011","Tunbridge Wells 005A","E01024840","Total",798,98,166,445,89,423,29,53,267,74,375,69,113,178,15
"2011","Tunbridge Wells 005B","E01024841","Total",881,85,209,457,130,475,24,62,291,98,406,61,147,166,32
"2011","Tunbridge Wells 005C","E01024842","Total",732,80,175,378,99,395,34,54,233,74,337,46,121,145,25
"2011","Tunbridge Wells 005D","E01024843","Total",743,57,145,444,97,396,16,37,271,72,347,41,108,173,25
"2011","Tunbridge Wells 006A","E01024829","Total",859,82,197,459,121,441,12,39,285,105,418,70,158,174,16
"2011","Tunbridge Wells 006B","E01024851","Total",821,109,154,396,162,443,24,39,243,137,378,85,115,153,25
"2011","Tunbridge Wells 006C","E01024852","Total",587,92,119,246,130,323,31,23,166,103,264,61,96,80,27
"2011","Tunbridge Wells 006D","E01024853","Total",613,78,120,286,129,342,21,30,184,107,271,57,90,102,22
"2011","Tunbridge Wells 006E","E01024854","Total",766,110,135,356,165,444,25,34,241,144,322,85,101,115,21
"2011","Tunbridge Wells 007A","E01024799","Total",1058,83,159,619,197,565,26,41,350,148,493,57,118,269,49
"2011","Tunbridge Wells 007B","E01024800","Total",809,102,152,407,148,429,19,30,267,113,380,83,122,140,35
"2011","Tunbridge Wells 007C","E01024835","Total",1196,90,214,710,182,629,31,53,419,126,567,59,161,291,56
"2011","Tunbridge Wells 007D","E01024838","Total",965,106,165,520,174,501,18,36,311,136,464,88,129,209,38
"2011","Tunbridge Wells 008A","E01024801","Total",1756,104,194,1166,292,1038,47,76,703,212,718,57,118,463,80
"2011","Tunbridge Wells 008B","E01024802","Total",1369,79,187,894,209,783,33,62,527,161,586,46,125,367,48
"2011","Tunbridge Wells 008C","E01024823","Total",1057,68,135,670,184,575,25,41,382,127,482,43,94,288,57
"2011","Tunbridge Wells 008D","E01024833","Total",1368,92,189,900,187,726,38,49,508,131,642,54,140,392,56
"2011","Tunbridge Wells 009A","E01024821","Total",940,82,153,525,180,495,24,36,295,140,445,58,117,230,40
"2011","Tunbridge Wells 009B","E01024822","Total",827,96,143,455,133,423,27,29,268,99,404,69,114,187,34
"2011","Tunbridge Wells 009C","E01024824","Total",777,81,139,439,118,411,21,30,264,96,366,60,109,175,22
"2011","Tunbridge Wells 009D","E01024832","Total",914,77,146,547,144,491,26,30,323,112,423,51,116,224,32
"2011","Tunbridge Wells 009E","E01024834","Total",1348,104,200,828,216,715,34,52,476,153,633,70,148,352,63
"2011","Tunbridge Wells 010A","E01024795","Total",621,56,148,349,68,334,24,42,220,48,287,32,106,129,20
"2011","Tunbridge Wells 010B","E01024796","Total",685,63,97,397,128,386,21,31,233,101,299,42,66,164,27
"2011","Tunbridge Wells 010C","E01024830","Total",923,106,152,517,148,516,31,45,322,118,407,75,107,195,30
"2011","Tunbridge Wells 010D","E01024831","Total",729,81,147,401,100,377,26,37,240,74,352,55,110,161,26
"2011","Tunbridge Wells 011A","E01024792","Total",943,115,183,417,228,525,19,50,267,189,418,96,133,150,39
"2011","Tunbridge Wells 011B","E01024794","Total",769,78,165,400,126,425,16,38,270,101,344,62,127,130,25
"2011","Tunbridge Wells 011C","E01024804","Total",706,83,126,346,151,399,17,32,230,120,307,66,94,116,31
"2011","Tunbridge Wells 011D","E01024805","Total",855,99,132,450,174,485,27,39,275,144,370,72,93,175,30
"2011","Tunbridge Wells 011E","E01024806","Total",776,104,142,374,156,434,39,36,235,124,342,65,106,139,32
"2011","Tunbridge Wells 012A","E01024797","Total",808,73,150,457,128,458,21,53,287,97,350,52,97,170,31
"2011","Tunbridge Wells 012B","E01024817","Total",873,108,121,478,166,462,25,34,268,135,411,83,87,210,31
"2011","Tunbridge Wells 012C","E01024818","Total",831,93,164,407,167,453,24,30,267,132,378,69,134,140,35
"2011","Tunbridge Wells 012D","E01024819","Total",1061,83,119,627,232,590,25,43,343,179,471,58,76,284,53
"2011","Tunbridge Wells 012E","E01024820","Total",772,109,111,376,176,433,23,34,232,144,339,86,77,144,32
"2011","Tunbridge Wells 013A","E01024787","Total",628,72,123,291,142,345,20,36,176,113,283,52,87,115,29
"2011","Tunbridge Wells 013B","E01024788","Total",693,95,148,350,100,333,26,31,196,80,360,69,117,154,20
"2011","Tunbridge Wells 013C","E01024790","Total",507,52,104,253,98,276,17,33,150,76,231,35,71,103,22
"2011","Tunbridge Wells 013D","E01024791","Total",594,84,122,290,98,305,26,27,174,78,289,58,95,116,20
"2011","Tunbridge Wells 013E","E01024803","Total",1032,133,183,485,231,566,37,49,306,174,466,96,134,179,57
"2011","Tunbridge Wells 014A","E01024789","Total",934,115,174,424,221,511,29,43,277,162,423,86,131,147,59
"2011","Tunbridge Wells 014B","E01024807","Total",718,101,135,374,108,383,29,31,236,87,335,72,104,138,21
"2011","Tunbridge Wells 014C","E01024808","Total",829,88,153,441,147,439,22,38,260,119,390,66,115,181,28
"2011","Tunbridge Wells 014D","E01024809","Total",717,92,143,331,151,378,16,45,198,119,339,76,98,133,32
"2011","Tunbridge Wells 014E","E01024810","Total",837,81,168,404,184,460,27,35,254,144,377,54,133,150,40
"2011","Cherwell 001A","E01028479","Total",703,74,131,368,130,367,18,40,213,96,336,56,91,155,34
"2011","Cherwell 001B","E01028480","Total",746,81,141,362,162,406,18,29,234,125,340,63,112,128,37
"2011","Cherwell 001C","E01028508","Total",549,57,108,246,138,291,11,23,149,108,258,46,85,97,30
"2011","Cherwell 001D","E01028509","Total",832,103,145,398,186,437,31,38,235,133,395,72,107,163,53
"2011","Cherwell 002A","E01028441","Total",1345,115,223,852,155,703,31,36,522,114,642,84,187,330,41
"2011","Cherwell 002C","E01028443","Total",885,67,188,536,94,451,18,30,323,80,434,49,158,213,14
"2011","Cherwell 002D","E01028444","Total",869,91,154,546,78,465,26,28,347,64,404,65,126,199,14
"2011","Cherwell 002E","E01032943","Total",930,61,143,583,143,493,14,18,350,111,437,47,125,233,32
"2011","Cherwell 002F","E01032944","Total",832,57,150,533,92,436,17,30,318,71,396,40,120,215,21
"2011","Cherwell 003A","E01028445","Total",720,80,149,434,57,363,27,32,265,39,357,53,117,169,18
"2011","Cherwell 003B","E01028446","Total",737,72,134,453,78,391,27,28,272,64,346,45,106,181,14
"2011","Cherwell 003C","E01028447","Total",682,59,110,437,76,373,17,25,267,64,309,42,85,170,12
"2011","Cherwell 003D","E01028448","Total",708,78,151,400,79,370,24,34,250,62,338,54,117,150,17
"2011","Cherwell 004A","E01028435","Total",806,55,102,538,111,452,23,28,322,79,354,32,74,216,32
"2011","Cherwell 004C","E01028437","Total",844,68,131,538,107,462,21,33,325,83,382,47,98,213,24
"2011","Cherwell 004D","E01028438","Total",995,66,139,670,120,541,21,32,404,84,454,45,107,266,36
"2011","Cherwell 004E","E01028439","Total",872,75,144,562,91,452,21,28,335,68,420,54,116,227,23
"2011","Cherwell 004F","E01028440","Total",914,66,148,599,101,499,19,44,361,75,415,47,104,238,26
"2011","Cherwell 004G","E01032941","Total",616,53,98,388,77,333,19,30,227,57,283,34,68,161,20
"2011","Cherwell 004H","E01032942","Total",864,49,98,627,90,479,14,29,367,69,385,35,69,260,21
"2011","Cherwell 005A","E01028449","Total",568,55,111,349,53,309,18,24,222,45,259,37,87,127,8
"2011","Cherwell 005B","E01028450","Total",618,64,131,374,49,316,18,28,228,42,302,46,103,146,7
"2011","Cherwell 005C","E01028451","Total",689,64,157,411,57,382,24,34,276,48,307,40,123,135,9
"2011","Cherwell 005D","E01028452","Total",604,56,108,383,57,333,21,19,250,43,271,35,89,133,14
"2011","Cherwell 005E","E01028453","Total",618,54,143,356,65,330,22,28,222,58,288,32,115,134,7
"2011","Cherwell 005F","E01028454","Total",612,65,156,335,56,322,21,36,219,46,290,44,120,116,10
"2011","Cherwell 006A","E01028430","Total",819,73,131,502,113,444,24,25,310,85,375,49,106,192,28
"2011","Cherwell 006B","E01028431","Total",736,88,148,419,81,379,26,41,248,64,357,62,107,171,17
"2011","Cherwell 006C","E01028432","Total",775,89,156,437,93,389,30,31,256,72,386,59,125,181,21
"2011","Cherwell 006D","E01028433","Total",761,90,158,432,81,412,21,37,288,66,349,69,121,144,15
"2011","Cherwell 006E","E01028434","Total",702,81,128,381,112,369,27,29,239,74,333,54,99,142,38
"2011","Cherwell 007A","E01028426","Total",784,75,183,438,88,399,21,33,274,71,385,54,150,164,17
"2011","Cherwell 007B","E01028427","Total",897,57,135,626,79,482,25,31,372,54,415,32,104,254,25
"2011","Cherwell 007C","E01028428","Total",789,72,188,463,66,410,18,32,304,56,379,54,156,159,10
"2011","Cherwell 007D","E01028429","Total",516,58,108,303,47,266,19,27,183,37,250,39,81,120,10
"2011","Cherwell 008A","E01028422","Total",803,67,166,429,141,424,13,40,260,111,379,54,126,169,30
"2011","Cherwell 008B","E01028423","Total",673,76,137,336,124,339,21,29,202,87,334,55,108,134,37
"2011","Cherwell 008C","E01028475","Total",1055,128,238,536,153,548,39,52,335,122,507,89,186,201,31
"2011","Cherwell 008D","E01028476","Total",1172,130,246,591,205,602,34,50,366,152,570,96,196,225,53
"2011","Cherwell 009A","E01028474","Total",828,93,166,441,128,442,32,37,279,94,386,61,129,162,34
"2011","Cherwell 009B","E01028485","Total",658,85,144,296,133,338,25,25,187,101,320,60,119,109,32
"2011","Cherwell 009C","E01028486","Total",658,79,115,304,160,358,21,31,179,127,300,58,84,125,33
"2011","Cherwell 009D","E01028503","Total",561,65,97,285,114,299,14,19,177,89,262,51,78,108,25
"2011","Cherwell 009E","E01028504","Total",746,92,146,328,180,392,21,36,195,140,354,71,110,133,40
"2011","Cherwell 010A","E01028481","Total",664,78,128,320,138,347,22,31,187,107,317,56,97,133,31
"2011","Cherwell 010B","E01028482","Total",633,88,124,299,122,318,27,26,168,97,315,61,98,131,25
"2011","Cherwell 010C","E01028505","Total",932,75,170,540,147,485,16,44,318,107,447,59,126,222,40
"2011","Cherwell 010D","E01028506","Total",951,64,163,506,218,499,11,33,297,158,452,53,130,209,60
"2011","Cherwell 010E","E01028507","Total",752,72,166,354,160,398,19,35,215,129,354,53,131,139,31
"2011","Cherwell 011A","E01028425","Total",1353,71,154,684,444,886,22,29,425,410,467,49,125,259,34
"2011","Cherwell 011B","E01028477","Total",831,69,124,469,169,434,12,24,263,135,397,57,100,206,34
"2011","Cherwell 011C","E01028478","Total",742,65,93,473,111,404,17,14,289,84,338,48,79,184,27
"2011","Cherwell 011D","E01028483","Total",701,72,133,337,159,377,19,28,205,125,324,53,105,132,34
"2011","Cherwell 011E","E01028484","Total",633,88,93,328,124,332,24,20,195,93,301,64,73,133,31
"2011","Cherwell 011F","E01028499","Total",850,85,131,465,169,439,20,25,264,130,411,65,106,201,39
"2011","Cherwell 012A","E01028459","Total",970,57,128,658,127,502,16,25,366,95,468,41,103,292,32
"2011","Cherwell 012B","E01028460","Total",1214,102,212,692,208,641,26,37,423,155,573,76,175,269,53
"2011","Cherwell 012C","E01028461","Total",1125,82,171,735,137,549,23,28,400,98,576,59,143,335,39
"2011","Cherwell 012D","E01028462","Total",914,84,160,560,110,492,23,31,353,85,422,61,129,207,25
"2011","Cherwell 013A","E01028455","Total",903,93,148,566,96,475,32,22,345,76,428,61,126,221,20
"2011","Cherwell 013B","E01028456","Total",717,48,117,466,86,396,19,25,283,69,321,29,92,183,17
"2011","Cherwell 013C","E01028457","Total",816,73,160,496,87,435,19,29,315,72,381,54,131,181,15
"2011","Cherwell 013D","E01028458","Total",910,61,155,582,112,466,20,22,341,83,444,41,133,241,29
"2011","Cherwell 013E","E01028467","Total",872,85,125,568,94,432,16,21,324,71,440,69,104,244,23
"2011","Cherwell 014A","E01028466","Total",792,71,124,522,75,418,16,29,317,56,374,55,95,205,19
"2011","Cherwell 014B","E01028469","Total",766,78,131,462,95,404,22,25,282,75,362,56,106,180,20
"2011","Cherwell 014C","E01028470","Total",902,76,164,551,111,498,31,33,347,87,404,45,131,204,24
"2011","Cherwell 014D","E01028471","Total",663,49,124,425,65,350,23,22,253,52,313,26,102,172,13
"2011","Cherwell 014E","E01028472","Total",768,58,120,519,71,418,16,30,317,55,350,42,90,202,16
"2011","Cherwell 014F","E01028473","Total",984,83,174,598,129,497,21,31,348,97,487,62,143,250,32
"2011","Cherwell 015A","E01028463","Total",1559,88,213,1022,236,807,20,39,568,180,752,68,174,454,56
"2011","Cherwell 015B","E01028464","Total",893,68,110,579,136,480,19,19,336,106,413,49,91,243,30
"2011","Cherwell 015C","E01028465","Total",879,76,153,524,126,456,15,20,327,94,423,61,133,197,32
"2011","Cherwell 015D","E01028468","Total",886,52,115,590,129,494,18,29,355,92,392,34,86,235,37
"2011","Cherwell 016A","E01028424","Total",846,77,155,458,156,450,22,33,270,125,396,55,122,188,31
"2011","Cherwell 016B","E01028497","Total",736,77,149,353,157,390,25,37,202,126,346,52,112,151,31
"2011","Cherwell 016C","E01028498","Total",850,81,153,473,143,452,15,37,288,112,398,66,116,185,31
"2011","Cherwell 016D","E01028500","Total",761,79,145,407,130,453,34,61,242,116,308,45,84,165,14
"2011","Cherwell 016E","E01028501","Total",662,79,109,350,124,341,23,23,203,92,321,56,86,147,32
"2011","Cherwell 016F","E01028502","Total",646,66,129,327,124,339,19,23,203,94,307,47,106,124,30
"2011","Cherwell 017A","E01028487","Total",755,60,135,486,74,388,20,32,288,48,367,40,103,198,26
"2011","Cherwell 017B","E01028489","Total",674,82,114,375,103,353,29,27,213,84,321,53,87,162,19
"2011","Cherwell 017C","E01028490","Total",586,56,103,358,69,299,16,23,209,51,287,40,80,149,18
"2011","Cherwell 017D","E01028491","Total",771,80,139,451,101,400,25,30,273,72,371,55,109,178,29
"2011","Cherwell 017E","E01028494","Total",601,52,116,374,59,304,15,21,221,47,297,37,95,153,12
"2011","Cherwell 018A","E01028492","Total",757,81,133,467,76,400,20,29,288,63,357,61,104,179,13
"2011","Cherwell 018B","E01028493","Total",678,65,140,418,55,345,18,27,259,41,333,47,113,159,14
"2011","Cherwell 018C","E01028495","Total",747,65,145,468,69,381,21,32,274,54,366,44,113,194,15
"2011","Cherwell 018D","E01028496","Total",745,52,164,450,79,377,14,32,272,59,368,38,132,178,20
"2011","Cherwell 019A","E01028488","Total",893,76,134,596,87,483,26,32,359,66,410,50,102,237,21
"2011","Cherwell 019B","E01028510","Total",834,98,158,463,115,433,26,35,282,90,401,72,123,181,25
"2011","Cherwell 019C","E01028511","Total",763,64,135,476,88,394,17,33,283,61,369,47,102,193,27
"2011","Cherwell 019D","E01028512","Total",858,69,189,516,84,408,22,32,294,60,450,47,157,222,24
"2011","Oxford 001A","E01028594","Total",753,90,112,396,155,382,25,29,213,115,371,65,83,183,40
"2011","Oxford 001B","E01028595","Total",756,75,179,389,113,383,22,50,232,79,373,53,129,157,34
"2011","Oxford 001C","E01028596","Total",753,67,129,386,171,382,19,24,223,116,371,48,105,163,55
"2011","Oxford 001D","E01028597","Total",707,73,114,425,95,366,28,30,247,61,341,45,84,178,34
"2011","Oxford 002C","E01028591","Total",647,65,87,298,197,330,18,20,162,130,317,47,67,136,67
"2011","Oxford 002D","E01028592","Total",654,59,101,317,177,337,16,35,172,114,317,43,66,145,63
"2011","Oxford 002F","E01032554","Total",1032,94,164,530,244,533,32,46,285,170,499,62,118,245,74
"2011","Oxford 002G","E01032555","Total",996,110,204,545,137,497,37,67,299,94,499,73,137,246,43
"2011","Oxford 003A","E01028565","Total",727,76,107,347,197,381,26,26,193,136,346,50,81,154,61
"2011","Oxford 003B","E01028583","Total",494,71,66,237,120,263,33,14,126,90,231,38,52,111,30
"2011","Oxford 003C","E01028584","Total",1308,126,198,648,336,678,42,50,352,234,630,84,148,296,102
"2011","Oxford 003D","E01028585","Total",529,70,66,262,131,287,28,25,153,81,242,42,41,109,50
"2011","Oxford 004A","E01028560","Total",747,67,133,447,100,377,14,34,255,74,370,53,99,192,26
"2011","Oxford 004B","E01028561","Total",781,71,153,464,93,385,27,42,255,61,396,44,111,209,32
"2011","Oxford 004C","E01028562","Total",823,73,169,494,87,413,24,41,286,62,410,49,128,208,25
"2011","Oxford 004D","E01028563","Total",818,94,131,469,124,425,30,39,271,85,393,64,92,198,39
"2011","Oxford 005A","E01028513","Total",984,86,176,641,81,476,34,45,341,56,508,52,131,300,25
"2011","Oxford 005B","E01028514","Total",639,58,144,392,45,334,13,50,235,36,305,45,94,157,9
"2011","Oxford 005C","E01028516","Total",828,84,162,492,90,428,31,59,273,65,400,53,103,219,25
"2011","Oxford 005D","E01028538","Total",708,55,159,437,57,372,21,46,265,40,336,34,113,172,17
"2011","Oxford 006A","E01028534","Total",537,53,83,305,96,275,17,21,176,61,262,36,62,129,35
"2011","Oxford 006B","E01028535","Total",890,93,140,506,151,425,35,42,253,95,465,58,98,253,56
"2011","Oxford 006C","E01028536","Total",692,88,119,384,101,331,33,39,203,56,361,55,80,181,45
"2011","Oxford 006D","E01028537","Total",892,101,93,572,126,411,39,36,260,76,481,62,57,312,50
"2011","Oxford 006E","E01028539","Total",976,80,171,618,107,541,31,58,378,74,435,49,113,240,33
"2011","Oxford 006F","E01028540","Total",973,272,173,363,165,474,120,51,204,99,499,152,122,159,66
"2011","Oxford 007A","E01028515","Total",936,81,144,587,124,480,25,37,334,84,456,56,107,253,40
"2011","Oxford 007B","E01028571","Total",850,83,124,508,135,433,30,38,271,94,417,53,86,237,41
"2011","Oxford 007C","E01028572","Total",948,71,180,598,99,482,23,34,355,70,466,48,146,243,29
"2011","Oxford 007D","E01028573","Total",901,76,163,559,103,445,27,34,312,72,456,49,129,247,31
"2011","Oxford 007E","E01028574","Total",624,50,105,392,77,326,19,25,232,50,298,31,80,160,27
"2011","Oxford 008A","E01028521","Total",1572,546,153,547,326,910,283,65,325,237,662,263,88,222,89
"2011","Oxford 008B","E01028522","Total",796,173,96,379,148,460,95,46,211,108,336,78,50,168,40
"2011","Oxford 008E","E01033282","Total",1579,242,206,742,389,834,104,67,410,253,745,138,139,332,136
"2011","Oxford 009A","E01028548","Total",966,94,140,590,142,538,37,54,338,109,428,57,86,252,33
"2011","Oxford 009B","E01028549","Total",952,84,146,571,151,518,39,46,332,101,434,45,100,239,50
"2011","Oxford 009C","E01028550","Total",720,79,88,410,143,378,32,24,233,89,342,47,64,177,54
"2011","Oxford 009D","E01028551","Total",773,141,113,386,133,435,85,43,215,92,338,56,70,171,41
"2011","Oxford 010A","E01028523","Total",777,63,110,529,75,356,23,31,254,48,421,40,79,275,27
"2011","Oxford 010B","E01028524","Total",650,55,125,425,45,352,27,43,247,35,298,28,82,178,10
"2011","Oxford 010C","E01028525","Total",769,87,166,457,59,376,36,54,247,39,393,51,112,210,20
"2011","Oxford 010D","E01028526","Total",862,235,175,376,76,445,95,71,224,55,417,140,104,152,21
"2011","Oxford 011A","E01028579","Total",799,156,128,438,77,367,62,49,217,39,432,94,79,221,38
"2011","Oxford 011B","E01028580","Total",719,135,93,396,95,366,57,37,209,63,353,78,56,187,32
"2011","Oxford 011C","E01028581","Total",717,142,136,313,126,365,52,42,187,84,352,90,94,126,42
"2011","Oxford 011D","E01028582","Total",588,100,93,315,80,270,44,39,139,48,318,56,54,176,32
"2011","Oxford 011E","E01028586","Total",816,102,150,461,103,418,43,61,242,72,398,59,89,219,31
"2011","Oxford 011F","E01028587","Total",948,152,166,514,116,492,62,58,289,83,456,90,108,225,33
"2011","Oxford 011G","E01028588","Total",621,111,106,312,92,344,46,41,197,60,277,65,65,115,32
"2011","Oxford 012A","E01028541","Total",815,86,132,477,120,392,33,40,252,67,423,53,92,225,53
"2011","Oxford 012B","E01028542","Total",1063,87,167,660,149,586,32,56,386,112,477,55,111,274,37
"2011","Oxford 012C","E01028543","Total",631,69,119,343,100,346,30,42,201,73,285,39,77,142,27
"2011","Oxford 012D","E01028544","Total",672,77,92,361,142,349,33,31,201,84,323,44,61,160,58
"2011","Oxford 013A","E01028531","Total",1265,154,176,798,137,651,74,55,426,96,614,80,121,372,41
"2011","Oxford 013B","E01028532","Total",1372,152,231,853,136,737,70,98,478,91,635,82,133,375,45
"2011","Oxford 013C","E01028533","Total",1112,87,232,683,110,616,43,82,417,74,496,44,150,266,36
"2011","Oxford 013D","E01028556","Total",988,74,155,658,101,507,31,46,357,73,481,43,109,301,28
"2011","Oxford 013E","E01028557","Total",1037,114,200,637,86,531,37,53,375,66,506,77,147,262,20
"2011","Oxford 013F","E01028558","Total",922,98,166,569,89,504,36,60,345,63,418,62,106,224,26
"2011","Oxford 013G","E01028559","Total",989,78,157,654,100,534,30,45,388,71,455,48,112,266,29
"2011","Oxford 014A","E01028545","Total",909,88,173,524,124,443,36,47,283,77,466,52,126,241,47
"2011","Oxford 014B","E01028546","Total",853,79,190,514,70,445,27,68,303,47,408,52,122,211,23
"2011","Oxford 014C","E01028547","Total",1207,147,187,702,171,627,65,65,380,117,580,82,122,322,54
"2011","Oxford 015A","E01028527","Total",927,68,163,611,85,485,19,53,361,52,442,49,110,250,33
"2011","Oxford 015B","E01028528","Total",815,79,176,492,68,458,30,79,305,44,357,49,97,187,24
"2011","Oxford 015C","E01028529","Total",751,71,152,482,46,395,29,49,281,36,356,42,103,201,10
"2011","Oxford 015D","E01028530","Total",882,88,183,547,64,472,37,56,334,45,410,51,127,213,19
"2011","Oxford 015E","E01028575","Total",780,88,152,418,122,423,27,62,251,83,357,61,90,167,39
"2011","Oxford 015F","E01028578","Total",859,73,160,547,79,471,29,51,337,54,388,44,109,210,25
"2011","Oxford 016A","E01028552","Total",743,48,165,462,68,395,20,52,277,46,348,28,113,185,22
"2011","Oxford 016B","E01028553","Total",949,59,131,634,125,490,22,39,346,83,459,37,92,288,42
"2011","Oxford 016C","E01028554","Total",704,47,140,473,44,377,18,41,284,34,327,29,99,189,10
"2011","Oxford 016D","E01028555","Total",900,75,180,575,70,472,23,42,356,51,428,52,138,219,19
"2011","Oxford 016E","E01028576","Total",561,54,173,292,42,293,23,46,187,37,268,31,127,105,5
"2011","Oxford 016F","E01028577","Total",839,75,211,485,68,451,36,69,300,46,388,39,142,185,22
"2011","Oxford 017A","E01028517","Total",644,54,133,420,37,313,23,30,235,25,331,31,103,185,12
"2011","Oxford 017B","E01028518","Total",647,74,160,370,43,331,24,47,230,30,316,50,113,140,13
"2011","Oxford 017C","E01028519","Total",652,59,133,427,33,353,26,39,260,28,299,33,94,167,5
"2011","Oxford 017D","E01028567","Total",805,75,179,504,47,409,27,44,297,41,396,48,135,207,6
"2011","Oxford 018A","E01028520","Total",656,73,148,395,40,341,27,36,245,33,315,46,112,150,7
"2011","Oxford 018B","E01028568","Total",561,62,160,311,28,260,19,26,190,25,301,43,134,121,3
"2011","Oxford 018C","E01028569","Total",716,68,177,420,51,348,29,33,243,43,368,39,144,177,8
"2011","Oxford 018D","E01028570","Total",1054,60,175,717,102,506,17,30,381,78,548,43,145,336,24
"2011","South Oxfordshire 001A","E01028666","Total",946,91,131,589,135,482,21,22,340,99,464,70,109,249,36
"2011","South Oxfordshire 001B","E01028667","Total",870,84,158,511,117,433,24,16,308,85,437,60,142,203,32
"2011","South Oxfordshire 001C","E01028668","Total",799,106,164,427,102,399,26,33,262,78,400,80,131,165,24
"2011","South Oxfordshire 001D","E01028669","Total",746,65,140,445,96,382,19,16,274,73,364,46,124,171,23
"2011","South Oxfordshire 002A","E01028638","Total",748,77,140,364,167,382,20,37,205,120,366,57,103,159,47
"2011","South Oxfordshire 002B","E01028639","Total",728,95,142,371,120,385,33,49,215,88,343,62,93,156,32
"2011","South Oxfordshire 002C","E01028640","Total",730,79,130,415,106,402,19,30,270,83,328,60,100,145,23
"2011","South Oxfordshire 002D","E01028683","Total",736,79,157,414,86,385,15,33,264,73,351,64,124,150,13
"2011","South Oxfordshire 003A","E01028670","Total",699,63,140,375,121,376,20,31,233,92,323,43,109,142,29
"2011","South Oxfordshire 003B","E01028671","Total",668,58,113,391,106,362,17,26,235,84,306,41,87,156,22
"2011","South Oxfordshire 003C","E01028672","Total",836,92,153,440,151,446,23,26,267,130,390,69,127,173,21
"2011","South Oxfordshire 003D","E01028673","Total",705,59,112,427,107,356,19,20,243,74,349,40,92,184,33
"2011","South Oxfordshire 004A","E01028646","Total",617,62,115,297,143,329,17,26,189,97,288,45,89,108,46
"2011","South Oxfordshire 004B","E01028647","Total",880,83,143,468,186,452,22,35,252,143,428,61,108,216,43
"2011","South Oxfordshire 004C","E01028681","Total",678,92,118,362,106,366,31,29,226,80,312,61,89,136,26
"2011","South Oxfordshire 004D","E01028682","Total",590,66,104,352,68,317,21,26,218,52,273,45,78,134,16
"2011","South Oxfordshire 004E","E01028684","Total",809,64,151,485,109,410,18,33,279,80,399,46,118,206,29
"2011","South Oxfordshire 005A","E01028598","Total",1297,174,236,599,288,701,55,63,366,217,596,119,173,233,71
"2011","South Oxfordshire 005B","E01028613","Total",816,90,145,477,104,430,15,26,305,84,386,75,119,172,20
"2011","South Oxfordshire 005C","E01028614","Total",803,94,147,451,111,424,18,34,285,87,379,76,113,166,24
"2011","South Oxfordshire 005D","E01028615","Total",764,93,135,384,152,409,30,38,232,109,355,63,97,152,43
"2011","South Oxfordshire 005E","E01028616","Total",801,88,139,451,123,419,21,36,263,99,382,67,103,188,24
"2011","South Oxfordshire 006A","E01028604","Total",768,64,135,488,81,413,20,38,293,62,355,44,97,195,19
"2011","South Oxfordshire 006B","E01028605","Total",757,69,144,460,84,416,19,35,296,66,341,50,109,164,18
"2011","South Oxfordshire 006C","E01028607","Total",714,71,124,378,141,376,17,34,221,104,338,54,90,157,37
"2011","South Oxfordshire 006D","E01028641","Total",603,61,103,338,101,318,11,28,203,76,285,50,75,135,25
"2011","South Oxfordshire 006E","E01028657","Total",719,54,112,458,95,379,19,31,259,70,340,35,81,199,25
"2011","South Oxfordshire 006F","E01028658","Total",639,77,107,321,134,337,27,25,192,93,302,50,82,129,41
"2011","South Oxfordshire 007A","E01028600","Total",766,82,146,400,138,399,21,34,245,99,367,61,112,155,39
"2011","South Oxfordshire 007B","E01028603","Total",656,61,106,361,128,353,21,21,208,103,303,40,85,153,25
"2011","South Oxfordshire 007C","E01028606","Total",820,89,148,411,172,451,27,38,256,130,369,62,110,155,42
"2011","South Oxfordshire 007D","E01028609","Total",707,84,134,391,98,369,16,21,253,79,338,68,113,138,19
"2011","South Oxfordshire 007E","E01028610","Total",852,70,151,518,113,453,21,28,324,80,399,49,123,194,33
"2011","South Oxfordshire 008A","E01028678","Total",766,93,153,357,163,414,23,51,218,122,352,70,102,139,41
"2011","South Oxfordshire 008B","E01028679","Total",1134,121,224,566,223,587,35,49,339,164,547,86,175,227,59
"2011","South Oxfordshire 008C","E01028680","Total",853,112,139,464,138,426,21,36,272,97,427,91,103,192,41
"2011","South Oxfordshire 009A","E01028625","Total",1262,78,182,866,136,653,16,25,520,92,609,62,157,346,44
"2011","South Oxfordshire 009B","E01028626","Total",1074,73,176,675,150,569,21,29,408,111,505,52,147,267,39
"2011","South Oxfordshire 009C","E01028627","Total",919,60,145,628,86,469,17,15,372,65,450,43,130,256,21
"2011","South Oxfordshire 009D","E01028628","Total",907,68,150,577,112,482,19,21,360,82,425,49,129,217,30
"2011","South Oxfordshire 009E","E01028629","Total",926,64,140,616,106,486,21,20,366,79,440,43,120,250,27
"2011","South Oxfordshire 010A","E01028621","Total",716,70,114,432,100,398,20,22,267,89,318,50,92,165,11
"2011","South Oxfordshire 010B","E01028622","Total",618,54,114,391,59,324,14,19,240,51,294,40,95,151,8
"2011","South Oxfordshire 010C","E01028623","Total",901,85,138,575,103,489,26,41,341,81,412,59,97,234,22
"2011","South Oxfordshire 010D","E01028624","Total",719,60,125,456,78,384,10,27,290,57,335,50,98,166,21
"2011","South Oxfordshire 011A","E01028599","Total",725,84,160,367,114,372,27,44,210,91,353,57,116,157,23
"2011","South Oxfordshire 011B","E01028601","Total",1336,88,123,903,222,931,32,25,683,191,405,56,98,220,31
"2011","South Oxfordshire 011C","E01028602","Total",865,72,102,552,139,481,12,13,346,110,384,60,89,206,29
"2011","South Oxfordshire 011D","E01028620","Total",1343,136,260,717,230,741,48,82,432,179,602,88,178,285,51
"2011","South Oxfordshire 012A","E01028608","Total",588,69,124,276,119,320,27,21,181,91,268,42,103,95,28
"2011","South Oxfordshire 012B","E01028617","Total",964,99,172,554,139,481,26,38,318,99,483,73,134,236,40
"2011","South Oxfordshire 012C","E01028674","Total",666,71,148,368,79,342,21,26,235,60,324,50,122,133,19
"2011","South Oxfordshire 012D","E01028675","Total",651,64,125,397,65,337,22,23,251,41,314,42,102,146,24
"2011","South Oxfordshire 012E","E01028676","Total",1071,67,189,698,117,546,16,34,413,83,525,51,155,285,34
"2011","South Oxfordshire 012F","E01028677","Total",744,75,120,439,110,391,25,29,262,75,353,50,91,177,35
"2011","South Oxfordshire 013A","E01028630","Total",1001,66,112,711,112,567,27,24,435,81,434,39,88,276,31
"2011","South Oxfordshire 013B","E01028631","Total",606,52,110,381,63,333,18,27,238,50,273,34,83,143,13
"2011","South Oxfordshire 013C","E01028632","Total",776,78,135,489,74,419,20,35,301,63,357,58,100,188,11
"2011","South Oxfordshire 013D","E01028633","Total",858,60,135,568,95,476,23,43,336,74,382,37,92,232,21
"2011","South Oxfordshire 014A","E01028634","Total",692,68,109,443,72,359,13,21,268,57,333,55,88,175,15
"2011","South Oxfordshire 014B","E01028635","Total",783,68,130,496,89,439,19,31,322,67,344,49,99,174,22
"2011","South Oxfordshire 014C","E01028636","Total",566,56,106,335,69,280,15,19,196,50,286,41,87,139,19
"2011","South Oxfordshire 014D","E01028637","Total",872,85,157,542,88,457,24,29,327,77,415,61,128,215,11
"2011","South Oxfordshire 015A","E01028618","Total",942,72,159,547,164,506,21,31,329,125,436,51,128,218,39
"2011","South Oxfordshire 015B","E01028619","Total",912,105,178,518,111,477,35,34,324,84,435,70,144,194,27
"2011","South Oxfordshire 015C","E01028644","Total",762,98,138,390,136,407,26,29,249,103,355,72,109,141,33
"2011","South Oxfordshire 015D","E01028648","Total",615,59,104,361,91,323,16,22,211,74,292,43,82,150,17
"2011","South Oxfordshire 015E","E01028649","Total",801,107,138,392,164,445,31,36,244,134,356,76,102,148,30
"2011","South Oxfordshire 016A","E01028650","Total",920,116,174,465,165,457,37,40,257,123,463,79,134,208,42
"2011","South Oxfordshire 016B","E01028651","Total",708,75,135,389,109,366,23,44,223,76,342,52,91,166,33
"2011","South Oxfordshire 016C","E01028652","Total",963,100,144,514,205,495,34,44,276,141,468,66,100,238,64
"2011","South Oxfordshire 017A","E01028653","Total",751,65,133,419,134,382,22,34,224,102,369,43,99,195,32
"2011","South Oxfordshire 017B","E01028654","Total",772,107,151,391,123,397,23,34,237,103,375,84,117,154,20
"2011","South Oxfordshire 017C","E01028655","Total",958,82,146,525,205,480,22,48,281,129,478,60,98,244,76
"2011","South Oxfordshire 017D","E01028656","Total",538,82,102,236,118,294,25,31,148,90,244,57,71,88,28
"2011","South Oxfordshire 018A","E01028611","Total",594,71,112,278,133,309,15,19,173,102,285,56,93,105,31
"2011","South Oxfordshire 018B","E01028642","Total",607,89,123,272,123,316,28,21,173,94,291,61,102,99,29
"2011","South Oxfordshire 018C","E01028643","Total",639,78,111,304,146,340,24,27,184,105,299,54,84,120,41
"2011","South Oxfordshire 018D","E01028645","Total",574,82,92,294,106,310,26,17,188,79,264,56,75,106,27
"2011","South Oxfordshire 018E","E01028685","Total",622,76,135,315,96,314,19,26,188,81,308,57,109,127,15
"2011","South Oxfordshire 018F","E01028686","Total",662,77,117,319,149,357,21,24,195,117,305,56,93,124,32
"2011","South Oxfordshire 019A","E01028612","Total",611,76,106,298,131,320,16,25,183,96,291,60,81,115,35
"2011","South Oxfordshire 019B","E01028660","Total",889,105,166,411,207,481,28,37,253,163,408,77,129,158,44
"2011","South Oxfordshire 019C","E01028661","Total",723,99,138,304,182,396,33,28,187,148,327,66,110,117,34
"2011","South Oxfordshire 019D","E01028662","Total",593,86,114,241,152,313,20,28,149,116,280,66,86,92,36
"2011","South Oxfordshire 020A","E01028659","Total",809,83,116,408,202,444,17,22,244,161,365,66,94,164,41
"2011","South Oxfordshire 020B","E01028663","Total",749,73,158,422,96,374,20,31,258,65,375,53,127,164,31
"2011","South Oxfordshire 020C","E01028664","Total",589,70,105,328,86,300,13,25,199,63,289,57,80,129,23
"2011","South Oxfordshire 020D","E01028665","Total",615,87,117,318,93,320,24,26,193,77,295,63,91,125,16
"2011","Vale of White Horse 001A","E01028708","Total",945,94,173,537,141,497,27,43,317,110,448,67,130,220,31
"2011","Vale of White Horse 001B","E01028709","Total",864,91,157,484,132,462,33,41,287,101,402,58,116,197,31
"2011","Vale of White Horse 001C","E01028710","Total",843,86,163,435,159,468,38,38,271,121,375,48,125,164,38
"2011","Vale of White Horse 001D","E01028711","Total",850,115,156,440,139,437,24,33,267,113,413,91,123,173,26
"2011","Vale of White Horse 002A","E01028733","Total",615,60,106,339,110,327,25,34,194,74,288,35,72,145,36
"2011","Vale of White Horse 002B","E01028734","Total",815,83,161,472,99,433,21,39,293,80,382,62,122,179,19
"2011","Vale of White Horse 002C","E01028735","Total",829,80,168,505,76,453,29,36,327,61,376,51,132,178,15
"2011","Vale of White Horse 002D","E01028740","Total",847,77,138,530,102,454,20,32,324,78,393,57,106,206,24
"2011","Vale of White Horse 002E","E01028741","Total",794,109,153,418,114,403,27,53,239,84,391,82,100,179,30
"2011","Vale of White Horse 002F","E01028742","Total",815,73,137,511,94,450,26,42,319,63,365,47,95,192,31
"2011","Vale of White Horse 003A","E01028738","Total",1431,86,119,847,379,1000,30,16,630,324,431,56,103,217,55
"2011","Vale of White Horse 003B","E01028739","Total",884,88,189,471,136,443,24,39,278,102,441,64,150,193,34
"2011","Vale of White Horse 003C","E01028743","Total",513,58,76,241,138,278,21,16,138,103,235,37,60,103,35
"2011","Vale of White Horse 003D","E01028744","Total",636,68,118,355,95,331,20,31,212,68,305,48,87,143,27
"2011","Vale of White Horse 003E","E01028750","Total",714,67,139,411,97,394,23,32,267,72,320,44,107,144,25
"2011","Vale of White Horse 003F","E01028751","Total",745,85,127,373,160,409,28,35,224,122,336,57,92,149,38
"2011","Vale of White Horse 003G","E01028752","Total",864,76,155,501,132,456,26,26,308,96,408,50,129,193,36
"2011","Vale of White Horse 004A","E01028693","Total",865,98,168,482,117,471,32,27,328,84,394,66,141,154,33
"2011","Vale of White Horse 004B","E01028694","Total",962,88,142,618,114,497,21,22,360,94,465,67,120,258,20
"2011","Vale of White Horse 004C","E01028701","Total",828,71,166,507,84,433,26,32,308,67,395,45,134,199,17
"2011","Vale of White Horse 004D","E01028705","Total",745,67,141,451,86,389,22,24,278,65,356,45,117,173,21
"2011","Vale of White Horse 004E","E01028706","Total",910,76,190,554,90,464,18,40,339,67,446,58,150,215,23
"2011","Vale of White Horse 004F","E01028707","Total",953,97,157,613,86,501,36,29,370,66,452,61,128,243,20
"2011","Vale of White Horse 005A","E01028688","Total",765,59,137,493,76,397,16,26,297,58,368,43,111,196,18
"2011","Vale of White Horse 005B","E01028689","Total",860,68,149,567,76,452,15,28,351,58,408,53,121,216,18
"2011","Vale of White Horse 005C","E01028695","Total",835,88,168,494,85,434,22,27,317,68,401,66,141,177,17
"2011","Vale of White Horse 005D","E01028699","Total",799,97,156,439,107,429,31,41,278,79,370,66,115,161,28
"2011","Vale of White Horse 006B","E01028696","Total",634,89,116,324,105,344,32,26,199,87,290,57,90,125,18
"2011","Vale of White Horse 006C","E01028697","Total",776,55,158,490,73,393,18,26,296,53,383,37,132,194,20
"2011","Vale of White Horse 006D","E01028698","Total",899,53,143,594,109,452,14,21,342,75,447,39,122,252,34
"2011","Vale of White Horse 006E","E01028700","Total",775,71,177,454,73,389,17,42,271,59,386,54,135,183,14
"2011","Vale of White Horse 006F","E01028703","Total",936,65,143,630,98,476,19,33,359,65,460,46,110,271,33
"2011","Vale of White Horse 006G","E01033305","Total",798,39,86,573,100,416,13,19,309,75,382,26,67,264,25
"2011","Vale of White Horse 006H","E01033306","Total",877,62,138,551,126,466,27,37,319,83,411,35,101,232,43
"2011","Vale of White Horse 007A","E01028726","Total",1086,126,173,561,226,590,32,45,333,180,496,94,128,228,46
"2011","Vale of White Horse 007B","E01028736","Total",1277,116,221,734,206,648,31,34,430,153,629,85,187,304,53
"2011","Vale of White Horse 007C","E01028737","Total",1195,135,223,591,246,634,44,42,359,189,561,91,181,232,57
"2011","Vale of White Horse 008A","E01028690","Total",865,82,156,549,78,463,25,37,344,57,402,57,119,205,21
"2011","Vale of White Horse 008B","E01028691","Total",681,50,147,416,68,358,14,28,258,58,323,36,119,158,10
"2011","Vale of White Horse 008C","E01028692","Total",588,65,125,340,58,320,18,40,214,48,268,47,85,126,10
"2011","Vale of White Horse 008D","E01028702","Total",727,88,124,448,67,370,27,28,261,54,357,61,96,187,13
"2011","Vale of White Horse 008E","E01028704","Total",934,72,144,581,137,478,20,34,329,95,456,52,110,252,42
"2011","Vale of White Horse 009A","E01028716","Total",1026,77,181,596,172,550,22,32,367,129,476,55,149,229,43
"2011","Vale of White Horse 009B","E01028717","Total",793,60,128,492,113,418,24,49,269,76,375,36,79,223,37
"2011","Vale of White Horse 009C","E01028718","Total",764,70,142,456,96,409,23,39,271,76,355,47,103,185,20
"2011","Vale of White Horse 009D","E01028719","Total",806,89,151,448,118,412,32,30,262,88,394,57,121,186,30
"2011","Vale of White Horse 009E","E01028749","Total",1226,134,195,677,220,654,30,46,406,172,572,104,149,271,48
"2011","Vale of White Horse 010A","E01028714","Total",1222,122,214,713,173,649,30,45,438,136,573,92,169,275,37
"2011","Vale of White Horse 010B","E01028731","Total",629,59,118,360,92,337,13,29,228,67,292,46,89,132,25
"2011","Vale of White Horse 010C","E01028732","Total",681,46,103,411,121,370,14,19,246,91,311,32,84,165,30
"2011","Vale of White Horse 010D","E01028753","Total",700,58,132,410,100,366,13,26,250,77,334,45,106,160,23
"2011","Vale of White Horse 010E","E01028754","Total",721,68,125,372,156,379,12,34,220,113,342,56,91,152,43
"2011","Vale of White Horse 011A","E01028721","Total",814,75,148,493,98,436,22,21,319,74,378,53,127,174,24
"2011","Vale of White Horse 011B","E01028722","Total",800,64,129,473,134,448,21,31,293,103,352,43,98,180,31
"2011","Vale of White Horse 011C","E01028723","Total",655,63,109,390,93,357,23,18,239,77,298,40,91,151,16
"2011","Vale of White Horse 011D","E01028724","Total",745,76,146,447,76,391,21,30,277,63,354,55,116,170,13
"2011","Vale of White Horse 011E","E01028725","Total",869,66,154,550,99,456,11,24,338,83,413,55,130,212,16
"2011","Vale of White Horse 014A","E01028755","Total",810,76,161,461,112,434,18,35,296,85,376,58,126,165,27
"2011","Vale of White Horse 014B","E01028756","Total",1303,87,179,839,198,685,24,43,472,146,618,63,136,367,52
"2011","Vale of White Horse 014C","E01028758","Total",721,86,130,433,72,397,31,28,277,61,324,55,102,156,11
"2011","Vale of White Horse 014D","E01028759","Total",832,71,153,526,82,457,18,33,338,68,375,53,120,188,14
"2011","Vale of White Horse 014E","E01028760","Total",680,69,147,384,80,362,20,30,252,60,318,49,117,132,20
"2011","Vale of White Horse 014F","E01028761","Total",718,84,132,419,83,372,18,26,261,67,346,66,106,158,16
"2011","Vale of White Horse 015A","E01028712","Total",980,107,184,504,185,500,30,42,289,139,480,77,142,215,46
"2011","Vale of White Horse 015B","E01028727","Total",816,72,150,454,140,420,14,30,274,102,396,58,120,180,38
"2011","Vale of White Horse 015C","E01028728","Total",543,59,99,302,83,286,14,26,179,67,257,45,73,123,16
"2011","Vale of White Horse 015D","E01028729","Total",595,53,101,362,79,305,17,21,206,61,290,36,80,156,18
"2011","Vale of White Horse 015E","E01028730","Total",889,96,162,452,179,481,23,36,281,141,408,73,126,171,38
"2011","Vale of White Horse 015F","E01028757","Total",688,71,128,393,96,362,19,27,248,68,326,52,101,145,28
"2011","Vale of White Horse 016E","E01028713","Total",1234,139,207,651,237,685,41,49,411,184,549,98,158,240,53
"2011","Vale of White Horse 016F","E01028715","Total",725,91,127,358,149,386,28,33,225,100,339,63,94,133,49
"2011","Vale of White Horse 016G","E01028720","Total",1141,124,203,613,201,583,30,40,363,150,558,94,163,250,51
"2011","Vale of White Horse 016A","E01028745","Total",741,71,121,367,182,433,23,22,251,137,308,48,99,116,45
"2011","Vale of White Horse 016B","E01028746","Total",604,63,108,329,104,333,20,26,215,72,271,43,82,114,32
"2011","Vale of White Horse 016C","E01028747","Total",623,56,89,314,164,368,14,17,199,138,255,42,72,115,26
"2011","Vale of White Horse 016D","E01028748","Total",513,37,65,316,95,303,10,15,200,78,210,27,50,116,17
"2011","West Oxfordshire 001A","E01028780","Total",1088,92,187,630,179,565,31,41,366,127,523,61,146,264,52
"2011","West Oxfordshire 001B","E01028781","Total",627,57,152,368,50,325,16,44,226,39,302,41,108,142,11
"2011","West Oxfordshire 001C","E01028782","Total",837,88,165,451,133,440,25,30,281,104,397,63,135,170,29
"2011","West Oxfordshire 001D","E01028783","Total",818,60,137,514,107,409,21,28,287,73,409,39,109,227,34
"2011","West Oxfordshire 002A","E01028795","Total",859,110,143,418,188,450,25,25,256,144,409,85,118,162,44
"2011","West Oxfordshire 002B","E01028796","Total",618,63,113,306,136,326,17,26,181,102,292,46,87,125,34
"2011","West Oxfordshire 002C","E01028797","Total",620,71,126,310,113,328,19,27,191,91,292,52,99,119,22
"2011","West Oxfordshire 002D","E01028806","Total",1065,88,190,587,200,548,21,32,343,152,517,67,158,244,48
"2011","West Oxfordshire 003A","E01028763","Total",958,122,169,475,192,503,28,27,294,154,455,94,142,181,38
"2011","West Oxfordshire 003B","E01028776","Total",996,124,183,492,197,529,28,46,298,157,467,96,137,194,40
"2011","West Oxfordshire 003C","E01028798","Total",994,98,199,528,169,527,23,42,327,135,467,75,157,201,34
"2011","West Oxfordshire 004B","E01028804","Total",623,77,121,307,118,322,12,29,186,95,301,65,92,121,23
"2011","West Oxfordshire 004D","E01028823","Total",693,54,110,411,118,358,16,35,222,85,335,38,75,189,33
"2011","West Oxfordshire 004E","E01028824","Total",785,94,137,445,109,403,28,23,265,87,382,66,114,180,22
"2011","West Oxfordshire 004F","E01028825","Total",594,59,114,322,99,303,19,19,190,75,291,40,95,132,24
"2011","West Oxfordshire 004G","E01032954","Total",1392,156,313,706,217,730,47,75,441,167,662,109,238,265,50
"2011","West Oxfordshire 005A","E01028777","Total",585,67,108,302,108,287,14,23,178,72,298,53,85,124,36
"2011","West Oxfordshire 005B","E01028778","Total",736,92,141,412,91,396,25,35,262,74,340,67,106,150,17
"2011","West Oxfordshire 005C","E01028779","Total",582,71,100,317,94,325,29,23,199,74,257,42,77,118,20
"2011","West Oxfordshire 005D","E01028799","Total",989,123,198,519,149,522,34,55,318,115,467,89,143,201,34
"2011","West Oxfordshire 006A","E01028788","Total",851,100,141,476,134,437,29,30,285,93,414,71,111,191,41
"2011","West Oxfordshire 006B","E01028789","Total",763,71,140,447,105,403,14,34,279,76,360,57,106,168,29
"2011","West Oxfordshire 006C","E01028790","Total",600,64,99,349,88,325,18,13,224,70,275,46,86,125,18
"2011","West Oxfordshire 006D","E01028791","Total",803,93,140,447,123,424,25,26,274,99,379,68,114,173,24
"2011","West Oxfordshire 007A","E01028784","Total",1152,118,206,619,209,623,40,42,378,163,529,78,164,241,46
"2011","West Oxfordshire 007B","E01028792","Total",580,68,112,304,96,310,19,26,196,69,270,49,86,108,27
"2011","West Oxfordshire 007C","E01028793","Total",813,89,144,429,151,441,25,28,280,108,372,64,116,149,43
"2011","West Oxfordshire 007D","E01028794","Total",778,94,158,398,128,402,22,37,244,99,376,72,121,154,29
"2011","West Oxfordshire 008A","E01028810","Total",864,83,156,510,115,441,17,24,319,81,423,66,132,191,34
"2011","West Oxfordshire 008B","E01028811","Total",702,72,154,391,85,357,15,36,239,67,345,57,118,152,18
"2011","West Oxfordshire 008D","E01028813","Total",664,59,115,399,91,355,15,23,244,73,309,44,92,155,18
"2011","West Oxfordshire 008E","E01028814","Total",797,79,160,454,104,411,25,33,279,74,386,54,127,175,30
"2011","West Oxfordshire 008F","E01028815","Total",686,85,136,375,90,361,27,30,232,72,325,58,106,143,18
"2011","West Oxfordshire 008G","E01032947","Total",1073,61,173,678,161,560,10,25,404,121,513,51,148,274,40
"2011","West Oxfordshire 008H","E01032948","Total",1044,100,157,621,166,534,27,24,368,115,510,73,133,253,51
"2011","West Oxfordshire 008I","E01032952","Total",775,73,134,458,110,383,17,28,258,80,392,56,106,200,30
"2011","West Oxfordshire 009A","E01028809","Total",568,61,129,322,56,311,14,26,228,43,257,47,103,94,13
"2011","West Oxfordshire 009B","E01028820","Total",820,60,148,489,123,430,16,16,300,98,390,44,132,189,25
"2011","West Oxfordshire 009C","E01028821","Total",882,59,133,587,103,445,14,20,336,75,437,45,113,251,28
"2011","West Oxfordshire 009D","E01028822","Total",908,66,170,563,109,467,21,26,332,88,441,45,144,231,21
"2011","West Oxfordshire 010A","E01028807","Total",1211,83,155,792,181,635,28,36,441,130,576,55,119,351,51
"2011","West Oxfordshire 010B","E01028808","Total",893,86,131,558,118,468,24,19,333,92,425,62,112,225,26
"2011","West Oxfordshire 010C","E01028816","Total",808,90,139,500,79,431,22,23,320,66,377,68,116,180,13
"2011","West Oxfordshire 010D","E01028817","Total",817,83,126,523,85,422,21,21,306,74,395,62,105,217,11
"2011","West Oxfordshire 010E","E01028818","Total",895,77,145,567,106,456,25,36,321,74,439,52,109,246,32
"2011","West Oxfordshire 010F","E01028819","Total",692,71,145,395,81,351,16,27,243,65,341,55,118,152,16
"2011","West Oxfordshire 011A","E01028785","Total",851,98,161,498,94,423,29,31,295,68,428,69,130,203,26
"2011","West Oxfordshire 011B","E01028786","Total",617,64,133,357,63,339,18,35,235,51,278,46,98,122,12
"2011","West Oxfordshire 011C","E01028787","Total",638,73,113,366,86,355,18,30,242,65,283,55,83,124,21
"2011","West Oxfordshire 011D","E01028800","Total",690,79,118,366,127,366,22,24,236,84,324,57,94,130,43
"2011","West Oxfordshire 012A","E01028762","Total",965,109,149,468,239,527,28,32,281,186,438,81,117,187,53
"2011","West Oxfordshire 012B","E01028766","Total",1076,123,160,571,222,569,39,25,335,170,507,84,135,236,52
"2011","West Oxfordshire 012C","E01028767","Total",806,83,147,394,182,454,29,35,247,143,352,54,112,147,39
"2011","West Oxfordshire 013D","E01028772","Total",1064,77,156,712,119,528,24,21,389,94,536,53,135,323,25
"2011","West Oxfordshire 013E","E01032949","Total",940,64,134,618,124,485,20,15,361,89,455,44,119,257,35
"2011","West Oxfordshire 013F","E01032950","Total",1094,62,146,719,167,551,19,27,388,117,543,43,119,331,50
"2011","West Oxfordshire 013G","E01032951","Total",1122,93,178,681,170,607,26,29,416,136,515,67,149,265,34
"2011","West Oxfordshire 013H","E01032953","Total",1255,86,193,768,208,655,24,32,431,168,600,62,161,337,40
"2011","West Oxfordshire 014A","E01028771","Total",764,71,114,506,73,397,22,23,300,52,367,49,91,206,21
"2011","West Oxfordshire 014B","E01028773","Total",722,60,113,442,107,388,18,20,258,92,334,42,93,184,15
"2011","West Oxfordshire 014C","E01028774","Total",1901,100,160,1180,461,1328,45,36,844,403,573,55,124,336,58
"2011","West Oxfordshire 014D","E01028775","Total",788,64,135,480,109,419,18,30,285,86,369,46,105,195,23
"2011","West Oxfordshire 015A","E01028764","Total",908,79,148,514,167,456,24,26,285,121,452,55,122,229,46
"2011","West Oxfordshire 015B","E01028765","Total",954,98,192,494,170,506,24,43,298,141,448,74,149,196,29
"2011","West Oxfordshire 015C","E01028801","Total",732,85,134,375,138,394,22,23,231,118,338,63,111,144,20
"2011","West Oxfordshire 015D","E01028802","Total",730,73,132,371,154,393,15,25,236,117,337,58,107,135,37
"2011","Elmbridge 001A","E01030330","Total",794,76,138,472,108,415,23,34,280,78,379,53,104,192,30
"2011","Elmbridge 001B","E01030331","Total",858,72,168,465,153,423,17,41,269,96,435,55,127,196,57
"2011","Elmbridge 001C","E01030332","Total",700,78,148,384,90,361,24,35,239,63,339,54,113,145,27
"2011","Elmbridge 001D","E01030333","Total",740,87,137,395,121,371,21,35,230,85,369,66,102,165,36
"2011","Elmbridge 002A","E01030326","Total",934,85,120,513,216,497,17,39,279,162,437,68,81,234,54
"2011","Elmbridge 002B","E01030327","Total",811,90,140,418,163,444,31,36,251,126,367,59,104,167,37
"2011","Elmbridge 002C","E01030328","Total",850,82,146,441,181,454,29,31,261,133,396,53,115,180,48
"2011","Elmbridge 002D","E01030329","Total",765,83,131,399,152,395,22,29,235,109,370,61,102,164,43
"2011","Elmbridge 003A","E01030334","Total",766,84,139,455,88,415,29,39,277,70,351,55,100,178,18
"2011","Elmbridge 003B","E01030335","Total",959,93,171,564,131,478,19,39,323,97,481,74,132,241,34
"2011","Elmbridge 003C","E01030336","Total",968,84,191,590,103,501,23,51,347,80,467,61,140,243,23
"2011","Elmbridge 003D","E01030337","Total",797,63,147,489,98,418,20,30,292,76,379,43,117,197,22
"2011","Elmbridge 004A","E01030361","Total",1107,105,193,666,143,560,24,44,396,96,547,81,149,270,47
"2011","Elmbridge 004B","E01030362","Total",568,60,101,323,84,308,22,36,186,64,260,38,65,137,20
"2011","Elmbridge 004C","E01030363","Total",994,81,159,616,138,514,24,44,346,100,480,57,115,270,38
"2011","Elmbridge 004D","E01030364","Total",876,63,140,551,122,450,21,35,300,94,426,42,105,251,28
"2011","Elmbridge 005A","E01030350","Total",857,84,138,450,185,442,20,35,264,123,415,64,103,186,62
"2011","Elmbridge 005B","E01030351","Total",843,85,126,469,163,454,29,31,275,119,389,56,95,194,44
"2011","Elmbridge 005C","E01030352","Total",765,74,121,387,183,396,13,31,217,135,369,61,90,170,48
"2011","Elmbridge 005D","E01030353","Total",792,85,137,406,164,421,21,34,234,132,371,64,103,172,32
"2011","Elmbridge 006A","E01030322","Total",963,89,121,523,230,504,20,29,281,174,459,69,92,242,56
"2011","Elmbridge 006B","E01030323","Total",646,69,93,309,175,354,21,24,178,131,292,48,69,131,44
"2011","Elmbridge 006C","E01030324","Total",844,77,127,470,170,448,23,26,273,126,396,54,101,197,44
"2011","Elmbridge 006D","E01030325","Total",754,75,148,397,134,388,14,32,237,105,366,61,116,160,29
"2011","Elmbridge 007A","E01030357","Total",824,78,124,471,151,462,28,40,281,113,362,50,84,190,38
"2011","Elmbridge 007B","E01030358","Total",761,47,132,454,128,390,12,24,260,94,371,35,108,194,34
"2011","Elmbridge 007C","E01030359","Total",1242,74,153,764,251,679,16,45,441,177,563,58,108,323,74
"2011","Elmbridge 007D","E01030360","Total",782,92,112,399,179,433,30,30,229,144,349,62,82,170,35
"2011","Elmbridge 008A","E01030354","Total",722,73,135,428,86,368,22,39,241,66,354,51,96,187,20
"2011","Elmbridge 008B","E01030355","Total",754,78,125,412,139,405,20,19,255,111,349,58,106,157,28
"2011","Elmbridge 008C","E01030356","Total",708,71,120,415,102,355,18,22,239,76,353,53,98,176,26
"2011","Elmbridge 008D","E01030365","Total",832,83,137,474,138,424,20,27,272,105,408,63,110,202,33
"2011","Elmbridge 008E","E01030368","Total",801,80,150,424,147,420,16,30,258,116,381,64,120,166,31
"2011","Elmbridge 009A","E01030319","Total",834,112,155,394,173,438,27,27,246,138,396,85,128,148,35
"2011","Elmbridge 009B","E01030320","Total",885,81,128,527,149,480,24,27,316,113,405,57,101,211,36
"2011","Elmbridge 009C","E01030321","Total",775,95,136,375,169,414,30,24,228,132,361,65,112,147,37
"2011","Elmbridge 009D","E01030369","Total",1081,118,176,522,265,583,29,33,309,212,498,89,143,213,53
"2011","Elmbridge 009E","E01030370","Total",830,97,136,395,202,455,31,34,229,161,375,66,102,166,41
"2011","Elmbridge 010A","E01030313","Total",834,65,146,484,139,422,15,33,277,97,412,50,113,207,42
"2011","Elmbridge 010B","E01030314","Total",767,75,132,390,170,423,29,30,238,126,344,46,102,152,44
"2011","Elmbridge 010C","E01030366","Total",1009,83,140,600,186,516,21,40,321,134,493,62,100,279,52
"2011","Elmbridge 010D","E01030367","Total",771,81,128,419,143,408,28,32,236,112,363,53,96,183,31
"2011","Elmbridge 011A","E01030338","Total",761,79,128,356,198,422,21,21,226,154,339,58,107,130,44
"2011","Elmbridge 011B","E01030339","Total",743,58,93,430,162,400,15,22,256,107,343,43,71,174,55
"2011","Elmbridge 011C","E01030340","Total",707,58,116,380,153,378,14,29,220,115,329,44,87,160,38
"2011","Elmbridge 011D","E01030341","Total",846,91,102,427,226,477,38,18,242,179,369,53,84,185,47
"2011","Elmbridge 012A","E01030371","Total",766,60,100,473,133,400,11,27,261,101,366,49,73,212,32
"2011","Elmbridge 012B","E01030372","Total",622,75,98,292,157,318,19,18,168,113,304,56,80,124,44
"2011","Elmbridge 012C","E01030373","Total",822,60,140,440,182,435,10,37,257,131,387,50,103,183,51
"2011","Elmbridge 012D","E01030374","Total",869,67,104,503,195,464,20,26,270,148,405,47,78,233,47
"2011","Elmbridge 012E","E01030375","Total",956,66,139,536,215,499,12,37,297,153,457,54,102,239,62
"2011","Elmbridge 012F","E01030376","Total",657,65,93,326,173,376,17,31,194,134,281,48,62,132,39
"2011","Elmbridge 013A","E01030307","Total",810,100,117,342,251,472,30,35,202,205,338,70,82,140,46
"2011","Elmbridge 013B","E01030308","Total",719,77,119,295,228,418,22,33,180,183,301,55,86,115,45
"2011","Elmbridge 013C","E01030309","Total",642,89,98,259,196,363,23,31,153,156,279,66,67,106,40
"2011","Elmbridge 013D","E01030310","Total",924,86,153,513,172,473,20,35,284,134,451,66,118,229,38
"2011","Elmbridge 014A","E01030311","Total",719,67,135,413,104,378,27,38,238,75,341,40,97,175,29
"2011","Elmbridge 014B","E01030312","Total",737,75,112,442,108,386,26,20,257,83,351,49,92,185,25
"2011","Elmbridge 014C","E01030315","Total",862,97,137,481,147,430,18,25,279,108,432,79,112,202,39
"2011","Elmbridge 014D","E01030316","Total",745,85,135,340,185,414,21,32,212,149,331,64,103,128,36
"2011","Elmbridge 014E","E01030317","Total",849,78,146,487,138,453,24,31,289,109,396,54,115,198,29
"2011","Elmbridge 014F","E01030318","Total",499,73,78,209,139,295,30,30,123,112,204,43,48,86,27
"2011","Elmbridge 015A","E01030296","Total",812,101,152,365,194,435,26,32,229,148,377,75,120,136,46
"2011","Elmbridge 015B","E01030297","Total",998,125,169,485,219,524,26,44,285,169,474,99,125,200,50
"2011","Elmbridge 015C","E01030298","Total",711,75,114,389,133,380,16,26,232,106,331,59,88,157,27
"2011","Elmbridge 015D","E01030299","Total",817,83,147,435,152,428,18,31,260,119,389,65,116,175,33
"2011","Elmbridge 016A","E01030346","Total",699,48,105,337,209,406,22,38,184,162,293,26,67,153,47
"2011","Elmbridge 016B","E01030347","Total",905,77,124,513,191,478,18,26,297,137,427,59,98,216,54
"2011","Elmbridge 016C","E01030348","Total",814,73,88,408,245,476,21,20,245,190,338,52,68,163,55
"2011","Elmbridge 016D","E01030349","Total",771,76,117,369,209,438,26,34,218,160,333,50,83,151,49
"2011","Elmbridge 017A","E01030300","Total",785,88,124,443,130,408,23,33,257,95,377,65,91,186,35
"2011","Elmbridge 017B","E01030301","Total",621,82,100,259,180,359,30,17,170,142,262,52,83,89,38
"2011","Elmbridge 017C","E01030302","Total",756,82,118,363,193,414,28,29,211,146,342,54,89,152,47
"2011","Elmbridge 017D","E01030304","Total",827,74,162,488,103,413,23,43,272,75,414,51,119,216,28
"2011","Elmbridge 017E","E01030305","Total",612,74,94,214,230,382,26,18,143,195,230,48,76,71,35
"2011","Elmbridge 017F","E01030306","Total",561,60,96,220,185,347,16,20,152,159,214,44,76,68,26
"2011","Elmbridge 018A","E01030303","Total",733,90,125,280,238,429,23,33,176,197,304,67,92,104,41
"2011","Elmbridge 018B","E01030342","Total",672,71,94,279,228,393,27,23,162,181,279,44,71,117,47
"2011","Elmbridge 018C","E01030343","Total",810,98,126,370,216,456,22,33,229,172,354,76,93,141,44
"2011","Elmbridge 018D","E01030344","Total",626,85,95,236,210,366,27,17,142,180,260,58,78,94,30
"2011","Elmbridge 018E","E01030345","Total",782,99,127,371,185,437,26,31,235,145,345,73,96,136,40
"2011","Epsom and Ewell 001A","E01030386","Total",756,75,157,401,123,413,21,38,260,94,343,54,119,141,29
"2011","Epsom and Ewell 001B","E01030387","Total",938,79,169,576,114,474,19,26,338,91,464,60,143,238,23
"2011","Epsom and Ewell 001C","E01030388","Total",667,74,102,386,105,368,25,31,237,75,299,49,71,149,30
"2011","Epsom and Ewell 001D","E01030389","Total",803,89,154,445,115,427,33,43,262,89,376,56,111,183,26
"2011","Epsom and Ewell 001E","E01030393","Total",923,108,190,507,118,493,43,49,317,84,430,65,141,190,34
"2011","Epsom and Ewell 002A","E01030394","Total",914,96,175,509,134,489,22,34,329,104,425,74,141,180,30
"2011","Epsom and Ewell 002B","E01030399","Total",1114,103,205,681,125,552,30,45,381,96,562,73,160,300,29
"2011","Epsom and Ewell 002C","E01030400","Total",745,76,154,430,85,381,26,51,243,61,364,50,103,187,24
"2011","Epsom and Ewell 002D","E01030414","Total",657,44,132,400,81,337,18,25,231,63,320,26,107,169,18
"2011","Epsom and Ewell 003A","E01030377","Total",1191,133,230,659,169,641,41,57,407,136,550,92,173,252,33
"2011","Epsom and Ewell 003B","E01030378","Total",817,84,128,494,111,425,22,28,289,86,392,62,100,205,25
"2011","Epsom and Ewell 003C","E01030406","Total",856,82,146,493,135,464,28,34,299,103,392,54,112,194,32
"2011","Epsom and Ewell 003D","E01030407","Total",689,78,125,375,111,364,18,24,225,97,325,60,101,150,14
"2011","Epsom and Ewell 003E","E01030408","Total",952,124,186,533,109,506,32,35,349,90,446,92,151,184,19
"2011","Epsom and Ewell 004A","E01030395","Total",796,86,152,451,107,423,26,35,272,90,373,60,117,179,17
"2011","Epsom and Ewell 004B","E01030413","Total",1101,109,173,682,137,576,36,39,391,110,525,73,134,291,27
"2011","Epsom and Ewell 004C","E01030415","Total",891,89,173,532,97,462,21,41,320,80,429,68,132,212,17
"2011","Epsom and Ewell 004D","E01030416","Total",689,85,129,381,94,367,25,30,238,74,322,60,99,143,20
"2011","Epsom and Ewell 005A","E01030383","Total",1300,101,198,834,167,699,36,63,461,139,601,65,135,373,28
"2011","Epsom and Ewell 005B","E01030384","Total",1467,144,225,902,196,759,33,50,532,144,708,111,175,370,52
"2011","Epsom and Ewell 005C","E01030401","Total",1299,111,199,761,228,695,36,61,417,181,604,75,138,344,47
"2011","Epsom and Ewell 005D","E01030402","Total",649,58,117,359,115,340,16,25,207,92,309,42,92,152,23
"2011","Epsom and Ewell 007A","E01030385","Total",793,78,165,476,74,420,25,57,281,57,373,53,108,195,17
"2011","Epsom and Ewell 007B","E01030391","Total",1001,114,145,599,143,524,31,32,354,107,477,83,113,245,36
"2011","Epsom and Ewell 007C","E01030403","Total",767,85,162,415,105,402,14,42,264,82,365,71,120,151,23
"2011","Epsom and Ewell 007D","E01030404","Total",767,82,155,414,116,407,16,37,261,93,360,66,118,153,23
"2011","Epsom and Ewell 007E","E01030409","Total",748,130,124,420,74,368,36,35,240,57,380,94,89,180,17
"2011","Epsom and Ewell 007F","E01030410","Total",762,74,116,483,89,381,28,27,265,61,381,46,89,218,28
"2011","Epsom and Ewell 008A","E01030381","Total",675,69,110,374,122,387,25,28,237,97,288,44,82,137,25
"2011","Epsom and Ewell 008B","E01030411","Total",1096,126,147,669,154,571,39,41,390,101,525,87,106,279,53
"2011","Epsom and Ewell 008C","E01030412","Total",1033,80,138,669,146,557,33,34,390,100,476,47,104,279,46
"2011","Epsom and Ewell 008D","E01030419","Total",808,92,115,462,139,403,17,27,256,103,405,75,88,206,36
"2011","Epsom and Ewell 009A","E01030379","Total",651,75,136,302,138,339,29,29,184,97,312,46,107,118,41
"2011","Epsom and Ewell 009B","E01030380","Total",649,79,111,329,130,342,20,26,198,98,307,59,85,131,32
"2011","Epsom and Ewell 009C","E01030405","Total",866,80,154,508,124,443,24,30,293,96,423,56,124,215,28
"2011","Epsom and Ewell 009D","E01030417","Total",619,61,109,324,125,335,15,27,200,93,284,46,82,124,32
"2011","Epsom and Ewell 009E","E01030418","Total",797,90,146,402,159,410,25,35,231,119,387,65,111,171,40
"2011","Epsom and Ewell 009F","E01030420","Total",584,61,115,322,86,283,11,19,184,69,301,50,96,138,17
"2011","Epsom and Ewell 010A","E01030382","Total",719,76,114,413,116,393,19,35,247,92,326,57,79,166,24
"2011","Epsom and Ewell 010B","E01030390","Total",916,64,160,543,149,449,22,33,290,104,467,42,127,253,45
"2011","Epsom and Ewell 010C","E01030392","Total",944,106,150,518,170,506,33,38,312,123,438,73,112,206,47
"2011","Epsom and Ewell 010D","E01030396","Total",845,112,147,392,194,453,24,32,236,161,392,88,115,156,33
"2011","Epsom and Ewell 010E","E01030398","Total",876,109,168,437,162,458,27,35,263,133,418,82,133,174,29
"2011","Epsom and Ewell 010F","E01032624","Total",875,108,171,429,167,468,23,41,270,134,407,85,130,159,33
"2011","Guildford 001A","E01030440","Total",740,91,129,339,181,398,29,30,193,146,342,62,99,146,35
"2011","Guildford 001B","E01030458","Total",661,62,116,353,130,383,17,34,232,100,278,45,82,121,30
"2011","Guildford 001C","E01030459","Total",610,61,110,328,111,317,14,27,199,77,293,47,83,129,34
"2011","Guildford 001D","E01030475","Total",669,98,136,311,124,362,28,39,191,104,307,70,97,120,20
"2011","Guildford 001E","E01030476","Total",636,70,120,324,122,326,15,13,191,107,310,55,107,133,15
"2011","Guildford 001F","E01030477","Total",809,90,141,433,145,432,18,28,271,115,377,72,113,162,30
"2011","Guildford 002A","E01030465","Total",735,85,121,381,148,386,21,23,230,112,349,64,98,151,36
"2011","Guildford 002B","E01030466","Total",701,84,129,356,132,377,18,34,224,101,324,66,95,132,31
"2011","Guildford 002C","E01030473","Total",896,84,148,445,219,482,15,34,269,164,414,69,114,176,55
"2011","Guildford 002D","E01030474","Total",1227,84,105,641,397,861,33,19,465,344,366,51,86,176,53
"2011","Guildford 003A","E01030441","Total",603,64,129,267,143,322,21,26,169,106,281,43,103,98,37
"2011","Guildford 003B","E01030442","Total",629,91,98,260,180,357,27,21,152,157,272,64,77,108,23
"2011","Guildford 003C","E01030443","Total",576,67,95,281,133,332,14,19,189,110,244,53,76,92,23
"2011","Guildford 003D","E01030444","Total",715,103,138,314,160,369,20,25,195,129,346,83,113,119,31
"2011","Guildford 003E","E01030445","Total",620,92,111,260,157,340,35,23,154,128,280,57,88,106,29
"2011","Guildford 003F","E01030446","Total",652,105,110,271,166,349,26,23,174,126,303,79,87,97,40
"2011","Guildford 003G","E01030447","Total",677,87,123,344,123,371,23,25,224,99,306,64,98,120,24
"2011","Guildford 004A","E01030426","Total",836,65,111,544,116,433,14,20,311,88,403,51,91,233,28
"2011","Guildford 004B","E01030427","Total",851,72,148,512,119,449,22,30,313,84,402,50,118,199,35
"2011","Guildford 004C","E01030428","Total",623,61,105,362,95,331,14,17,230,70,292,47,88,132,25
"2011","Guildford 004D","E01030429","Total",916,71,124,608,113,465,13,23,338,91,451,58,101,270,22
"2011","Guildford 004E","E01030430","Total",806,75,133,473,125,436,22,22,302,90,370,53,111,171,35
"2011","Guildford 005A","E01030499","Total",775,86,149,418,122,407,23,31,261,92,368,63,118,157,30
"2011","Guildford 005B","E01030500","Total",799,76,142,474,107,434,21,39,294,80,365,55,103,180,27
"2011","Guildford 005C","E01030501","Total",938,98,148,504,188,494,26,31,298,139,444,72,117,206,49
"2011","Guildford 005D","E01030502","Total",647,89,127,315,116,347,27,31,197,92,300,62,96,118,24
"2011","Guildford 005E","E01030503","Total",721,76,128,423,94,385,21,39,254,71,336,55,89,169,23
"2011","Guildford 005F","E01030504","Total",544,62,101,306,75,278,12,20,188,58,266,50,81,118,17
"2011","Guildford 006A","E01030485","Total",1007,104,145,616,142,534,32,32,367,103,473,72,113,249,39
"2011","Guildford 006B","E01030487","Total",949,119,151,556,123,518,44,50,332,92,431,75,101,224,31
"2011","Guildford 006C","E01030488","Total",1124,156,205,617,146,592,60,40,378,114,532,96,165,239,32
"2011","Guildford 006D","E01030489","Total",1403,131,193,840,239,737,36,38,477,186,666,95,155,363,53
"2011","Guildford 007A","E01030481","Total",913,80,149,573,111,502,29,36,344,93,411,51,113,229,18
"2011","Guildford 007B","E01030482","Total",763,76,154,424,109,411,29,43,254,85,352,47,111,170,24
"2011","Guildford 007C","E01030483","Total",655,58,112,406,79,371,18,25,263,65,284,40,87,143,14
"2011","Guildford 007D","E01030484","Total",933,96,143,582,112,530,39,43,362,86,403,57,100,220,26
"2011","Guildford 008A","E01030434","Total",994,79,152,630,133,507,20,36,360,91,487,59,116,270,42
"2011","Guildford 008B","E01030435","Total",845,99,145,465,136,440,24,25,287,104,405,75,120,178,32
"2011","Guildford 008C","E01030462","Total",831,95,134,469,133,435,23,27,279,106,396,72,107,190,27
"2011","Guildford 008D","E01030463","Total",847,87,145,510,105,434,25,34,300,75,413,62,111,210,30
"2011","Guildford 008E","E01030464","Total",810,99,140,483,88,409,24,28,289,68,401,75,112,194,20
"2011","Guildford 009A","E01030486","Total",958,117,178,543,120,503,36,37,335,95,455,81,141,208,25
"2011","Guildford 009B","E01030493","Total",668,87,120,382,79,353,25,32,231,65,315,62,88,151,14
"2011","Guildford 009C","E01030495","Total",900,148,166,488,98,496,59,50,310,77,404,89,116,178,21
"2011","Guildford 009D","E01030498","Total",779,96,126,464,93,413,33,35,280,65,366,63,91,184,28
"2011","Guildford 010A","E01030424","Total",751,76,133,455,87,403,18,18,301,66,348,58,115,154,21
"2011","Guildford 010B","E01030431","Total",735,86,124,424,101,394,20,21,277,76,341,66,103,147,25
"2011","Guildford 010C","E01030432","Total",770,49,137,478,106,408,19,35,273,81,362,30,102,205,25
"2011","Guildford 010D","E01030433","Total",912,65,145,575,127,478,14,37,337,90,434,51,108,238,37
"2011","Guildford 011A","E01030436","Total",1225,123,171,738,193,657,33,29,455,140,568,90,142,283,53
"2011","Guildford 011B","E01030437","Total",863,84,152,446,181,454,16,23,271,144,409,68,129,175,37
"2011","Guildford 011C","E01030439","Total",807,106,151,412,138,428,22,32,267,107,379,84,119,145,31
"2011","Guildford 011D","E01030460","Total",754,85,143,404,122,399,25,31,248,95,355,60,112,156,27
"2011","Guildford 011E","E01030461","Total",784,104,141,376,163,412,25,31,225,131,372,79,110,151,32
"2011","Guildford 012A","E01030470","Total",1185,318,173,549,145,585,113,65,304,103,600,205,108,245,42
"2011","Guildford 012B","E01030494","Total",737,112,125,442,58,393,42,37,265,49,344,70,88,177,9
"2011","Guildford 012C","E01030496","Total",739,100,144,425,70,394,36,43,261,54,345,64,101,164,16
"2011","Guildford 012D","E01030497","Total",741,95,163,422,61,376,29,52,246,49,365,66,111,176,12
"2011","Guildford 013A","E01030438","Total",845,88,139,471,147,463,31,27,297,108,382,57,112,174,39
"2011","Guildford 013B","E01030450","Total",1497,143,187,955,212,838,51,65,565,157,659,92,122,390,55
"2011","Guildford 013C","E01030451","Total",1155,97,142,753,163,662,39,55,453,115,493,58,87,300,48
"2011","Guildford 013D","E01030453","Total",930,63,89,591,187,514,19,35,336,124,416,44,54,255,63
"2011","Guildford 013E","E01030455","Total",941,81,96,576,188,560,30,35,355,140,381,51,61,221,48
"2011","Guildford 013F","E01030457","Total",1023,78,117,680,148,569,30,50,374,115,454,48,67,306,33
"2011","Guildford 014A","E01030421","Total",804,96,139,435,134,400,25,21,248,106,404,71,118,187,28
"2011","Guildford 014B","E01030422","Total",846,61,150,538,97,435,13,32,320,70,411,48,118,218,27
"2011","Guildford 014C","E01030423","Total",879,64,168,524,123,449,16,37,303,93,430,48,131,221,30
"2011","Guildford 014D","E01030425","Total",905,95,156,527,127,468,24,31,316,97,437,71,125,211,30
"2011","Guildford 015A","E01030452","Total",1124,132,152,682,158,609,58,53,387,111,515,74,99,295,47
"2011","Guildford 015B","E01030467","Total",817,99,161,437,120,431,28,24,280,99,386,71,137,157,21
"2011","Guildford 015C","E01030468","Total",1077,484,165,350,78,506,168,54,224,60,571,316,111,126,18
"2011","Guildford 015D","E01030469","Total",669,88,144,341,96,363,28,38,221,76,306,60,106,120,20
"2011","Guildford 016A","E01030448","Total",786,87,127,371,201,446,30,33,224,159,340,57,94,147,42
"2011","Guildford 016B","E01030449","Total",652,56,90,401,105,349,18,38,218,75,303,38,52,183,30
"2011","Guildford 016C","E01030454","Total",860,113,113,442,192,476,32,27,267,150,384,81,86,175,42
"2011","Guildford 016D","E01030456","Total",624,92,106,273,153,351,24,30,176,121,273,68,76,97,32
"2011","Guildford 017A","E01030471","Total",581,77,101,282,121,319,20,22,177,100,262,57,79,105,21
"2011","Guildford 017B","E01030472","Total",628,71,106,292,159,344,18,23,189,114,284,53,83,103,45
"2011","Guildford 017C","E01030478","Total",879,106,157,437,179,468,28,28,278,134,411,78,129,159,45
"2011","Guildford 017D","E01030479","Total",913,82,162,527,142,467,16,33,313,105,446,66,129,214,37
"2011","Guildford 017E","E01030480","Total",855,99,159,434,163,446,26,31,258,131,409,73,128,176,32
"2011","Guildford 018A","E01030490","Total",800,116,141,387,156,431,40,39,222,130,369,76,102,165,26
"2011","Guildford 018B","E01030491","Total",911,110,151,451,199,492,35,41,270,146,419,75,110,181,53
"2011","Guildford 018C","E01030492","Total",1026,165,170,476,215,570,54,49,296,171,456,111,121,180,44
"2011","Mole Valley 001A","E01030506","Total",672,68,142,371,91,348,18,21,231,78,324,50,121,140,13
"2011","Mole Valley 001B","E01030508","Total",575,77,93,261,144,325,18,22,167,118,250,59,71,94,26
"2011","Mole Valley 001C","E01030509","Total",513,46,95,296,76,268,9,23,186,50,245,37,72,110,26
"2011","Mole Valley 001D","E01030513","Total",654,77,121,360,96,344,16,29,226,73,310,61,92,134,23
"2011","Mole Valley 001E","E01030514","Total",682,70,126,377,109,359,20,26,229,84,323,50,100,148,25
"2011","Mole Valley 002A","E01030505","Total",785,88,141,439,117,421,28,39,266,88,364,60,102,173,29
"2011","Mole Valley 002B","E01030507","Total",635,59,116,343,117,328,18,23,195,92,307,41,93,148,25
"2011","Mole Valley 002C","E01030511","Total",712,99,136,334,143,362,18,29,203,112,350,81,107,131,31
"2011","Mole Valley 002D","E01030512","Total",716,86,128,353,149,377,24,28,211,114,339,62,100,142,35
"2011","Mole Valley 003A","E01030548","Total",1041,83,153,658,147,581,25,46,405,105,460,58,107,253,42
"2011","Mole Valley 003B","E01030549","Total",1100,81,160,699,160,600,28,44,404,124,500,53,116,295,36
"2011","Mole Valley 003C","E01030550","Total",933,59,137,603,134,536,19,45,372,100,397,40,92,231,34
"2011","Mole Valley 003D","E01030551","Total",809,76,153,493,87,419,27,42,283,67,390,49,111,210,20
"2011","Mole Valley 004A","E01030510","Total",784,98,154,378,154,396,22,25,230,119,388,76,129,148,35
"2011","Mole Valley 004B","E01030552","Total",757,62,96,461,138,413,28,27,256,102,344,34,69,205,36
"2011","Mole Valley 004C","E01030553","Total",821,91,139,433,158,423,24,34,244,121,398,67,105,189,37
"2011","Mole Valley 004D","E01030554","Total",490,75,76,225,114,271,26,18,138,89,219,49,58,87,25
"2011","Mole Valley 005A","E01030539","Total",924,97,172,508,147,494,17,38,324,115,430,80,134,184,32
"2011","Mole Valley 005B","E01030540","Total",878,136,169,373,200,494,37,54,239,164,384,99,115,134,36
"2011","Mole Valley 005C","E01030541","Total",666,96,119,326,125,359,25,30,211,93,307,71,89,115,32
"2011","Mole Valley 005D","E01030542","Total",671,70,145,362,94,336,11,27,225,73,335,59,118,137,21
"2011","Mole Valley 005E","E01030543","Total",792,101,155,407,129,401,19,33,253,96,391,82,122,154,33
"2011","Mole Valley 006A","E01030516","Total",529,65,103,284,77,277,25,23,170,59,252,40,80,114,18
"2011","Mole Valley 006B","E01030517","Total",733,97,143,361,132,386,29,40,213,104,347,68,103,148,28
"2011","Mole Valley 006C","E01030518","Total",535,70,107,260,98,279,22,15,162,80,256,48,92,98,18
"2011","Mole Valley 006D","E01030519","Total",728,116,143,368,101,364,31,26,231,76,364,85,117,137,25
"2011","Mole Valley 007A","E01030520","Total",631,73,141,349,68,321,17,31,221,52,310,56,110,128,16
"2011","Mole Valley 007B","E01030521","Total",798,108,149,412,129,412,28,29,260,95,386,80,120,152,34
"2011","Mole Valley 007C","E01030522","Total",573,78,98,290,107,313,24,21,182,86,260,54,77,108,21
"2011","Mole Valley 007D","E01030523","Total",532,60,102,293,77,282,19,17,183,63,250,41,85,110,14
"2011","Mole Valley 008A","E01030524","Total",920,104,179,504,133,495,21,54,316,104,425,83,125,188,29
"2011","Mole Valley 008B","E01030525","Total",789,119,154,376,140,408,25,32,241,110,381,94,122,135,30
"2011","Mole Valley 008C","E01030526","Total",662,73,127,361,101,351,18,27,230,76,311,55,100,131,25
"2011","Mole Valley 008D","E01030527","Total",795,95,158,397,145,434,33,51,242,108,361,62,107,155,37
"2011","Mole Valley 009A","E01030532","Total",853,87,160,499,107,441,20,32,312,77,412,67,128,187,30
"2011","Mole Valley 009B","E01030533","Total",715,94,149,366,106,375,15,29,246,85,340,79,120,120,21
"2011","Mole Valley 009C","E01030534","Total",665,64,101,390,110,360,24,29,227,80,305,40,72,163,30
"2011","Mole Valley 009D","E01030556","Total",970,111,158,485,216,514,38,41,277,158,456,73,117,208,58
"2011","Mole Valley 010A","E01030535","Total",1002,94,174,571,163,519,25,38,329,127,483,69,136,242,36
"2011","Mole Valley 010B","E01030536","Total",893,105,136,489,163,474,24,32,299,119,419,81,104,190,44
"2011","Mole Valley 010C","E01030537","Total",798,97,135,412,154,448,30,31,269,118,350,67,104,143,36
"2011","Mole Valley 010D","E01030538","Total",921,86,163,541,131,500,22,48,326,104,421,64,115,215,27
"2011","Mole Valley 011A","E01030544","Total",818,98,146,432,142,453,17,48,279,109,365,81,98,153,33
"2011","Mole Valley 011B","E01030545","Total",912,80,158,535,139,478,19,36,320,103,434,61,122,215,36
"2011","Mole Valley 011C","E01030546","Total",860,94,167,502,97,459,26,39,313,81,401,68,128,189,16
"2011","Mole Valley 011D","E01030547","Total",731,66,171,430,64,393,25,50,262,56,338,41,121,168,8
"2011","Mole Valley 012A","E01030529","Total",878,107,169,443,159,454,32,29,264,129,424,75,140,179,30
"2011","Mole Valley 012B","E01030555","Total",895,118,157,419,201,496,25,49,261,161,399,93,108,158,40
"2011","Mole Valley 012C","E01030557","Total",988,125,181,486,196,535,34,43,300,158,453,91,138,186,38
"2011","Mole Valley 012D","E01030558","Total",1083,122,191,577,193,581,40,49,352,140,502,82,142,225,53
"2011","Mole Valley 013A","E01030515","Total",931,90,159,513,169,496,26,29,312,129,435,64,130,201,40
"2011","Mole Valley 013B","E01030528","Total",762,96,132,365,169,402,25,38,205,134,360,71,94,160,35
"2011","Mole Valley 013C","E01030530","Total",620,88,115,283,134,338,25,22,182,109,282,63,93,101,25
"2011","Mole Valley 013D","E01030531","Total",1292,127,233,677,255,678,42,54,393,189,614,85,179,284,66
"2011","Reigate and Banstead 001A","E01030603","Total",796,95,153,416,132,424,35,30,253,106,372,60,123,163,26
"2011","Reigate and Banstead 001B","E01030604","Total",786,85,148,440,113,413,30,37,250,96,373,55,111,190,17
"2011","Reigate and Banstead 001C","E01030605","Total",766,83,151,416,116,399,24,35,249,91,367,59,116,167,25
"2011","Reigate and Banstead 001D","E01030607","Total",918,98,174,470,176,485,36,43,269,137,433,62,131,201,39
"2011","Reigate and Banstead 002A","E01030559","Total",565,70,110,266,119,297,21,28,151,97,268,49,82,115,22
"2011","Reigate and Banstead 002B","E01030560","Total",716,53,114,443,106,382,19,29,247,87,334,34,85,196,19
"2011","Reigate and Banstead 002C","E01030561","Total",605,62,134,306,103,310,16,34,176,84,295,46,100,130,19
"2011","Reigate and Banstead 002D","E01030562","Total",718,66,114,433,105,347,15,23,236,73,371,51,91,197,32
"2011","Reigate and Banstead 002E","E01030563","Total",715,95,160,351,109,381,41,42,208,90,334,54,118,143,19
"2011","Reigate and Banstead 002F","E01030564","Total",701,85,138,395,83,366,22,22,250,72,335,63,116,145,11
"2011","Reigate and Banstead 003A","E01030606","Total",602,71,115,300,116,326,22,25,192,87,276,49,90,108,29
"2011","Reigate and Banstead 003B","E01030641","Total",784,77,137,402,168,411,22,28,231,130,373,55,109,171,38
"2011","Reigate and Banstead 003C","E01030642","Total",753,83,151,397,122,389,17,43,233,96,364,66,108,164,26
"2011","Reigate and Banstead 003D","E01030644","Total",642,69,130,341,102,344,15,39,213,77,298,54,91,128,25
"2011","Reigate and Banstead 004A","E01030565","Total",687,80,118,384,105,365,23,22,240,80,322,57,96,144,25
"2011","Reigate and Banstead 004B","E01030566","Total",841,89,150,466,136,429,14,32,274,109,412,75,118,192,27
"2011","Reigate and Banstead 004C","E01030567","Total",799,89,142,398,170,445,26,33,252,134,354,63,109,146,36
"2011","Reigate and Banstead 004D","E01030568","Total",804,87,146,425,146,432,21,31,264,116,372,66,115,161,30
"2011","Reigate and Banstead 004E","E01030569","Total",1487,106,245,868,268,779,30,49,496,204,708,76,196,372,64
"2011","Reigate and Banstead 005A","E01030608","Total",634,50,132,397,55,329,13,29,242,45,305,37,103,155,10
"2011","Reigate and Banstead 005B","E01030609","Total",742,72,143,448,79,375,22,34,251,68,367,50,109,197,11
"2011","Reigate and Banstead 005C","E01030640","Total",813,65,141,494,113,419,19,39,263,98,394,46,102,231,15
"2011","Reigate and Banstead 005D","E01030643","Total",665,57,140,392,76,329,10,33,226,60,336,47,107,166,16
"2011","Reigate and Banstead 006A","E01030635","Total",800,77,143,426,154,431,21,32,263,115,369,56,111,163,39
"2011","Reigate and Banstead 006B","E01030636","Total",598,75,105,308,110,304,17,22,174,91,294,58,83,134,19
"2011","Reigate and Banstead 006C","E01030637","Total",650,85,109,334,122,352,23,28,205,96,298,62,81,129,26
"2011","Reigate and Banstead 006D","E01030638","Total",758,90,140,394,134,400,25,34,237,104,358,65,106,157,30
"2011","Reigate and Banstead 006E","E01030639","Total",634,89,95,318,132,349,29,32,185,103,285,60,63,133,29
"2011","Reigate and Banstead 007A","E01030589","Total",839,112,142,377,208,476,27,49,232,168,363,85,93,145,40
"2011","Reigate and Banstead 007B","E01030590","Total",1005,105,189,538,173,535,27,54,322,132,470,78,135,216,41
"2011","Reigate and Banstead 007C","E01030591","Total",701,69,132,364,136,367,16,45,199,107,334,53,87,165,29
"2011","Reigate and Banstead 007D","E01030592","Total",951,104,140,524,183,503,30,39,295,139,448,74,101,229,44
"2011","Reigate and Banstead 008A","E01030599","Total",718,55,137,439,87,386,12,41,269,64,332,43,96,170,23
"2011","Reigate and Banstead 008B","E01030600","Total",792,75,145,466,106,407,22,41,267,77,385,53,104,199,29
"2011","Reigate and Banstead 008C","E01030601","Total",769,67,141,480,81,393,18,33,279,63,376,49,108,201,18
"2011","Reigate and Banstead 008D","E01030602","Total",956,83,136,593,144,483,29,30,331,93,473,54,106,262,51
"2011","Reigate and Banstead 009A","E01030598","Total",800,77,117,443,163,451,26,39,257,129,349,51,78,186,34
"2011","Reigate and Banstead 009B","E01030623","Total",1033,86,157,590,200,561,35,24,353,149,472,51,133,237,51
"2011","Reigate and Banstead 009C","E01030624","Total",609,59,77,318,155,342,14,19,194,115,267,45,58,124,40
"2011","Reigate and Banstead 009D","E01030625","Total",675,94,104,301,176,367,27,29,187,124,308,67,75,114,52
"2011","Reigate and Banstead 009E","E01030626","Total",490,61,77,242,110,263,11,21,146,85,227,50,56,96,25
"2011","Reigate and Banstead 009F","E01030627","Total",964,63,112,610,179,534,19,35,354,126,430,44,77,256,53
"2011","Reigate and Banstead 010A","E01030615","Total",787,69,115,508,95,413,28,53,269,63,374,41,62,239,32
"2011","Reigate and Banstead 010B","E01030616","Total",764,86,150,400,128,394,23,31,238,102,370,63,119,162,26
"2011","Reigate and Banstead 010C","E01030617","Total",866,110,144,487,125,463,42,40,292,89,403,68,104,195,36
"2011","Reigate and Banstead 010D","E01030618","Total",1013,85,170,616,142,542,16,56,359,111,471,69,114,257,31
"2011","Reigate and Banstead 010E","E01030619","Total",662,85,121,379,77,366,31,31,244,60,296,54,90,135,17
"2011","Reigate and Banstead 010F","E01030622","Total",1064,86,131,654,193,579,26,33,377,143,485,60,98,277,50
"2011","Reigate and Banstead 011A","E01030610","Total",654,66,121,370,97,356,22,24,232,78,298,44,97,138,19
"2011","Reigate and Banstead 011B","E01030611","Total",1598,107,209,1041,241,846,34,45,599,168,752,73,164,442,73
"2011","Reigate and Banstead 011C","E01030612","Total",1648,73,160,1178,237,885,28,38,648,171,763,45,122,530,66
"2011","Reigate and Banstead 011D","E01030613","Total",1206,64,146,836,160,662,17,37,489,119,544,47,109,347,41
"2011","Reigate and Banstead 011E","E01030614","Total",905,80,147,537,141,498,27,34,333,104,407,53,113,204,37
"2011","Reigate and Banstead 012A","E01030593","Total",779,58,111,486,124,406,16,26,274,90,373,42,85,212,34
"2011","Reigate and Banstead 012B","E01030596","Total",728,85,144,354,145,407,22,35,232,118,321,63,109,122,27
"2011","Reigate and Banstead 012C","E01030597","Total",842,57,136,499,150,427,8,12,291,116,415,49,124,208,34
"2011","Reigate and Banstead 012D","E01030620","Total",961,83,144,534,200,517,23,24,318,152,444,60,120,216,48
"2011","Reigate and Banstead 012E","E01030621","Total",724,76,127,393,128,379,18,30,233,98,345,58,97,160,30
"2011","Reigate and Banstead 013A","E01030594","Total",830,85,148,467,130,445,18,38,283,106,385,67,110,184,24
"2011","Reigate and Banstead 013B","E01030595","Total",769,82,140,435,112,386,18,19,261,88,383,64,121,174,24
"2011","Reigate and Banstead 013C","E01030630","Total",758,80,139,438,101,406,22,27,284,73,352,58,112,154,28
"2011","Reigate and Banstead 013D","E01030631","Total",781,81,133,461,106,401,23,25,281,72,380,58,108,180,34
"2011","Reigate and Banstead 014A","E01030570","Total",859,74,137,554,94,443,25,31,313,74,416,49,106,241,20
"2011","Reigate and Banstead 014B","E01030571","Total",854,82,151,502,119,446,17,35,301,93,408,65,116,201,26
"2011","Reigate and Banstead 014C","E01030572","Total",1237,79,193,786,179,611,29,49,402,131,626,50,144,384,48
"2011","Reigate and Banstead 014D","E01030573","Total",922,83,164,552,123,479,25,34,326,94,443,58,130,226,29
"2011","Reigate and Banstead 014E","E01030574","Total",1063,101,147,671,144,570,34,43,386,107,493,67,104,285,37
"2011","Reigate and Banstead 015A","E01030628","Total",746,88,129,402,127,408,26,36,241,105,338,62,93,161,22
"2011","Reigate and Banstead 015B","E01030629","Total",637,65,112,352,108,339,17,33,209,80,298,48,79,143,28
"2011","Reigate and Banstead 015C","E01030632","Total",725,75,143,408,99,388,13,28,263,84,337,62,115,145,15
"2011","Reigate and Banstead 015D","E01030633","Total",666,68,118,401,79,363,21,34,249,59,303,47,84,152,20
"2011","Reigate and Banstead 015E","E01030634","Total",677,67,132,403,75,352,19,32,243,58,325,48,100,160,17
"2011","Reigate and Banstead 016A","E01030584","Total",902,99,171,535,97,455,30,35,320,70,447,69,136,215,27
"2011","Reigate and Banstead 016B","E01030585","Total",915,94,169,541,111,476,27,28,343,78,439,67,141,198,33
"2011","Reigate and Banstead 016C","E01030586","Total",897,76,150,545,126,467,19,28,326,94,430,57,122,219,32
"2011","Reigate and Banstead 016D","E01030587","Total",778,85,146,441,106,415,21,40,276,78,363,64,106,165,28
"2011","Reigate and Banstead 016E","E01030588","Total",687,49,117,443,78,359,15,33,253,58,328,34,84,190,20
"2011","Reigate and Banstead 017A","E01030580","Total",1153,91,193,722,147,604,33,37,425,109,549,58,156,297,38
"2011","Reigate and Banstead 017B","E01030581","Total",691,66,141,391,93,369,22,37,235,75,322,44,104,156,18
"2011","Reigate and Banstead 017C","E01030582","Total",761,70,123,437,131,380,16,22,246,96,381,54,101,191,35
"2011","Reigate and Banstead 017D","E01030583","Total",821,99,145,460,117,442,29,31,285,97,379,70,114,175,20
"2011","Reigate and Banstead 018A","E01030575","Total",1285,87,175,863,160,701,27,34,516,124,584,60,141,347,36
"2011","Reigate and Banstead 018B","E01030576","Total",978,73,159,627,119,527,13,38,386,90,451,60,121,241,29
"2011","Reigate and Banstead 018C","E01030577","Total",958,81,152,597,128,520,24,40,356,100,438,57,112,241,28
"2011","Reigate and Banstead 018D","E01030578","Total",740,66,130,464,80,400,20,38,281,61,340,46,92,183,19
"2011","Reigate and Banstead 018E","E01030579","Total",664,58,102,418,86,356,13,34,245,64,308,45,68,173,22
"2011","Runnymede 001A","E01030667","Total",757,83,78,494,102,404,18,19,296,71,353,65,59,198,31
"2011","Runnymede 001B","E01030668","Total",910,99,117,526,168,495,29,33,315,118,415,70,84,211,50
"2011","Runnymede 001C","E01030669","Total",762,126,143,404,89,402,45,41,247,69,360,81,102,157,20
"2011","Runnymede 001D","E01030670","Total",687,151,127,312,97,338,49,35,180,74,349,102,92,132,23
"2011","Runnymede 002A","E01030671","Total",797,322,125,247,103,381,106,45,157,73,416,216,80,90,30
"2011","Runnymede 002B","E01030672","Total",1033,189,176,464,204,561,69,61,267,164,472,120,115,197,40
"2011","Runnymede 002C","E01030673","Total",528,58,75,278,117,292,18,19,178,77,236,40,56,100,40
"2011","Runnymede 002D","E01030674","Total",598,88,111,319,80,306,32,38,174,62,292,56,73,145,18
"2011","Runnymede 002E","E01030675","Total",639,145,103,303,88,334,48,31,182,73,305,97,72,121,15
"2011","Runnymede 002F","E01030676","Total",487,147,90,203,47,231,44,29,122,36,256,103,61,81,11
"2011","Runnymede 003A","E01030663","Total",764,64,137,470,93,404,17,31,281,75,360,47,106,189,18
"2011","Runnymede 003B","E01030664","Total",816,78,123,514,101,431,31,25,292,83,385,47,98,222,18
"2011","Runnymede 003C","E01030665","Total",883,66,140,544,133,463,15,32,315,101,420,51,108,229,32
"2011","Runnymede 003D","E01030666","Total",1000,64,138,650,148,531,16,30,374,111,469,48,108,276,37
"2011","Runnymede 003E","E01030687","Total",719,63,118,413,125,369,22,23,237,87,350,41,95,176,38
"2011","Runnymede 003F","E01030688","Total",820,63,145,498,114,439,21,39,296,83,381,42,106,202,31
"2011","Runnymede 004A","E01030656","Total",827,84,156,464,123,433,25,38,274,96,394,59,118,190,27
"2011","Runnymede 004B","E01030658","Total",690,50,128,388,124,371,10,39,220,102,319,40,89,168,22
"2011","Runnymede 004C","E01030685","Total",754,70,124,432,128,391,23,26,258,84,363,47,98,174,44
"2011","Runnymede 004D","E01030686","Total",740,82,136,397,125,418,26,43,249,100,322,56,93,148,25
"2011","Runnymede 005A","E01030689","Total",750,56,129,391,174,410,16,47,224,123,340,40,82,167,51
"2011","Runnymede 005B","E01030690","Total",796,60,94,437,205,451,23,28,245,155,345,37,66,192,50
"2011","Runnymede 005C","E01030691","Total",678,78,103,328,169,391,19,28,200,144,287,59,75,128,25
"2011","Runnymede 005D","E01030692","Total",563,60,98,252,153,345,19,44,162,120,218,41,54,90,33
"2011","Runnymede 006A","E01030652","Total",869,62,121,532,154,469,9,27,318,115,400,53,94,214,39
"2011","Runnymede 006B","E01030653","Total",773,53,123,502,95,396,13,35,280,68,377,40,88,222,27
"2011","Runnymede 006C","E01030654","Total",864,66,137,525,136,458,17,33,305,103,406,49,104,220,33
"2011","Runnymede 006D","E01030657","Total",757,73,114,483,87,396,19,25,286,66,361,54,89,197,21
"2011","Runnymede 006E","E01030659","Total",882,64,158,488,172,469,21,42,276,130,413,43,116,212,42
"2011","Runnymede 007A","E01030647","Total",799,102,136,443,118,407,24,34,257,92,392,78,102,186,26
"2011","Runnymede 007B","E01030648","Total",867,89,165,483,130,450,23,43,287,97,417,66,122,196,33
"2011","Runnymede 007C","E01030649","Total",910,72,132,564,142,487,21,33,329,104,423,51,99,235,38
"2011","Runnymede 007D","E01030650","Total",614,53,127,361,73,325,20,30,215,60,289,33,97,146,13
"2011","Runnymede 007E","E01030651","Total",733,54,115,441,123,395,16,27,255,97,338,38,88,186,26
"2011","Runnymede 007F","E01030655","Total",866,80,135,517,134,442,24,30,289,99,424,56,105,228,35
"2011","Runnymede 007G","E01030662","Total",762,57,154,440,111,392,12,30,264,86,370,45,124,176,25
"2011","Runnymede 008A","E01030677","Total",921,64,115,588,154,448,15,35,294,104,473,49,80,294,50
"2011","Runnymede 008B","E01030678","Total",732,62,114,438,118,373,25,27,239,82,359,37,87,199,36
"2011","Runnymede 008C","E01030679","Total",649,72,114,292,171,358,18,34,170,136,291,54,80,122,35
"2011","Runnymede 008D","E01030680","Total",774,98,144,403,129,406,35,31,243,97,368,63,113,160,32
"2011","Runnymede 009A","E01030645","Total",883,93,173,528,89,467,26,42,325,74,416,67,131,203,15
"2011","Runnymede 009B","E01030646","Total",1210,101,199,722,188,630,28,51,409,142,580,73,148,313,46
"2011","Runnymede 009C","E01030660","Total",1171,136,232,645,158,616,46,43,401,126,555,90,189,244,32
"2011","Runnymede 009D","E01030661","Total",801,101,141,441,118,409,19,28,268,94,392,82,113,173,24
"2011","Runnymede 009E","E01030684","Total",827,64,128,517,118,441,17,29,301,94,386,47,99,216,24
"2011","Runnymede 010A","E01030681","Total",846,85,120,509,132,461,29,27,305,100,385,56,93,204,32
"2011","Runnymede 010B","E01030682","Total",740,62,123,446,109,405,18,25,275,87,335,44,98,171,22
"2011","Runnymede 010C","E01030683","Total",774,71,130,442,131,409,22,34,254,99,365,49,96,188,32
"2011","Runnymede 010D","E01030693","Total",590,75,103,327,85,311,27,16,201,67,279,48,87,126,18
"2011","Runnymede 010E","E01030694","Total",705,57,118,438,92,366,14,21,266,65,339,43,97,172,27
"2011","Runnymede 010F","E01030695","Total",619,83,108,309,119,325,25,18,191,91,294,58,90,118,28
"2011","Runnymede 010G","E01030696","Total",715,89,125,412,89,375,25,24,255,71,340,64,101,157,18
"2011","Spelthorne 001A","E01030743","Total",795,54,121,496,124,428,16,24,302,86,367,38,97,194,38
"2011","Spelthorne 001B","E01030744","Total",862,37,113,606,106,483,13,25,364,81,379,24,88,242,25
"2011","Spelthorne 001C","E01030745","Total",767,66,123,496,82,384,18,31,280,55,383,48,92,216,27
"2011","Spelthorne 001D","E01030747","Total",799,46,114,537,102,436,10,27,317,82,363,36,87,220,20
"2011","Spelthorne 002A","E01030709","Total",812,51,149,531,81,424,10,43,308,63,388,41,106,223,18
"2011","Spelthorne 002B","E01030710","Total",858,79,126,537,116,447,24,29,303,91,411,55,97,234,25
"2011","Spelthorne 002C","E01030711","Total",855,59,128,572,96,450,22,26,328,74,405,37,102,244,22
"2011","Spelthorne 002D","E01030746","Total",746,69,122,471,84,400,22,40,267,71,346,47,82,204,13
"2011","Spelthorne 003A","E01030707","Total",920,63,131,610,116,516,28,36,351,101,404,35,95,259,15
"2011","Spelthorne 003B","E01030708","Total",892,76,151,551,114,477,29,41,316,91,415,47,110,235,23
"2011","Spelthorne 003C","E01030712","Total",747,57,119,446,125,404,16,38,258,92,343,41,81,188,33
"2011","Spelthorne 003D","E01030713","Total",709,73,111,426,99,383,19,26,265,73,326,54,85,161,26
"2011","Spelthorne 003E","E01030714","Total",760,74,159,449,78,352,18,15,260,59,408,56,144,189,19
"2011","Spelthorne 003F","E01030715","Total",833,73,131,538,91,444,22,35,322,65,389,51,96,216,26
"2011","Spelthorne 003G","E01030716","Total",808,56,143,507,102,429,14,29,306,80,379,42,114,201,22
"2011","Spelthorne 004A","E01030734","Total",909,83,128,567,131,471,22,28,329,92,438,61,100,238,39
"2011","Spelthorne 004B","E01030735","Total",875,62,120,555,138,466,16,22,324,104,409,46,98,231,34
"2011","Spelthorne 004C","E01030736","Total",1140,70,105,815,150,659,24,45,489,101,481,46,60,326,49
"2011","Spelthorne 004D","E01030737","Total",815,48,113,545,109,442,16,28,317,81,373,32,85,228,28
"2011","Spelthorne 004E","E01030738","Total",864,66,123,558,117,456,20,26,318,92,408,46,97,240,25
"2011","Spelthorne 005A","E01030701","Total",770,57,145,474,94,396,19,29,275,73,374,38,116,199,21
"2011","Spelthorne 005B","E01030702","Total",537,47,95,332,63,279,14,20,195,50,258,33,75,137,13
"2011","Spelthorne 005C","E01030703","Total",799,78,130,507,84,427,25,37,297,68,372,53,93,210,16
"2011","Spelthorne 005D","E01030704","Total",730,62,134,436,98,402,18,31,277,76,328,44,103,159,22
"2011","Spelthorne 005E","E01030705","Total",875,76,128,556,115,466,16,27,336,87,409,60,101,220,28
"2011","Spelthorne 005F","E01030706","Total",811,60,134,515,102,419,16,31,295,77,392,44,103,220,25
"2011","Spelthorne 006A","E01030697","Total",829,77,148,514,90,443,25,35,311,72,386,52,113,203,18
"2011","Spelthorne 006B","E01030698","Total",886,73,164,547,102,459,18,30,327,84,427,55,134,220,18
"2011","Spelthorne 006C","E01030699","Total",690,65,132,394,99,363,18,29,240,76,327,47,103,154,23
"2011","Spelthorne 006D","E01030700","Total",965,58,166,637,104,502,18,44,367,73,463,40,122,270,31
"2011","Spelthorne 006E","E01030725","Total",1055,73,132,707,143,573,30,20,421,102,482,43,112,286,41
"2011","Spelthorne 007A","E01030729","Total",818,85,166,439,128,422,32,41,254,95,396,53,125,185,33
"2011","Spelthorne 007B","E01030739","Total",754,58,136,488,72,382,15,19,290,58,372,43,117,198,14
"2011","Spelthorne 007C","E01030740","Total",811,93,149,481,88,429,34,34,295,66,382,59,115,186,22
"2011","Spelthorne 007D","E01030741","Total",973,80,143,634,116,513,28,24,365,96,460,52,119,269,20
"2011","Spelthorne 008A","E01030748","Total",896,76,157,569,94,488,28,42,347,71,408,48,115,222,23
"2011","Spelthorne 008B","E01030749","Total",756,51,130,486,89,385,14,33,273,65,371,37,97,213,24
"2011","Spelthorne 008C","E01030750","Total",857,69,139,521,128,460,17,27,315,101,397,52,112,206,27
"2011","Spelthorne 008D","E01030751","Total",874,81,128,565,100,469,25,37,333,74,405,56,91,232,26
"2011","Spelthorne 008E","E01030752","Total",800,68,119,513,100,447,26,44,296,81,353,42,75,217,19
"2011","Spelthorne 009A","E01030726","Total",896,85,161,524,126,474,22,29,321,102,422,63,132,203,24
"2011","Spelthorne 009B","E01030727","Total",1031,87,161,641,142,531,33,41,354,103,500,54,120,287,39
"2011","Spelthorne 009C","E01030728","Total",854,92,155,497,110,440,24,41,294,81,414,68,114,203,29
"2011","Spelthorne 009D","E01030742","Total",999,104,149,623,123,540,33,35,377,95,459,71,114,246,28
"2011","Spelthorne 010A","E01030753","Total",870,99,145,448,178,457,29,33,263,132,413,70,112,185,46
"2011","Spelthorne 010B","E01030754","Total",754,91,132,396,135,402,28,25,249,100,352,63,107,147,35
"2011","Spelthorne 010C","E01030755","Total",989,82,159,611,137,508,26,28,362,92,481,56,131,249,45
"2011","Spelthorne 010D","E01030756","Total",884,91,152,489,152,460,30,41,285,104,424,61,111,204,48
"2011","Spelthorne 011A","E01030717","Total",831,73,151,504,103,419,24,32,284,79,412,49,119,220,24
"2011","Spelthorne 011B","E01030718","Total",705,76,133,406,90,359,19,25,243,72,346,57,108,163,18
"2011","Spelthorne 011C","E01030719","Total",722,62,129,434,97,388,17,36,261,74,334,45,93,173,23
"2011","Spelthorne 011D","E01030720","Total",745,73,127,429,116,399,28,31,253,87,346,45,96,176,29
"2011","Spelthorne 012A","E01030721","Total",751,69,148,398,136,376,16,38,226,96,375,53,110,172,40
"2011","Spelthorne 012B","E01030722","Total",874,73,151,512,138,452,17,27,307,101,422,56,124,205,37
"2011","Spelthorne 012C","E01030723","Total",845,87,164,482,112,440,30,32,296,82,405,57,132,186,30
"2011","Spelthorne 012D","E01030724","Total",784,61,137,503,83,410,19,24,307,60,374,42,113,196,23
"2011","Spelthorne 013A","E01030730","Total",853,98,141,445,169,445,26,29,269,121,408,72,112,176,48
"2011","Spelthorne 013B","E01030731","Total",963,89,185,540,149,512,23,39,342,108,451,66,146,198,41
"2011","Spelthorne 013C","E01030732","Total",755,66,146,425,118,367,20,34,223,90,388,46,112,202,28
"2011","Spelthorne 013D","E01030733","Total",804,71,120,445,168,435,19,34,257,125,369,52,86,188,43
"2011","Surrey Heath 001A","E01030763","Total",642,70,104,330,138,348,19,35,189,105,294,51,69,141,33
"2011","Surrey Heath 001B","E01030764","Total",598,60,94,287,157,338,15,32,177,114,260,45,62,110,43
"2011","Surrey Heath 001C","E01030765","Total",673,76,117,366,114,360,16,29,228,87,313,60,88,138,27
"2011","Surrey Heath 001D","E01030809","Total",750,71,134,381,164,400,17,29,216,138,350,54,105,165,26
"2011","Surrey Heath 001E","E01030810","Total",700,74,131,327,168,385,25,35,193,132,315,49,96,134,36
"2011","Surrey Heath 001F","E01030811","Total",765,86,132,372,175,401,24,31,208,138,364,62,101,164,37
"2011","Surrey Heath 002A","E01030757","Total",976,89,129,611,147,518,25,31,350,112,458,64,98,261,35
"2011","Surrey Heath 002B","E01030758","Total",632,47,105,363,117,341,16,24,218,83,291,31,81,145,34
"2011","Surrey Heath 002C","E01030759","Total",775,82,111,480,102,413,24,26,283,80,362,58,85,197,22
"2011","Surrey Heath 002D","E01030760","Total",690,79,121,378,112,377,21,31,244,81,313,58,90,134,31
"2011","Surrey Heath 003A","E01030778","Total",951,103,161,534,153,525,33,38,332,122,426,70,123,202,31
"2011","Surrey Heath 003B","E01030779","Total",886,108,128,500,150,457,27,26,279,125,429,81,102,221,25
"2011","Surrey Heath 003C","E01030780","Total",902,97,160,482,163,472,26,32,278,136,430,71,128,204,27
"2011","Surrey Heath 003D","E01030781","Total",872,88,165,493,126,452,20,37,301,94,420,68,128,192,32
"2011","Surrey Heath 004A","E01030786","Total",838,59,141,517,121,441,22,27,299,93,397,37,114,218,28
"2011","Surrey Heath 004B","E01030787","Total",702,56,123,437,86,371,17,29,258,67,331,39,94,179,19
"2011","Surrey Heath 004C","E01030788","Total",599,61,114,350,74,316,10,27,219,60,283,51,87,131,14
"2011","Surrey Heath 004D","E01030801","Total",906,58,125,519,204,477,16,25,283,153,429,42,100,236,51
"2011","Surrey Heath 004E","E01030802","Total",862,84,152,484,142,466,27,42,288,109,396,57,110,196,33
"2011","Surrey Heath 005A","E01030796","Total",692,82,123,340,147,375,24,27,202,122,317,58,96,138,25
"2011","Surrey Heath 005B","E01030797","Total",784,76,119,431,158,413,22,24,242,125,371,54,95,189,33
"2011","Surrey Heath 005C","E01030798","Total",678,89,109,323,157,379,20,19,209,131,299,69,90,114,26
"2011","Surrey Heath 005D","E01030799","Total",703,91,105,338,169,386,30,18,203,135,317,61,87,135,34
"2011","Surrey Heath 005E","E01030800","Total",813,80,109,453,171,449,22,26,269,132,364,58,83,184,39
"2011","Surrey Heath 006A","E01030761","Total",995,116,240,505,134,607,54,105,339,109,388,62,135,166,25
"2011","Surrey Heath 006B","E01030762","Total",1113,119,185,638,171,583,33,33,385,132,530,86,152,253,39
"2011","Surrey Heath 006C","E01030806","Total",842,110,176,402,154,453,22,47,261,123,389,88,129,141,31
"2011","Surrey Heath 006D","E01030807","Total",695,75,109,344,167,372,20,25,202,125,323,55,84,142,42
"2011","Surrey Heath 006E","E01030808","Total",844,94,154,451,145,446,26,31,271,118,398,68,123,180,27
"2011","Surrey Heath 007A","E01030774","Total",781,79,137,435,130,402,18,21,262,101,379,61,116,173,29
"2011","Surrey Heath 007B","E01030775","Total",720,91,124,378,127,392,18,34,239,101,328,73,90,139,26
"2011","Surrey Heath 007C","E01030776","Total",879,103,158,495,123,445,39,33,284,89,434,64,125,211,34
"2011","Surrey Heath 007D","E01030777","Total",897,88,156,522,131,464,21,23,312,108,433,67,133,210,23
"2011","Surrey Heath 008A","E01030793","Total",767,69,136,454,108,441,26,45,285,85,326,43,91,169,23
"2011","Surrey Heath 008B","E01030794","Total",851,56,138,504,153,474,15,34,299,126,377,41,104,205,27
"2011","Surrey Heath 008C","E01030795","Total",1106,78,127,710,191,597,14,34,414,135,509,64,93,296,56
"2011","Surrey Heath 008D","E01030803","Total",953,79,145,621,108,512,22,41,362,87,441,57,104,259,21
"2011","Surrey Heath 008E","E01030804","Total",902,116,134,473,179,495,34,29,297,135,407,82,105,176,44
"2011","Surrey Heath 008F","E01030805","Total",772,77,150,465,80,412,24,44,284,60,360,53,106,181,20
"2011","Surrey Heath 009A","E01030789","Total",757,88,142,389,138,410,29,35,232,114,347,59,107,157,24
"2011","Surrey Heath 009B","E01030790","Total",892,89,153,517,133,471,21,27,319,104,421,68,126,198,29
"2011","Surrey Heath 009C","E01030791","Total",886,94,164,504,124,452,26,35,288,103,434,68,129,216,21
"2011","Surrey Heath 009D","E01030792","Total",681,78,112,355,136,364,27,26,210,101,317,51,86,145,35
"2011","Surrey Heath 010A","E01030766","Total",864,72,127,544,121,467,26,29,330,82,397,46,98,214,39
"2011","Surrey Heath 010B","E01030767","Total",794,66,155,478,95,421,23,36,287,75,373,43,119,191,20
"2011","Surrey Heath 010C","E01030768","Total",706,72,132,401,101,364,26,35,233,70,342,46,97,168,31
"2011","Surrey Heath 010D","E01030769","Total",837,96,159,480,102,452,33,37,298,84,385,63,122,182,18
"2011","Surrey Heath 011A","E01030770","Total",849,92,142,497,118,439,23,29,296,91,410,69,113,201,27
"2011","Surrey Heath 011B","E01030771","Total",724,63,140,410,111,376,14,28,253,81,348,49,112,157,30
"2011","Surrey Heath 011C","E01030772","Total",761,67,133,465,96,410,17,29,287,77,351,50,104,178,19
"2011","Surrey Heath 011D","E01030773","Total",850,78,143,506,123,452,26,32,301,93,398,52,111,205,30
"2011","Surrey Heath 012A","E01030782","Total",807,79,154,468,106,428,23,39,276,90,379,56,115,192,16
"2011","Surrey Heath 012B","E01030783","Total",913,71,141,580,121,476,24,31,335,86,437,47,110,245,35
"2011","Surrey Heath 012C","E01030784","Total",1403,90,152,779,382,823,31,32,444,316,580,59,120,335,66
"2011","Surrey Heath 012D","E01030785","Total",738,76,131,440,91,404,20,33,279,72,334,56,98,161,19
"2011","Tandridge 002A","E01030855","Total",925,120,159,440,206,517,38,55,263,161,408,82,104,177,45
"2011","Tandridge 002B","E01030856","Total",725,67,132,428,98,385,21,26,262,76,340,46,106,166,22
"2011","Tandridge 002C","E01030859","Total",1143,89,150,729,175,592,24,35,409,124,551,65,115,320,51
"2011","Tandridge 002D","E01030860","Total",1178,85,179,735,179,630,25,39,421,145,548,60,140,314,34
"2011","Tandridge 003A","E01030844","Total",929,97,149,526,157,486,27,25,310,124,443,70,124,216,33
"2011","Tandridge 003B","E01030845","Total",685,67,127,420,71,348,21,23,248,56,337,46,104,172,15
"2011","Tandridge 003C","E01030846","Total",712,85,132,387,108,379,26,32,238,83,333,59,100,149,25
"2011","Tandridge 003D","E01030857","Total",1151,96,204,690,161,547,27,45,358,117,604,69,159,332,44
"2011","Tandridge 003E","E01030858","Total",1140,97,213,653,177,581,22,46,377,136,559,75,167,276,41
"2011","Tandridge 004A","E01030828","Total",634,72,96,320,146,351,28,28,188,107,283,44,68,132,39
"2011","Tandridge 004B","E01030829","Total",741,64,99,450,128,393,18,32,246,97,348,46,67,204,31
"2011","Tandridge 004C","E01030830","Total",699,55,114,403,127,371,17,24,229,101,328,38,90,174,26
"2011","Tandridge 004D","E01030850","Total",1129,80,157,747,145,600,35,41,426,98,529,45,116,321,47
"2011","Tandridge 004E","E01030851","Total",1088,86,196,656,150,552,21,41,383,107,536,65,155,273,43
"2011","Tandridge 004F","E01030861","Total",905,115,165,402,223,505,34,51,251,169,400,81,114,151,54
"2011","Tandridge 005A","E01030820","Total",827,112,161,385,169,424,22,38,234,130,403,90,123,151,39
"2011","Tandridge 005B","E01030847","Total",713,71,117,401,124,369,20,31,230,88,344,51,86,171,36
"2011","Tandridge 005C","E01030848","Total",1140,113,257,626,144,587,37,65,370,115,553,76,192,256,29
"2011","Tandridge 006A","E01030831","Total",1101,157,192,515,237,596,43,49,320,184,505,114,143,195,53
"2011","Tandridge 006B","E01030832","Total",615,87,101,293,134,328,25,20,185,98,287,62,81,108,36
"2011","Tandridge 006C","E01030836","Total",715,75,125,408,107,376,19,26,248,83,339,56,99,160,24
"2011","Tandridge 006D","E01030837","Total",713,87,139,393,94,348,19,29,240,60,365,68,110,153,34
"2011","Tandridge 006E","E01030838","Total",663,75,110,334,144,370,19,27,215,109,293,56,83,119,35
"2011","Tandridge 006F","E01030839","Total",642,103,99,298,142,351,23,25,186,117,291,80,74,112,25
"2011","Tandridge 007A","E01030840","Total",727,85,135,413,94,377,19,28,255,75,350,66,107,158,19
"2011","Tandridge 007B","E01030841","Total",591,79,97,288,127,304,13,16,183,92,287,66,81,105,35
"2011","Tandridge 007C","E01030842","Total",897,84,151,534,128,472,24,30,315,103,425,60,121,219,25
"2011","Tandridge 007D","E01030843","Total",780,81,147,415,137,408,22,32,242,112,372,59,115,173,25
"2011","Tandridge 008A","E01030812","Total",806,70,141,460,135,403,14,27,261,101,403,56,114,199,34
"2011","Tandridge 008B","E01030813","Total",825,82,131,440,172,442,14,33,266,129,383,68,98,174,43
"2011","Tandridge 008C","E01030814","Total",625,69,113,321,122,334,18,27,197,92,291,51,86,124,30
"2011","Tandridge 008D","E01030815","Total",744,71,143,389,141,398,28,35,226,109,346,43,108,163,32
"2011","Tandridge 009A","E01030824","Total",699,70,145,410,74,343,19,30,239,55,356,51,115,171,19
"2011","Tandridge 009B","E01030825","Total",691,61,133,362,135,372,20,28,223,101,319,41,105,139,34
"2011","Tandridge 009C","E01030826","Total",725,79,140,402,104,368,20,33,227,88,357,59,107,175,16
"2011","Tandridge 009D","E01030827","Total",845,118,134,432,161,445,37,32,263,113,400,81,102,169,48
"2011","Tandridge 010A","E01030821","Total",1212,101,168,782,161,612,18,42,430,122,600,83,126,352,39
"2011","Tandridge 010B","E01030822","Total",928,104,185,453,186,496,35,36,273,152,432,69,149,180,34
"2011","Tandridge 010C","E01030833","Total",609,64,103,341,101,320,17,33,190,80,289,47,70,151,21
"2011","Tandridge 010D","E01030834","Total",728,77,134,410,107,379,25,33,237,84,349,52,101,173,23
"2011","Tandridge 010E","E01030835","Total",769,82,142,410,135,396,15,28,248,105,373,67,114,162,30
"2011","Tandridge 011A","E01030816","Total",812,96,146,398,172,441,27,39,247,128,371,69,107,151,44
"2011","Tandridge 011B","E01030817","Total",756,84,122,411,139,414,30,30,247,107,342,54,92,164,32
"2011","Tandridge 011C","E01030818","Total",603,64,89,380,70,322,19,20,227,56,281,45,69,153,14
"2011","Tandridge 011D","E01030819","Total",783,74,121,429,159,426,25,22,245,134,357,49,99,184,25
"2011","Tandridge 011E","E01030823","Total",1055,114,203,528,210,573,29,42,332,170,482,85,161,196,40
"2011","Tandridge 012A","E01030852","Total",978,98,174,535,171,513,27,36,316,134,465,71,138,219,37
"2011","Tandridge 012B","E01030853","Total",825,93,152,483,97,431,33,40,278,80,394,60,112,205,17
"2011","Tandridge 012C","E01030854","Total",931,89,192,492,158,476,24,40,296,116,455,65,152,196,42
"2011","Tandridge 012D","E01032571","Total",956,115,189,483,169,524,37,45,310,132,432,78,144,173,37
"2011","Waverley 001A","E01030890","Total",761,70,129,467,95,394,15,20,280,79,367,55,109,187,16
"2011","Waverley 001B","E01030902","Total",694,75,139,367,113,372,22,31,237,82,322,53,108,130,31
"2011","Waverley 001C","E01030903","Total",898,75,191,510,122,462,20,37,308,97,436,55,154,202,25
"2011","Waverley 001D","E01030904","Total",663,73,134,362,94,349,24,29,218,78,314,49,105,144,16
"2011","Waverley 002A","E01030891","Total",862,107,154,468,133,463,38,24,287,114,399,69,130,181,19
"2011","Waverley 002B","E01030892","Total",691,83,129,360,119,374,25,36,227,86,317,58,93,133,33
"2011","Waverley 002C","E01030899","Total",875,101,184,455,135,462,30,41,289,102,413,71,143,166,33
"2011","Waverley 002D","E01030900","Total",606,84,119,318,85,334,25,24,212,73,272,59,95,106,12
"2011","Waverley 002E","E01030901","Total",654,87,125,385,57,342,35,29,237,41,312,52,96,148,16
"2011","Waverley 003A","E01030884","Total",745,99,127,409,110,385,29,26,243,87,360,70,101,166,23
"2011","Waverley 003B","E01030885","Total",564,120,85,251,108,281,42,36,133,70,283,78,49,118,38
"2011","Waverley 003C","E01030886","Total",634,81,133,318,102,341,24,28,208,81,293,57,105,110,21
"2011","Waverley 003D","E01030893","Total",989,110,164,559,156,510,26,35,338,111,479,84,129,221,45
"2011","Waverley 003E","E01030895","Total",784,97,125,450,112,418,37,35,270,76,366,60,90,180,36
"2011","Waverley 004A","E01030881","Total",564,77,109,238,140,313,18,29,159,107,251,59,80,79,33
"2011","Waverley 004B","E01030883","Total",602,91,103,260,148,333,21,30,167,115,269,70,73,93,33
"2011","Waverley 004C","E01030888","Total",715,80,134,357,144,402,20,34,238,110,313,60,100,119,34
"2011","Waverley 004D","E01030894","Total",710,108,126,316,160,400,33,34,201,132,310,75,92,115,28
"2011","Waverley 005A","E01030911","Total",770,81,157,412,120,399,19,36,252,92,371,62,121,160,28
"2011","Waverley 005B","E01030912","Total",694,83,156,361,94,334,14,30,214,76,360,69,126,147,18
"2011","Waverley 005C","E01030913","Total",621,73,126,349,73,323,27,38,206,52,298,46,88,143,21
"2011","Waverley 005D","E01030920","Total",864,78,133,540,113,472,15,35,340,82,392,63,98,200,31
"2011","Waverley 005E","E01030921","Total",873,82,152,501,138,442,23,30,287,102,431,59,122,214,36
"2011","Waverley 006A","E01030882","Total",646,83,120,315,128,348,19,26,199,104,298,64,94,116,24
"2011","Waverley 006B","E01030887","Total",634,98,102,328,106,336,26,19,206,85,298,72,83,122,21
"2011","Waverley 006C","E01030889","Total",689,83,138,368,100,358,21,30,233,74,331,62,108,135,26
"2011","Waverley 006D","E01030896","Total",629,61,109,377,82,325,23,22,224,56,304,38,87,153,26
"2011","Waverley 006E","E01030897","Total",662,98,114,336,114,348,27,27,212,82,314,71,87,124,32
"2011","Waverley 007A","E01030916","Total",1022,84,144,610,184,554,29,28,356,141,468,55,116,254,43
"2011","Waverley 007B","E01030917","Total",711,60,88,401,162,413,13,25,249,126,298,47,63,152,36
"2011","Waverley 007C","E01030918","Total",587,67,89,337,94,289,14,26,180,69,298,53,63,157,25
"2011","Waverley 007D","E01030919","Total",655,89,106,313,147,357,30,19,205,103,298,59,87,108,44
"2011","Waverley 007E","E01030922","Total",819,79,125,490,125,429,19,28,286,96,390,60,97,204,29
"2011","Waverley 008A","E01030863","Total",843,117,152,378,196,466,25,42,239,160,377,92,110,139,36
"2011","Waverley 008B","E01030865","Total",667,87,113,311,156,352,20,26,188,118,315,67,87,123,38
"2011","Waverley 008C","E01030866","Total",780,86,148,360,186,422,20,28,231,143,358,66,120,129,43
"2011","Waverley 008D","E01030940","Total",810,99,162,376,173,432,28,30,236,138,378,71,132,140,35
"2011","Waverley 009A","E01030898","Total",743,99,140,357,147,403,25,33,226,119,340,74,107,131,28
"2011","Waverley 009B","E01030905","Total",800,99,131,440,130,418,28,24,264,102,382,71,107,176,28
"2011","Waverley 009C","E01030906","Total",820,92,157,415,156,450,23,30,268,129,370,69,127,147,27
"2011","Waverley 009D","E01030907","Total",537,83,80,247,127,290,24,11,160,95,247,59,69,87,32
"2011","Waverley 010A","E01030914","Total",637,75,113,359,90,342,25,24,220,73,295,50,89,139,17
"2011","Waverley 010B","E01030915","Total",871,81,166,519,105,458,26,30,320,82,413,55,136,199,23
"2011","Waverley 010C","E01030923","Total",695,90,99,364,142,384,23,30,223,108,311,67,69,141,34
"2011","Waverley 010D","E01030924","Total",680,84,95,382,119,361,25,19,216,101,319,59,76,166,18
"2011","Waverley 010E","E01030925","Total",831,107,162,403,159,449,28,40,250,131,382,79,122,153,28
"2011","Waverley 011A","E01030877","Total",499,63,102,242,92,288,26,34,158,70,211,37,68,84,22
"2011","Waverley 011B","E01030878","Total",742,108,148,349,137,398,24,38,229,107,344,84,110,120,30
"2011","Waverley 011C","E01030937","Total",869,109,156,448,156,442,29,28,266,119,427,80,128,182,37
"2011","Waverley 011D","E01030938","Total",609,59,126,334,90,308,15,23,197,73,301,44,103,137,17
"2011","Waverley 011E","E01030939","Total",606,63,111,323,109,311,12,17,202,80,295,51,94,121,29
"2011","Waverley 012A","E01030864","Total",687,86,117,305,179,396,29,26,195,146,291,57,91,110,33
"2011","Waverley 012B","E01030879","Total",555,69,113,237,136,301,14,30,148,109,254,55,83,89,27
"2011","Waverley 012C","E01030941","Total",682,73,130,321,158,360,11,29,206,114,322,62,101,115,44
"2011","Waverley 012D","E01030942","Total",713,93,120,358,142,392,16,37,217,122,321,77,83,141,20
"2011","Waverley 012E","E01030943","Total",643,86,130,334,93,338,26,21,214,77,305,60,109,120,16
"2011","Waverley 013A","E01030870","Total",756,96,137,391,132,382,24,26,233,99,374,72,111,158,33
"2011","Waverley 013B","E01030871","Total",882,90,176,470,146,468,23,41,295,109,414,67,135,175,37
"2011","Waverley 013C","E01030872","Total",837,96,168,453,120,438,22,33,292,91,399,74,135,161,29
"2011","Waverley 013D","E01030873","Total",709,84,152,342,131,378,23,37,216,102,331,61,115,126,29
"2011","Waverley 013E","E01030874","Total",643,92,94,286,171,351,24,24,176,127,292,68,70,110,44
"2011","Waverley 013F","E01030875","Total",708,77,110,429,92,385,23,35,265,62,323,54,75,164,30
"2011","Waverley 013G","E01030876","Total",546,79,108,261,98,300,21,26,170,83,246,58,82,91,15
"2011","Waverley 015A","E01030862","Total",783,98,156,376,153,423,27,39,236,121,360,71,117,140,32
"2011","Waverley 015B","E01030867","Total",726,86,138,366,136,385,19,32,223,111,341,67,106,143,25
"2011","Waverley 015C","E01030868","Total",640,68,124,334,114,346,15,19,221,91,294,53,105,113,23
"2011","Waverley 015D","E01030869","Total",617,75,106,299,137,350,19,26,195,110,267,56,80,104,27
"2011","Waverley 015E","E01030880","Total",930,111,174,451,194,474,23,42,263,146,456,88,132,188,48
"2011","Waverley 016A","E01030930","Total",701,93,117,310,181,408,26,27,200,155,293,67,90,110,26
"2011","Waverley 016B","E01030931","Total",790,84,125,407,174,422,23,30,244,125,368,61,95,163,49
"2011","Waverley 016C","E01030932","Total",744,97,128,402,117,404,27,31,258,88,340,70,97,144,29
"2011","Waverley 016D","E01030933","Total",812,91,135,434,152,454,28,36,265,125,358,63,99,169,27
"2011","Waverley 017A","E01030926","Total",736,95,132,393,116,383,21,38,231,93,353,74,94,162,23
"2011","Waverley 017B","E01030927","Total",722,69,146,423,84,389,19,38,272,60,333,50,108,151,24
"2011","Waverley 017C","E01030928","Total",914,75,138,561,140,481,25,30,321,105,433,50,108,240,35
"2011","Waverley 017D","E01030929","Total",684,82,129,355,118,347,23,34,201,89,337,59,95,154,29
"2011","Waverley 018A","E01030908","Total",788,104,122,367,195,456,27,36,231,162,332,77,86,136,33
"2011","Waverley 018B","E01030909","Total",618,76,123,298,121,329,19,35,180,95,289,57,88,118,26
"2011","Waverley 018C","E01030910","Total",563,70,98,268,127,306,15,25,167,99,257,55,73,101,28
"2011","Waverley 018D","E01030934","Total",738,82,113,413,130,413,30,25,256,102,325,52,88,157,28
"2011","Waverley 018E","E01030935","Total",683,71,133,342,137,368,18,25,214,111,315,53,108,128,26
"2011","Waverley 018F","E01032626","Total",702,68,110,394,130,380,22,36,228,94,322,46,74,166,36
"2011","Woking 001A","E01030946","Total",668,57,140,380,91,344,18,34,217,75,324,39,106,163,16
"2011","Woking 001B","E01030947","Total",803,100,168,409,126,405,31,28,247,99,398,69,140,162,27
"2011","Woking 001C","E01030948","Total",897,78,149,535,135,466,18,30,312,106,431,60,119,223,29
"2011","Woking 001D","E01030949","Total",975,85,159,592,139,522,23,36,361,102,453,62,123,231,37
"2011","Woking 001E","E01030950","Total",818,54,132,501,131,440,6,24,306,104,378,48,108,195,27
"2011","Woking 002A","E01030996","Total",732,106,129,367,130,390,27,28,226,109,342,79,101,141,21
"2011","Woking 002B","E01030998","Total",776,104,139,358,175,438,25,32,235,146,338,79,107,123,29
"2011","Woking 002C","E01031002","Total",811,90,111,436,174,438,14,20,258,146,373,76,91,178,28
"2011","Woking 002D","E01031003","Total",846,108,131,377,230,482,30,26,237,189,364,78,105,140,41
"2011","Woking 002E","E01031004","Total",1166,85,173,699,209,605,20,36,384,165,561,65,137,315,44
"2011","Woking 003A","E01030963","Total",677,84,114,312,167,375,18,31,190,136,302,66,83,122,31
"2011","Woking 003B","E01030964","Total",962,72,145,556,189,548,22,47,326,153,414,50,98,230,36
"2011","Woking 003C","E01030965","Total",728,88,109,363,168,395,27,20,214,134,333,61,89,149,34
"2011","Woking 003D","E01030966","Total",717,81,132,377,127,391,24,28,236,103,326,57,104,141,24
"2011","Woking 003E","E01030967","Total",786,87,129,423,147,432,29,27,256,120,354,58,102,167,27
"2011","Woking 003F","E01030968","Total",648,85,103,348,112,337,25,26,201,85,311,60,77,147,27
"2011","Woking 004A","E01030980","Total",859,86,157,534,82,553,50,92,349,62,306,36,65,185,20
"2011","Woking 004B","E01030981","Total",685,89,135,396,65,428,28,68,278,54,257,61,67,118,11
"2011","Woking 004C","E01030982","Total",941,105,174,572,90,566,40,80,375,71,375,65,94,197,19
"2011","Woking 004D","E01030983","Total",927,85,158,568,116,560,36,73,367,84,367,49,85,201,32
"2011","Woking 004E","E01030984","Total",929,91,160,598,80,518,38,58,368,54,411,53,102,230,26
"2011","Woking 004F","E01030985","Total",663,62,137,380,84,382,20,50,238,74,281,42,87,142,10
"2011","Woking 005A","E01030951","Total",771,61,116,493,101,401,26,32,271,72,370,35,84,222,29
"2011","Woking 005B","E01030952","Total",614,66,135,334,79,358,32,49,207,70,256,34,86,127,9
"2011","Woking 005C","E01030953","Total",820,65,128,509,118,441,21,38,296,86,379,44,90,213,32
"2011","Woking 005D","E01030956","Total",801,66,126,529,80,425,24,34,307,60,376,42,92,222,20
"2011","Woking 005E","E01030957","Total",727,73,129,446,79,377,25,23,270,59,350,48,106,176,20
"2011","Woking 005F","E01030958","Total",885,57,129,589,110,456,24,24,332,76,429,33,105,257,34
"2011","Woking 005G","E01030959","Total",564,50,75,371,68,288,10,14,210,54,276,40,61,161,14
"2011","Woking 006A","E01030988","Total",1084,87,124,679,194,637,30,45,418,144,447,57,79,261,50
"2011","Woking 006B","E01030989","Total",878,95,144,483,156,490,29,45,300,116,388,66,99,183,40
"2011","Woking 006C","E01030990","Total",646,76,100,316,154,369,20,31,199,119,277,56,69,117,35
"2011","Woking 006D","E01030997","Total",708,76,130,374,128,378,16,38,225,99,330,60,92,149,29
"2011","Woking 007A","E01030974","Total",869,82,149,537,101,467,29,36,322,80,402,53,113,215,21
"2011","Woking 007B","E01030975","Total",777,62,139,470,106,420,19,38,289,74,357,43,101,181,32
"2011","Woking 007C","E01030976","Total",871,77,138,504,152,453,23,24,288,118,418,54,114,216,34
"2011","Woking 007D","E01030977","Total",922,103,167,540,112,501,25,46,333,97,421,78,121,207,15
"2011","Woking 007E","E01030979","Total",1200,100,180,723,197,643,17,34,450,142,557,83,146,273,55
"2011","Woking 008A","E01030954","Total",1348,88,135,927,198,765,24,44,551,146,583,64,91,376,52
"2011","Woking 008B","E01030969","Total",758,72,140,398,148,410,25,32,240,113,348,47,108,158,35
"2011","Woking 008C","E01030970","Total",742,52,123,452,115,405,19,24,269,93,337,33,99,183,22
"2011","Woking 008D","E01030991","Total",1096,48,104,744,200,605,13,31,426,135,491,35,73,318,65
"2011","Woking 008E","E01030993","Total",1510,76,143,1069,222,882,34,54,627,167,628,42,89,442,55
"2011","Woking 009A","E01030960","Total",1053,104,141,661,147,534,34,32,358,110,519,70,109,303,37
"2011","Woking 009B","E01030961","Total",980,119,185,541,135,527,38,39,345,105,453,81,146,196,30
"2011","Woking 009C","E01030962","Total",910,84,156,547,123,476,33,32,315,96,434,51,124,232,27
"2011","Woking 009D","E01031000","Total",817,84,143,442,148,446,29,29,275,113,371,55,114,167,35
"2011","Woking 010A","E01030955","Total",772,74,118,486,94,395,20,25,279,71,377,54,93,207,23
"2011","Woking 010B","E01030992","Total",937,78,135,550,174,489,19,27,314,129,448,59,108,236,45
"2011","Woking 010C","E01030999","Total",600,76,81,254,189,337,19,26,146,146,263,57,55,108,43
"2011","Woking 010D","E01031001","Total",912,67,154,548,143,477,26,31,314,106,435,41,123,234,37
"2011","Woking 011A","E01030971","Total",938,95,180,546,117,483,20,44,329,90,455,75,136,217,27
"2011","Woking 011B","E01030972","Total",941,86,137,594,124,510,27,40,355,88,431,59,97,239,36
"2011","Woking 011C","E01030973","Total",869,93,149,507,120,478,31,28,322,97,391,62,121,185,23
"2011","Woking 011D","E01030994","Total",959,78,140,595,146,508,16,31,349,112,451,62,109,246,34
"2011","Woking 011E","E01030995","Total",737,55,119,471,92,402,8,31,285,78,335,47,88,186,14
"2011","Woking 012A","E01030944","Total",720,74,104,387,155,396,16,22,229,129,324,58,82,158,26
"2011","Woking 012B","E01030945","Total",628,64,99,366,99,326,12,21,226,67,302,52,78,140,32
"2011","Woking 012C","E01030978","Total",777,77,138,454,108,418,23,29,281,85,359,54,109,173,23
"2011","Woking 012D","E01030986","Total",509,60,84,278,87,266,19,17,168,62,243,41,67,110,25
"2011","Woking 012E","E01030987","Total",677,96,129,308,144,371,36,27,199,109,306,60,102,109,35
"2011","Adur 001A","E01031349","Total",667,81,162,350,74,344,27,37,224,56,323,54,125,126,18
"2011","Adur 001B","E01031350","Total",616,56,147,333,80,318,17,31,207,63,298,39,116,126,17
"2011","Adur 001C","E01031351","Total",736,78,165,413,80,395,21,41,265,68,341,57,124,148,12
"2011","Adur 001D","E01031352","Total",662,54,180,371,57,340,15,44,231,50,322,39,136,140,7
"2011","Adur 001E","E01031370","Total",702,64,159,430,49,365,18,39,265,43,337,46,120,165,6
"2011","Adur 001F","E01031374","Total",753,89,168,403,93,391,26,40,256,69,362,63,128,147,24
"2011","Adur 002A","E01031338","Total",618,67,132,356,63,317,20,28,227,42,301,47,104,129,21
"2011","Adur 002B","E01031339","Total",656,67,150,355,84,336,24,38,212,62,320,43,112,143,22
"2011","Adur 002C","E01031340","Total",747,92,171,397,87,389,27,37,254,71,358,65,134,143,16
"2011","Adur 002D","E01031365","Total",728,73,167,406,82,374,20,38,253,63,354,53,129,153,19
"2011","Adur 002E","E01031367","Total",665,80,154,347,84,348,19,38,223,68,317,61,116,124,16
"2011","Adur 003A","E01031345","Total",794,64,168,458,104,413,19,34,276,84,381,45,134,182,20
"2011","Adur 003B","E01031353","Total",562,67,109,285,101,304,20,18,188,78,258,47,91,97,23
"2011","Adur 003C","E01031354","Total",616,64,114,373,65,326,13,27,232,54,290,51,87,141,11
"2011","Adur 003D","E01031355","Total",787,82,181,437,87,411,21,35,278,77,376,61,146,159,10
"2011","Adur 003E","E01031359","Total",725,70,167,414,74,367,15,39,254,59,358,55,128,160,15
"2011","Adur 004A","E01031347","Total",712,66,168,403,75,374,19,38,255,62,338,47,130,148,13
"2011","Adur 004B","E01031348","Total",749,70,175,430,74,403,24,47,268,64,346,46,128,162,10
"2011","Adur 004C","E01031366","Total",653,72,165,351,65,333,21,45,221,46,320,51,120,130,19
"2011","Adur 004D","E01031371","Total",524,48,138,284,54,255,19,30,168,38,269,29,108,116,16
"2011","Adur 004E","E01031372","Total",515,56,134,283,42,268,18,35,180,35,247,38,99,103,7
"2011","Adur 004F","E01031373","Total",736,78,153,426,79,381,26,45,253,57,355,52,108,173,22
"2011","Adur 004G","E01031375","Total",715,81,164,386,84,368,28,42,234,64,347,53,122,152,20
"2011","Adur 005A","E01031356","Total",1257,143,218,688,208,676,42,64,412,158,581,101,154,276,50
"2011","Adur 005B","E01031357","Total",1230,113,221,695,201,688,40,63,432,153,542,73,158,263,48
"2011","Adur 005C","E01031364","Total",747,52,130,448,117,383,22,39,239,83,364,30,91,209,34
"2011","Adur 005D","E01031368","Total",614,89,136,315,74,314,25,37,196,56,300,64,99,119,18
"2011","Adur 005E","E01031369","Total",555,71,111,293,80,278,21,34,162,61,277,50,77,131,19
"2011","Adur 006A","E01031344","Total",635,67,116,372,80,344,24,31,226,63,291,43,85,146,17
"2011","Adur 006B","E01031346","Total",671,76,121,391,83,350,21,23,239,67,321,55,98,152,16
"2011","Adur 006C","E01031361","Total",660,70,150,382,58,338,24,37,233,44,322,46,113,149,14
"2011","Adur 006D","E01031362","Total",682,62,133,407,80,344,14,30,237,63,338,48,103,170,17
"2011","Adur 006E","E01031363","Total",680,61,139,402,78,356,18,33,239,66,324,43,106,163,12
"2011","Adur 007A","E01031358","Total",650,59,159,364,68,333,17,43,220,53,317,42,116,144,15
"2011","Adur 007B","E01031360","Total",728,70,187,407,64,361,13,37,261,50,367,57,150,146,14
"2011","Adur 007C","E01031376","Total",558,48,134,306,70,291,19,40,180,52,267,29,94,126,18
"2011","Adur 007D","E01031378","Total",672,55,124,420,73,363,17,38,253,55,309,38,86,167,18
"2011","Adur 008A","E01031341","Total",589,61,109,350,69,312,18,32,207,55,277,43,77,143,14
"2011","Adur 008B","E01031342","Total",662,64,157,385,56,357,26,54,235,42,305,38,103,150,14
"2011","Adur 008C","E01031343","Total",675,59,139,403,74,340,11,23,253,53,335,48,116,150,21
"2011","Adur 008D","E01031377","Total",739,62,118,471,88,396,22,37,271,66,343,40,81,200,22
"2011","Adur 008E","E01031379","Total",714,85,147,412,70,357,29,34,239,55,357,56,113,173,15
"2011","Arun 001A","E01031390","Total",614,69,134,326,85,323,22,28,211,62,291,47,106,115,23
"2011","Arun 001B","E01031391","Total",770,88,156,386,140,389,25,41,227,96,381,63,115,159,44
"2011","Arun 001C","E01031392","Total",736,66,142,376,152,400,13,45,222,120,336,53,97,154,32
"2011","Arun 001D","E01031465","Total",666,110,129,302,125,348,32,45,175,96,318,78,84,127,29
"2011","Arun 002A","E01031386","Total",717,80,139,387,111,376,24,28,232,92,341,56,111,155,19
"2011","Arun 002B","E01031387","Total",697,83,141,382,91,342,22,27,222,71,355,61,114,160,20
"2011","Arun 002C","E01031425","Total",610,94,117,294,105,314,24,31,177,82,296,70,86,117,23
"2011","Arun 002D","E01031426","Total",578,56,125,285,112,297,7,33,170,87,281,49,92,115,25
"2011","Arun 003A","E01031393","Total",852,116,169,425,142,442,38,34,264,106,410,78,135,161,36
"2011","Arun 003B","E01031394","Total",891,100,165,507,119,444,25,28,297,94,447,75,137,210,25
"2011","Arun 003C","E01031395","Total",777,99,157,404,117,381,23,35,230,93,396,76,122,174,24
"2011","Arun 003D","E01031396","Total",974,107,189,517,161,500,27,44,297,132,474,80,145,220,29
"2011","Arun 003E","E01031397","Total",866,112,168,443,143,455,24,48,271,112,411,88,120,172,31
"2011","Arun 003F","E01031466","Total",652,104,113,327,108,345,28,32,205,80,307,76,81,122,28
"2011","Arun 004A","E01031427","Total",561,56,126,326,53,273,19,25,186,43,288,37,101,140,10
"2011","Arun 004B","E01031429","Total",587,44,131,355,57,304,8,29,221,46,283,36,102,134,11
"2011","Arun 004C","E01031430","Total",681,77,147,380,77,343,22,27,236,58,338,55,120,144,19
"2011","Arun 004D","E01031467","Total",831,83,185,453,110,434,20,47,279,88,397,63,138,174,22
"2011","Arun 004E","E01031468","Total",1225,115,252,701,157,640,47,55,420,118,585,68,197,281,39
"2011","Arun 005A","E01031388","Total",1293,129,272,708,184,666,30,51,441,144,627,99,221,267,40
"2011","Arun 005B","E01031389","Total",915,136,167,486,126,469,40,43,295,91,446,96,124,191,35
"2011","Arun 005C","E01031414","Total",669,54,158,381,76,342,19,34,230,59,327,35,124,151,17
"2011","Arun 005D","E01031415","Total",535,68,122,289,56,282,24,34,178,46,253,44,88,111,10
"2011","Arun 005E","E01031459","Total",777,68,171,460,78,386,18,45,261,62,391,50,126,199,16
"2011","Arun 006A","E01031470","Total",810,88,192,405,125,446,27,73,255,91,364,61,119,150,34
"2011","Arun 006B","E01031471","Total",708,74,150,395,89,372,30,27,238,77,336,44,123,157,12
"2011","Arun 006C","E01031472","Total",701,76,131,393,101,362,27,26,230,79,339,49,105,163,22
"2011","Arun 006D","E01031473","Total",563,50,124,320,69,289,14,30,190,55,274,36,94,130,14
"2011","Arun 007A","E01031407","Total",830,87,172,476,95,397,19,28,280,70,433,68,144,196,25
"2011","Arun 007B","E01031408","Total",1007,94,197,597,119,502,27,34,345,96,505,67,163,252,23
"2011","Arun 007C","E01031410","Total",660,54,141,384,81,331,17,25,224,65,329,37,116,160,16
"2011","Arun 007D","E01031462","Total",705,80,162,374,89,365,20,42,234,69,340,60,120,140,20
"2011","Arun 007E","E01031463","Total",736,81,166,395,94,376,31,37,237,71,360,50,129,158,23
"2011","Arun 007F","E01031464","Total",598,75,130,316,77,306,24,40,187,55,292,51,90,129,22
"2011","Arun 008A","E01031412","Total",580,98,134,239,109,294,28,40,147,79,286,70,94,92,30
"2011","Arun 008B","E01031422","Total",453,58,107,216,72,234,16,33,135,50,219,42,74,81,22
"2011","Arun 008C","E01031423","Total",663,77,147,352,87,334,22,36,212,64,329,55,111,140,23
"2011","Arun 008D","E01031424","Total",477,75,93,246,63,241,17,35,138,51,236,58,58,108,12
"2011","Arun 009A","E01031398","Total",699,76,153,399,71,372,22,32,259,59,327,54,121,140,12
"2011","Arun 009B","E01031399","Total",677,80,163,354,80,341,21,34,217,69,336,59,129,137,11
"2011","Arun 009C","E01031409","Total",633,62,159,356,56,323,12,37,230,44,310,50,122,126,12
"2011","Arun 009D","E01031455","Total",580,62,145,314,59,300,13,47,196,44,280,49,98,118,15
"2011","Arun 009E","E01031461","Total",718,93,163,359,103,370,26,37,221,86,348,67,126,138,17
"2011","Arun 009F","E01031469","Total",751,63,161,435,92,407,18,43,272,74,344,45,118,163,18
"2011","Arun 010A","E01031411","Total",429,57,97,219,56,232,22,22,144,44,197,35,75,75,12
"2011","Arun 010B","E01031413","Total",533,64,122,257,90,269,24,33,144,68,264,40,89,113,22
"2011","Arun 010C","E01031457","Total",567,74,108,320,65,322,28,34,208,52,245,46,74,112,13
"2011","Arun 010D","E01031458","Total",571,76,135,267,93,302,28,41,159,74,269,48,94,108,19
"2011","Arun 010E","E01031460","Total",556,74,94,294,94,289,22,29,169,69,267,52,65,125,25
"2011","Arun 011A","E01031400","Total",787,68,140,481,98,431,23,51,283,74,356,45,89,198,24
"2011","Arun 011B","E01031428","Total",829,67,152,531,79,429,12,54,300,63,400,55,98,231,16
"2011","Arun 011C","E01031454","Total",1059,97,188,625,149,573,37,55,367,114,486,60,133,258,35
"2011","Arun 011D","E01031456","Total",785,69,102,498,116,426,29,32,281,84,359,40,70,217,32
"2011","Arun 012A","E01031401","Total",769,90,159,430,90,396,27,39,261,69,373,63,120,169,21
"2011","Arun 012B","E01031402","Total",833,84,194,474,81,428,19,52,291,66,405,65,142,183,15
"2011","Arun 012C","E01031403","Total",687,70,168,385,64,362,19,54,236,53,325,51,114,149,11
"2011","Arun 012D","E01031405","Total",711,64,155,417,75,372,15,32,264,61,339,49,123,153,14
"2011","Arun 012E","E01031406","Total",695,65,163,391,76,366,17,40,244,65,329,48,123,147,11
"2011","Arun 013A","E01031417","Total",752,78,176,402,96,367,18,33,243,73,385,60,143,159,23
"2011","Arun 013B","E01031438","Total",786,93,164,429,100,394,23,39,253,79,392,70,125,176,21
"2011","Arun 013C","E01031439","Total",728,102,155,341,130,396,32,46,221,97,332,70,109,120,33
"2011","Arun 013D","E01031440","Total",591,64,144,314,69,317,25,50,190,52,274,39,94,124,17
"2011","Arun 014A","E01031404","Total",517,60,125,276,56,246,20,28,155,43,271,40,97,121,13
"2011","Arun 014B","E01031433","Total",604,86,144,303,71,308,29,28,193,58,296,57,116,110,13
"2011","Arun 014C","E01031434","Total",831,74,187,487,83,429,21,56,291,61,402,53,131,196,22
"2011","Arun 014D","E01031441","Total",739,60,153,454,72,384,19,37,269,59,355,41,116,185,13
"2011","Arun 014E","E01031442","Total",823,88,164,470,101,425,23,42,288,72,398,65,122,182,29
"2011","Arun 015A","E01031416","Total",698,105,157,342,94,363,28,39,223,73,335,77,118,119,21
"2011","Arun 015B","E01031418","Total",754,100,170,381,103,384,20,41,240,83,370,80,129,141,20
"2011","Arun 015C","E01031419","Total",719,86,177,353,103,358,25,58,202,73,361,61,119,151,30
"2011","Arun 015D","E01031420","Total",665,89,128,340,108,351,26,30,213,82,314,63,98,127,26
"2011","Arun 015E","E01031421","Total",716,95,162,360,99,361,25,40,218,78,355,70,122,142,21
"2011","Arun 016A","E01031443","Total",673,79,160,383,51,325,20,35,232,38,348,59,125,151,13
"2011","Arun 016B","E01031444","Total",826,62,160,500,104,414,17,39,285,73,412,45,121,215,31
"2011","Arun 016C","E01031450","Total",578,42,129,341,66,288,14,30,201,43,290,28,99,140,23
"2011","Arun 016D","E01031451","Total",637,54,153,366,64,315,14,34,219,48,322,40,119,147,16
"2011","Arun 016E","E01031452","Total",676,60,130,394,92,340,12,33,229,66,336,48,97,165,26
"2011","Arun 017A","E01031431","Total",979,75,92,725,87,522,23,40,405,54,457,52,52,320,33
"2011","Arun 017B","E01031432","Total",956,66,136,652,102,497,31,39,352,75,459,35,97,300,27
"2011","Arun 017C","E01031435","Total",793,80,119,483,111,419,33,30,279,77,374,47,89,204,34
"2011","Arun 017D","E01031436","Total",889,75,149,561,104,470,32,50,312,76,419,43,99,249,28
"2011","Arun 017E","E01031437","Total",971,71,150,635,115,529,31,46,370,82,442,40,104,265,33
"2011","Arun 017F","E01031453","Total",731,70,119,466,76,387,31,32,263,61,344,39,87,203,15
"2011","Arun 018A","E01031380","Total",595,83,145,268,99,315,28,46,165,76,280,55,99,103,23
"2011","Arun 018B","E01031381","Total",622,73,133,325,91,336,26,38,201,71,286,47,95,124,20
"2011","Arun 018C","E01031382","Total",668,89,154,355,70,351,31,39,223,58,317,58,115,132,12
"2011","Arun 018D","E01031383","Total",580,93,136,248,103,316,33,38,158,87,264,60,98,90,16
"2011","Arun 018E","E01031384","Total",685,89,158,338,100,353,29,41,202,81,332,60,117,136,19
"2011","Arun 019A","E01031385","Total",633,70,155,333,75,322,11,40,211,60,311,59,115,122,15
"2011","Arun 019B","E01031445","Total",553,77,120,280,76,299,24,28,185,62,254,53,92,95,14
"2011","Arun 019C","E01031446","Total",592,67,121,335,69,305,29,21,199,56,287,38,100,136,13
"2011","Arun 019D","E01031447","Total",606,72,141,301,92,313,19,33,191,70,293,53,108,110,22
"2011","Arun 019E","E01031448","Total",668,77,150,351,90,349,24,45,205,75,319,53,105,146,15
"2011","Arun 019F","E01031449","Total",775,89,160,413,113,411,25,33,259,94,364,64,127,154,19
"2011","Chichester 001A","E01031502","Total",770,94,138,377,161,425,25,27,245,128,345,69,111,132,33
"2011","Chichester 001B","E01031503","Total",779,103,145,380,151,426,35,28,241,122,353,68,117,139,29
"2011","Chichester 001C","E01031504","Total",987,117,199,503,168,529,31,40,332,126,458,86,159,171,42
"2011","Chichester 001D","E01031519","Total",648,60,119,339,130,372,15,27,228,102,276,45,92,111,28
"2011","Chichester 002A","E01031517","Total",885,137,174,406,168,481,31,44,265,141,404,106,130,141,27
"2011","Chichester 002B","E01031518","Total",724,97,133,335,159,408,24,33,221,130,316,73,100,114,29
"2011","Chichester 002C","E01031544","Total",648,96,113,313,126,349,16,36,206,91,299,80,77,107,35
"2011","Chichester 002D","E01031545","Total",601,94,117,264,126,324,23,27,175,99,277,71,90,89,27
"2011","Chichester 003A","E01031508","Total",988,134,199,452,203,531,32,50,294,155,457,102,149,158,48
"2011","Chichester 003B","E01031520","Total",611,77,102,294,138,320,20,21,173,106,291,57,81,121,32
"2011","Chichester 003C","E01031521","Total",569,75,97,274,123,327,20,25,184,98,242,55,72,90,25
"2011","Chichester 003D","E01031536","Total",547,72,122,246,107,289,13,33,154,89,258,59,89,92,18
"2011","Chichester 004A","E01031497","Total",636,73,127,320,116,341,16,25,201,99,295,57,102,119,17
"2011","Chichester 004C","E01031511","Total",651,77,123,349,102,318,17,30,202,69,333,60,93,147,33
"2011","Chichester 004D","E01031512","Total",914,105,188,505,116,476,29,45,308,94,438,76,143,197,22
"2011","Chichester 004F","E01032717","Total",1196,157,231,582,226,629,38,66,348,177,567,119,165,234,49
"2011","Chichester 005A","E01031478","Total",521,80,96,219,126,276,18,25,133,100,245,62,71,86,26
"2011","Chichester 005B","E01031479","Total",493,67,105,213,108,253,17,34,119,83,240,50,71,94,25
"2011","Chichester 005C","E01031498","Total",526,80,89,232,125,288,26,23,136,103,238,54,66,96,22
"2011","Chichester 005D","E01031514","Total",733,98,155,342,138,389,33,35,219,102,344,65,120,123,36
"2011","Chichester 005E","E01031515","Total",779,81,162,428,108,407,16,38,269,84,372,65,124,159,24
"2011","Chichester 005F","E01031516","Total",697,104,146,305,142,385,34,38,198,115,312,70,108,107,27
"2011","Chichester 006A","E01031477","Total",1057,134,222,487,214,543,33,64,284,162,514,101,158,203,52
"2011","Chichester 006B","E01031485","Total",599,85,131,295,88,310,26,25,196,63,289,59,106,99,25
"2011","Chichester 006C","E01031487","Total",583,103,143,247,90,301,38,45,154,64,282,65,98,93,26
"2011","Chichester 006D","E01031509","Total",1203,133,221,663,186,613,39,48,387,139,590,94,173,276,47
"2011","Chichester 007A","E01031506","Total",598,85,127,262,124,311,26,29,160,96,287,59,98,102,28
"2011","Chichester 007B","E01031507","Total",692,95,121,316,160,365,22,31,182,130,327,73,90,134,30
"2011","Chichester 007C","E01031531","Total",636,84,121,348,83,326,19,26,219,62,310,65,95,129,21
"2011","Chichester 007D","E01031533","Total",554,42,132,311,69,269,10,27,178,54,285,32,105,133,15
"2011","Chichester 007E","E01031543","Total",1099,141,213,577,168,564,41,44,358,121,535,100,169,219,47
"2011","Chichester 008A","E01031482","Total",796,82,174,461,79,392,25,55,259,53,404,57,119,202,26
"2011","Chichester 008B","E01031483","Total",1155,151,241,654,109,555,52,67,349,87,600,99,174,305,22
"2011","Chichester 008C","E01031486","Total",785,144,124,409,108,399,54,39,238,68,386,90,85,171,40
"2011","Chichester 008D","E01031488","Total",931,167,177,481,106,471,59,49,289,74,460,108,128,192,32
"2011","Chichester 008E","E01031494","Total",658,92,129,376,61,343,29,33,232,49,315,63,96,144,12
"2011","Chichester 008F","E01031495","Total",779,128,153,404,94,394,42,53,239,60,385,86,100,165,34
"2011","Chichester 009A","E01031475","Total",628,59,130,333,106,332,20,31,199,82,296,39,99,134,24
"2011","Chichester 009B","E01031476","Total",642,80,131,296,135,337,22,35,178,102,305,58,96,118,33
"2011","Chichester 009C","E01031532","Total",992,66,102,516,308,672,16,24,381,251,320,50,78,135,57
"2011","Chichester 009D","E01031534","Total",787,78,183,416,110,401,30,48,239,84,386,48,135,177,26
"2011","Chichester 009E","E01031535","Total",726,73,134,412,107,383,28,29,246,80,343,45,105,166,27
"2011","Chichester 010A","E01031480","Total",746,80,121,465,80,363,29,31,247,56,383,51,90,218,24
"2011","Chichester 010B","E01031481","Total",775,91,137,437,110,408,26,38,270,74,367,65,99,167,36
"2011","Chichester 010C","E01031484","Total",893,129,180,488,96,461,48,65,276,72,432,81,115,212,24
"2011","Chichester 010D","E01031490","Total",773,82,140,432,119,396,35,50,226,85,377,47,90,206,34
"2011","Chichester 010E","E01031491","Total",937,100,179,530,128,470,32,45,307,86,467,68,134,223,42
"2011","Chichester 011A","E01031474","Total",720,92,161,367,100,352,22,38,222,70,368,70,123,145,30
"2011","Chichester 011B","E01031493","Total",708,111,152,345,100,357,33,39,206,79,351,78,113,139,21
"2011","Chichester 011C","E01031496","Total",1139,141,231,608,159,576,50,51,358,117,563,91,180,250,42
"2011","Chichester 011D","E01031505","Total",1144,140,225,580,199,604,39,60,352,153,540,101,165,228,46
"2011","Chichester 012A","E01031489","Total",805,116,150,434,105,406,42,34,250,80,399,74,116,184,25
"2011","Chichester 012B","E01031492","Total",671,102,157,340,72,339,40,33,207,59,332,62,124,133,13
"2011","Chichester 012C","E01031513","Total",1086,119,234,528,205,574,30,65,321,158,512,89,169,207,47
"2011","Chichester 012D","E01031530","Total",589,58,118,324,89,294,18,24,185,67,295,40,94,139,22
"2011","Chichester 012E","E01031538","Total",745,74,139,410,122,379,19,33,235,92,366,55,106,175,30
"2011","Chichester 012F","E01031539","Total",614,73,94,355,92,299,16,25,197,61,315,57,69,158,31
"2011","Chichester 013A","E01031499","Total",857,98,197,420,142,431,29,40,251,111,426,69,157,169,31
"2011","Chichester 013B","E01031500","Total",842,104,179,385,174,439,20,46,237,136,403,84,133,148,38
"2011","Chichester 013C","E01031501","Total",592,80,130,298,84,315,28,41,186,60,277,52,89,112,24
"2011","Chichester 013D","E01031529","Total",581,75,110,273,123,319,23,28,172,96,262,52,82,101,27
"2011","Chichester 013E","E01031540","Total",503,75,107,208,113,263,22,31,120,90,240,53,76,88,23
"2011","Chichester 013F","E01031541","Total",520,75,122,235,88,256,23,39,132,62,264,52,83,103,26
"2011","Chichester 013G","E01031542","Total",781,102,158,377,144,412,28,42,227,115,369,74,116,150,29
"2011","Chichester 014A","E01031522","Total",852,83,190,477,102,432,22,47,283,80,420,61,143,194,22
"2011","Chichester 014B","E01031523","Total",643,62,146,353,82,326,8,33,217,68,317,54,113,136,14
"2011","Chichester 014C","E01031524","Total",550,62,116,299,73,290,16,36,182,56,260,46,80,117,17
"2011","Chichester 014D","E01031525","Total",632,69,151,329,83,308,18,36,183,71,324,51,115,146,12
"2011","Chichester 014E","E01031526","Total",538,66,130,250,92,269,17,33,151,68,269,49,97,99,24
"2011","Chichester 014F","E01031527","Total",608,67,145,332,64,304,18,28,209,49,304,49,117,123,15
"2011","Chichester 014G","E01031528","Total",638,77,131,350,80,349,26,36,222,65,289,51,95,128,15
"2011","Crawley 001A","E01031573","Total",745,64,156,449,76,410,24,52,279,55,335,40,104,170,21
"2011","Crawley 001B","E01031574","Total",900,76,156,576,92,498,28,54,346,70,402,48,102,230,22
"2011","Crawley 001C","E01031575","Total",889,72,165,552,100,478,21,60,319,78,411,51,105,233,22
"2011","Crawley 001D","E01031576","Total",684,45,150,434,55,393,21,53,283,36,291,24,97,151,19
"2011","Crawley 001E","E01031577","Total",646,68,105,428,45,389,30,48,273,38,257,38,57,155,7
"2011","Crawley 002A","E01031586","Total",963,69,171,609,114,506,16,33,366,91,457,53,138,243,23
"2011","Crawley 002B","E01031587","Total",954,108,153,557,136,518,27,47,343,101,436,81,106,214,35
"2011","Crawley 002C","E01031588","Total",800,93,160,439,108,439,32,36,290,81,361,61,124,149,27
"2011","Crawley 002D","E01031590","Total",960,97,157,597,109,486,26,30,344,86,474,71,127,253,23
"2011","Crawley 002E","E01031593","Total",834,68,125,531,110,449,28,16,312,93,385,40,109,219,17
"2011","Crawley 003A","E01031570","Total",713,71,140,411,91,369,24,34,244,67,344,47,106,167,24
"2011","Crawley 003B","E01031571","Total",787,61,139,496,91,407,22,37,277,71,380,39,102,219,20
"2011","Crawley 003C","E01031572","Total",660,47,135,413,65,350,11,31,261,47,310,36,104,152,18
"2011","Crawley 003D","E01031609","Total",753,57,142,459,95,386,11,29,275,71,367,46,113,184,24
"2011","Crawley 003E","E01031610","Total",876,57,166,560,93,484,13,54,345,72,392,44,112,215,21
"2011","Crawley 004A","E01031583","Total",1165,66,179,781,139,630,28,57,442,103,535,38,122,339,36
"2011","Crawley 004B","E01031584","Total",835,79,149,522,85,452,22,46,318,66,383,57,103,204,19
"2011","Crawley 004C","E01031585","Total",854,71,150,557,76,483,26,52,350,55,371,45,98,207,21
"2011","Crawley 004D","E01031601","Total",613,75,111,363,64,345,22,39,229,55,268,53,72,134,9
"2011","Crawley 004F","E01032835","Total",967,52,94,728,93,535,17,25,428,65,432,35,69,300,28
"2011","Crawley 004G","E01032836","Total",840,90,128,526,96,472,40,43,320,69,368,50,85,206,27
"2011","Crawley 005A","E01031589","Total",896,66,133,590,107,497,16,34,365,82,399,50,99,225,25
"2011","Crawley 005B","E01031591","Total",1004,82,177,630,115,531,22,54,369,86,473,60,123,261,29
"2011","Crawley 005C","E01031594","Total",657,58,118,408,73,340,19,22,247,52,317,39,96,161,21
"2011","Crawley 005D","E01031600","Total",702,53,126,443,80,365,10,34,261,60,337,43,92,182,20
"2011","Crawley 005E","E01031603","Total",803,65,134,522,82,444,19,32,327,66,359,46,102,195,16
"2011","Crawley 006A","E01031564","Total",764,61,146,481,76,399,21,35,283,60,365,40,111,198,16
"2011","Crawley 006B","E01031565","Total",1015,94,204,631,86,518,28,52,369,69,497,66,152,262,17
"2011","Crawley 006C","E01031566","Total",805,69,138,498,100,424,21,34,287,82,381,48,104,211,18
"2011","Crawley 006D","E01031567","Total",678,59,133,416,70,358,20,26,254,58,320,39,107,162,12
"2011","Crawley 006E","E01031568","Total",821,49,112,572,88,401,14,17,309,61,420,35,95,263,27
"2011","Crawley 007A","E01031596","Total",893,74,140,590,89,480,28,34,343,75,413,46,106,247,14
"2011","Crawley 007B","E01031597","Total",776,71,131,472,102,417,18,34,278,87,359,53,97,194,15
"2011","Crawley 007C","E01031598","Total",798,52,108,546,92,444,22,33,325,64,354,30,75,221,28
"2011","Crawley 007D","E01031599","Total",979,92,170,617,100,509,32,47,353,77,470,60,123,264,23
"2011","Crawley 007E","E01031608","Total",987,94,165,629,99,518,34,44,365,75,469,60,121,264,24
"2011","Crawley 008A","E01031578","Total",1099,77,166,716,140,582,16,26,425,115,517,61,140,291,25
"2011","Crawley 008B","E01031580","Total",1343,97,219,840,187,706,24,50,483,149,637,73,169,357,38
"2011","Crawley 008C","E01031581","Total",1034,87,173,627,147,561,18,36,391,116,473,69,137,236,31
"2011","Crawley 008D","E01031592","Total",1158,102,194,677,185,640,22,50,423,145,518,80,144,254,40
"2011","Crawley 009A","E01031560","Total",692,61,119,445,67,381,13,28,288,52,311,48,91,157,15
"2011","Crawley 009B","E01031561","Total",744,82,135,441,86,414,26,36,280,72,330,56,99,161,14
"2011","Crawley 009C","E01031562","Total",590,51,104,369,66,327,13,30,228,56,263,38,74,141,10
"2011","Crawley 009D","E01031563","Total",675,81,119,412,63,355,32,32,238,53,320,49,87,174,10
"2011","Crawley 009E","E01031579","Total",952,68,132,618,134,510,22,26,364,98,442,46,106,254,36
"2011","Crawley 009F","E01031582","Total",1156,65,197,753,141,594,17,35,435,107,562,48,162,318,34
"2011","Crawley 010A","E01031547","Total",719,56,126,465,72,357,22,27,253,55,362,34,99,212,17
"2011","Crawley 010B","E01031548","Total",820,72,150,529,69,430,23,54,298,55,390,49,96,231,14
"2011","Crawley 010C","E01031549","Total",796,63,129,521,83,427,23,33,307,64,369,40,96,214,19
"2011","Crawley 010D","E01031550","Total",813,73,150,492,98,417,19,32,289,77,396,54,118,203,21
"2011","Crawley 010E","E01031569","Total",771,57,135,509,70,387,17,12,296,62,384,40,123,213,8
"2011","Crawley 011A","E01031595","Total",835,78,169,521,67,430,21,46,316,47,405,57,123,205,20
"2011","Crawley 011B","E01031604","Total",801,63,156,502,80,406,18,37,285,66,395,45,119,217,14
"2011","Crawley 011C","E01031605","Total",739,54,151,453,81,400,12,34,293,61,339,42,117,160,20
"2011","Crawley 011D","E01031606","Total",694,56,152,417,69,357,17,27,255,58,337,39,125,162,11
"2011","Crawley 011E","E01031607","Total",671,66,132,406,67,366,18,37,256,55,305,48,95,150,12
"2011","Crawley 012A","E01031546","Total",786,77,136,484,89,429,29,40,292,68,357,48,96,192,21
"2011","Crawley 012B","E01031551","Total",818,66,158,502,92,439,22,53,292,72,379,44,105,210,20
"2011","Crawley 012C","E01031553","Total",748,56,167,458,67,391,17,43,275,56,357,39,124,183,11
"2011","Crawley 012D","E01031554","Total",966,64,157,638,107,496,22,39,358,77,470,42,118,280,30
"2011","Crawley 012E","E01031555","Total",714,59,147,444,64,385,21,57,262,45,329,38,90,182,19
"2011","Crawley 013A","E01031552","Total",935,55,152,627,101,511,25,35,371,80,424,30,117,256,21
"2011","Crawley 013B","E01031556","Total",860,77,173,522,88,426,20,37,300,69,434,57,136,222,19
"2011","Crawley 013C","E01031557","Total",1156,61,152,799,144,606,17,35,454,100,550,44,117,345,44
"2011","Crawley 013D","E01031558","Total",616,67,130,374,45,317,21,36,224,36,299,46,94,150,9
"2011","Crawley 013E","E01031559","Total",749,57,138,484,70,389,25,33,280,51,360,32,105,204,19
"2011","Horsham 001A","E01031670","Total",853,80,128,538,107,440,26,29,317,68,413,54,99,221,39
"2011","Horsham 001B","E01031671","Total",855,65,149,536,105,457,12,26,329,90,398,53,123,207,15
"2011","Horsham 001C","E01031673","Total",846,75,146,535,90,431,21,38,308,64,415,54,108,227,26
"2011","Horsham 001D","E01031676","Total",1486,165,266,749,306,779,38,60,439,242,707,127,206,310,64
"2011","Horsham 002A","E01031644","Total",811,111,126,481,93,420,25,25,302,68,391,86,101,179,25
"2011","Horsham 002B","E01031645","Total",817,96,145,448,128,418,24,28,265,101,399,72,117,183,27
"2011","Horsham 002C","E01031646","Total",860,99,144,498,119,438,23,26,296,93,422,76,118,202,26
"2011","Horsham 002D","E01031647","Total",627,87,100,363,77,316,18,19,222,57,311,69,81,141,20
"2011","Horsham 002E","E01031649","Total",683,75,122,412,74,367,24,23,262,58,316,51,99,150,16
"2011","Horsham 002F","E01031650","Total",717,89,148,355,125,380,30,15,237,98,337,59,133,118,27
"2011","Horsham 002G","E01031666","Total",806,94,177,446,89,420,26,36,290,68,386,68,141,156,21
"2011","Horsham 002H","E01031668","Total",724,68,157,415,84,392,19,36,267,70,332,49,121,148,14
"2011","Horsham 003A","E01031620","Total",863,94,159,514,96,441,15,31,322,73,422,79,128,192,23
"2011","Horsham 003B","E01031648","Total",873,68,142,550,113,459,24,24,323,88,414,44,118,227,25
"2011","Horsham 003C","E01031651","Total",871,79,174,496,122,440,19,32,295,94,431,60,142,201,28
"2011","Horsham 003D","E01031658","Total",1027,145,197,507,178,529,39,54,300,136,498,106,143,207,42
"2011","Horsham 003E","E01031689","Total",824,64,136,496,128,447,17,28,312,90,377,47,108,184,38
"2011","Horsham 004A","E01031654","Total",779,89,133,449,108,426,19,28,293,86,353,70,105,156,22
"2011","Horsham 004B","E01031655","Total",860,73,142,525,120,457,14,30,326,87,403,59,112,199,33
"2011","Horsham 004C","E01031667","Total",776,78,148,446,104,382,16,35,252,79,394,62,113,194,25
"2011","Horsham 004D","E01031669","Total",811,54,141,504,112,407,9,29,287,82,404,45,112,217,30
"2011","Horsham 004E","E01031672","Total",990,80,136,645,129,519,25,27,376,91,471,55,109,269,38
"2011","Horsham 005A","E01031657","Total",944,116,177,453,198,490,30,46,268,146,454,86,131,185,52
"2011","Horsham 005B","E01031659","Total",785,106,150,360,169,418,37,38,216,127,367,69,112,144,42
"2011","Horsham 005C","E01031674","Total",628,75,127,279,147,352,21,30,178,123,276,54,97,101,24
"2011","Horsham 005D","E01031675","Total",713,103,127,327,156,386,27,36,203,120,327,76,91,124,36
"2011","Horsham 006A","E01031636","Total",1066,103,153,657,153,569,32,52,372,113,497,71,101,285,40
"2011","Horsham 006B","E01031652","Total",792,75,158,465,94,409,18,33,281,77,383,57,125,184,17
"2011","Horsham 006C","E01031653","Total",944,86,139,582,137,496,20,37,342,97,448,66,102,240,40
"2011","Horsham 006D","E01031656","Total",930,78,156,577,119,488,19,34,348,87,442,59,122,229,32
"2011","Horsham 006E","E01031688","Total",642,82,121,364,75,323,20,19,226,58,319,62,102,138,17
"2011","Horsham 006F","E01031691","Total",840,81,156,490,113,451,23,36,304,88,389,58,120,186,25
"2011","Horsham 007A","E01031619","Total",917,99,153,542,123,476,28,29,331,88,441,71,124,211,35
"2011","Horsham 007B","E01031637","Total",941,95,169,559,118,492,32,47,325,88,449,63,122,234,30
"2011","Horsham 007C","E01031638","Total",1048,90,181,645,132,530,24,30,378,98,518,66,151,267,34
"2011","Horsham 007D","E01031690","Total",692,95,142,341,114,382,23,28,240,91,310,72,114,101,23
"2011","Horsham 008A","E01031639","Total",965,105,178,530,152,504,29,42,318,115,461,76,136,212,37
"2011","Horsham 008B","E01031640","Total",845,124,177,405,139,441,34,38,262,107,404,90,139,143,32
"2011","Horsham 008C","E01031660","Total",616,86,110,272,148,320,19,27,161,113,296,67,83,111,35
"2011","Horsham 008D","E01031661","Total",808,83,145,401,179,425,20,30,235,140,383,63,115,166,39
"2011","Horsham 008E","E01031679","Total",710,79,122,303,206,367,23,25,185,134,343,56,97,118,72
"2011","Horsham 009A","E01031677","Total",758,93,123,453,89,423,27,25,298,73,335,66,98,155,16
"2011","Horsham 009B","E01031678","Total",891,110,180,449,152,482,35,27,289,131,409,75,153,160,21
"2011","Horsham 009C","E01031680","Total",793,91,153,427,122,418,23,25,271,99,375,68,128,156,23
"2011","Horsham 009D","E01031681","Total",821,92,147,489,93,436,26,35,305,70,385,66,112,184,23
"2011","Horsham 009E","E01031682","Total",739,78,132,426,103,372,18,16,254,84,367,60,116,172,19
"2011","Horsham 009F","E01031683","Total",861,94,137,515,115,452,26,25,306,95,409,68,112,209,20
"2011","Horsham 010A","E01031611","Total",851,119,135,396,201,460,27,39,239,155,391,92,96,157,46
"2011","Horsham 010B","E01031612","Total",1137,116,205,631,185,610,31,39,388,152,527,85,166,243,33
"2011","Horsham 010C","E01031613","Total",1078,132,181,580,185,587,38,37,373,139,491,94,144,207,46
"2011","Horsham 010D","E01031614","Total",963,105,176,529,153,512,22,47,325,118,451,83,129,204,35
"2011","Horsham 010E","E01031615","Total",732,81,152,393,106,384,27,32,240,85,348,54,120,153,21
"2011","Horsham 011A","E01031632","Total",845,100,138,425,182,468,23,44,261,140,377,77,94,164,42
"2011","Horsham 011B","E01031633","Total",672,85,133,337,117,367,22,38,214,93,305,63,95,123,24
"2011","Horsham 011C","E01031634","Total",673,75,118,370,110,349,17,32,214,86,324,58,86,156,24
"2011","Horsham 011D","E01031635","Total",804,97,166,425,116,410,23,30,268,89,394,74,136,157,27
"2011","Horsham 012A","E01031621","Total",618,87,113,284,134,341,26,32,173,110,277,61,81,111,24
"2011","Horsham 012B","E01031623","Total",823,109,151,400,163,455,20,47,256,132,368,89,104,144,31
"2011","Horsham 012C","E01031627","Total",903,125,211,423,144,477,40,43,282,112,426,85,168,141,32
"2011","Horsham 012D","E01031664","Total",772,120,161,328,163,423,36,40,217,130,349,84,121,111,33
"2011","Horsham 013A","E01031626","Total",706,107,147,306,146,363,33,40,184,106,343,74,107,122,40
"2011","Horsham 013B","E01031630","Total",740,93,139,377,131,388,26,36,227,99,352,67,103,150,32
"2011","Horsham 013C","E01031631","Total",607,81,117,315,94,309,16,24,192,77,298,65,93,123,17
"2011","Horsham 013D","E01031662","Total",791,71,151,427,142,397,13,37,250,97,394,58,114,177,45
"2011","Horsham 013E","E01031663","Total",887,89,155,528,115,474,22,32,335,85,413,67,123,193,30
"2011","Horsham 013F","E01031665","Total",576,64,105,308,99,320,19,31,192,78,256,45,74,116,21
"2011","Horsham 014A","E01031618","Total",699,81,135,346,137,362,26,30,210,96,337,55,105,136,41
"2011","Horsham 014B","E01031641","Total",691,97,138,353,103,348,28,33,212,75,343,69,105,141,28
"2011","Horsham 014C","E01031642","Total",880,109,210,415,146,446,34,45,254,113,434,75,165,161,33
"2011","Horsham 014D","E01031643","Total",699,81,157,371,90,371,25,36,245,65,328,56,121,126,25
"2011","Horsham 014E","E01031687","Total",796,105,166,389,136,414,33,45,236,100,382,72,121,153,36
"2011","Horsham 015A","E01031622","Total",894,100,162,471,161,481,26,34,292,129,413,74,128,179,32
"2011","Horsham 015B","E01031624","Total",820,102,141,407,170,426,26,31,240,129,394,76,110,167,41
"2011","Horsham 015C","E01031625","Total",777,92,159,398,128,418,27,34,259,98,359,65,125,139,30
"2011","Horsham 015D","E01031628","Total",619,99,106,292,122,323,34,28,177,84,296,65,78,115,38
"2011","Horsham 015E","E01031629","Total",658,105,121,305,127,341,24,25,195,97,317,81,96,110,30
"2011","Horsham 016A","E01031616","Total",852,90,197,444,121,446,36,42,268,100,406,54,155,176,21
"2011","Horsham 016B","E01031617","Total",1171,152,247,593,179,632,48,58,382,144,539,104,189,211,35
"2011","Horsham 016C","E01031684","Total",745,105,143,385,112,366,27,26,221,92,379,78,117,164,20
"2011","Horsham 016D","E01031685","Total",766,114,156,398,98,373,35,35,228,75,393,79,121,170,23
"2011","Horsham 016E","E01031686","Total",606,99,142,272,93,322,32,37,183,70,284,67,105,89,23
"2011","Mid Sussex 001A","E01031731","Total",931,94,175,558,104,489,29,43,331,86,442,65,132,227,18
"2011","Mid Sussex 001B","E01031732","Total",964,101,184,543,136,490,23,38,327,102,474,78,146,216,34
"2011","Mid Sussex 001C","E01031733","Total",963,101,181,542,139,486,27,43,314,102,477,74,138,228,37
"2011","Mid Sussex 001D","E01031734","Total",942,124,191,507,120,497,34,40,329,94,445,90,151,178,26
"2011","Mid Sussex 001E","E01031741","Total",944,70,151,581,142,517,21,53,345,98,427,49,98,236,44
"2011","Mid Sussex 001F","E01031742","Total",980,94,165,565,156,510,34,40,323,113,470,60,125,242,43
"2011","Mid Sussex 001G","E01031743","Total",923,74,173,581,95,488,20,51,341,76,435,54,122,240,19
"2011","Mid Sussex 002A","E01031718","Total",1050,94,183,591,182,557,25,44,350,138,493,69,139,241,44
"2011","Mid Sussex 002B","E01031719","Total",962,90,186,546,140,494,28,32,330,104,468,62,154,216,36
"2011","Mid Sussex 002C","E01031720","Total",708,82,141,351,134,380,21,20,228,111,328,61,121,123,23
"2011","Mid Sussex 002D","E01031722","Total",667,77,108,356,126,370,33,26,217,94,297,44,82,139,32
"2011","Mid Sussex 003A","E01031695","Total",785,106,153,400,126,402,31,31,250,90,383,75,122,150,36
"2011","Mid Sussex 003B","E01031696","Total",666,85,125,341,115,340,20,24,202,94,326,65,101,139,21
"2011","Mid Sussex 003C","E01031729","Total",969,101,192,556,120,523,29,39,358,97,446,72,153,198,23
"2011","Mid Sussex 003D","E01031730","Total",1165,101,198,720,146,611,28,36,428,119,554,73,162,292,27
"2011","Mid Sussex 003E","E01031735","Total",947,100,175,549,123,487,27,41,324,95,460,73,134,225,28
"2011","Mid Sussex 004A","E01031736","Total",808,96,135,437,140,439,25,40,266,108,369,71,95,171,32
"2011","Mid Sussex 004B","E01031737","Total",823,85,174,445,119,438,21,43,281,93,385,64,131,164,26
"2011","Mid Sussex 004C","E01031738","Total",597,79,110,317,91,319,28,21,196,74,278,51,89,121,17
"2011","Mid Sussex 004D","E01031739","Total",974,111,174,549,140,506,29,34,333,110,468,82,140,216,30
"2011","Mid Sussex 004E","E01031740","Total",710,85,122,411,92,378,23,23,259,73,332,62,99,152,19
"2011","Mid Sussex 005A","E01031721","Total",667,66,138,365,98,359,22,29,224,84,308,44,109,141,14
"2011","Mid Sussex 005B","E01031723","Total",727,80,125,406,116,409,27,32,248,102,318,53,93,158,14
"2011","Mid Sussex 005C","E01031724","Total",843,89,156,489,109,426,22,28,296,80,417,67,128,193,29
"2011","Mid Sussex 005D","E01031725","Total",766,77,156,414,119,387,14,29,243,101,379,63,127,171,18
"2011","Mid Sussex 006A","E01031694","Total",893,83,177,455,178,499,25,44,280,150,394,58,133,175,28
"2011","Mid Sussex 006B","E01031764","Total",684,92,138,321,133,375,23,41,203,108,309,69,97,118,25
"2011","Mid Sussex 006C","E01031765","Total",802,112,159,377,154,443,38,38,242,125,359,74,121,135,29
"2011","Mid Sussex 006D","E01031766","Total",1137,122,217,572,226,628,35,54,369,170,509,87,163,203,56
"2011","Mid Sussex 007A","E01031692","Total",1182,127,208,665,182,650,40,43,424,143,532,87,165,241,39
"2011","Mid Sussex 007B","E01031693","Total",926,108,162,447,209,521,41,45,279,156,405,67,117,168,53
"2011","Mid Sussex 007C","E01031697","Total",631,92,112,304,123,345,20,32,193,100,286,72,80,111,23
"2011","Mid Sussex 007D","E01031727","Total",818,103,157,389,169,439,26,39,236,138,379,77,118,153,31
"2011","Mid Sussex 008A","E01031758","Total",801,117,151,417,116,434,40,32,270,92,367,77,119,147,24
"2011","Mid Sussex 008B","E01031760","Total",916,83,134,535,164,490,18,25,333,114,426,65,109,202,50
"2011","Mid Sussex 008C","E01031772","Total",767,64,157,424,122,406,13,44,260,89,361,51,113,164,33
"2011","Mid Sussex 008D","E01031773","Total",867,98,170,449,150,454,28,26,284,116,413,70,144,165,34
"2011","Mid Sussex 008E","E01031774","Total",722,105,137,382,98,389,23,34,248,84,333,82,103,134,14
"2011","Mid Sussex 008F","E01031775","Total",721,97,148,372,104,361,17,37,223,84,360,80,111,149,20
"2011","Mid Sussex 009A","E01031751","Total",1576,121,253,978,224,849,31,65,596,157,727,90,188,382,67
"2011","Mid Sussex 009B","E01031759","Total",872,89,130,515,138,480,17,30,324,109,392,72,100,191,29
"2011","Mid Sussex 009C","E01031761","Total",1204,69,147,824,164,659,26,54,465,114,545,43,93,359,50
"2011","Mid Sussex 009E","E01032837","Total",600,54,87,346,113,326,13,16,207,90,274,41,71,139,23
"2011","Mid Sussex 009F","E01032838","Total",828,51,124,511,142,432,16,29,276,111,396,35,95,235,31
"2011","Mid Sussex 009G","E01032839","Total",639,43,94,397,105,358,15,30,232,81,281,28,64,165,24
"2011","Mid Sussex 010A","E01031752","Total",632,67,144,353,68,321,19,38,216,48,311,48,106,137,20
"2011","Mid Sussex 010B","E01031753","Total",699,65,145,381,108,361,14,29,235,83,338,51,116,146,25
"2011","Mid Sussex 010C","E01031754","Total",875,91,166,527,91,449,27,33,328,61,426,64,133,199,30
"2011","Mid Sussex 010D","E01031755","Total",722,62,141,430,89,353,14,24,249,66,369,48,117,181,23
"2011","Mid Sussex 010E","E01031757","Total",819,72,162,498,87,418,14,36,303,65,401,58,126,195,22
"2011","Mid Sussex 011A","E01031726","Total",736,85,135,413,103,367,18,21,249,79,369,67,114,164,24
"2011","Mid Sussex 011B","E01031728","Total",916,130,142,463,181,502,36,32,289,145,414,94,110,174,36
"2011","Mid Sussex 011C","E01031749","Total",794,88,144,458,104,395,17,29,266,83,399,71,115,192,21
"2011","Mid Sussex 011D","E01031750","Total",776,60,176,450,90,425,23,39,287,76,351,37,137,163,14
"2011","Mid Sussex 011E","E01031756","Total",990,105,151,555,179,542,29,38,340,135,448,76,113,215,44
"2011","Mid Sussex 011F","E01031763","Total",804,102,140,425,137,431,33,31,258,109,373,69,109,167,28
"2011","Mid Sussex 012A","E01031699","Total",1036,110,175,623,128,524,33,25,369,97,512,77,150,254,31
"2011","Mid Sussex 012B","E01031700","Total",968,106,189,523,150,499,27,28,327,117,469,79,161,196,33
"2011","Mid Sussex 012C","E01031701","Total",1004,91,198,606,109,511,25,40,359,87,493,66,158,247,22
"2011","Mid Sussex 012D","E01031714","Total",769,79,177,429,84,390,18,30,272,70,379,61,147,157,14
"2011","Mid Sussex 013A","E01031704","Total",933,97,166,561,109,486,27,42,329,88,447,70,124,232,21
"2011","Mid Sussex 013B","E01031706","Total",873,89,182,496,106,451,22,45,307,77,422,67,137,189,29
"2011","Mid Sussex 013C","E01031711","Total",971,99,187,581,104,495,28,32,355,80,476,71,155,226,24
"2011","Mid Sussex 013D","E01031712","Total",789,76,154,465,94,396,24,24,286,62,393,52,130,179,32
"2011","Mid Sussex 013E","E01031713","Total",694,90,140,375,89,374,27,27,246,74,320,63,113,129,15
"2011","Mid Sussex 014A","E01031705","Total",864,71,152,556,85,446,19,33,322,72,418,52,119,234,13
"2011","Mid Sussex 014B","E01031707","Total",787,94,152,461,80,404,29,28,275,72,383,65,124,186,8
"2011","Mid Sussex 014C","E01031708","Total",953,88,152,581,132,522,23,44,357,98,431,65,108,224,34
"2011","Mid Sussex 014D","E01031709","Total",803,85,143,483,92,427,30,34,290,73,376,55,109,193,19
"2011","Mid Sussex 014E","E01031716","Total",593,72,115,344,62,305,13,30,221,41,288,59,85,123,21
"2011","Mid Sussex 014F","E01031717","Total",796,79,155,458,104,421,18,39,280,84,375,61,116,178,20
"2011","Mid Sussex 015A","E01031702","Total",747,88,154,401,104,408,27,39,257,85,339,61,115,144,19
"2011","Mid Sussex 015B","E01031703","Total",727,107,152,357,111,391,36,38,228,89,336,71,114,129,22
"2011","Mid Sussex 015C","E01031710","Total",724,76,142,412,94,380,24,31,248,77,344,52,111,164,17
"2011","Mid Sussex 015D","E01031715","Total",911,86,187,517,121,475,21,32,334,88,436,65,155,183,33
"2011","Mid Sussex 016A","E01031698","Total",886,89,169,438,190,473,25,35,261,152,413,64,134,177,38
"2011","Mid Sussex 016B","E01031767","Total",688,89,142,330,127,361,23,34,213,91,327,66,108,117,36
"2011","Mid Sussex 016C","E01031769","Total",918,82,210,495,131,481,26,43,310,102,437,56,167,185,29
"2011","Mid Sussex 016D","E01031770","Total",876,93,174,410,199,452,27,35,251,139,424,66,139,159,60
"2011","Mid Sussex 016E","E01031771","Total",804,67,161,455,121,420,16,22,288,94,384,51,139,167,27
"2011","Mid Sussex 017A","E01031744","Total",726,87,170,383,86,378,20,36,247,75,348,67,134,136,11
"2011","Mid Sussex 017B","E01031745","Total",834,97,165,467,105,422,31,38,275,78,412,66,127,192,27
"2011","Mid Sussex 017C","E01031746","Total",841,96,189,435,121,439,29,45,266,99,402,67,144,169,22
"2011","Mid Sussex 017D","E01031747","Total",621,78,155,301,87,309,18,35,188,68,312,60,120,113,19
"2011","Mid Sussex 017E","E01031748","Total",592,66,140,297,89,315,15,33,190,77,277,51,107,107,12
"2011","Mid Sussex 017F","E01031768","Total",671,97,123,350,101,344,33,28,209,74,327,64,95,141,27
"2011","Worthing 001A","E01031793","Total",642,76,125,366,75,337,18,26,231,62,305,58,99,135,13
"2011","Worthing 001B","E01031820","Total",631,100,119,318,94,324,32,28,190,74,307,68,91,128,20
"2011","Worthing 001C","E01031821","Total",765,104,175,409,77,399,32,37,271,59,366,72,138,138,18
"2011","Worthing 001D","E01031828","Total",601,92,105,305,99,324,30,22,197,75,277,62,83,108,24
"2011","Worthing 001E","E01031829","Total",693,83,158,350,102,359,20,38,218,83,334,63,120,132,19
"2011","Worthing 002A","E01031822","Total",764,103,155,391,115,405,28,45,239,93,359,75,110,152,22
"2011","Worthing 002B","E01031825","Total",726,71,147,411,97,401,17,41,265,78,325,54,106,146,19
"2011","Worthing 002C","E01031826","Total",713,82,158,404,69,365,27,31,247,60,348,55,127,157,9
"2011","Worthing 002D","E01031827","Total",700,52,155,417,76,369,16,41,252,60,331,36,114,165,16
"2011","Worthing 002E","E01031839","Total",866,102,175,486,103,448,33,45,292,78,418,69,130,194,25
"2011","Worthing 003A","E01031792","Total",630,57,139,360,74,328,14,27,232,55,302,43,112,128,19
"2011","Worthing 003B","E01031794","Total",534,63,101,321,49,290,26,26,202,36,244,37,75,119,13
"2011","Worthing 003C","E01031795","Total",753,60,159,450,84,370,16,36,256,62,383,44,123,194,22
"2011","Worthing 003D","E01031818","Total",1055,112,229,601,113,538,26,60,362,90,517,86,169,239,23
"2011","Worthing 003E","E01031830","Total",667,70,172,351,74,326,15,36,215,60,341,55,136,136,14
"2011","Worthing 004A","E01031778","Total",789,100,137,446,106,413,25,28,279,81,376,75,109,167,25
"2011","Worthing 004B","E01031797","Total",691,88,142,373,88,355,30,30,229,66,336,58,112,144,22
"2011","Worthing 004C","E01031800","Total",794,95,186,436,77,383,23,28,277,55,411,72,158,159,22
"2011","Worthing 004D","E01031823","Total",735,86,175,353,121,379,17,40,225,97,356,69,135,128,24
"2011","Worthing 004E","E01031824","Total",689,104,133,356,96,357,26,32,225,74,332,78,101,131,22
"2011","Worthing 005A","E01031776","Total",902,75,168,548,111,455,20,29,324,82,447,55,139,224,29
"2011","Worthing 005B","E01031777","Total",868,94,161,525,88,450,26,45,308,71,418,68,116,217,17
"2011","Worthing 005C","E01031780","Total",841,87,172,513,69,437,26,34,318,59,404,61,138,195,10
"2011","Worthing 005D","E01031781","Total",865,87,165,521,92,436,21,26,315,74,429,66,139,206,18
"2011","Worthing 005E","E01031798","Total",848,104,159,480,105,443,32,23,313,75,405,72,136,167,30
"2011","Worthing 006A","E01031783","Total",622,64,148,350,60,332,26,41,217,48,290,38,107,133,12
"2011","Worthing 006B","E01031785","Total",715,68,161,405,81,365,15,36,251,63,350,53,125,154,18
"2011","Worthing 006C","E01031786","Total",768,60,155,470,83,412,19,34,290,69,356,41,121,180,14
"2011","Worthing 006D","E01031817","Total",892,84,179,507,122,462,17,40,309,96,430,67,139,198,26
"2011","Worthing 006E","E01031819","Total",546,52,109,321,64,288,12,36,189,51,258,40,73,132,13
"2011","Worthing 007A","E01031782","Total",698,68,180,384,66,358,22,47,235,54,340,46,133,149,12
"2011","Worthing 007B","E01031784","Total",873,98,205,503,67,443,30,52,309,52,430,68,153,194,15
"2011","Worthing 007C","E01031836","Total",802,79,165,485,73,413,24,35,299,55,389,55,130,186,18
"2011","Worthing 007D","E01031838","Total",813,97,167,467,82,414,21,34,294,65,399,76,133,173,17
"2011","Worthing 007E","E01031840","Total",869,76,174,541,78,434,16,40,320,58,435,60,134,221,20
"2011","Worthing 008A","E01031791","Total",996,69,221,601,105,502,26,53,341,82,494,43,168,260,23
"2011","Worthing 008B","E01031796","Total",824,81,181,463,99,421,24,42,289,66,403,57,139,174,33
"2011","Worthing 008C","E01031799","Total",751,68,163,437,83,383,33,45,249,56,368,35,118,188,27
"2011","Worthing 008D","E01031801","Total",904,86,167,551,100,476,33,37,336,70,428,53,130,215,30
"2011","Worthing 008E","E01031837","Total",1087,107,210,643,127,555,35,46,378,96,532,72,164,265,31
"2011","Worthing 009A","E01031779","Total",542,47,114,322,59,280,12,31,197,40,262,35,83,125,19
"2011","Worthing 009B","E01031831","Total",845,64,161,518,102,435,20,42,297,76,410,44,119,221,26
"2011","Worthing 009C","E01031832","Total",748,66,162,424,96,381,27,41,249,64,367,39,121,175,32
"2011","Worthing 009D","E01031833","Total",795,57,182,462,94,395,18,41,266,70,400,39,141,196,24
"2011","Worthing 009E","E01031834","Total",795,75,156,492,72,387,22,31,286,48,408,53,125,206,24
"2011","Worthing 010A","E01031790","Total",805,56,159,487,103,423,19,59,272,73,382,37,100,215,30
"2011","Worthing 010B","E01031807","Total",675,73,120,389,93,355,25,32,229,69,320,48,88,160,24
"2011","Worthing 010C","E01031809","Total",819,51,118,522,128,450,18,42,296,94,369,33,76,226,34
"2011","Worthing 010D","E01031810","Total",870,92,151,518,109,445,33,38,288,86,425,59,113,230,23
"2011","Worthing 010E","E01031811","Total",666,62,93,425,86,367,26,29,249,63,299,36,64,176,23
"2011","Worthing 011A","E01031787","Total",1034,90,164,639,141,559,38,55,371,95,475,52,109,268,46
"2011","Worthing 011B","E01031788","Total",1084,95,203,679,107,562,43,65,379,75,522,52,138,300,32
"2011","Worthing 011C","E01031789","Total",1033,91,143,646,153,550,28,41,368,113,483,63,102,278,40
"2011","Worthing 011D","E01031808","Total",772,60,129,505,78,430,33,54,286,57,342,27,75,219,21
"2011","Worthing 011E","E01031835","Total",1044,89,163,656,136,534,31,54,362,87,510,58,109,294,49
"2011","Worthing 012A","E01031812","Total",726,73,112,446,95,393,24,25,275,69,333,49,87,171,26
"2011","Worthing 012B","E01031813","Total",876,91,178,488,119,453,33,46,290,84,423,58,132,198,35
"2011","Worthing 012C","E01031814","Total",738,81,152,393,112,387,28,36,242,81,351,53,116,151,31
"2011","Worthing 012D","E01031815","Total",697,93,130,382,92,359,28,31,226,74,338,65,99,156,18
"2011","Worthing 012E","E01031816","Total",843,87,179,480,97,426,21,33,307,65,417,66,146,173,32
"2011","Worthing 013A","E01031802","Total",549,72,115,296,66,290,22,34,185,49,259,50,81,111,17
"2011","Worthing 013B","E01031803","Total",663,86,139,334,104,351,24,34,217,76,312,62,105,117,28
"2011","Worthing 013C","E01031804","Total",677,98,134,363,82,359,32,34,223,70,318,66,100,140,12
"2011","Worthing 013D","E01031805","Total",624,88,136,320,80,321,32,35,193,61,303,56,101,127,19
"2011","Worthing 013E","E01031806","Total",769,69,181,438,81,377,14,40,258,65,392,55,141,180,16
"2011","Bath and North East Somerset 001A","E01014399","Total",806,101,172,439,94,416,26,39,278,73,390,75,133,161,21
"2011","Bath and North East Somerset 001B","E01014400","Total",970,115,181,551,123,510,36,41,336,97,460,79,140,215,26
"2011","Bath and North East Somerset 001C","E01014401","Total",734,88,175,387,84,370,18,40,242,70,364,70,135,145,14
"2011","Bath and North East Somerset 002A","E01014402","Total",844,89,187,487,81,431,20,38,308,65,413,69,149,179,16
"2011","Bath and North East Somerset 002B","E01014403","Total",733,86,160,404,83,377,32,25,249,71,356,54,135,155,12
"2011","Bath and North East Somerset 002C","E01014404","Total",716,88,160,399,69,355,13,34,256,52,361,75,126,143,17
"2011","Bath and North East Somerset 003A","E01014395","Total",565,97,135,274,59,289,31,31,183,44,276,66,104,91,15
"2011","Bath and North East Somerset 003B","E01014396","Total",659,70,134,365,90,326,19,23,210,74,333,51,111,155,16
"2011","Bath and North East Somerset 003C","E01014397","Total",614,95,126,321,72,326,27,25,215,59,288,68,101,106,13
"2011","Bath and North East Somerset 003D","E01014398","Total",693,81,150,376,86,346,32,34,206,74,347,49,116,170,12
"2011","Bath and North East Somerset 004A","E01014409","Total",764,87,190,398,89,366,21,42,243,60,398,66,148,155,29
"2011","Bath and North East Somerset 004B","E01014410","Total",893,122,189,488,94,446,27,45,303,71,447,95,144,185,23
"2011","Bath and North East Somerset 004C","E01014411","Total",1117,115,215,618,169,573,35,56,362,120,544,80,159,256,49
"2011","Bath and North East Somerset 005A","E01014477","Total",670,90,146,364,70,347,27,38,229,53,323,63,108,135,17
"2011","Bath and North East Somerset 005B","E01014478","Total",555,62,142,304,47,272,17,38,181,36,283,45,104,123,11
"2011","Bath and North East Somerset 005C","E01014479","Total",609,77,108,335,89,334,28,31,207,68,275,49,77,128,21
"2011","Bath and North East Somerset 005D","E01014480","Total",622,75,126,350,71,332,30,33,218,51,290,45,93,132,20
"2011","Bath and North East Somerset 006A","E01014465","Total",828,95,183,450,100,415,28,54,260,73,413,67,129,190,27
"2011","Bath and North East Somerset 006B","E01014466","Total",623,60,144,339,80,327,22,40,212,53,296,38,104,127,27
"2011","Bath and North East Somerset 006C","E01014467","Total",933,74,136,582,141,512,24,34,353,101,421,50,102,229,40
"2011","Bath and North East Somerset 006D","E01014468","Total",861,101,141,488,131,443,34,36,281,92,418,67,105,207,39
"2011","Bath and North East Somerset 007A","E01014370","Total",813,88,133,460,132,451,35,55,269,92,362,53,78,191,40
"2011","Bath and North East Somerset 007B","E01014371","Total",985,86,156,566,177,547,43,73,325,106,438,43,83,241,71
"2011","Bath and North East Somerset 007C","E01014372","Total",1172,109,145,709,209,644,45,52,412,135,528,64,93,297,74
"2011","Bath and North East Somerset 007D","E01014412","Total",807,99,146,422,140,410,29,44,244,93,397,70,102,178,47
"2011","Bath and North East Somerset 007E","E01014413","Total",619,78,115,276,150,331,24,33,165,109,288,54,82,111,41
"2011","Bath and North East Somerset 007F","E01014414","Total",809,92,149,453,115,416,28,57,256,75,393,64,92,197,40
"2011","Bath and North East Somerset 008A","E01014427","Total",712,90,129,408,85,368,27,44,242,55,344,63,85,166,30
"2011","Bath and North East Somerset 008B","E01014428","Total",713,89,113,404,107,386,23,26,256,81,327,66,87,148,26
"2011","Bath and North East Somerset 008C","E01014429","Total",828,110,176,440,102,409,29,36,272,72,419,81,140,168,30
"2011","Bath and North East Somerset 008D","E01014430","Total",689,79,155,368,87,330,18,34,212,66,359,61,121,156,21
"2011","Bath and North East Somerset 009A","E01014405","Total",1067,139,199,602,127,534,43,52,359,80,533,96,147,243,47
"2011","Bath and North East Somerset 009C","E01014407","Total",559,55,100,336,68,299,21,39,192,47,260,34,61,144,21
"2011","Bath and North East Somerset 009E","E01033080","Total",1216,147,174,706,189,648,62,59,396,131,568,85,115,310,58
"2011","Bath and North East Somerset 010A","E01014373","Total",811,104,174,419,114,407,25,41,252,89,404,79,133,167,25
"2011","Bath and North East Somerset 010B","E01014374","Total",614,77,134,303,100,321,21,35,184,81,293,56,99,119,19
"2011","Bath and North East Somerset 010C","E01014375","Total",650,88,123,290,149,348,29,30,183,106,302,59,93,107,43
"2011","Bath and North East Somerset 010D","E01014376","Total",691,88,133,342,128,352,20,31,209,92,339,68,102,133,36
"2011","Bath and North East Somerset 010E","E01014377","Total",577,61,114,291,111,319,15,32,189,83,258,46,82,102,28
"2011","Bath and North East Somerset 010G","E01033078","Total",849,134,170,370,175,443,40,53,224,126,406,94,117,146,49
"2011","Bath and North East Somerset 010H","E01033079","Total",594,85,113,290,106,306,27,22,178,79,288,58,91,112,27
"2011","Bath and North East Somerset 011A","E01014461","Total",559,61,138,315,45,267,16,34,184,33,292,45,104,131,12
"2011","Bath and North East Somerset 011B","E01014462","Total",614,60,170,334,50,316,13,43,222,38,298,47,127,112,12
"2011","Bath and North East Somerset 011C","E01014463","Total",572,55,129,343,45,296,15,34,211,36,276,40,95,132,9
"2011","Bath and North East Somerset 011D","E01014464","Total",537,72,132,287,46,275,21,38,178,38,262,51,94,109,8
"2011","Bath and North East Somerset 012A","E01014380","Total",721,301,127,189,104,378,136,46,123,73,343,165,81,66,31
"2011","Bath and North East Somerset 012B","E01014381","Total",578,107,104,259,108,309,40,34,156,79,269,67,70,103,29
"2011","Bath and North East Somerset 012C","E01014481","Total",707,121,109,398,79,366,45,37,227,57,341,76,72,171,22
"2011","Bath and North East Somerset 012D","E01014482","Total",544,77,114,257,96,289,23,31,167,68,255,54,83,90,28
"2011","Bath and North East Somerset 012E","E01014483","Total",678,113,123,317,125,351,54,31,185,81,327,59,92,132,44
"2011","Bath and North East Somerset 012F","E01014484","Total",707,131,118,360,98,351,42,30,216,63,356,89,88,144,35
"2011","Bath and North East Somerset 013A","E01014473","Total",730,177,135,349,69,346,54,36,211,45,384,123,99,138,24
"2011","Bath and North East Somerset 013B","E01014474","Total",586,81,119,347,39,294,28,32,200,34,292,53,87,147,5
"2011","Bath and North East Somerset 013C","E01014475","Total",908,256,192,399,61,427,79,62,248,38,481,177,130,151,23
"2011","Bath and North East Somerset 013D","E01014476","Total",717,125,151,383,58,372,44,46,239,43,345,81,105,144,15
"2011","Bath and North East Somerset 014A","E01014435","Total",621,188,122,260,51,309,68,37,169,35,312,120,85,91,16
"2011","Bath and North East Somerset 014B","E01014436","Total",692,133,170,331,58,340,48,48,204,40,352,85,122,127,18
"2011","Bath and North East Somerset 014C","E01014437","Total",676,88,134,378,76,346,23,27,238,58,330,65,107,140,18
"2011","Bath and North East Somerset 014D","E01014438","Total",622,88,148,347,39,319,32,42,215,30,303,56,106,132,9
"2011","Bath and North East Somerset 015A","E01014455","Total",635,62,129,385,59,354,18,35,255,46,281,44,94,130,13
"2011","Bath and North East Somerset 015B","E01014456","Total",752,96,152,435,69,381,27,33,269,52,371,69,119,166,17
"2011","Bath and North East Somerset 015C","E01014457","Total",713,84,148,421,60,372,28,39,264,41,341,56,109,157,19
"2011","Bath and North East Somerset 015D","E01014458","Total",545,62,143,298,42,286,19,36,198,33,259,43,107,100,9
"2011","Bath and North East Somerset 016A","E01014391","Total",770,95,144,425,106,414,23,37,269,85,356,72,107,156,21
"2011","Bath and North East Somerset 016B","E01014392","Total",526,72,112,253,89,276,21,29,161,65,250,51,83,92,24
"2011","Bath and North East Somerset 016C","E01014452","Total",654,91,145,338,80,343,35,28,218,62,311,56,117,120,18
"2011","Bath and North East Somerset 016D","E01014453","Total",586,74,134,304,74,295,17,26,190,62,291,57,108,114,12
"2011","Bath and North East Somerset 016E","E01014454","Total",690,82,153,373,82,361,18,23,253,67,329,64,130,120,15
"2011","Bath and North East Somerset 016F","E01014459","Total",655,82,141,341,91,355,29,32,221,73,300,53,109,120,18
"2011","Bath and North East Somerset 016G","E01014460","Total",585,79,124,308,74,297,20,26,191,60,288,59,98,117,14
"2011","Bath and North East Somerset 017A","E01014415","Total",1044,120,229,545,150,561,44,53,358,106,483,76,176,187,44
"2011","Bath and North East Somerset 017B","E01014416","Total",799,98,178,432,91,388,29,44,245,70,411,69,134,187,21
"2011","Bath and North East Somerset 017C","E01014417","Total",849,119,171,432,127,457,31,42,284,100,392,88,129,148,27
"2011","Bath and North East Somerset 018A","E01014387","Total",540,79,124,270,67,275,33,22,174,46,265,46,102,96,21
"2011","Bath and North East Somerset 018B","E01014388","Total",577,79,126,275,97,299,22,39,166,72,278,57,87,109,25
"2011","Bath and North East Somerset 018C","E01014389","Total",592,95,124,290,83,293,38,29,164,62,299,57,95,126,21
"2011","Bath and North East Somerset 018D","E01014390","Total",633,81,158,345,49,286,17,24,208,37,347,64,134,137,12
"2011","Bath and North East Somerset 019A","E01014431","Total",629,63,136,367,63,327,22,34,226,45,302,41,102,141,18
"2011","Bath and North East Somerset 019B","E01014432","Total",598,67,117,347,67,330,24,36,224,46,268,43,81,123,21
"2011","Bath and North East Somerset 019C","E01014433","Total",681,62,148,392,79,323,16,33,213,61,358,46,115,179,18
"2011","Bath and North East Somerset 019D","E01014434","Total",1008,105,206,598,99,519,38,57,354,70,489,67,149,244,29
"2011","Bath and North East Somerset 020A","E01014385","Total",695,90,144,333,128,359,25,33,196,105,336,65,111,137,23
"2011","Bath and North East Somerset 020B","E01014386","Total",606,73,111,343,79,331,21,25,216,69,275,52,86,127,10
"2011","Bath and North East Somerset 020C","E01014419","Total",640,71,139,342,88,343,19,25,226,73,297,52,114,116,15
"2011","Bath and North East Somerset 020D","E01014446","Total",595,73,123,284,115,316,27,25,171,93,279,46,98,113,22
"2011","Bath and North East Somerset 020E","E01014447","Total",696,84,145,369,98,366,20,28,239,79,330,64,117,130,19
"2011","Bath and North East Somerset 021A","E01014382","Total",1174,159,265,524,226,632,37,72,337,186,542,122,193,187,40
"2011","Bath and North East Somerset 021B","E01014383","Total",516,68,106,220,122,268,22,24,119,103,248,46,82,101,19
"2011","Bath and North East Somerset 021C","E01014384","Total",641,82,137,309,113,342,21,25,202,94,299,61,112,107,19
"2011","Bath and North East Somerset 021D","E01014418","Total",713,83,137,346,147,389,16,31,221,121,324,67,106,125,26
"2011","Bath and North East Somerset 022A","E01014379","Total",1107,200,236,477,194,558,54,59,297,148,549,146,177,180,46
"2011","Bath and North East Somerset 022B","E01014442","Total",941,71,181,587,102,470,11,36,344,79,471,60,145,243,23
"2011","Bath and North East Somerset 022C","E01014443","Total",852,91,185,465,111,437,37,42,274,84,415,54,143,191,27
"2011","Bath and North East Somerset 022D","E01014444","Total",842,99,154,473,116,436,25,35,294,82,406,74,119,179,34
"2011","Bath and North East Somerset 022E","E01014445","Total",774,86,167,445,76,419,21,42,293,63,355,65,125,152,13
"2011","Bath and North East Somerset 023A","E01014393","Total",691,82,131,378,100,354,22,24,226,82,337,60,107,152,18
"2011","Bath and North East Somerset 023B","E01014394","Total",868,107,174,459,128,460,29,39,292,100,408,78,135,167,28
"2011","Bath and North East Somerset 023C","E01014439","Total",776,95,168,422,91,418,24,33,282,79,358,71,135,140,12
"2011","Bath and North East Somerset 023D","E01014440","Total",1057,115,214,618,110,570,23,43,406,98,487,92,171,212,12
"2011","Bath and North East Somerset 023E","E01014441","Total",801,79,175,440,107,431,22,34,286,89,370,57,141,154,18
"2011","Bath and North East Somerset 024A","E01014448","Total",713,88,141,387,97,392,28,34,251,79,321,60,107,136,18
"2011","Bath and North East Somerset 024B","E01014449","Total",809,86,192,438,93,417,27,32,285,73,392,59,160,153,20
"2011","Bath and North East Somerset 024C","E01014450","Total",578,54,119,339,66,293,11,21,208,53,285,43,98,131,13
"2011","Bath and North East Somerset 024D","E01014451","Total",683,72,145,383,83,355,18,30,240,67,328,54,115,143,16
"2011","Bath and North East Somerset 025A","E01014420","Total",851,75,167,508,101,464,23,33,321,87,387,52,134,187,14
"2011","Bath and North East Somerset 025B","E01014421","Total",769,76,177,426,90,398,19,35,264,80,371,57,142,162,10
"2011","Bath and North East Somerset 025C","E01014422","Total",740,69,141,448,82,397,16,23,289,69,343,53,118,159,13
"2011","Bath and North East Somerset 025D","E01014423","Total",705,77,119,431,78,385,19,32,268,66,320,58,87,163,12
"2011","Bath and North East Somerset 026A","E01014469","Total",583,57,135,333,58,316,10,24,231,51,267,47,111,102,7
"2011","Bath and North East Somerset 026B","E01014470","Total",945,86,215,562,82,470,14,30,357,69,475,72,185,205,13
"2011","Bath and North East Somerset 026C","E01014471","Total",867,78,174,522,93,458,17,34,329,78,409,61,140,193,15
"2011","Bath and North East Somerset 026D","E01014472","Total",764,80,161,445,78,393,25,17,284,67,371,55,144,161,11
"2011","Bath and North East Somerset 027A","E01014424","Total",864,100,171,493,100,466,24,26,331,85,398,76,145,162,15
"2011","Bath and North East Somerset 027B","E01014425","Total",950,116,205,535,94,502,38,38,346,80,448,78,167,189,14
"2011","Bath and North East Somerset 027C","E01014426","Total",638,67,137,367,67,353,16,29,251,57,285,51,108,116,10
"2011","Bournemouth 001A","E01015301","Total",666,78,154,363,71,348,28,32,232,56,318,50,122,131,15
"2011","Bournemouth 001B","E01015303","Total",650,55,149,369,77,360,20,43,234,63,290,35,106,135,14
"2011","Bournemouth 001C","E01015305","Total",645,49,139,375,82,348,9,36,228,75,297,40,103,147,7
"2011","Bournemouth 001D","E01015306","Total",673,74,149,402,48,361,22,41,256,42,312,52,108,146,6
"2011","Bournemouth 002A","E01015302","Total",818,85,190,441,102,432,28,49,275,80,386,57,141,166,22
"2011","Bournemouth 002B","E01015304","Total",712,79,165,396,72,371,25,33,252,61,341,54,132,144,11
"2011","Bournemouth 002C","E01015308","Total",846,79,172,510,85,438,22,36,310,70,408,57,136,200,15
"2011","Bournemouth 002D","E01015311","Total",512,55,97,301,59,284,17,20,199,48,228,38,77,102,11
"2011","Bournemouth 003A","E01015332","Total",687,84,144,389,70,361,30,28,243,60,326,54,116,146,10
"2011","Bournemouth 003B","E01015333","Total",790,80,193,445,72,405,29,40,273,63,385,51,153,172,9
"2011","Bournemouth 003C","E01015334","Total",674,81,160,363,70,333,18,36,224,55,341,63,124,139,15
"2011","Bournemouth 003D","E01015335","Total",832,90,188,457,97,424,22,38,288,76,408,68,150,169,21
"2011","Bournemouth 003E","E01015337","Total",866,98,165,527,76,458,37,33,323,65,408,61,132,204,11
"2011","Bournemouth 004A","E01015343","Total",698,74,167,375,82,359,16,52,232,59,339,58,115,143,23
"2011","Bournemouth 004B","E01015349","Total",723,73,149,419,82,366,21,39,242,64,357,52,110,177,18
"2011","Bournemouth 004C","E01015351","Total",831,86,172,475,98,419,15,31,292,81,412,71,141,183,17
"2011","Bournemouth 004D","E01015352","Total",814,69,180,470,95,391,14,29,276,72,423,55,151,194,23
"2011","Bournemouth 004E","E01015353","Total",545,39,126,296,84,277,13,23,176,65,268,26,103,120,19
"2011","Bournemouth 004F","E01015354","Total",898,89,209,513,87,443,21,40,312,70,455,68,169,201,17
"2011","Bournemouth 005A","E01015307","Total",552,59,126,308,59,280,14,31,184,51,272,45,95,124,8
"2011","Bournemouth 005B","E01015309","Total",583,64,165,298,56,288,28,44,172,44,295,36,121,126,12
"2011","Bournemouth 005C","E01015312","Total",501,58,132,276,35,247,22,30,171,24,254,36,102,105,11
"2011","Bournemouth 005D","E01015313","Total",528,51,135,287,55,281,17,36,183,45,247,34,99,104,10
"2011","Bournemouth 005E","E01015359","Total",734,84,122,466,62,382,28,32,279,43,352,56,90,187,19
"2011","Bournemouth 006A","E01015320","Total",903,121,179,529,74,458,36,36,323,63,445,85,143,206,11
"2011","Bournemouth 006B","E01015323","Total",815,90,165,469,91,431,17,38,302,74,384,73,127,167,17
"2011","Bournemouth 006C","E01015324","Total",842,95,168,478,101,454,35,35,298,86,388,60,133,180,15
"2011","Bournemouth 006D","E01015325","Total",903,99,221,482,101,441,23,45,291,82,462,76,176,191,19
"2011","Bournemouth 006E","E01015350","Total",688,75,176,355,82,367,22,38,232,75,321,53,138,123,7
"2011","Bournemouth 007A","E01015310","Total",692,71,150,392,79,356,21,32,237,66,336,50,118,155,13
"2011","Bournemouth 007B","E01015336","Total",803,100,152,461,90,425,31,43,279,72,378,69,109,182,18
"2011","Bournemouth 007C","E01015355","Total",821,82,162,475,102,448,32,27,309,80,373,50,135,166,22
"2011","Bournemouth 007D","E01015357","Total",693,70,178,372,73,341,20,38,224,59,352,50,140,148,14
"2011","Bournemouth 007E","E01015358","Total",869,148,204,437,80,441,54,40,275,72,428,94,164,162,8
"2011","Bournemouth 008A","E01015338","Total",647,63,162,367,55,318,13,39,218,48,329,50,123,149,7
"2011","Bournemouth 008B","E01015339","Total",736,93,163,414,66,373,31,39,249,54,363,62,124,165,12
"2011","Bournemouth 008C","E01015340","Total",710,74,174,376,86,376,15,45,249,67,334,59,129,127,19
"2011","Bournemouth 008D","E01015341","Total",611,61,150,346,54,309,17,41,204,47,302,44,109,142,7
"2011","Bournemouth 009A","E01015321","Total",842,128,195,454,65,434,46,52,285,51,408,82,143,169,14
"2011","Bournemouth 009B","E01015356","Total",823,123,173,441,86,428,52,50,254,72,395,71,123,187,14
"2011","Bournemouth 009C","E01015374","Total",1017,225,232,479,81,527,98,94,277,58,490,127,138,202,23
"2011","Bournemouth 009D","E01015375","Total",770,172,161,380,57,391,53,59,230,49,379,119,102,150,8
"2011","Bournemouth 009E","E01015377","Total",816,116,180,437,83,408,37,51,259,61,408,79,129,178,22
"2011","Bournemouth 010A","E01015322","Total",868,92,190,502,84,469,26,57,322,64,399,66,133,180,20
"2011","Bournemouth 010B","E01015330","Total",886,100,189,470,127,467,26,57,287,97,419,74,132,183,30
"2011","Bournemouth 010C","E01015342","Total",806,99,159,426,122,417,26,38,259,94,389,73,121,167,28
"2011","Bournemouth 010D","E01015373","Total",887,114,196,485,92,463,49,58,291,65,424,65,138,194,27
"2011","Bournemouth 010E","E01015378","Total",907,126,185,497,99,473,52,51,293,77,434,74,134,204,22
"2011","Bournemouth 011A","E01015314","Total",755,94,140,399,122,390,25,29,238,98,365,69,111,161,24
"2011","Bournemouth 011B","E01015315","Total",970,129,213,480,148,514,43,53,294,124,456,86,160,186,24
"2011","Bournemouth 011C","E01015318","Total",873,90,173,479,131,443,25,42,272,104,430,65,131,207,27
"2011","Bournemouth 011D","E01015319","Total",793,85,142,440,126,416,18,34,271,93,377,67,108,169,33
"2011","Bournemouth 012A","E01015344","Total",799,108,157,403,131,439,38,40,252,109,360,70,117,151,22
"2011","Bournemouth 012B","E01015346","Total",779,117,132,411,119,432,43,38,259,92,347,74,94,152,27
"2011","Bournemouth 012C","E01015348","Total",810,117,145,417,131,456,38,50,260,108,354,79,95,157,23
"2011","Bournemouth 012D","E01015360","Total",790,161,138,405,86,399,54,30,248,67,391,107,108,157,19
"2011","Bournemouth 013A","E01015326","Total",1034,138,183,590,123,547,64,61,326,96,487,74,122,264,27
"2011","Bournemouth 013B","E01015331","Total",1301,143,204,806,148,716,51,88,461,116,585,92,116,345,32
"2011","Bournemouth 013C","E01015345","Total",988,156,169,544,119,554,65,60,337,92,434,91,109,207,27
"2011","Bournemouth 013D","E01015376","Total",867,193,159,421,94,460,75,66,246,73,407,118,93,175,21
"2011","Bournemouth 014A","E01015316","Total",782,84,167,430,101,408,32,43,253,80,374,52,124,177,21
"2011","Bournemouth 014B","E01015317","Total",767,69,172,439,87,381,19,43,260,59,386,50,129,179,28
"2011","Bournemouth 014C","E01015361","Total",717,71,162,415,69,375,17,37,262,59,342,54,125,153,10
"2011","Bournemouth 014D","E01015362","Total",562,53,142,322,45,274,16,29,198,31,288,37,113,124,14
"2011","Bournemouth 014E","E01015363","Total",894,83,195,505,111,459,30,44,306,79,435,53,151,199,32
"2011","Bournemouth 015A","E01015292","Total",864,91,184,503,86,481,36,57,322,66,383,55,127,181,20
"2011","Bournemouth 015B","E01015293","Total",756,64,175,449,68,408,32,49,279,48,348,32,126,170,20
"2011","Bournemouth 015C","E01015294","Total",1019,83,224,614,98,555,34,63,377,81,464,49,161,237,17
"2011","Bournemouth 015D","E01015327","Total",1003,109,206,579,109,545,43,71,347,84,458,66,135,232,25
"2011","Bournemouth 015E","E01015329","Total",972,103,188,544,137,556,48,60,342,106,416,55,128,202,31
"2011","Bournemouth 016A","E01015272","Total",770,99,142,417,112,409,40,47,244,78,361,59,95,173,34
"2011","Bournemouth 016B","E01015273","Total",1004,101,225,570,108,549,41,76,350,82,455,60,149,220,26
"2011","Bournemouth 016C","E01015275","Total",880,118,161,501,100,490,58,51,303,78,390,60,110,198,22
"2011","Bournemouth 016D","E01015276","Total",841,87,177,479,98,418,25,52,264,77,423,62,125,215,21
"2011","Bournemouth 016E","E01015277","Total",975,87,189,577,122,521,40,68,323,90,454,47,121,254,32
"2011","Bournemouth 017A","E01015283","Total",1121,107,171,705,138,629,49,75,402,103,492,58,96,303,35
"2011","Bournemouth 017C","E01015286","Total",929,84,145,578,122,526,33,53,354,86,403,51,92,224,36
"2011","Bournemouth 017D","E01015287","Total",881,206,115,448,112,486,87,52,273,74,395,119,63,175,38
"2011","Bournemouth 017E","E01015328","Total",973,85,140,629,119,527,37,58,346,86,446,48,82,283,33
"2011","Bournemouth 017F","E01033242","Total",556,46,96,353,61,327,22,43,213,49,229,24,53,140,12
"2011","Bournemouth 017G","E01033285","Total",683,60,116,426,81,425,34,62,261,68,258,26,54,165,13
"2011","Bournemouth 018A","E01015274","Total",911,73,188,538,112,471,24,49,312,86,440,49,139,226,26
"2011","Bournemouth 018B","E01015297","Total",619,57,128,346,88,309,24,39,186,60,310,33,89,160,28
"2011","Bournemouth 018C","E01015364","Total",751,95,164,382,110,405,34,47,239,85,346,61,117,143,25
"2011","Bournemouth 018D","E01015365","Total",886,69,170,537,110,469,21,46,322,80,417,48,124,215,30
"2011","Bournemouth 018E","E01015366","Total",787,80,154,441,112,418,34,50,252,82,369,46,104,189,30
"2011","Bournemouth 019B","E01015279","Total",989,79,169,642,99,540,33,62,372,73,449,46,107,270,26
"2011","Bournemouth 019C","E01015280","Total",1033,66,160,679,128,582,34,62,393,93,451,32,98,286,35
"2011","Bournemouth 019D","E01015281","Total",792,66,163,482,81,421,25,60,280,56,371,41,103,202,25
"2011","Bournemouth 019E","E01015282","Total",1020,69,183,683,85,601,35,66,439,61,419,34,117,244,24
"2011","Bournemouth 019F","E01033241","Total",627,35,91,406,95,365,14,42,237,72,262,21,49,169,23
"2011","Bournemouth 019G","E01033283","Total",650,47,89,390,124,359,20,32,214,93,291,27,57,176,31
"2011","Bournemouth 020A","E01015295","Total",625,71,144,312,98,317,21,38,189,69,308,50,106,123,29
"2011","Bournemouth 020B","E01015296","Total",785,52,133,475,125,431,16,47,277,91,354,36,86,198,34
"2011","Bournemouth 020C","E01015298","Total",498,71,101,255,71,252,22,29,150,51,246,49,72,105,20
"2011","Bournemouth 020D","E01015299","Total",838,87,196,446,109,424,31,35,276,82,414,56,161,170,27
"2011","Bournemouth 020E","E01015300","Total",731,84,156,374,117,373,20,32,228,93,358,64,124,146,24
"2011","Bournemouth 021A","E01015285","Total",1202,205,202,669,126,721,105,88,427,101,481,100,114,242,25
"2011","Bournemouth 021B","E01015288","Total",959,81,175,599,104,539,31,65,361,82,420,50,110,238,22
"2011","Bournemouth 021C","E01015289","Total",1031,95,159,653,124,599,47,76,378,98,432,48,83,275,26
"2011","Bournemouth 021D","E01015290","Total",916,88,117,585,126,564,51,47,376,90,352,37,70,209,36
"2011","Bournemouth 021E","E01015291","Total",904,81,119,573,131,518,37,51,334,96,386,44,68,239,35
"2011","Bournemouth 023A","E01015371","Total",921,74,125,617,105,510,31,48,354,77,411,43,77,263,28
"2011","Bournemouth 023B","E01015372","Total",835,45,111,590,89,462,15,43,337,67,373,30,68,253,22
"2011","Bournemouth 023C","E01033286","Total",612,37,68,418,89,329,10,21,244,54,283,27,47,174,35
"2011","Bournemouth 023D","E01033288","Total",599,33,85,391,90,330,13,28,221,68,269,20,57,170,22
"2011","Bournemouth 024A","E01015367","Total",1278,103,202,809,164,722,51,86,456,129,556,52,116,353,35
"2011","Bournemouth 024B","E01015368","Total",751,64,122,454,111,422,35,46,258,83,329,29,76,196,28
"2011","Bournemouth 024C","E01015369","Total",784,52,112,513,107,400,15,32,278,75,384,37,80,235,32
"2011","Bournemouth 024D","E01015370","Total",1011,65,172,583,191,555,35,66,322,132,456,30,106,261,59
"2011","Bristol 001A","E01014601","Total",697,55,148,431,63,351,13,38,257,43,346,42,110,174,20
"2011","Bristol 001B","E01014602","Total",772,80,168,450,74,391,25,31,275,60,381,55,137,175,14
"2011","Bristol 001C","E01014603","Total",1113,89,188,704,132,546,30,33,387,96,567,59,155,317,36
"2011","Bristol 001E","E01014605","Total",581,55,127,333,66,303,14,38,198,53,278,41,89,135,13
"2011","Bristol 001G","E01032516","Total",950,81,187,556,126,488,30,46,325,87,462,51,141,231,39
"2011","Bristol 001H","E01032517","Total",690,59,154,409,68,354,17,41,241,55,336,42,113,168,13
"2011","Bristol 002A","E01014688","Total",661,77,156,365,63,325,18,35,226,46,336,59,121,139,17
"2011","Bristol 002B","E01014689","Total",518,46,115,316,41,261,4,27,192,38,257,42,88,124,3
"2011","Bristol 002C","E01014690","Total",926,69,195,568,94,490,20,57,341,72,436,49,138,227,22
"2011","Bristol 002D","E01014691","Total",765,72,165,484,44,385,17,26,306,36,380,55,139,178,8
"2011","Bristol 002E","E01014692","Total",721,63,143,446,69,378,21,37,259,61,343,42,106,187,8
"2011","Bristol 002F","E01014693","Total",789,62,160,499,68,407,17,44,298,48,382,45,116,201,20
"2011","Bristol 002G","E01014694","Total",737,81,160,430,66,387,25,48,264,50,350,56,112,166,16
"2011","Bristol 003A","E01014497","Total",664,60,141,401,62,351,19,29,251,52,313,41,112,150,10
"2011","Bristol 003B","E01014498","Total",679,89,154,385,51,351,21,33,256,41,328,68,121,129,10
"2011","Bristol 003C","E01014638","Total",599,48,149,343,59,309,8,46,211,44,290,40,103,132,15
"2011","Bristol 003D","E01014639","Total",546,43,153,310,40,259,14,31,181,33,287,29,122,129,7
"2011","Bristol 003E","E01014640","Total",617,43,150,368,56,328,11,36,229,52,289,32,114,139,4
"2011","Bristol 004A","E01014631","Total",583,44,131,354,54,310,15,36,215,44,273,29,95,139,10
"2011","Bristol 004B","E01014632","Total",775,87,139,482,67,412,30,48,288,46,363,57,91,194,21
"2011","Bristol 004C","E01014633","Total",773,62,171,471,69,424,21,43,312,48,349,41,128,159,21
"2011","Bristol 004D","E01014636","Total",573,53,132,345,43,288,16,34,204,34,285,37,98,141,9
"2011","Bristol 005A","E01014630","Total",1052,112,154,686,100,555,39,43,404,69,497,73,111,282,31
"2011","Bristol 005B","E01014634","Total",1022,100,155,658,109,602,51,54,416,81,420,49,101,242,28
"2011","Bristol 005C","E01014659","Total",909,90,159,581,79,478,29,41,347,61,431,61,118,234,18
"2011","Bristol 005D","E01014661","Total",711,66,162,430,53,381,21,49,268,43,330,45,113,162,10
"2011","Bristol 006A","E01014616","Total",682,66,127,366,123,366,28,35,214,89,316,38,92,152,34
"2011","Bristol 006B","E01014719","Total",740,73,115,436,116,398,23,25,278,72,342,50,90,158,44
"2011","Bristol 006C","E01014720","Total",763,66,162,442,93,389,16,38,273,62,374,50,124,169,31
"2011","Bristol 006D","E01014721","Total",726,71,143,419,93,369,19,19,257,74,357,52,124,162,19
"2011","Bristol 007A","E01014641","Total",645,73,135,355,82,325,23,34,209,59,320,50,101,146,23
"2011","Bristol 007B","E01014642","Total",693,65,158,393,77,363,23,34,248,58,330,42,124,145,19
"2011","Bristol 007C","E01014643","Total",603,62,138,349,54,310,18,33,216,43,293,44,105,133,11
"2011","Bristol 007D","E01014644","Total",733,82,158,417,76,375,17,41,253,64,358,65,117,164,12
"2011","Bristol 008A","E01014492","Total",670,60,137,407,66,317,13,24,226,54,353,47,113,181,12
"2011","Bristol 008B","E01014493","Total",746,66,146,450,84,380,20,34,258,68,366,46,112,192,16
"2011","Bristol 008C","E01014494","Total",791,67,161,485,78,418,20,35,301,62,373,47,126,184,16
"2011","Bristol 008D","E01014495","Total",821,66,193,478,84,408,20,38,282,68,413,46,155,196,16
"2011","Bristol 008E","E01014496","Total",891,66,148,564,113,480,22,25,330,103,411,44,123,234,10
"2011","Bristol 008F","E01014499","Total",795,74,151,492,78,410,14,30,298,68,385,60,121,194,10
"2011","Bristol 009A","E01014715","Total",803,103,174,410,116,420,33,31,260,96,383,70,143,150,20
"2011","Bristol 009B","E01014716","Total",696,84,154,353,105,358,19,27,229,83,338,65,127,124,22
"2011","Bristol 009C","E01014717","Total",589,75,131,269,114,306,24,33,165,84,283,51,98,104,30
"2011","Bristol 009D","E01014718","Total",689,71,133,383,102,369,27,34,240,68,320,44,99,143,34
"2011","Bristol 010A","E01014510","Total",1095,133,200,651,111,559,42,58,375,84,536,91,142,276,27
"2011","Bristol 010B","E01014635","Total",1069,117,181,679,92,584,43,67,408,66,485,74,114,271,26
"2011","Bristol 010C","E01014637","Total",832,117,146,484,85,435,49,47,284,55,397,68,99,200,30
"2011","Bristol 010D","E01014662","Total",836,85,143,539,69,455,23,46,333,53,381,62,97,206,16
"2011","Bristol 011A","E01014615","Total",704,80,151,373,100,363,18,30,242,73,341,62,121,131,27
"2011","Bristol 011B","E01014617","Total",719,79,145,408,87,365,26,26,249,64,354,53,119,159,23
"2011","Bristol 011C","E01014618","Total",683,88,131,361,103,342,22,18,222,80,341,66,113,139,23
"2011","Bristol 011D","E01014620","Total",650,71,129,344,106,341,23,28,209,81,309,48,101,135,25
"2011","Bristol 012A","E01014571","Total",788,128,182,404,74,385,49,57,228,51,403,79,125,176,23
"2011","Bristol 012B","E01014577","Total",773,77,154,435,107,428,28,49,268,83,345,49,105,167,24
"2011","Bristol 012C","E01014586","Total",677,74,141,400,62,332,22,35,226,49,345,52,106,174,13
"2011","Bristol 012D","E01014587","Total",581,72,117,342,50,324,23,35,224,42,257,49,82,118,8
"2011","Bristol 013A","E01014588","Total",844,176,171,432,65,424,54,62,255,53,420,122,109,177,12
"2011","Bristol 013B","E01014589","Total",494,59,119,276,40,254,18,36,167,33,240,41,83,109,7
"2011","Bristol 013C","E01014590","Total",769,122,167,431,49,415,38,54,287,36,354,84,113,144,13
"2011","Bristol 013D","E01014591","Total",853,83,175,508,87,433,15,48,299,71,420,68,127,209,16
"2011","Bristol 013E","E01014592","Total",821,103,139,518,61,417,23,25,322,47,404,80,114,196,14
"2011","Bristol 014A","E01014660","Total",647,55,152,391,49,338,19,41,243,35,309,36,111,148,14
"2011","Bristol 014B","E01014663","Total",631,71,142,380,38,351,26,57,236,32,280,45,85,144,6
"2011","Bristol 014C","E01014664","Total",730,72,157,443,58,396,34,51,261,50,334,38,106,182,8
"2011","Bristol 014D","E01014665","Total",929,80,229,555,65,484,36,84,318,46,445,44,145,237,19
"2011","Bristol 015A","E01014709","Total",569,67,86,285,131,330,31,36,168,95,239,36,50,117,36
"2011","Bristol 015B","E01014710","Total",589,85,74,306,124,327,35,28,177,87,262,50,46,129,37
"2011","Bristol 015C","E01014711","Total",555,68,122,274,91,285,20,31,164,70,270,48,91,110,21
"2011","Bristol 015D","E01014712","Total",555,66,115,291,83,284,15,27,174,68,271,51,88,117,15
"2011","Bristol 015E","E01014713","Total",620,67,120,329,104,318,20,32,192,74,302,47,88,137,30
"2011","Bristol 015F","E01014714","Total",825,249,119,322,135,424,104,25,200,95,401,145,94,122,40
"2011","Bristol 016A","E01014507","Total",995,102,185,614,94,512,32,55,360,65,483,70,130,254,29
"2011","Bristol 016B","E01014508","Total",832,110,155,456,111,446,42,47,284,73,386,68,108,172,38
"2011","Bristol 016C","E01014509","Total",1341,139,224,846,132,709,55,61,504,89,632,84,163,342,43
"2011","Bristol 016D","E01014511","Total",809,91,172,438,108,389,21,36,257,75,420,70,136,181,33
"2011","Bristol 016E","E01014512","Total",833,106,162,471,94,428,40,42,280,66,405,66,120,191,28
"2011","Bristol 016F","E01014513","Total",868,96,190,479,103,429,25,53,276,75,439,71,137,203,28
"2011","Bristol 016G","E01014514","Total",1195,124,215,758,98,589,40,60,427,62,606,84,155,331,36
"2011","Bristol 017A","E01014619","Total",791,98,136,438,119,419,39,29,264,87,372,59,107,174,32
"2011","Bristol 017B","E01014621","Total",761,86,133,418,124,404,30,27,254,93,357,56,106,164,31
"2011","Bristol 017C","E01014666","Total",928,104,202,496,126,486,33,52,306,95,442,71,150,190,31
"2011","Bristol 017D","E01014667","Total",913,97,179,513,124,464,32,52,291,89,449,65,127,222,35
"2011","Bristol 017E","E01014672","Total",1143,103,139,692,209,621,37,37,403,144,522,66,102,289,65
"2011","Bristol 018A","E01014624","Total",756,81,180,440,55,383,25,45,266,47,373,56,135,174,8
"2011","Bristol 018D","E01014629","Total",602,62,158,340,42,309,17,54,200,38,293,45,104,140,4
"2011","Bristol 018E","E01032518","Total",683,77,162,389,55,344,24,41,230,49,339,53,121,159,6
"2011","Bristol 018F","E01032519","Total",583,60,126,349,48,298,23,37,201,37,285,37,89,148,11
"2011","Bristol 019A","E01014572","Total",958,112,181,575,90,521,40,68,348,65,437,72,113,227,25
"2011","Bristol 019B","E01014573","Total",962,93,184,596,89,506,34,65,345,62,456,59,119,251,27
"2011","Bristol 019C","E01014575","Total",674,64,148,401,61,371,30,63,233,45,303,34,85,168,16
"2011","Bristol 019D","E01014576","Total",983,91,191,618,83,516,32,53,369,62,467,59,138,249,21
"2011","Bristol 020A","E01014487","Total",1185,158,223,688,116,631,63,77,411,80,554,95,146,277,36
"2011","Bristol 020B","E01014491","Total",1142,131,235,638,138,594,51,83,372,88,548,80,152,266,50
"2011","Bristol 020C","E01014668","Total",917,96,181,514,126,484,37,55,300,92,433,59,126,214,34
"2011","Bristol 020D","E01014669","Total",874,91,103,531,149,467,39,26,299,103,407,52,77,232,46
"2011","Bristol 020E","E01014670","Total",880,100,145,514,121,459,29,49,297,84,421,71,96,217,37
"2011","Bristol 020F","E01014671","Total",911,102,168,550,91,490,39,59,336,56,421,63,109,214,35
"2011","Bristol 021A","E01014622","Total",759,75,150,455,79,402,27,54,267,54,357,48,96,188,25
"2011","Bristol 021B","E01014623","Total",817,84,151,510,72,431,27,49,300,55,386,57,102,210,17
"2011","Bristol 021C","E01014626","Total",909,81,161,586,81,469,29,43,339,58,440,52,118,247,23
"2011","Bristol 021D","E01014627","Total",1160,89,219,736,116,622,20,45,462,95,538,69,174,274,21
"2011","Bristol 022A","E01014557","Total",817,116,120,458,123,416,42,42,259,73,401,74,78,199,50
"2011","Bristol 022B","E01014558","Total",949,140,101,587,121,513,70,37,334,72,436,70,64,253,49
"2011","Bristol 022C","E01014559","Total",1066,153,135,608,170,581,64,49,354,114,485,89,86,254,56
"2011","Bristol 022D","E01014560","Total",987,103,113,620,151,514,43,37,338,96,473,60,76,282,55
"2011","Bristol 022E","E01014562","Total",877,161,110,495,111,462,72,45,275,70,415,89,65,220,41
"2011","Bristol 023A","E01014485","Total",1000,113,209,606,72,496,47,74,332,43,504,66,135,274,29
"2011","Bristol 023B","E01014486","Total",1095,126,239,641,89,574,53,102,353,66,521,73,137,288,23
"2011","Bristol 023C","E01014488","Total",1164,127,260,640,137,585,40,89,373,83,579,87,171,267,54
"2011","Bristol 023D","E01014489","Total",1368,143,253,837,135,713,64,109,451,89,655,79,144,386,46
"2011","Bristol 023F","E01033347","Total",641,47,74,438,82,386,32,30,272,52,255,15,44,166,30
"2011","Bristol 023G","E01033348","Total",527,53,113,313,48,293,28,51,187,27,234,25,62,126,21
"2011","Bristol 023H","E01033366","Total",486,106,123,228,29,274,49,56,144,25,212,57,67,84,4
"2011","Bristol 025A","E01014539","Total",910,114,131,535,130,465,46,35,293,91,445,68,96,242,39
"2011","Bristol 025C","E01014561","Total",1003,102,140,631,130,528,39,47,363,79,475,63,93,268,51
"2011","Bristol 025D","E01014563","Total",1054,122,141,684,107,553,37,58,389,69,501,85,83,295,38
"2011","Bristol 025E","E01033342","Total",713,153,98,400,62,424,77,52,249,46,289,76,46,151,16
"2011","Bristol 025F","E01033367","Total",661,77,112,382,90,383,35,46,242,60,278,42,66,140,30
"2011","Bristol 026A","E01014551","Total",981,120,84,610,167,493,39,37,306,111,488,81,47,304,56
"2011","Bristol 026B","E01014552","Total",1023,136,79,633,175,580,65,32,360,123,443,71,47,273,52
"2011","Bristol 026C","E01014553","Total",1027,138,116,603,170,552,59,42,334,117,475,79,74,269,53
"2011","Bristol 026D","E01014554","Total",1059,119,117,647,176,590,54,49,361,126,469,65,68,286,50
"2011","Bristol 026E","E01014556","Total",1051,91,146,611,203,577,43,50,352,132,474,48,96,259,71
"2011","Bristol 027A","E01014673","Total",950,68,177,618,87,506,18,39,380,69,444,50,138,238,18
"2011","Bristol 027B","E01014674","Total",825,68,150,528,79,439,16,26,332,65,386,52,124,196,14
"2011","Bristol 027C","E01014675","Total",794,81,160,473,80,417,30,30,297,60,377,51,130,176,20
"2011","Bristol 027D","E01014676","Total",761,67,161,448,85,393,17,30,280,66,368,50,131,168,19
"2011","Bristol 028A","E01014682","Total",767,47,164,478,78,416,12,37,307,60,351,35,127,171,18
"2011","Bristol 028B","E01014683","Total",852,82,148,540,82,454,32,47,315,60,398,50,101,225,22
"2011","Bristol 028C","E01014685","Total",659,68,139,392,60,325,19,28,233,45,334,49,111,159,15
"2011","Bristol 028D","E01014686","Total",786,67,133,515,71,415,21,30,314,50,371,46,103,201,21
"2011","Bristol 028E","E01014687","Total",768,67,149,468,84,404,18,37,284,65,364,49,112,184,19
"2011","Bristol 029A","E01014565","Total",791,60,150,517,64,407,22,48,294,43,384,38,102,223,21
"2011","Bristol 029B","E01014566","Total",959,59,168,656,76,497,16,61,368,52,462,43,107,288,24
"2011","Bristol 029C","E01014567","Total",1105,73,181,745,106,601,24,48,451,78,504,49,133,294,28
"2011","Bristol 029D","E01014681","Total",1128,62,202,755,109,589,19,58,441,71,539,43,144,314,38
"2011","Bristol 029E","E01014684","Total",994,52,160,692,90,542,22,52,410,58,452,30,108,282,32
"2011","Bristol 030A","E01014544","Total",676,71,90,373,142,374,31,28,230,85,302,40,62,143,57
"2011","Bristol 030B","E01014545","Total",956,84,86,593,193,534,27,37,342,128,422,57,49,251,65
"2011","Bristol 030C","E01014546","Total",915,99,94,555,167,499,34,39,309,117,416,65,55,246,50
"2011","Bristol 030D","E01014547","Total",1069,89,119,630,231,560,28,48,349,135,509,61,71,281,96
"2011","Bristol 032A","E01014538","Total",761,152,68,426,115,427,66,26,252,83,334,86,42,174,32
"2011","Bristol 032B","E01014540","Total",1273,225,196,700,152,717,96,80,432,109,556,129,116,268,43
"2011","Bristol 032C","E01014542","Total",1052,230,153,547,122,580,101,79,320,80,472,129,74,227,42
"2011","Bristol 032E","E01033344","Total",698,113,89,397,99,385,52,37,224,72,313,61,52,173,27
"2011","Bristol 032F","E01033345","Total",695,62,66,434,133,428,26,25,277,100,267,36,41,157,33
"2011","Bristol 032G","E01033350","Total",715,43,66,488,118,422,19,24,296,83,293,24,42,192,35
"2011","Bristol 033A","E01014677","Total",921,67,157,579,118,504,14,39,362,89,417,53,118,217,29
"2011","Bristol 033B","E01014678","Total",809,78,153,508,70,412,21,34,300,57,397,57,119,208,13
"2011","Bristol 033C","E01014679","Total",840,70,183,488,99,432,13,30,316,73,408,57,153,172,26
"2011","Bristol 033D","E01014680","Total",682,71,166,394,51,347,18,37,252,40,335,53,129,142,11
"2011","Bristol 034A","E01014548","Total",991,102,143,593,153,546,41,47,361,97,445,61,96,232,56
"2011","Bristol 034B","E01014549","Total",601,97,95,342,67,312,38,29,202,43,289,59,66,140,24
"2011","Bristol 034C","E01014550","Total",1226,182,174,695,175,670,72,71,413,114,556,110,103,282,61
"2011","Bristol 034D","E01014555","Total",884,143,111,517,113,483,74,41,293,75,401,69,70,224,38
"2011","Bristol 035A","E01014528","Total",942,41,140,668,93,495,11,34,386,64,447,30,106,282,29
"2011","Bristol 035B","E01014529","Total",737,70,119,469,79,371,20,26,261,64,366,50,93,208,15
"2011","Bristol 035C","E01014530","Total",865,52,123,599,91,454,19,29,340,66,411,33,94,259,25
"2011","Bristol 035D","E01014531","Total",1021,70,164,671,116,549,26,46,391,86,472,44,118,280,30
"2011","Bristol 035E","E01014532","Total",822,58,155,537,72,416,15,23,324,54,406,43,132,213,18
"2011","Bristol 035F","E01014537","Total",940,88,175,593,84,482,24,45,342,71,458,64,130,251,13
"2011","Bristol 036A","E01014695","Total",841,94,152,501,94,440,31,40,307,62,401,63,112,194,32
"2011","Bristol 036B","E01014696","Total",1048,83,188,676,101,540,26,59,389,66,508,57,129,287,35
"2011","Bristol 036C","E01014698","Total",1192,88,199,783,122,659,34,60,487,78,533,54,139,296,44
"2011","Bristol 036D","E01014699","Total",825,54,125,553,93,449,22,36,323,68,376,32,89,230,25
"2011","Bristol 036E","E01014700","Total",928,89,165,588,86,484,23,47,347,67,444,66,118,241,19
"2011","Bristol 036F","E01014701","Total",1115,73,176,719,147,626,28,52,434,112,489,45,124,285,35
"2011","Bristol 037A","E01014730","Total",992,64,152,686,90,541,21,56,401,63,451,43,96,285,27
"2011","Bristol 037B","E01014731","Total",1002,60,181,674,87,510,23,57,375,55,492,37,124,299,32
"2011","Bristol 037C","E01014732","Total",1032,84,190,644,114,540,32,57,377,74,492,52,133,267,40
"2011","Bristol 037D","E01014735","Total",1018,56,205,664,93,536,14,46,404,72,482,42,159,260,21
"2011","Bristol 038A","E01014523","Total",626,65,131,379,51,327,12,23,251,41,299,53,108,128,10
"2011","Bristol 038B","E01014524","Total",734,73,162,421,78,396,23,34,269,70,338,50,128,152,8
"2011","Bristol 038C","E01014525","Total",913,68,166,601,78,458,16,34,348,60,455,52,132,253,18
"2011","Bristol 038D","E01014526","Total",681,52,146,416,67,371,18,21,275,57,310,34,125,141,10
"2011","Bristol 038E","E01014527","Total",678,45,115,451,67,364,14,29,271,50,314,31,86,180,17
"2011","Bristol 039A","E01014500","Total",865,58,145,583,79,429,15,35,322,57,436,43,110,261,22
"2011","Bristol 039B","E01014502","Total",899,70,168,576,85,461,9,44,342,66,438,61,124,234,19
"2011","Bristol 039E","E01033359","Total",804,51,106,579,68,444,23,38,339,44,360,28,68,240,24
"2011","Bristol 039F","E01033361","Total",684,47,116,453,68,386,13,58,270,45,298,34,58,183,23
"2011","Bristol 039G","E01033362","Total",748,37,73,543,95,428,17,27,319,65,320,20,46,224,30
"2011","Bristol 039H","E01033364","Total",1016,60,141,697,118,532,22,43,388,79,484,38,98,309,39
"2011","Bristol 040A","E01014729","Total",628,52,114,395,67,318,20,25,226,47,310,32,89,169,20
"2011","Bristol 040B","E01014733","Total",1086,87,184,681,134,563,25,59,382,97,523,62,125,299,37
"2011","Bristol 040C","E01014734","Total",979,74,183,618,104,496,18,42,372,64,483,56,141,246,40
"2011","Bristol 040D","E01014736","Total",1010,68,197,645,100,534,22,57,380,75,476,46,140,265,25
"2011","Bristol 041A","E01014501","Total",733,71,148,452,62,382,19,24,292,47,351,52,124,160,15
"2011","Bristol 041B","E01014504","Total",916,60,161,589,106,474,19,38,345,72,442,41,123,244,34
"2011","Bristol 041C","E01014505","Total",1164,70,172,817,105,576,19,54,438,65,588,51,118,379,40
"2011","Bristol 041D","E01014506","Total",859,94,194,496,75,420,18,32,309,61,439,76,162,187,14
"2011","Bristol 042A","E01014645","Total",742,71,146,449,76,403,16,35,294,58,339,55,111,155,18
"2011","Bristol 042B","E01014646","Total",757,88,161,449,59,402,23,39,291,49,355,65,122,158,10
"2011","Bristol 042C","E01014648","Total",903,57,161,581,104,486,10,44,363,69,417,47,117,218,35
"2011","Bristol 042D","E01014649","Total",883,59,189,536,99,453,18,46,316,73,430,41,143,220,26
"2011","Bristol 042E","E01014651","Total",911,76,180,536,119,485,24,50,324,87,426,52,130,212,32
"2011","Bristol 043A","E01014533","Total",870,60,140,561,109,485,17,35,340,93,385,43,105,221,16
"2011","Bristol 043B","E01014534","Total",992,94,167,635,96,519,31,36,376,76,473,63,131,259,20
"2011","Bristol 043C","E01014535","Total",1023,96,223,603,101,534,24,55,371,84,489,72,168,232,17
"2011","Bristol 043D","E01014536","Total",643,53,138,407,45,342,15,25,264,38,301,38,113,143,7
"2011","Bristol 044A","E01014578","Total",759,66,183,452,58,382,17,54,270,41,377,49,129,182,17
"2011","Bristol 044B","E01014583","Total",517,67,141,269,40,254,16,31,176,31,263,51,110,93,9
"2011","Bristol 044C","E01014585","Total",558,69,150,289,50,256,17,25,173,41,302,52,125,116,9
"2011","Bristol 044D","E01014647","Total",682,77,144,394,67,359,19,30,253,57,323,58,114,141,10
"2011","Bristol 044E","E01014650","Total",723,74,162,419,68,374,13,30,274,57,349,61,132,145,11
"2011","Bristol 045A","E01014579","Total",637,65,140,382,50,327,15,29,245,38,310,50,111,137,12
"2011","Bristol 045B","E01014580","Total",534,48,116,325,45,259,13,16,193,37,275,35,100,132,8
"2011","Bristol 045C","E01014581","Total",509,61,108,299,41,269,19,23,194,33,240,42,85,105,8
"2011","Bristol 045D","E01014582","Total",533,58,107,328,40,290,16,25,217,32,243,42,82,111,8
"2011","Bristol 045E","E01014584","Total",551,65,125,319,42,265,12,30,188,35,286,53,95,131,7
"2011","Bristol 046A","E01014518","Total",887,71,175,535,106,468,18,40,319,91,419,53,135,216,15
"2011","Bristol 046B","E01014519","Total",615,56,141,368,50,320,15,26,235,44,295,41,115,133,6
"2011","Bristol 046C","E01014520","Total",785,74,172,457,82,426,24,46,288,68,359,50,126,169,14
"2011","Bristol 046D","E01014521","Total",622,68,139,355,60,331,20,28,232,51,291,48,111,123,9
"2011","Bristol 047A","E01014607","Total",701,50,149,443,59,364,10,20,284,50,337,40,129,159,9
"2011","Bristol 047B","E01014608","Total",744,66,162,455,61,377,16,29,282,50,367,50,133,173,11
"2011","Bristol 047C","E01014609","Total",826,86,159,521,60,426,20,27,328,51,400,66,132,193,9
"2011","Bristol 047D","E01014610","Total",577,61,125,344,47,283,16,30,198,39,294,45,95,146,8
"2011","Bristol 047E","E01014613","Total",773,69,177,450,77,416,19,43,292,62,357,50,134,158,15
"2011","Bristol 047F","E01014614","Total",634,61,123,389,61,334,14,26,242,52,300,47,97,147,9
"2011","Bristol 048A","E01014594","Total",510,59,123,292,36,250,15,28,176,31,260,44,95,116,5
"2011","Bristol 048B","E01014598","Total",737,70,159,435,73,384,16,34,268,66,353,54,125,167,7
"2011","Bristol 048C","E01014599","Total",659,64,147,387,61,354,15,27,256,56,305,49,120,131,5
"2011","Bristol 048D","E01014600","Total",602,48,127,369,58,311,12,21,227,51,291,36,106,142,7
"2011","Bristol 049A","E01014702","Total",728,91,153,419,65,369,24,22,266,57,359,67,131,153,8
"2011","Bristol 049B","E01014703","Total",659,51,167,382,59,329,15,33,233,48,330,36,134,149,11
"2011","Bristol 049C","E01014704","Total",899,96,189,541,73,459,22,34,345,58,440,74,155,196,15
"2011","Bristol 049D","E01014705","Total",618,76,124,358,60,320,15,19,234,52,298,61,105,124,8
"2011","Bristol 049E","E01014706","Total",511,44,109,318,40,269,16,17,202,34,242,28,92,116,6
"2011","Bristol 049F","E01014707","Total",764,95,158,433,78,395,25,29,277,64,369,70,129,156,14
"2011","Bristol 049G","E01014708","Total",902,89,205,517,91,464,28,36,322,78,438,61,169,195,13
"2011","Bristol 050A","E01014515","Total",616,66,132,358,60,308,21,32,207,48,308,45,100,151,12
"2011","Bristol 050B","E01014516","Total",489,42,122,282,43,235,6,24,172,33,254,36,98,110,10
"2011","Bristol 050C","E01014517","Total",534,71,127,294,42,266,23,28,181,34,268,48,99,113,8
"2011","Bristol 050D","E01014522","Total",669,52,134,421,62,328,20,18,246,44,341,32,116,175,18
"2011","Bristol 051A","E01014593","Total",478,47,114,292,25,242,13,18,186,25,236,34,96,106,0
"2011","Bristol 051B","E01014595","Total",611,62,134,372,43,332,21,26,244,41,279,41,108,128,2
"2011","Bristol 051C","E01014596","Total",541,54,127,314,46,277,19,20,196,42,264,35,107,118,4
"2011","Bristol 051D","E01014597","Total",486,48,98,291,49,247,12,14,184,37,239,36,84,107,12
"2011","Bristol 052A","E01014611","Total",619,60,137,353,69,338,21,28,234,55,281,39,109,119,14
"2011","Bristol 052B","E01014612","Total",678,85,144,392,57,371,22,33,268,48,307,63,111,124,9
"2011","Bristol 052C","E01014722","Total",840,82,172,512,74,456,16,36,334,70,384,66,136,178,4
"2011","Bristol 052D","E01014723","Total",721,68,158,431,64,376,20,25,280,51,345,48,133,151,13
"2011","Bristol 052E","E01014725","Total",775,77,187,440,71,419,25,37,298,59,356,52,150,142,12
"2011","Bristol 053B","E01014726","Total",513,48,124,292,49,264,10,26,186,42,249,38,98,106,7
"2011","Bristol 053C","E01014727","Total",509,54,126,292,37,253,13,23,186,31,256,41,103,106,6
"2011","Bristol 053E","E01032514","Total",581,58,181,310,32,280,19,45,188,28,301,39,136,122,4
"2011","Bristol 053F","E01032515","Total",562,34,132,343,53,305,8,29,221,47,257,26,103,122,6
"2011","Bristol 054A","E01033352","Total",872,51,83,662,76,532,25,37,411,59,340,26,46,251,17
"2011","Bristol 054B","E01033353","Total",614,67,69,402,76,352,34,33,238,47,262,33,36,164,29
"2011","Bristol 054C","E01033355","Total",735,39,68,498,130,461,15,30,321,95,274,24,38,177,35
"2011","Bristol 054D","E01033358","Total",622,154,141,276,51,343,59,66,184,34,279,95,75,92,17
"2011","Bristol 054E","E01033370","Total",531,31,75,366,59,338,19,32,239,48,193,12,43,127,11
"2011","Bristol 055A","E01014564","Total",811,81,215,453,62,426,29,81,272,44,385,52,134,181,18
"2011","Bristol 055B","E01014653","Total",753,100,251,362,40,429,52,120,224,33,324,48,131,138,7
"2011","Bristol 055C","E01014655","Total",893,103,229,483,78,496,48,98,293,57,397,55,131,190,21
"2011","Bristol 056A","E01014654","Total",796,100,210,428,58,462,44,112,257,49,334,56,98,171,9
"2011","Bristol 056B","E01014658","Total",597,68,174,318,37,312,22,64,194,32,285,46,110,124,5
"2011","Bristol 056C","E01033356","Total",510,42,116,304,48,291,16,52,189,34,219,26,64,115,14
"2011","Bristol 056D","E01033369","Total",475,53,126,272,24,272,21,57,175,19,203,32,69,97,5
"2011","Bristol 057A","E01014568","Total",1022,94,265,594,69,564,41,117,353,53,458,53,148,241,16
"2011","Bristol 057B","E01014569","Total",1000,90,250,582,78,511,30,106,332,43,489,60,144,250,35
"2011","Bristol 057C","E01014570","Total",940,94,202,565,79,504,38,80,324,62,436,56,122,241,17
"2011","Bristol 057D","E01014574","Total",916,101,239,504,72,529,42,102,322,63,387,59,137,182,9
"2011","Cornwall 010A","E01018753","Total",791,89,190,382,130,411,25,58,233,95,380,64,132,149,35
"2011","Cornwall 010B","E01018754","Total",672,73,153,370,76,350,19,40,234,57,322,54,113,136,19
"2011","Cornwall 010C","E01018755","Total",712,82,150,364,116,378,24,43,227,84,334,58,107,137,32
"2011","Cornwall 010D","E01018756","Total",726,96,176,356,98,362,24,42,225,71,364,72,134,131,27
"2011","Cornwall 012A","E01018777","Total",1017,130,199,489,199,545,35,54,317,139,472,95,145,172,60
"2011","Cornwall 012B","E01018782","Total",707,77,140,366,124,361,25,33,203,100,346,52,107,163,24
"2011","Cornwall 012C","E01018783","Total",781,92,168,383,138,422,26,40,257,99,359,66,128,126,39
"2011","Cornwall 012D","E01018784","Total",702,98,136,304,164,380,35,32,184,129,322,63,104,120,35
"2011","Cornwall 013A","E01018750","Total",1077,114,225,590,148,560,36,49,361,114,517,78,176,229,34
"2011","Cornwall 013B","E01018751","Total",688,78,127,390,93,390,24,40,256,70,298,54,87,134,23
"2011","Cornwall 013C","E01018752","Total",978,87,218,539,134,501,23,46,334,98,477,64,172,205,36
"2011","Cornwall 013D","E01018779","Total",1023,116,198,539,170,556,34,53,331,138,467,82,145,208,32
"2011","Cornwall 016A","E01018758","Total",1163,124,250,622,167,605,31,69,373,132,558,93,181,249,35
"2011","Cornwall 016B","E01018768","Total",986,97,214,559,116,522,32,51,347,92,464,65,163,212,24
"2011","Cornwall 016C","E01018769","Total",821,69,181,461,110,435,17,43,282,93,386,52,138,179,17
"2011","Cornwall 016D","E01018778","Total",801,102,163,379,157,420,25,35,236,124,381,77,128,143,33
"2011","Cornwall 017A","E01018767","Total",582,71,119,329,63,296,13,27,201,55,286,58,92,128,8
"2011","Cornwall 017B","E01018770","Total",494,55,128,252,59,243,13,31,157,42,251,42,97,95,17
"2011","Cornwall 017C","E01018771","Total",657,54,138,360,105,356,15,36,227,78,301,39,102,133,27
"2011","Cornwall 017D","E01018772","Total",696,66,184,353,93,361,19,52,220,70,335,47,132,133,23
"2011","Cornwall 022A","E01018764","Total",735,84,163,363,125,390,26,39,230,95,345,58,124,133,30
"2011","Cornwall 022B","E01018787","Total",878,76,184,467,151,454,22,36,277,119,424,54,148,190,32
"2011","Cornwall 022C","E01018795","Total",591,73,132,314,72,298,17,28,197,56,293,56,104,117,16
"2011","Cornwall 022D","E01018796","Total",679,66,145,382,86,349,20,24,237,68,330,46,121,145,18
"2011","Cornwall 023A","E01018757","Total",917,126,203,438,150,492,52,66,267,107,425,74,137,171,43
"2011","Cornwall 023B","E01018763","Total",607,53,124,325,105,325,16,26,204,79,282,37,98,121,26
"2011","Cornwall 023C","E01018765","Total",657,72,132,315,138,353,16,41,192,104,304,56,91,123,34
"2011","Cornwall 023D","E01018785","Total",969,101,218,477,173,504,35,41,290,138,465,66,177,187,35
"2011","Cornwall 025A","E01018786","Total",636,69,145,354,68,333,18,36,226,53,303,51,109,128,15
"2011","Cornwall 025B","E01018788","Total",535,53,119,312,51,279,17,22,202,38,256,36,97,110,13
"2011","Cornwall 025C","E01018790","Total",543,73,127,280,63,280,24,31,177,48,263,49,96,103,15
"2011","Cornwall 025D","E01018794","Total",693,77,143,416,57,354,23,27,252,52,339,54,116,164,5
"2011","Cornwall 026A","E01018789","Total",727,75,170,405,77,372,26,35,251,60,355,49,135,154,17
"2011","Cornwall 026B","E01018791","Total",539,55,117,302,65,286,14,39,187,46,253,41,78,115,19
"2011","Cornwall 026C","E01018792","Total",1448,129,280,827,212,747,40,57,491,159,701,89,223,336,53
"2011","Cornwall 026D","E01018793","Total",832,81,168,458,125,434,31,37,270,96,398,50,131,188,29
"2011","Cornwall 028A","E01018759","Total",701,69,162,346,124,377,17,50,220,90,324,52,112,126,34
"2011","Cornwall 028B","E01018760","Total",593,78,126,268,121,329,23,49,175,82,264,55,77,93,39
"2011","Cornwall 028C","E01018761","Total",578,64,143,245,126,313,19,45,155,94,265,45,98,90,32
"2011","Cornwall 028D","E01018766","Total",789,124,164,303,198,439,40,52,198,149,350,84,112,105,49
"2011","Cornwall 028E","E01018774","Total",579,63,137,297,82,311,18,39,189,65,268,45,98,108,17
"2011","Cornwall 029A","E01018797","Total",461,55,116,232,58,232,20,20,145,47,229,35,96,87,11
"2011","Cornwall 029B","E01018798","Total",705,75,156,376,98,383,15,47,239,82,322,60,109,137,16
"2011","Cornwall 029C","E01018799","Total",507,43,112,301,51,260,17,25,180,38,247,26,87,121,13
"2011","Cornwall 029D","E01018800","Total",836,86,178,469,103,429,17,45,287,80,407,69,133,182,23
"2011","Cornwall 034A","E01018780","Total",979,136,234,486,123,515,33,63,321,98,464,103,171,165,25
"2011","Cornwall 034B","E01018781","Total",840,116,201,389,134,443,42,57,245,99,397,74,144,144,35
"2011","Cornwall 034E","E01033294","Total",1233,113,236,728,156,647,31,35,456,125,586,82,201,272,31
"2011","Cornwall 037A","E01018762","Total",526,57,136,226,107,282,23,45,141,73,244,34,91,85,34
"2011","Cornwall 037B","E01018773","Total",612,68,152,302,90,316,21,39,187,69,296,47,113,115,21
"2011","Cornwall 037C","E01018775","Total",597,77,140,296,84,326,25,47,191,63,271,52,93,105,21
"2011","Cornwall 037D","E01018776","Total",568,43,145,255,125,300,16,46,146,92,268,27,99,109,33
"2011","Cornwall 032A","E01018815","Total",1125,116,206,627,176,582,22,52,373,135,543,94,154,254,41
"2011","Cornwall 032B","E01018831","Total",664,84,139,330,111,351,21,37,206,87,313,63,102,124,24
"2011","Cornwall 032C","E01018832","Total",636,77,149,306,104,322,19,46,185,72,314,58,103,121,32
"2011","Cornwall 032D","E01018847","Total",818,74,186,447,111,408,17,48,262,81,410,57,138,185,30
"2011","Cornwall 033A","E01018833","Total",734,94,196,340,104,382,35,62,206,79,352,59,134,134,25
"2011","Cornwall 033B","E01018842","Total",672,59,162,372,79,356,23,44,236,53,316,36,118,136,26
"2011","Cornwall 033C","E01018843","Total",659,67,168,336,88,353,25,52,209,67,306,42,116,127,21
"2011","Cornwall 033D","E01018844","Total",569,45,127,331,66,307,15,41,199,52,262,30,86,132,14
"2011","Cornwall 040A","E01018825","Total",813,82,178,426,127,398,14,53,236,95,415,68,125,190,32
"2011","Cornwall 040B","E01018826","Total",997,101,231,531,134,510,31,78,306,95,487,70,153,225,39
"2011","Cornwall 040C","E01018851","Total",645,75,154,327,89,333,23,46,202,62,312,52,108,125,27
"2011","Cornwall 040D","E01018852","Total",1202,152,280,623,147,584,47,72,354,111,618,105,208,269,36
"2011","Cornwall 042A","E01018823","Total",703,71,164,388,80,340,25,44,211,60,363,46,120,177,20
"2011","Cornwall 042B","E01018824","Total",1171,129,263,632,147,604,43,49,399,113,567,86,214,233,34
"2011","Cornwall 042C","E01018853","Total",1266,124,290,723,129,635,36,88,415,96,631,88,202,308,33
"2011","Cornwall 042D","E01018854","Total",612,71,151,326,64,297,19,43,185,50,315,52,108,141,14
"2011","Cornwall 043A","E01018819","Total",801,75,196,461,69,387,23,53,260,51,414,52,143,201,18
"2011","Cornwall 043B","E01018822","Total",615,66,149,355,45,307,21,39,210,37,308,45,110,145,8
"2011","Cornwall 043C","E01018855","Total",1213,108,225,707,173,598,29,57,393,119,615,79,168,314,54
"2011","Cornwall 043D","E01018856","Total",664,68,173,363,60,354,24,59,225,46,310,44,114,138,14
"2011","Cornwall 043E","E01018857","Total",508,56,136,274,42,258,19,33,172,34,250,37,103,102,8
"2011","Cornwall 043F","E01018858","Total",573,61,127,311,74,299,16,31,195,57,274,45,96,116,17
"2011","Cornwall 044A","E01018807","Total",633,58,139,346,90,310,23,35,185,67,323,35,104,161,23
"2011","Cornwall 044B","E01018808","Total",746,88,170,411,77,372,31,46,239,56,374,57,124,172,21
"2011","Cornwall 044C","E01018809","Total",986,69,208,577,132,475,19,67,296,93,511,50,141,281,39
"2011","Cornwall 044D","E01018810","Total",711,75,149,398,89,359,23,43,237,56,352,52,106,161,33
"2011","Cornwall 047A","E01018816","Total",661,113,153,277,118,339,37,46,170,86,322,76,107,107,32
"2011","Cornwall 047B","E01018817","Total",940,97,193,488,162,498,34,46,306,112,442,63,147,182,50
"2011","Cornwall 047C","E01018818","Total",645,87,171,314,73,328,29,37,201,61,317,58,134,113,12
"2011","Cornwall 047D","E01018820","Total",900,83,215,438,164,474,23,64,265,122,426,60,151,173,42
"2011","Cornwall 047E","E01018821","Total",649,68,140,357,84,358,20,35,235,68,291,48,105,122,16
"2011","Cornwall 048A","E01018845","Total",779,116,150,381,132,389,31,37,223,98,390,85,113,158,34
"2011","Cornwall 048B","E01018846","Total",674,77,147,313,137,353,21,42,191,99,321,56,105,122,38
"2011","Cornwall 048C","E01018848","Total",794,76,190,441,87,406,33,35,269,69,388,43,155,172,18
"2011","Cornwall 048D","E01018849","Total",786,93,185,357,151,434,29,59,228,118,352,64,126,129,33
"2011","Cornwall 048E","E01018850","Total",638,89,146,299,104,339,23,41,194,81,299,66,105,105,23
"2011","Cornwall 056A","E01018827","Total",596,98,151,254,93,295,29,39,155,72,301,69,112,99,21
"2011","Cornwall 056B","E01018828","Total",629,79,168,285,97,316,17,49,174,76,313,62,119,111,21
"2011","Cornwall 056C","E01018829","Total",685,76,149,358,102,359,24,47,209,79,326,52,102,149,23
"2011","Cornwall 056D","E01018830","Total",620,86,124,313,97,317,27,31,186,73,303,59,93,127,24
"2011","Cornwall 060A","E01018834","Total",861,104,194,478,85,440,33,35,298,74,421,71,159,180,11
"2011","Cornwall 060B","E01018835","Total",818,78,188,438,114,435,19,46,288,82,383,59,142,150,32
"2011","Cornwall 060C","E01018836","Total",677,80,183,355,59,356,27,58,222,49,321,53,125,133,10
"2011","Cornwall 060D","E01018837","Total",982,92,206,562,122,519,37,66,325,91,463,55,140,237,31
"2011","Cornwall 062A","E01018838","Total",625,94,147,329,55,336,35,49,204,48,289,59,98,125,7
"2011","Cornwall 062B","E01018839","Total",555,68,116,290,81,284,31,31,166,56,271,37,85,124,25
"2011","Cornwall 062C","E01018840","Total",689,160,142,311,76,335,51,45,184,55,354,109,97,127,21
"2011","Cornwall 062D","E01018841","Total",518,52,149,261,56,253,15,37,155,46,265,37,112,106,10
"2011","Cornwall 062E","E01018860","Total",705,69,199,377,60,354,20,47,242,45,351,49,152,135,15
"2011","Cornwall 063A","E01018803","Total",682,119,127,319,117,365,55,44,188,78,317,64,83,131,39
"2011","Cornwall 063B","E01018804","Total",845,198,190,355,102,413,65,64,210,74,432,133,126,145,28
"2011","Cornwall 063C","E01018805","Total",595,89,141,260,105,306,23,39,165,79,289,66,102,95,26
"2011","Cornwall 063D","E01018806","Total",683,100,156,350,77,348,39,39,213,57,335,61,117,137,20
"2011","Cornwall 064A","E01018811","Total",755,76,173,422,84,391,24,32,268,67,364,52,141,154,17
"2011","Cornwall 064B","E01018812","Total",638,70,154,334,80,334,16,47,211,60,304,54,107,123,20
"2011","Cornwall 064C","E01018813","Total",744,75,184,399,86,379,22,37,254,66,365,53,147,145,20
"2011","Cornwall 064D","E01018814","Total",752,94,200,393,65,383,30,45,253,55,369,64,155,140,10
"2011","Cornwall 064E","E01018859","Total",785,101,198,402,84,403,32,59,252,60,382,69,139,150,24
"2011","Cornwall 045A","E01018889","Total",701,66,162,389,84,361,22,36,233,70,340,44,126,156,14
"2011","Cornwall 045B","E01018890","Total",628,67,146,342,73,329,20,51,197,61,299,47,95,145,12
"2011","Cornwall 045C","E01018891","Total",622,55,145,345,77,310,15,27,209,59,312,40,118,136,18
"2011","Cornwall 045D","E01018892","Total",687,66,161,373,87,353,24,39,225,65,334,42,122,148,22
"2011","Cornwall 045E","E01018893","Total",556,58,146,290,62,301,23,27,198,53,255,35,119,92,9
"2011","Cornwall 046A","E01018908","Total",758,76,170,423,89,397,22,45,256,74,361,54,125,167,15
"2011","Cornwall 046B","E01018909","Total",796,64,175,486,71,415,13,40,303,59,381,51,135,183,12
"2011","Cornwall 046C","E01018910","Total",624,56,165,365,38,331,18,48,233,32,293,38,117,132,6
"2011","Cornwall 046D","E01018911","Total",741,53,171,434,83,388,15,57,255,61,353,38,114,179,22
"2011","Cornwall 049A","E01018912","Total",709,77,162,390,80,376,24,33,259,60,333,53,129,131,20
"2011","Cornwall 049B","E01018913","Total",950,69,240,546,95,519,16,77,357,69,431,53,163,189,26
"2011","Cornwall 049C","E01018914","Total",892,95,207,499,91,461,19,59,313,70,431,76,148,186,21
"2011","Cornwall 049D","E01018915","Total",948,71,199,574,104,497,19,52,349,77,451,52,147,225,27
"2011","Cornwall 050A","E01018916","Total",602,77,142,300,83,307,32,28,184,63,295,45,114,116,20
"2011","Cornwall 050B","E01018917","Total",637,69,144,366,58,322,16,36,225,45,315,53,108,141,13
"2011","Cornwall 050C","E01018918","Total",831,92,204,443,92,424,28,62,268,66,407,64,142,175,26
"2011","Cornwall 050D","E01018919","Total",638,58,148,352,80,331,20,41,204,66,307,38,107,148,14
"2011","Cornwall 051A","E01018894","Total",917,84,210,533,90,485,29,52,330,74,432,55,158,203,16
"2011","Cornwall 051B","E01018895","Total",827,71,194,501,61,429,16,51,317,45,398,55,143,184,16
"2011","Cornwall 051C","E01018896","Total",670,72,171,360,67,352,22,49,224,57,318,50,122,136,10
"2011","Cornwall 051D","E01018897","Total",673,50,158,399,66,347,13,47,236,51,326,37,111,163,15
"2011","Cornwall 051E","E01018898","Total",473,51,113,273,36,229,12,25,161,31,244,39,88,112,5
"2011","Cornwall 052A","E01018865","Total",886,93,228,495,70,487,32,67,326,62,399,61,161,169,8
"2011","Cornwall 052B","E01018866","Total",718,79,165,420,54,371,24,38,266,43,347,55,127,154,11
"2011","Cornwall 052C","E01018867","Total",863,72,212,499,80,459,29,49,315,66,404,43,163,184,14
"2011","Cornwall 052D","E01018868","Total",744,73,175,434,62,404,26,46,278,54,340,47,129,156,8
"2011","Cornwall 053A","E01018874","Total",544,47,128,301,68,283,18,34,180,51,261,29,94,121,17
"2011","Cornwall 053B","E01018875","Total",422,51,129,215,27,214,13,37,140,24,208,38,92,75,3
"2011","Cornwall 053C","E01018876","Total",652,75,150,345,82,338,18,31,226,63,314,57,119,119,19
"2011","Cornwall 053D","E01018877","Total",584,69,138,300,77,308,25,33,194,56,276,44,105,106,21
"2011","Cornwall 053E","E01018878","Total",582,64,164,306,48,298,23,52,187,36,284,41,112,119,12
"2011","Cornwall 055A","E01018869","Total",684,68,176,381,59,359,25,48,235,51,325,43,128,146,8
"2011","Cornwall 055B","E01018870","Total",489,51,172,239,27,238,18,51,150,19,251,33,121,89,8
"2011","Cornwall 055C","E01018871","Total",797,97,182,437,81,423,33,49,281,60,374,64,133,156,21
"2011","Cornwall 055D","E01018872","Total",532,59,142,271,60,279,18,39,176,46,253,41,103,95,14
"2011","Cornwall 055E","E01018873","Total",563,53,133,326,51,289,11,34,204,40,274,42,99,122,11
"2011","Cornwall 059A","E01018863","Total",814,91,199,407,117,424,25,44,268,87,390,66,155,139,30
"2011","Cornwall 059B","E01018864","Total",804,77,196,386,145,419,24,56,236,103,385,53,140,150,42
"2011","Cornwall 059C","E01018921","Total",1030,101,233,531,165,552,27,63,332,130,478,74,170,199,35
"2011","Cornwall 059D","E01018922","Total",1207,145,290,577,195,637,37,88,364,148,570,108,202,213,47
"2011","Cornwall 066A","E01018879","Total",754,121,182,332,119,392,42,62,195,93,362,79,120,137,26
"2011","Cornwall 066B","E01018880","Total",942,122,200,447,173,513,41,51,284,137,429,81,149,163,36
"2011","Cornwall 066C","E01018899","Total",781,175,181,336,89,396,50,59,214,73,385,125,122,122,16
"2011","Cornwall 066D","E01018900","Total",715,91,159,366,99,375,29,42,222,82,340,62,117,144,17
"2011","Cornwall 066E","E01018901","Total",716,93,153,356,114,373,31,38,214,90,343,62,115,142,24
"2011","Cornwall 071A","E01018882","Total",754,100,154,415,85,380,30,30,249,71,374,70,124,166,14
"2011","Cornwall 071B","E01018883","Total",852,98,194,477,83,428,22,38,305,63,424,76,156,172,20
"2011","Cornwall 071C","E01018884","Total",832,86,193,461,92,426,26,33,292,75,406,60,160,169,17
"2011","Cornwall 071D","E01018885","Total",710,71,171,385,83,370,22,37,245,66,340,49,134,140,17
"2011","Cornwall 071E","E01018886","Total",971,84,189,560,138,538,19,31,366,122,433,65,158,194,16
"2011","Cornwall 071F","E01018887","Total",765,70,178,439,78,407,17,41,292,57,358,53,137,147,21
"2011","Cornwall 071G","E01018888","Total",804,86,192,433,93,402,23,50,268,61,402,63,142,165,32
"2011","Cornwall 072A","E01018861","Total",671,79,164,338,90,349,28,50,211,60,322,51,114,127,30
"2011","Cornwall 072B","E01018862","Total",631,85,129,312,105,333,31,31,194,77,298,54,98,118,28
"2011","Cornwall 072C","E01018905","Total",635,70,162,299,104,345,21,45,199,80,290,49,117,100,24
"2011","Cornwall 072D","E01018906","Total",555,82,121,284,68,284,29,32,173,50,271,53,89,111,18
"2011","Cornwall 072E","E01018907","Total",506,62,135,270,39,262,15,30,189,28,244,47,105,81,11
"2011","Cornwall 073A","E01018881","Total",779,94,189,378,118,424,24,69,249,82,355,70,120,129,36
"2011","Cornwall 073B","E01018902","Total",561,57,134,236,134,303,20,37,148,98,258,37,97,88,36
"2011","Cornwall 073C","E01018903","Total",1194,84,113,770,227,886,30,40,628,188,308,54,73,142,39
"2011","Cornwall 073D","E01018904","Total",859,115,205,418,121,433,30,57,259,87,426,85,148,159,34
"2011","Cornwall 073E","E01018920","Total",910,122,201,410,177,493,32,54,264,143,417,90,147,146,34
"2011","Cornwall 001A","E01018936","Total",714,66,181,377,90,372,22,53,238,59,342,44,128,139,31
"2011","Cornwall 001B","E01018937","Total",810,91,218,418,83,407,26,48,273,60,403,65,170,145,23
"2011","Cornwall 001C","E01018938","Total",631,80,163,308,80,331,24,43,204,60,300,56,120,104,20
"2011","Cornwall 001D","E01018959","Total",526,78,121,241,86,280,23,37,160,60,246,55,84,81,26
"2011","Cornwall 001E","E01018960","Total",864,86,236,442,100,440,17,61,287,75,424,69,175,155,25
"2011","Cornwall 001F","E01018961","Total",609,62,147,317,83,321,13,42,211,55,288,49,105,106,28
"2011","Cornwall 002A","E01018943","Total",1045,118,232,501,194,578,32,70,334,142,467,86,162,167,52
"2011","Cornwall 002B","E01018951","Total",1017,110,246,435,226,549,34,70,285,160,468,76,176,150,66
"2011","Cornwall 002C","E01018974","Total",1200,116,262,521,301,681,35,72,340,234,519,81,190,181,67
"2011","Cornwall 003A","E01018940","Total",740,93,187,335,125,378,23,42,218,95,362,70,145,117,30
"2011","Cornwall 003B","E01018941","Total",709,61,166,368,114,376,17,51,225,83,333,44,115,143,31
"2011","Cornwall 003C","E01018942","Total",682,66,162,302,152,372,19,57,195,101,310,47,105,107,51
"2011","Cornwall 003D","E01018969","Total",1041,118,225,481,217,549,33,58,299,159,492,85,167,182,58
"2011","Cornwall 004B","E01018953","Total",562,57,124,239,142,311,13,30,155,113,251,44,94,84,29
"2011","Cornwall 004C","E01018968","Total",1208,131,285,504,288,659,33,78,319,229,549,98,207,185,59
"2011","Cornwall 004D","E01033291","Total",754,83,174,373,124,393,22,46,243,82,361,61,128,130,42
"2011","Cornwall 004E","E01033292","Total",573,52,144,324,53,290,17,37,198,38,283,35,107,126,15
"2011","Cornwall 005A","E01018946","Total",703,98,163,370,72,365,28,37,245,55,338,70,126,125,17
"2011","Cornwall 005B","E01018947","Total",1496,133,308,870,185,798,45,71,536,146,698,88,237,334,39
"2011","Cornwall 005C","E01018948","Total",812,79,161,456,116,440,17,43,300,80,372,62,118,156,36
"2011","Cornwall 005D","E01018949","Total",592,68,141,324,59,320,16,37,226,41,272,52,104,98,18
"2011","Cornwall 005E","E01018950","Total",900,80,166,528,126,480,24,57,303,96,420,56,109,225,30
"2011","Cornwall 006A","E01018925","Total",1008,110,216,445,237,524,20,63,259,182,484,90,153,186,55
"2011","Cornwall 006B","E01018952","Total",550,54,142,269,85,301,12,41,184,64,249,42,101,85,21
"2011","Cornwall 006C","E01018965","Total",1146,134,264,541,207,579,33,63,321,162,567,101,201,220,45
"2011","Cornwall 006D","E01018966","Total",573,61,127,293,92,308,20,36,176,76,265,41,91,117,16
"2011","Cornwall 006E","E01018967","Total",657,99,120,319,119,342,28,30,195,89,315,71,90,124,30
"2011","Cornwall 007A","E01018924","Total",573,64,143,251,115,301,18,40,156,87,272,46,103,95,28
"2011","Cornwall 007B","E01018962","Total",1000,116,210,415,259,535,24,62,266,183,465,92,148,149,76
"2011","Cornwall 007E","E01033289","Total",950,107,211,418,214,518,29,75,261,153,432,78,136,157,61
"2011","Cornwall 008A","E01018954","Total",625,75,124,306,120,328,14,28,190,96,297,61,96,116,24
"2011","Cornwall 008B","E01018955","Total",731,78,142,385,126,397,23,47,235,92,334,55,95,150,34
"2011","Cornwall 008C","E01018956","Total",477,52,113,209,103,264,13,37,137,77,213,39,76,72,26
"2011","Cornwall 008D","E01018957","Total",609,65,130,318,96,319,19,37,188,75,290,46,93,130,21
"2011","Cornwall 008E","E01018958","Total",549,52,120,280,97,299,13,37,183,66,250,39,83,97,31
"2011","Cornwall 009A","E01018970","Total",750,85,180,397,88,375,21,36,248,70,375,64,144,149,18
"2011","Cornwall 009B","E01018971","Total",800,102,188,417,93,408,24,46,272,66,392,78,142,145,27
"2011","Cornwall 009C","E01018972","Total",805,85,167,454,99,414,31,28,286,69,391,54,139,168,30
"2011","Cornwall 009D","E01018973","Total",647,72,174,331,70,322,14,46,204,58,325,58,128,127,12
"2011","Cornwall 011A","E01018923","Total",574,79,114,254,127,296,20,31,156,89,278,59,83,98,38
"2011","Cornwall 011B","E01018926","Total",1121,130,256,524,211,591,33,70,322,166,530,97,186,202,45
"2011","Cornwall 011C","E01018944","Total",554,56,110,278,110,290,13,29,168,80,264,43,81,110,30
"2011","Cornwall 011D","E01018945","Total",639,69,139,307,124,335,17,33,191,94,304,52,106,116,30
"2011","Cornwall 014A","E01018932","Total",775,70,161,454,90,415,20,32,290,73,360,50,129,164,17
"2011","Cornwall 014B","E01018933","Total",668,46,130,411,81,364,17,37,261,49,304,29,93,150,32
"2011","Cornwall 014C","E01018934","Total",986,121,202,563,100,521,41,46,361,73,465,80,156,202,27
"2011","Cornwall 014D","E01018935","Total",1086,85,243,653,105,552,26,52,400,74,534,59,191,253,31
"2011","Cornwall 015A","E01018927","Total",708,64,189,387,68,369,23,41,251,54,339,41,148,136,14
"2011","Cornwall 015B","E01018928","Total",786,78,157,479,72,404,21,40,296,47,382,57,117,183,25
"2011","Cornwall 015C","E01018929","Total",562,44,117,337,64,295,5,32,208,50,267,39,85,129,14
"2011","Cornwall 015D","E01018930","Total",615,52,176,325,62,312,23,39,199,51,303,29,137,126,11
"2011","Cornwall 015E","E01018931","Total",546,35,139,316,56,277,10,24,195,48,269,25,115,121,8
"2011","Cornwall 054A","E01019008","Total",576,53,174,284,65,289,20,52,175,42,287,33,122,109,23
"2011","Cornwall 054B","E01019009","Total",687,78,183,331,95,348,17,50,205,76,339,61,133,126,19
"2011","Cornwall 054C","E01019010","Total",672,94,170,334,74,338,34,48,209,47,334,60,122,125,27
"2011","Cornwall 054D","E01019011","Total",628,89,149,286,104,329,28,47,178,76,299,61,102,108,28
"2011","Cornwall 054E","E01019012","Total",854,94,208,390,162,454,39,72,232,111,400,55,136,158,51
"2011","Cornwall 057A","E01018978","Total",694,63,175,362,94,358,18,60,212,68,336,45,115,150,26
"2011","Cornwall 057B","E01018981","Total",904,89,199,511,105,470,30,50,309,81,434,59,149,202,24
"2011","Cornwall 057C","E01018982","Total",949,76,241,527,105,485,20,69,322,74,464,56,172,205,31
"2011","Cornwall 057D","E01018983","Total",696,76,163,365,92,350,23,45,219,63,346,53,118,146,29
"2011","Cornwall 057E","E01018984","Total",780,76,232,390,82,409,24,63,255,67,371,52,169,135,15
"2011","Cornwall 058A","E01018985","Total",1033,110,256,521,146,513,32,73,303,105,520,78,183,218,41
"2011","Cornwall 058B","E01018986","Total",601,72,154,296,79,307,23,51,178,55,294,49,103,118,24
"2011","Cornwall 058C","E01018987","Total",1028,111,258,479,180,532,35,67,300,130,496,76,191,179,50
"2011","Cornwall 061A","E01018975","Total",844,94,227,426,97,411,21,57,262,71,433,73,170,164,26
"2011","Cornwall 061B","E01018979","Total",691,76,165,364,86,386,32,45,236,73,305,44,120,128,13
"2011","Cornwall 061C","E01018980","Total",657,56,143,344,114,344,17,25,220,82,313,39,118,124,32
"2011","Cornwall 061D","E01018990","Total",691,77,190,329,95,354,28,60,205,61,337,49,130,124,34
"2011","Cornwall 061E","E01019007","Total",1058,113,260,507,178,557,36,61,333,127,501,77,199,174,51
"2011","Cornwall 065A","E01018988","Total",729,74,194,377,84,377,18,63,229,67,352,56,131,148,17
"2011","Cornwall 065B","E01018989","Total",820,100,207,368,145,424,35,65,211,113,396,65,142,157,32
"2011","Cornwall 065C","E01018991","Total",685,72,180,339,94,358,23,53,212,70,327,49,127,127,24
"2011","Cornwall 065D","E01019006","Total",773,92,199,325,157,406,22,61,200,123,367,70,138,125,34
"2011","Cornwall 067A","E01018976","Total",904,115,231,437,121,450,31,64,265,90,454,84,167,172,31
"2011","Cornwall 067B","E01018977","Total",596,69,179,290,58,295,15,58,174,48,301,54,121,116,10
"2011","Cornwall 067C","E01018994","Total",641,76,162,342,61,325,19,55,205,46,316,57,107,137,15
"2011","Cornwall 067D","E01018996","Total",596,76,156,290,74,307,28,56,168,55,289,48,100,122,19
"2011","Cornwall 067E","E01018997","Total",492,51,170,235,36,250,14,58,147,31,242,37,112,88,5
"2011","Cornwall 068A","E01018995","Total",844,85,225,418,116,433,23,74,249,87,411,62,151,169,29
"2011","Cornwall 068B","E01018998","Total",714,63,181,375,95,376,20,63,221,72,338,43,118,154,23
"2011","Cornwall 068C","E01018999","Total",663,78,185,314,86,344,25,67,187,65,319,53,118,127,21
"2011","Cornwall 068D","E01019001","Total",761,99,195,352,115,388,39,65,208,76,373,60,130,144,39
"2011","Cornwall 069A","E01018992","Total",835,105,210,375,145,416,37,62,224,93,419,68,148,151,52
"2011","Cornwall 069B","E01018993","Total",742,76,203,387,76,389,28,63,240,58,353,48,140,147,18
"2011","Cornwall 069C","E01019005","Total",996,123,232,448,193,521,37,66,275,143,475,86,166,173,50
"2011","Cornwall 070A","E01019000","Total",508,63,134,242,69,274,25,40,159,50,234,38,94,83,19
"2011","Cornwall 070B","E01019002","Total",572,90,138,246,98,316,28,53,168,67,256,62,85,78,31
"2011","Cornwall 070C","E01019003","Total",781,104,200,351,126,403,31,61,211,100,378,73,139,140,26
"2011","Cornwall 070D","E01019004","Total",638,70,190,280,98,323,23,49,173,78,315,47,141,107,20
"2011","Cornwall 018A","E01019048","Total",853,62,198,475,118,448,25,55,288,80,405,37,143,187,38
"2011","Cornwall 018B","E01019049","Total",851,64,195,483,109,455,23,39,306,87,396,41,156,177,22
"2011","Cornwall 018C","E01019050","Total",715,70,117,431,97,390,21,34,263,72,325,49,83,168,25
"2011","Cornwall 018D","E01019051","Total",663,76,160,364,63,339,25,35,234,45,324,51,125,130,18
"2011","Cornwall 019A","E01019060","Total",810,77,171,391,171,430,20,51,246,113,380,57,120,145,58
"2011","Cornwall 019B","E01019061","Total",842,88,179,478,97,436,28,45,287,76,406,60,134,191,21
"2011","Cornwall 019C","E01019062","Total",827,80,197,447,103,416,21,57,261,77,411,59,140,186,26
"2011","Cornwall 019D","E01019063","Total",1010,91,219,569,131,505,26,44,339,96,505,65,175,230,35
"2011","Cornwall 019E","E01019064","Total",953,87,197,521,148,509,26,47,320,116,444,61,150,201,32
"2011","Cornwall 019F","E01019065","Total",634,57,137,378,62,348,24,36,236,52,286,33,101,142,10
"2011","Cornwall 020A","E01019028","Total",1017,75,237,576,129,542,31,71,345,95,475,44,166,231,34
"2011","Cornwall 020B","E01019029","Total",737,64,171,398,104,380,19,51,239,71,357,45,120,159,33
"2011","Cornwall 020C","E01019030","Total",882,88,194,479,121,471,30,62,284,95,411,58,132,195,26
"2011","Cornwall 020D","E01019031","Total",751,83,168,374,126,409,32,60,224,93,342,51,108,150,33
"2011","Cornwall 021A","E01019018","Total",733,65,175,406,87,393,23,43,255,72,340,42,132,151,15
"2011","Cornwall 021B","E01019019","Total",629,71,147,339,72,318,23,32,210,53,311,48,115,129,19
"2011","Cornwall 021C","E01019020","Total",725,71,165,404,85,389,20,55,249,65,336,51,110,155,20
"2011","Cornwall 021D","E01019021","Total",683,60,173,375,75,344,23,44,219,58,339,37,129,156,17
"2011","Cornwall 021E","E01019022","Total",739,75,177,405,82,375,21,47,247,60,364,54,130,158,22
"2011","Cornwall 021F","E01019023","Total",848,61,211,503,73,438,19,51,308,60,410,42,160,195,13
"2011","Cornwall 024A","E01019052","Total",844,64,186,484,110,463,17,45,309,92,381,47,141,175,18
"2011","Cornwall 024B","E01019053","Total",980,90,218,563,109,529,30,49,361,89,451,60,169,202,20
"2011","Cornwall 024C","E01019054","Total",883,71,177,540,95,461,15,27,347,72,422,56,150,193,23
"2011","Cornwall 024D","E01019055","Total",597,59,129,349,60,323,24,26,224,49,274,35,103,125,11
"2011","Cornwall 027A","E01019035","Total",657,82,156,320,99,329,20,44,192,73,328,62,112,128,26
"2011","Cornwall 027B","E01019036","Total",811,90,161,425,135,433,26,38,274,95,378,64,123,151,40
"2011","Cornwall 027C","E01019037","Total",650,60,159,339,92,340,20,56,196,68,310,40,103,143,24
"2011","Cornwall 027D","E01019074","Total",827,68,199,458,102,436,17,58,278,83,391,51,141,180,19
"2011","Cornwall 027E","E01019075","Total",831,74,190,474,93,445,31,37,306,71,386,43,153,168,22
"2011","Cornwall 027F","E01019076","Total",823,79,183,478,83,451,21,58,307,65,372,58,125,171,18
"2011","Cornwall 030A","E01019069","Total",647,62,120,407,58,348,20,26,256,46,299,42,94,151,12
"2011","Cornwall 030B","E01019070","Total",839,87,204,467,81,442,19,51,305,67,397,68,153,162,14
"2011","Cornwall 030C","E01019071","Total",769,99,164,396,110,413,22,43,263,85,356,77,121,133,25
"2011","Cornwall 030D","E01019072","Total",689,60,167,386,76,360,16,39,250,55,329,44,128,136,21
"2011","Cornwall 030E","E01019073","Total",685,78,167,350,90,348,20,35,229,64,337,58,132,121,26
"2011","Cornwall 031A","E01019056","Total",567,66,154,293,54,287,15,32,196,44,280,51,122,97,10
"2011","Cornwall 031B","E01019057","Total",922,78,213,543,88,478,26,44,337,71,444,52,169,206,17
"2011","Cornwall 031C","E01019058","Total",894,80,223,497,94,455,21,50,305,79,439,59,173,192,15
"2011","Cornwall 031D","E01019059","Total",693,63,183,379,68,346,17,36,241,52,347,46,147,138,16
"2011","Cornwall 035A","E01019024","Total",681,63,165,354,99,359,19,44,216,80,322,44,121,138,19
"2011","Cornwall 035B","E01019025","Total",581,74,142,259,106,285,19,45,140,81,296,55,97,119,25
"2011","Cornwall 035C","E01019026","Total",651,71,159,346,75,340,19,43,225,53,311,52,116,121,22
"2011","Cornwall 035D","E01019027","Total",655,80,155,317,103,329,26,50,181,72,326,54,105,136,31
"2011","Cornwall 036A","E01019013","Total",936,89,232,527,88,484,26,53,327,78,452,63,179,200,10
"2011","Cornwall 036B","E01019014","Total",688,57,161,403,67,351,17,38,240,56,337,40,123,163,11
"2011","Cornwall 036C","E01019015","Total",757,81,163,434,79,403,28,38,272,65,354,53,125,162,14
"2011","Cornwall 036D","E01019016","Total",1000,89,245,564,102,498,25,41,352,80,502,64,204,212,22
"2011","Cornwall 036E","E01019017","Total",975,115,195,509,156,489,41,56,279,113,486,74,139,230,43
"2011","Cornwall 038A","E01019032","Total",665,62,146,393,64,348,20,36,240,52,317,42,110,153,12
"2011","Cornwall 038B","E01019034","Total",699,72,170,382,75,358,20,35,247,56,341,52,135,135,19
"2011","Cornwall 038C","E01019045","Total",1097,105,230,659,103,557,29,44,407,77,540,76,186,252,26
"2011","Cornwall 038D","E01019047","Total",456,67,95,248,46,231,19,23,152,37,225,48,72,96,9
"2011","Cornwall 039A","E01019033","Total",486,45,124,266,51,258,14,39,168,37,228,31,85,98,14
"2011","Cornwall 039B","E01019041","Total",683,69,150,407,57,363,20,38,259,46,320,49,112,148,11
"2011","Cornwall 039C","E01019042","Total",770,60,191,432,87,433,22,59,283,69,337,38,132,149,18
"2011","Cornwall 039D","E01019043","Total",663,80,153,346,84,348,31,40,214,63,315,49,113,132,21
"2011","Cornwall 039E","E01019044","Total",604,65,136,336,67,319,22,29,215,53,285,43,107,121,14
"2011","Cornwall 039F","E01019046","Total",588,65,147,332,44,300,13,37,218,32,288,52,110,114,12
"2011","Cornwall 041A","E01019038","Total",449,50,112,210,77,234,17,36,129,52,215,33,76,81,25
"2011","Cornwall 041B","E01019039","Total",567,66,136,254,111,312,22,40,168,82,255,44,96,86,29
"2011","Cornwall 041C","E01019040","Total",540,61,119,268,92,279,20,32,158,69,261,41,87,110,23
"2011","Cornwall 041D","E01019066","Total",579,64,115,282,118,305,23,19,170,93,274,41,96,112,25
"2011","Cornwall 041E","E01019067","Total",498,66,105,234,93,265,18,30,147,70,233,48,75,87,23
"2011","Cornwall 041F","E01019068","Total",661,80,144,341,96,368,25,43,222,78,293,55,101,119,18
"2011","Isles of Scilly 001A","E01019077","Total",1311,93,229,745,244,694,26,63,445,160,617,67,166,300,84
"2011","North Somerset 001B","E01014790","Total",721,88,153,362,118,381,28,29,225,99,340,60,124,137,19
"2011","North Somerset 001C","E01014795","Total",688,69,137,396,86,370,21,32,249,68,318,48,105,147,18
"2011","North Somerset 001D","E01014797","Total",873,103,172,498,100,468,29,42,323,74,405,74,130,175,26
"2011","North Somerset 001E","E01032675","Total",860,49,130,517,164,469,14,32,297,126,391,35,98,220,38
"2011","North Somerset 001F","E01032676","Total",814,39,87,537,151,438,15,15,303,105,376,24,72,234,46
"2011","North Somerset 001G","E01032681","Total",549,62,118,291,78,285,23,26,177,59,264,39,92,114,19
"2011","North Somerset 002A","E01014789","Total",623,70,120,314,119,340,23,35,190,92,283,47,85,124,27
"2011","North Somerset 002B","E01014793","Total",769,81,176,396,116,385,20,39,234,92,384,61,137,162,24
"2011","North Somerset 002C","E01014794","Total",738,67,151,383,137,382,18,28,233,103,356,49,123,150,34
"2011","North Somerset 002D","E01014798","Total",790,102,167,446,75,422,22,32,305,63,368,80,135,141,12
"2011","North Somerset 003B","E01014792","Total",833,86,172,471,104,429,15,35,298,81,404,71,137,173,23
"2011","North Somerset 003C","E01014796","Total",797,91,180,423,103,412,25,39,273,75,385,66,141,150,28
"2011","North Somerset 003D","E01032677","Total",740,52,131,454,103,388,11,26,271,80,352,41,105,183,23
"2011","North Somerset 003E","E01032678","Total",891,67,155,530,139,473,20,19,326,108,418,47,136,204,31
"2011","North Somerset 003F","E01032682","Total",570,62,121,325,62,289,17,12,207,53,281,45,109,118,9
"2011","North Somerset 004A","E01014766","Total",628,76,115,309,128,352,28,33,192,99,276,48,82,117,29
"2011","North Somerset 004B","E01014767","Total",618,66,128,340,84,343,22,40,215,66,275,44,88,125,18
"2011","North Somerset 004C","E01014786","Total",741,80,154,424,83,386,25,27,271,63,355,55,127,153,20
"2011","North Somerset 004D","E01014787","Total",993,91,202,555,145,509,32,38,331,108,484,59,164,224,37
"2011","North Somerset 005A","E01014752","Total",817,88,177,450,102,425,22,36,288,79,392,66,141,162,23
"2011","North Somerset 005B","E01014754","Total",604,60,103,356,85,315,16,26,216,57,289,44,77,140,28
"2011","North Somerset 005C","E01014758","Total",528,64,99,273,92,274,17,23,163,71,254,47,76,110,21
"2011","North Somerset 005D","E01014759","Total",614,89,144,299,82,332,28,39,200,65,282,61,105,99,17
"2011","North Somerset 006B","E01014849","Total",714,72,142,369,131,384,24,26,229,105,330,48,116,140,26
"2011","North Somerset 006C","E01014850","Total",1021,124,198,551,148,530,28,47,340,115,491,96,151,211,33
"2011","North Somerset 006D","E01014851","Total",1298,114,253,751,180,672,25,49,458,140,626,89,204,293,40
"2011","North Somerset 006E","E01014852","Total",833,94,183,394,162,434,23,36,244,131,399,71,147,150,31
"2011","North Somerset 006F","E01032674","Total",1363,119,259,779,206,725,31,48,486,160,638,88,211,293,46
"2011","North Somerset 006G","E01032680","Total",893,125,176,409,183,478,32,42,259,145,415,93,134,150,38
"2011","North Somerset 007A","E01014750","Total",822,106,175,446,95,422,24,54,266,78,400,82,121,180,17
"2011","North Somerset 007B","E01014751","Total",753,91,161,410,91,394,28,32,258,76,359,63,129,152,15
"2011","North Somerset 007C","E01014753","Total",847,92,171,486,98,444,24,32,301,87,403,68,139,185,11
"2011","North Somerset 007D","E01014755","Total",603,71,106,340,86,311,20,27,200,64,292,51,79,140,22
"2011","North Somerset 007E","E01014760","Total",723,87,169,397,70,355,29,29,241,56,368,58,140,156,14
"2011","North Somerset 008A","E01014780","Total",730,82,164,400,84,371,18,38,249,66,359,64,126,151,18
"2011","North Somerset 008B","E01014781","Total",692,77,164,368,83,361,21,39,234,67,331,56,125,134,16
"2011","North Somerset 008C","E01014782","Total",655,69,128,379,79,352,17,28,244,63,303,52,100,135,16
"2011","North Somerset 008D","E01014783","Total",837,97,153,486,101,433,34,36,291,72,404,63,117,195,29
"2011","North Somerset 008E","E01014784","Total",740,92,174,410,64,380,21,42,262,55,360,71,132,148,9
"2011","North Somerset 008F","E01014785","Total",664,82,141,349,92,340,19,37,215,69,324,63,104,134,23
"2011","North Somerset 009A","E01014775","Total",687,85,147,373,82,366,34,27,233,72,321,51,120,140,10
"2011","North Somerset 009B","E01014776","Total",696,104,140,362,90,357,34,30,222,71,339,70,110,140,19
"2011","North Somerset 009C","E01014777","Total",778,88,155,448,87,419,21,34,292,72,359,67,121,156,15
"2011","North Somerset 009D","E01014778","Total",624,85,148,299,92,340,34,30,202,74,284,51,118,97,18
"2011","North Somerset 009E","E01014779","Total",578,88,93,303,94,304,28,14,195,67,274,60,79,108,27
"2011","North Somerset 010A","E01014756","Total",864,87,162,527,88,460,28,37,322,73,404,59,125,205,15
"2011","North Somerset 010B","E01014757","Total",836,91,165,477,103,437,21,30,298,88,399,70,135,179,15
"2011","North Somerset 010C","E01014761","Total",889,97,177,502,113,453,26,37,303,87,436,71,140,199,26
"2011","North Somerset 010D","E01014762","Total",785,97,158,435,95,403,23,27,273,80,382,74,131,162,15
"2011","North Somerset 010E","E01014763","Total",1026,112,187,616,111,534,30,28,387,89,492,82,159,229,22
"2011","North Somerset 011A","E01014737","Total",688,91,165,334,98,354,24,34,219,77,334,67,131,115,21
"2011","North Somerset 011B","E01014738","Total",720,92,140,393,95,370,15,29,249,77,350,77,111,144,18
"2011","North Somerset 011C","E01014739","Total",727,104,167,307,149,386,34,48,192,112,341,70,119,115,37
"2011","North Somerset 011D","E01014740","Total",680,80,162,315,123,362,28,40,198,96,318,52,122,117,27
"2011","North Somerset 012A","E01014855","Total",764,82,151,418,113,402,32,39,245,86,362,50,112,173,27
"2011","North Somerset 012B","E01014856","Total",772,84,149,419,120,411,24,27,267,93,361,60,122,152,27
"2011","North Somerset 012C","E01014857","Total",709,88,154,380,87,366,19,29,246,72,343,69,125,134,15
"2011","North Somerset 012D","E01014858","Total",989,85,178,573,153,510,17,39,333,121,479,68,139,240,32
"2011","North Somerset 012E","E01014859","Total",753,69,179,406,99,390,21,35,256,78,363,48,144,150,21
"2011","North Somerset 012F","E01014860","Total",735,85,145,424,81,394,30,30,266,68,341,55,115,158,13
"2011","North Somerset 013A","E01014847","Total",889,123,166,433,167,468,42,28,264,134,421,81,138,169,33
"2011","North Somerset 013B","E01014848","Total",698,86,152,344,116,378,21,33,224,100,320,65,119,120,16
"2011","North Somerset 013C","E01014853","Total",741,88,140,379,134,381,15,28,224,114,360,73,112,155,20
"2011","North Somerset 013D","E01014854","Total",684,68,136,326,154,359,12,37,195,115,325,56,99,131,39
"2011","North Somerset 014A","E01014764","Total",691,106,153,330,102,351,36,37,196,82,340,70,116,134,20
"2011","North Somerset 014B","E01014765","Total",850,113,193,401,143,446,35,33,261,117,404,78,160,140,26
"2011","North Somerset 014C","E01014773","Total",954,107,188,501,158,507,30,47,312,118,447,77,141,189,40
"2011","North Somerset 014D","E01014774","Total",821,103,156,436,126,429,34,35,271,89,392,69,121,165,37
"2011","North Somerset 015A","E01014821","Total",673,69,124,405,75,335,23,23,227,62,338,46,101,178,13
"2011","North Somerset 015B","E01014822","Total",815,89,183,454,89,416,24,26,294,72,399,65,157,160,17
"2011","North Somerset 015C","E01014823","Total",738,81,144,422,91,386,25,22,264,75,352,56,122,158,16
"2011","North Somerset 015D","E01014824","Total",746,73,163,415,95,374,14,31,253,76,372,59,132,162,19
"2011","North Somerset 015E","E01014825","Total",641,67,150,364,60,351,20,31,248,52,290,47,119,116,8
"2011","North Somerset 015F","E01014826","Total",840,79,188,485,88,427,21,30,299,77,413,58,158,186,11
"2011","North Somerset 015G","E01014827","Total",653,55,164,362,72,350,21,41,228,60,303,34,123,134,12
"2011","North Somerset 016A","E01014817","Total",664,67,150,353,94,340,18,39,210,73,324,49,111,143,21
"2011","North Somerset 016B","E01014820","Total",503,62,137,256,48,249,20,27,157,45,254,42,110,99,3
"2011","North Somerset 016C","E01014835","Total",570,62,144,299,65,288,17,23,194,54,282,45,121,105,11
"2011","North Somerset 016D","E01014836","Total",616,69,141,339,67,302,15,32,205,50,314,54,109,134,17
"2011","North Somerset 016E","E01014838","Total",632,70,162,342,58,320,23,32,217,48,312,47,130,125,10
"2011","North Somerset 016F","E01014840","Total",574,46,136,333,59,296,8,25,212,51,278,38,111,121,8
"2011","North Somerset 017A","E01014812","Total",618,58,144,342,74,324,15,27,219,63,294,43,117,123,11
"2011","North Somerset 017B","E01014813","Total",809,86,185,440,98,421,24,38,277,82,388,62,147,163,16
"2011","North Somerset 017C","E01014815","Total",615,68,155,317,75,333,25,32,212,64,282,43,123,105,11
"2011","North Somerset 017D","E01014816","Total",691,90,162,376,63,369,30,40,247,52,322,60,122,129,11
"2011","North Somerset 017E","E01014818","Total",783,95,153,428,107,415,23,23,292,77,368,72,130,136,30
"2011","North Somerset 017F","E01014819","Total",671,94,142,366,69,350,27,44,225,54,321,67,98,141,15
"2011","North Somerset 018A","E01014841","Total",873,54,153,526,140,501,27,51,322,101,372,27,102,204,39
"2011","North Somerset 018B","E01014842","Total",683,48,116,417,102,359,13,35,246,65,324,35,81,171,37
"2011","North Somerset 018C","E01014843","Total",642,58,110,382,92,349,21,37,228,63,293,37,73,154,29
"2011","North Somerset 018D","E01014844","Total",559,37,111,332,79,288,13,41,184,50,271,24,70,148,29
"2011","North Somerset 018E","E01014845","Total",543,76,114,292,61,278,21,30,183,44,265,55,84,109,17
"2011","North Somerset 018F","E01014846","Total",689,87,130,368,104,366,33,32,222,79,323,54,98,146,25
"2011","North Somerset 020A","E01014799","Total",737,53,163,430,91,405,26,50,253,76,332,27,113,177,15
"2011","North Somerset 020B","E01014800","Total",682,67,141,397,77,384,34,42,246,62,298,33,99,151,15
"2011","North Somerset 020C","E01014801","Total",520,55,101,292,72,282,19,43,177,43,238,36,58,115,29
"2011","North Somerset 020D","E01014802","Total",656,60,146,382,68,349,28,52,216,53,307,32,94,166,15
"2011","North Somerset 020E","E01014809","Total",810,81,175,463,91,441,27,45,298,71,369,54,130,165,20
"2011","North Somerset 020F","E01014811","Total",725,89,169,400,67,379,33,41,252,53,346,56,128,148,14
"2011","North Somerset 021A","E01014829","Total",778,69,210,418,81,389,27,59,237,66,389,42,151,181,15
"2011","North Somerset 021B","E01014830","Total",751,73,187,429,62,376,23,41,257,55,375,50,146,172,7
"2011","North Somerset 021C","E01014831","Total",440,47,128,224,41,228,14,36,142,36,212,33,92,82,5
"2011","North Somerset 021D","E01014832","Total",451,59,111,247,34,246,20,30,169,27,205,39,81,78,7
"2011","North Somerset 021E","E01014833","Total",490,61,135,255,39,240,18,31,162,29,250,43,104,93,10
"2011","North Somerset 022A","E01014804","Total",539,74,108,283,74,276,23,30,164,59,263,51,78,119,15
"2011","North Somerset 022B","E01014806","Total",581,53,110,340,78,308,12,26,214,56,273,41,84,126,22
"2011","North Somerset 022C","E01014807","Total",818,55,159,487,117,431,17,40,286,88,387,38,119,201,29
"2011","North Somerset 022D","E01014808","Total",703,83,161,385,74,341,21,33,226,61,362,62,128,159,13
"2011","North Somerset 023A","E01014744","Total",648,83,141,303,121,337,20,31,184,102,311,63,110,119,19
"2011","North Somerset 023B","E01014746","Total",645,55,149,348,93,335,12,32,221,70,310,43,117,127,23
"2011","North Somerset 023C","E01014769","Total",1159,112,234,645,168,607,26,41,403,137,552,86,193,242,31
"2011","North Somerset 023D","E01014770","Total",566,66,120,320,60,305,21,32,201,51,261,45,88,119,9
"2011","North Somerset 023E","E01014771","Total",630,83,147,330,70,329,17,31,225,56,301,66,116,105,14
"2011","North Somerset 023F","E01014772","Total",624,78,127,322,97,319,27,27,189,76,305,51,100,133,21
"2011","North Somerset 024A","E01014741","Total",613,81,123,300,109,318,26,37,170,85,295,55,86,130,24
"2011","North Somerset 024B","E01014742","Total",662,89,138,325,110,359,34,38,205,82,303,55,100,120,28
"2011","North Somerset 024C","E01014745","Total",668,89,142,336,101,357,21,38,220,78,311,68,104,116,23
"2011","North Somerset 024D","E01014747","Total",676,93,121,321,141,366,26,26,201,113,310,67,95,120,28
"2011","North Somerset 024E","E01014748","Total",509,69,105,244,91,265,14,27,154,70,244,55,78,90,21
"2011","North Somerset 024F","E01014749","Total",697,75,164,342,116,364,25,40,208,91,333,50,124,134,25
"2011","North Somerset 025A","E01014803","Total",653,71,140,349,93,341,18,39,215,69,312,53,101,134,24
"2011","North Somerset 025B","E01014805","Total",550,91,113,273,73,296,32,29,179,56,254,59,84,94,17
"2011","North Somerset 025C","E01014828","Total",541,55,126,304,56,300,23,35,197,45,241,32,91,107,11
"2011","North Somerset 025D","E01014834","Total",543,74,144,272,53,275,32,28,170,45,268,42,116,102,8
"2011","North Somerset 026A","E01014839","Total",822,79,178,487,78,415,22,42,291,60,407,57,136,196,18
"2011","North Somerset 026B","E01032666","Total",605,54,117,338,96,315,17,23,194,81,290,37,94,144,15
"2011","North Somerset 026C","E01032667","Total",583,45,109,346,83,305,10,22,204,69,278,35,87,142,14
"2011","North Somerset 026D","E01032668","Total",826,65,150,498,113,416,13,20,294,89,410,52,130,204,24
"2011","North Somerset 026E","E01032672","Total",791,57,151,469,114,397,16,19,275,87,394,41,132,194,27
"2011","North Somerset 026F","E01032673","Total",582,55,115,340,72,325,18,23,227,57,257,37,92,113,15
"2011","North Somerset 027A","E01014810","Total",661,43,133,408,77,335,13,18,238,66,326,30,115,170,11
"2011","North Somerset 027B","E01032669","Total",826,60,138,525,103,422,17,16,304,85,404,43,122,221,18
"2011","North Somerset 027C","E01032670","Total",882,64,178,526,114,455,12,31,323,89,427,52,147,203,25
"2011","North Somerset 027D","E01032671","Total",733,75,149,414,95,355,13,21,244,77,378,62,128,170,18
"2011","North Somerset 027E","E01032679","Total",731,52,149,435,95,372,14,29,257,72,359,38,120,178,23
"2011","Plymouth 001A","E01015025","Total",659,71,135,345,108,346,24,36,203,83,313,47,99,142,25
"2011","Plymouth 001B","E01015097","Total",657,83,158,340,76,356,29,45,216,66,301,54,113,124,10
"2011","Plymouth 001C","E01015160","Total",714,73,161,403,77,366,20,33,249,64,348,53,128,154,13
"2011","Plymouth 001D","E01015164","Total",980,64,235,542,139,509,17,45,328,119,471,47,190,214,20
"2011","Plymouth 002A","E01015027","Total",820,68,173,479,100,427,23,34,286,84,393,45,139,193,16
"2011","Plymouth 002B","E01015159","Total",617,60,164,347,46,320,12,35,235,38,297,48,129,112,8
"2011","Plymouth 002C","E01015161","Total",632,62,159,360,51,319,21,27,226,45,313,41,132,134,6
"2011","Plymouth 002D","E01015162","Total",630,54,162,360,54,330,19,34,233,44,300,35,128,127,10
"2011","Plymouth 002E","E01015166","Total",798,60,159,491,88,409,19,29,289,72,389,41,130,202,16
"2011","Plymouth 003A","E01015023","Total",676,80,165,371,60,353,18,38,243,54,323,62,127,128,6
"2011","Plymouth 003B","E01015026","Total",679,52,155,411,61,381,15,38,276,52,298,37,117,135,9
"2011","Plymouth 003C","E01015028","Total",557,40,150,326,41,293,15,37,207,34,264,25,113,119,7
"2011","Plymouth 003D","E01015163","Total",619,66,158,326,69,324,22,32,211,59,295,44,126,115,10
"2011","Plymouth 003E","E01015165","Total",862,57,186,546,73,429,19,35,315,60,433,38,151,231,13
"2011","Plymouth 004A","E01015024","Total",796,71,145,492,88,411,23,31,286,71,385,48,114,206,17
"2011","Plymouth 004B","E01015082","Total",641,54,141,388,58,346,21,31,248,46,295,33,110,140,12
"2011","Plymouth 004C","E01015083","Total",594,52,146,331,65,316,15,36,212,53,278,37,110,119,12
"2011","Plymouth 004D","E01015084","Total",625,69,165,324,67,332,20,43,211,58,293,49,122,113,9
"2011","Plymouth 005A","E01015090","Total",753,70,168,456,59,374,15,27,291,41,379,55,141,165,18
"2011","Plymouth 005B","E01015091","Total",797,97,207,432,61,422,31,44,296,51,375,66,163,136,10
"2011","Plymouth 005C","E01015092","Total",657,115,170,312,60,322,34,39,211,38,335,81,131,101,22
"2011","Plymouth 005D","E01015093","Total",682,66,165,397,54,353,16,36,258,43,329,50,129,139,11
"2011","Plymouth 005E","E01015094","Total",659,65,155,381,58,338,13,25,245,55,321,52,130,136,3
"2011","Plymouth 006A","E01015085","Total",679,56,156,404,63,366,18,30,265,53,313,38,126,139,10
"2011","Plymouth 006B","E01015087","Total",610,70,168,325,47,334,21,48,221,44,276,49,120,104,3
"2011","Plymouth 006C","E01015088","Total",521,37,150,285,49,276,8,39,187,42,245,29,111,98,7
"2011","Plymouth 006D","E01015147","Total",596,56,134,333,73,311,10,33,217,51,285,46,101,116,22
"2011","Plymouth 006E","E01015148","Total",708,39,156,434,79,377,11,36,267,63,331,28,120,167,16
"2011","Plymouth 007A","E01015030","Total",567,61,143,333,30,295,23,31,225,16,272,38,112,108,14
"2011","Plymouth 007B","E01015070","Total",1285,94,275,747,169,657,30,58,440,129,628,64,217,307,40
"2011","Plymouth 007C","E01015081","Total",622,68,188,313,53,304,16,39,206,43,318,52,149,107,10
"2011","Plymouth 007D","E01015086","Total",527,48,129,301,49,271,10,30,190,41,256,38,99,111,8
"2011","Plymouth 007E","E01015089","Total",726,66,155,439,66,367,19,33,255,60,359,47,122,184,6
"2011","Plymouth 008A","E01015029","Total",859,69,201,463,126,430,21,34,264,111,429,48,167,199,15
"2011","Plymouth 008B","E01015064","Total",700,80,151,391,78,364,24,26,249,65,336,56,125,142,13
"2011","Plymouth 008C","E01015065","Total",615,64,129,313,109,328,11,24,199,94,287,53,105,114,15
"2011","Plymouth 008D","E01015071","Total",693,71,152,384,86,365,23,32,240,70,328,48,120,144,16
"2011","Plymouth 009A","E01015076","Total",740,64,140,457,79,391,12,27,285,67,349,52,113,172,12
"2011","Plymouth 009B","E01015142","Total",697,53,153,404,87,365,14,31,249,71,332,39,122,155,16
"2011","Plymouth 009C","E01015143","Total",635,50,128,397,60,344,15,28,250,51,291,35,100,147,9
"2011","Plymouth 009D","E01015144","Total",611,58,139,350,64,318,15,39,215,49,293,43,100,135,15
"2011","Plymouth 009E","E01015146","Total",700,51,182,393,74,346,6,37,240,63,354,45,145,153,11
"2011","Plymouth 009F","E01015149","Total",511,42,140,277,52,277,12,35,187,43,234,30,105,90,9
"2011","Plymouth 009G","E01015150","Total",615,49,154,346,66,338,17,33,234,54,277,32,121,112,12
"2011","Plymouth 010A","E01015063","Total",691,50,172,413,56,360,8,46,263,43,331,42,126,150,13
"2011","Plymouth 010B","E01015068","Total",787,77,170,439,101,406,17,29,279,81,381,60,141,160,20
"2011","Plymouth 010C","E01015069","Total",714,71,167,415,61,361,27,40,245,49,353,44,127,170,12
"2011","Plymouth 010D","E01015095","Total",633,62,151,353,67,332,16,33,226,57,301,46,118,127,10
"2011","Plymouth 010E","E01015096","Total",631,59,173,359,40,314,12,32,236,34,317,47,141,123,6
"2011","Plymouth 011A","E01015074","Total",597,65,156,323,53,307,23,32,210,42,290,42,124,113,11
"2011","Plymouth 011B","E01015077","Total",764,71,178,443,72,392,17,38,271,66,372,54,140,172,6
"2011","Plymouth 011C","E01015079","Total",702,69,148,422,63,365,16,26,271,52,337,53,122,151,11
"2011","Plymouth 011D","E01015102","Total",945,62,169,592,122,490,19,33,347,91,455,43,136,245,31
"2011","Plymouth 011E","E01015104","Total",804,75,183,474,72,420,20,36,302,62,384,55,147,172,10
"2011","Plymouth 012A","E01015035","Total",804,59,185,468,92,401,14,29,282,76,403,45,156,186,16
"2011","Plymouth 012B","E01015037","Total",601,51,148,350,52,303,22,27,211,43,298,29,121,139,9
"2011","Plymouth 012C","E01015058","Total",569,55,139,330,45,297,20,36,201,40,272,35,103,129,5
"2011","Plymouth 012D","E01015066","Total",779,72,188,469,50,409,21,39,301,48,370,51,149,168,2
"2011","Plymouth 012E","E01015067","Total",701,91,152,397,61,376,28,35,266,47,325,63,117,131,14
"2011","Plymouth 013A","E01015072","Total",658,67,172,372,47,353,19,44,249,41,305,48,128,123,6
"2011","Plymouth 013B","E01015073","Total",622,48,153,354,67,341,11,29,243,58,281,37,124,111,9
"2011","Plymouth 013C","E01015078","Total",410,37,113,226,34,222,10,31,156,25,188,27,82,70,9
"2011","Plymouth 013D","E01015080","Total",406,37,118,224,27,213,12,26,153,22,193,25,92,71,5
"2011","Plymouth 013E","E01015106","Total",605,48,127,368,62,316,14,23,227,52,289,34,104,141,10
"2011","Plymouth 014A","E01015039","Total",733,45,124,409,155,435,21,33,248,133,298,24,91,161,22
"2011","Plymouth 014B","E01015040","Total",620,46,144,378,52,338,12,40,244,42,282,34,104,134,10
"2011","Plymouth 014C","E01015041","Total",752,56,161,441,94,393,12,39,274,68,359,44,122,167,26
"2011","Plymouth 014D","E01015075","Total",597,60,165,314,58,287,12,29,199,47,310,48,136,115,11
"2011","Plymouth 014E","E01015145","Total",582,62,177,300,43,287,15,52,186,34,295,47,125,114,9
"2011","Plymouth 015A","E01015120","Total",754,81,167,426,80,386,24,32,263,67,368,57,135,163,13
"2011","Plymouth 015B","E01015121","Total",645,79,161,331,74,326,25,29,210,62,319,54,132,121,12
"2011","Plymouth 015C","E01015123","Total",694,79,146,379,90,356,21,37,228,70,338,58,109,151,20
"2011","Plymouth 015D","E01015124","Total",716,72,153,414,77,355,19,23,250,63,361,53,130,164,14
"2011","Plymouth 015E","E01015125","Total",754,91,164,434,65,395,29,36,276,54,359,62,128,158,11
"2011","Plymouth 016A","E01015033","Total",793,89,180,438,86,417,25,38,284,70,376,64,142,154,16
"2011","Plymouth 016B","E01015034","Total",659,86,133,327,113,358,27,31,210,90,301,59,102,117,23
"2011","Plymouth 016C","E01015036","Total",694,66,153,371,104,362,19,21,235,87,332,47,132,136,17
"2011","Plymouth 016D","E01015038","Total",889,95,180,507,107,460,25,42,305,88,429,70,138,202,19
"2011","Plymouth 016E","E01015101","Total",694,92,153,358,91,366,20,25,247,74,328,72,128,111,17
"2011","Plymouth 017A","E01015098","Total",755,75,164,427,89,373,28,47,236,62,382,47,117,191,27
"2011","Plymouth 017B","E01015099","Total",810,67,154,492,97,387,17,31,280,59,423,50,123,212,38
"2011","Plymouth 017C","E01015100","Total",769,86,164,414,105,387,33,47,241,66,382,53,117,173,39
"2011","Plymouth 017D","E01015103","Total",823,70,153,493,107,424,23,36,287,78,399,47,117,206,29
"2011","Plymouth 017E","E01015105","Total",815,63,163,460,129,410,14,40,258,98,405,49,123,202,31
"2011","Plymouth 018A","E01015107","Total",863,76,176,520,91,441,23,23,316,79,422,53,153,204,12
"2011","Plymouth 018B","E01015110","Total",919,85,201,529,104,484,20,30,347,87,435,65,171,182,17
"2011","Plymouth 018C","E01015111","Total",1009,65,199,640,105,508,20,26,379,83,501,45,173,261,22
"2011","Plymouth 018D","E01015119","Total",985,84,224,569,108,504,28,30,363,83,481,56,194,206,25
"2011","Plymouth 019A","E01015112","Total",740,71,138,436,95,378,22,23,261,72,362,49,115,175,23
"2011","Plymouth 019B","E01015113","Total",735,82,173,413,67,385,28,30,274,53,350,54,143,139,14
"2011","Plymouth 019C","E01015114","Total",745,76,154,423,92,387,19,28,276,64,358,57,126,147,28
"2011","Plymouth 019D","E01015118","Total",840,84,204,473,79,418,20,32,301,65,422,64,172,172,14
"2011","Plymouth 019E","E01015122","Total",736,85,176,394,81,377,30,23,268,56,359,55,153,126,25
"2011","Plymouth 020A","E01015042","Total",758,54,153,466,85,400,12,39,280,69,358,42,114,186,16
"2011","Plymouth 020B","E01015044","Total",746,55,134,473,84,405,17,44,278,66,341,38,90,195,18
"2011","Plymouth 020C","E01015167","Total",848,72,185,503,88,457,23,58,309,67,391,49,127,194,21
"2011","Plymouth 020D","E01015168","Total",959,88,195,549,127,518,30,50,339,99,441,58,145,210,28
"2011","Plymouth 020E","E01015171","Total",891,69,159,534,129,485,21,54,316,94,406,48,105,218,35
"2011","Plymouth 021A","E01015055","Total",588,57,146,331,54,308,16,36,209,47,280,41,110,122,7
"2011","Plymouth 021B","E01015056","Total",767,57,145,478,87,412,18,38,287,69,355,39,107,191,18
"2011","Plymouth 021C","E01015057","Total",627,56,140,371,60,313,14,26,224,49,314,42,114,147,11
"2011","Plymouth 021D","E01015059","Total",791,61,163,483,84,424,13,36,307,68,367,48,127,176,16
"2011","Plymouth 021E","E01015060","Total",708,64,156,429,59,374,15,32,275,52,334,49,124,154,7
"2011","Plymouth 021F","E01015176","Total",676,72,159,386,59,357,24,45,242,46,319,48,114,144,13
"2011","Plymouth 022A","E01015108","Total",961,70,198,547,146,496,17,22,336,121,465,53,176,211,25
"2011","Plymouth 022B","E01015109","Total",867,80,167,543,77,450,24,30,332,64,417,56,137,211,13
"2011","Plymouth 022C","E01015115","Total",526,58,136,276,56,248,12,28,166,42,278,46,108,110,14
"2011","Plymouth 022D","E01015116","Total",765,73,187,443,62,403,25,30,297,51,362,48,157,146,11
"2011","Plymouth 022E","E01015117","Total",781,59,194,466,62,393,15,29,297,52,388,44,165,169,10
"2011","Plymouth 023A","E01015031","Total",822,100,130,491,101,438,38,34,287,79,384,62,96,204,22
"2011","Plymouth 023B","E01015032","Total",866,168,147,483,68,493,80,77,289,47,373,88,70,194,21
"2011","Plymouth 023C","E01015049","Total",713,149,134,361,69,383,73,62,197,51,330,76,72,164,18
"2011","Plymouth 023D","E01015050","Total",742,171,139,378,54,408,75,65,230,38,334,96,74,148,16
"2011","Plymouth 023E","E01015051","Total",654,206,128,265,55,342,95,54,153,40,312,111,74,112,15
"2011","Plymouth 024A","E01015169","Total",921,132,179,493,117,500,57,58,297,88,421,75,121,196,29
"2011","Plymouth 024B","E01015170","Total",736,78,151,422,85,384,34,42,245,63,352,44,109,177,22
"2011","Plymouth 024C","E01015173","Total",893,89,138,525,141,469,31,41,293,104,424,58,97,232,37
"2011","Plymouth 024D","E01015174","Total",850,67,168,519,96,449,18,33,323,75,401,49,135,196,21
"2011","Plymouth 025A","E01015061","Total",710,76,142,427,65,358,22,43,248,45,352,54,99,179,20
"2011","Plymouth 025B","E01015062","Total",868,152,165,475,76,474,70,76,284,44,394,82,89,191,32
"2011","Plymouth 025C","E01015175","Total",862,110,137,538,77,477,51,42,329,55,385,59,95,209,22
"2011","Plymouth 025D","E01015177","Total",936,103,195,551,87,496,46,59,325,66,440,57,136,226,21
"2011","Plymouth 025E","E01015178","Total",1037,140,225,580,92,543,46,84,343,70,494,94,141,237,22
"2011","Plymouth 026A","E01015043","Total",630,60,176,327,67,358,16,70,218,54,272,44,106,109,13
"2011","Plymouth 026B","E01015045","Total",672,62,148,390,72,374,21,38,253,62,298,41,110,137,10
"2011","Plymouth 026C","E01015046","Total",651,48,194,343,66,383,15,70,238,60,268,33,124,105,6
"2011","Plymouth 026D","E01015047","Total",609,58,171,320,60,303,11,49,201,42,306,47,122,119,18
"2011","Plymouth 026E","E01015048","Total",467,49,112,254,52,258,22,34,157,45,209,27,78,97,7
"2011","Plymouth 027A","E01015053","Total",530,118,97,258,57,291,62,47,143,39,239,56,50,115,18
"2011","Plymouth 027B","E01015054","Total",596,228,123,194,51,298,102,39,115,42,298,126,84,79,9
"2011","Plymouth 027C","E01015152","Total",603,72,140,339,52,336,23,58,213,42,267,49,82,126,10
"2011","Plymouth 027E","E01015156","Total",734,72,96,415,151,468,33,44,280,111,266,39,52,135,40
"2011","Plymouth 027F","E01032657","Total",679,103,114,361,101,362,45,48,205,64,317,58,66,156,37
"2011","Plymouth 027G","E01032658","Total",537,55,97,310,75,309,27,44,188,50,228,28,53,122,25
"2011","Plymouth 028A","E01015052","Total",817,181,152,428,56,413,77,48,249,39,404,104,104,179,17
"2011","Plymouth 028B","E01015179","Total",829,154,160,439,76,453,77,56,262,58,376,77,104,177,18
"2011","Plymouth 028C","E01015180","Total",804,63,176,483,82,448,21,62,301,64,356,42,114,182,18
"2011","Plymouth 028D","E01015181","Total",1054,131,190,631,102,577,50,65,378,84,477,81,125,253,18
"2011","Plymouth 028E","E01015182","Total",887,69,214,516,88,456,21,58,313,64,431,48,156,203,24
"2011","Plymouth 029A","E01015151","Total",769,105,161,424,79,405,49,53,251,52,364,56,108,173,27
"2011","Plymouth 029B","E01015153","Total",658,67,144,387,60,360,22,55,235,48,298,45,89,152,12
"2011","Plymouth 029C","E01015155","Total",577,64,136,331,46,315,20,44,216,35,262,44,92,115,11
"2011","Plymouth 029D","E01015157","Total",1117,81,156,692,188,653,48,51,423,131,464,33,105,269,57
"2011","Plymouth 029E","E01015158","Total",1147,75,161,695,216,649,34,56,410,149,498,41,105,285,67
"2011","Plymouth 029F","E01015172","Total",973,78,189,576,130,531,19,67,345,100,442,59,122,231,30
"2011","Plymouth 030A","E01015126","Total",530,66,125,274,65,266,16,20,180,50,264,50,105,94,15
"2011","Plymouth 030B","E01015127","Total",727,69,180,408,70,358,16,32,252,58,369,53,148,156,12
"2011","Plymouth 030C","E01015131","Total",634,71,144,338,81,319,14,32,210,63,315,57,112,128,18
"2011","Plymouth 030D","E01015132","Total",653,67,141,360,85,334,16,15,231,72,319,51,126,129,13
"2011","Plymouth 030E","E01015133","Total",698,96,160,373,69,366,26,36,247,57,332,70,124,126,12
"2011","Plymouth 031A","E01015135","Total",737,76,167,410,84,377,20,28,258,71,360,56,139,152,13
"2011","Plymouth 031B","E01015136","Total",717,83,162,399,73,364,20,29,252,63,353,63,133,147,10
"2011","Plymouth 031C","E01015137","Total",815,82,172,452,109,431,27,31,286,87,384,55,141,166,22
"2011","Plymouth 031D","E01015138","Total",713,64,155,390,104,387,18,32,255,82,326,46,123,135,22
"2011","Plymouth 031E","E01015139","Total",636,55,149,362,70,325,20,32,220,53,311,35,117,142,17
"2011","Plymouth 031F","E01015141","Total",825,83,177,462,103,437,27,31,292,87,388,56,146,170,16
"2011","Plymouth 032A","E01015128","Total",764,76,169,437,82,385,25,24,267,69,379,51,145,170,13
"2011","Plymouth 032B","E01015129","Total",800,59,182,466,93,402,15,35,275,77,398,44,147,191,16
"2011","Plymouth 032C","E01015130","Total",886,85,206,476,119,474,19,34,312,109,412,66,172,164,10
"2011","Plymouth 032D","E01015134","Total",679,67,150,379,83,348,19,29,230,70,331,48,121,149,13
"2011","Plymouth 032E","E01015140","Total",579,52,135,295,97,320,14,23,199,84,259,38,112,96,13
"2011","Poole 001A","E01015431","Total",575,81,112,283,99,299,27,21,176,75,276,54,91,107,24
"2011","Poole 001B","E01015432","Total",790,96,177,421,96,411,23,36,283,69,379,73,141,138,27
"2011","Poole 001C","E01015433","Total",754,99,154,396,105,398,27,33,252,86,356,72,121,144,19
"2011","Poole 001D","E01015434","Total",719,128,149,353,89,366,41,32,223,70,353,87,117,130,19
"2011","Poole 002A","E01015379","Total",599,57,126,348,68,320,22,29,211,58,279,35,97,137,10
"2011","Poole 002B","E01015435","Total",861,68,159,534,100,433,13,29,308,83,428,55,130,226,17
"2011","Poole 002C","E01015436","Total",681,73,125,396,87,367,18,25,255,69,314,55,100,141,18
"2011","Poole 002D","E01015437","Total",682,82,157,359,84,363,23,42,228,70,319,59,115,131,14
"2011","Poole 003A","E01015395","Total",571,97,114,282,78,288,33,23,177,55,283,64,91,105,23
"2011","Poole 003B","E01015396","Total",708,108,143,353,104,375,34,39,215,87,333,74,104,138,17
"2011","Poole 003C","E01015397","Total",796,99,169,423,105,418,25,39,269,85,378,74,130,154,20
"2011","Poole 003D","E01015398","Total",728,104,159,372,93,379,21,34,247,77,349,83,125,125,16
"2011","Poole 003E","E01015399","Total",636,83,137,302,114,338,18,32,195,93,298,65,105,107,21
"2011","Poole 003F","E01015400","Total",679,82,151,356,90,365,19,24,247,75,314,63,127,109,15
"2011","Poole 003G","E01015401","Total",649,83,131,350,85,358,28,20,240,70,291,55,111,110,15
"2011","Poole 004A","E01015412","Total",771,91,175,403,102,411,27,37,265,82,360,64,138,138,20
"2011","Poole 004B","E01015413","Total",802,83,174,464,81,421,27,45,278,71,381,56,129,186,10
"2011","Poole 004C","E01015414","Total",762,73,174,440,75,388,16,33,278,61,374,57,141,162,14
"2011","Poole 004D","E01015415","Total",639,53,139,401,46,330,8,34,251,37,309,45,105,150,9
"2011","Poole 004E","E01015416","Total",692,78,151,375,88,351,16,25,239,71,341,62,126,136,17
"2011","Poole 005A","E01015407","Total",734,70,161,429,74,403,24,45,267,67,331,46,116,162,7
"2011","Poole 005B","E01015408","Total",660,75,144,376,65,359,21,35,244,59,301,54,109,132,6
"2011","Poole 005C","E01015409","Total",726,74,166,416,70,377,24,30,264,59,349,50,136,152,11
"2011","Poole 005D","E01015410","Total",927,76,175,595,81,483,25,33,364,61,444,51,142,231,20
"2011","Poole 005E","E01015411","Total",743,72,163,437,71,379,17,22,280,60,364,55,141,157,11
"2011","Poole 006A","E01015417","Total",690,56,159,411,64,374,12,42,267,53,316,44,117,144,11
"2011","Poole 006B","E01015418","Total",839,82,157,505,95,452,22,38,313,79,387,60,119,192,16
"2011","Poole 006C","E01015419","Total",895,85,179,529,102,479,23,32,340,84,416,62,147,189,18
"2011","Poole 006D","E01015420","Total",693,81,154,391,67,365,20,31,257,57,328,61,123,134,10
"2011","Poole 006E","E01015421","Total",612,58,133,358,63,331,10,34,237,50,281,48,99,121,13
"2011","Poole 006F","E01015422","Total",909,70,167,565,107,473,15,35,331,92,436,55,132,234,15
"2011","Poole 007A","E01015380","Total",776,84,154,436,102,420,29,31,278,82,356,55,123,158,20
"2011","Poole 007B","E01015381","Total",679,65,164,398,52,363,28,42,252,41,316,37,122,146,11
"2011","Poole 007C","E01015382","Total",957,70,183,602,102,509,17,39,370,83,448,53,144,232,19
"2011","Poole 007D","E01015383","Total",680,61,164,388,67,358,23,46,234,55,322,38,118,154,12
"2011","Poole 007E","E01015384","Total",653,75,180,336,62,343,30,49,210,54,310,45,131,126,8
"2011","Poole 007F","E01015385","Total",747,83,184,406,74,395,30,47,257,61,352,53,137,149,13
"2011","Poole 008A","E01015438","Total",819,92,175,483,69,434,30,37,310,57,385,62,138,173,12
"2011","Poole 008B","E01015439","Total",856,68,161,540,87,451,26,42,311,72,405,42,119,229,15
"2011","Poole 008C","E01015441","Total",930,81,168,580,101,493,19,37,356,81,437,62,131,224,20
"2011","Poole 008D","E01015442","Total",803,85,182,462,74,416,22,45,288,61,387,63,137,174,13
"2011","Poole 008E","E01015443","Total",834,85,176,483,90,432,20,39,298,75,402,65,137,185,15
"2011","Poole 008F","E01015444","Total",882,73,179,554,76,467,22,50,335,60,415,51,129,219,16
"2011","Poole 009A","E01015386","Total",823,51,149,533,90,461,23,45,326,67,362,28,104,207,23
"2011","Poole 009B","E01015387","Total",744,69,127,456,92,384,18,36,267,63,360,51,91,189,29
"2011","Poole 009C","E01015388","Total",651,103,148,311,89,351,40,35,202,74,300,63,113,109,15
"2011","Poole 009D","E01015389","Total",844,99,147,479,119,466,38,46,286,96,378,61,101,193,23
"2011","Poole 010A","E01015390","Total",906,68,165,571,102,492,22,40,353,77,414,46,125,218,25
"2011","Poole 010B","E01015391","Total",810,78,167,487,78,437,14,36,317,70,373,64,131,170,8
"2011","Poole 010C","E01015392","Total",749,61,138,466,84,383,13,33,270,67,366,48,105,196,17
"2011","Poole 010D","E01015393","Total",687,65,140,406,76,354,21,38,232,63,333,44,102,174,13
"2011","Poole 010E","E01015394","Total",878,97,192,493,96,448,24,40,313,71,430,73,152,180,25
"2011","Poole 011A","E01015440","Total",1009,86,217,586,120,507,28,38,352,89,502,58,179,234,31
"2011","Poole 011B","E01015447","Total",755,81,157,415,102,396,21,32,260,83,359,60,125,155,19
"2011","Poole 011C","E01015449","Total",842,85,174,519,64,411,33,28,300,50,431,52,146,219,14
"2011","Poole 011D","E01015456","Total",829,70,175,467,117,436,25,43,281,87,393,45,132,186,30
"2011","Poole 011E","E01015457","Total",773,74,140,438,121,428,22,34,282,90,345,52,106,156,31
"2011","Poole 012A","E01015445","Total",1008,126,208,543,131,526,38,41,333,114,482,88,167,210,17
"2011","Poole 012B","E01015446","Total",767,85,152,450,80,404,27,33,283,61,363,58,119,167,19
"2011","Poole 012C","E01015448","Total",802,78,152,483,89,423,21,33,297,72,379,57,119,186,17
"2011","Poole 012D","E01015450","Total",896,108,190,497,101,475,32,41,320,82,421,76,149,177,19
"2011","Poole 012E","E01015451","Total",691,77,142,374,98,377,24,26,247,80,314,53,116,127,18
"2011","Poole 013A","E01015458","Total",639,102,135,277,125,331,24,31,180,96,308,78,104,97,29
"2011","Poole 013B","E01015460","Total",944,82,209,558,95,502,24,59,345,74,442,58,150,213,21
"2011","Poole 013C","E01015461","Total",846,74,173,479,120,451,22,42,290,97,395,52,131,189,23
"2011","Poole 013D","E01015462","Total",899,71,164,528,136,498,23,48,319,108,401,48,116,209,28
"2011","Poole 013E","E01015463","Total",820,90,130,441,159,454,32,37,261,124,366,58,93,180,35
"2011","Poole 013F","E01015464","Total",804,97,148,399,160,424,24,31,249,120,380,73,117,150,40
"2011","Poole 014A","E01015427","Total",912,86,164,524,138,512,14,28,350,120,400,72,136,174,18
"2011","Poole 014B","E01015428","Total",1016,109,183,573,151,554,36,36,354,128,462,73,147,219,23
"2011","Poole 014C","E01015429","Total",761,87,161,438,75,405,28,40,275,62,356,59,121,163,13
"2011","Poole 014D","E01015430","Total",612,72,140,348,52,325,26,35,220,44,287,46,105,128,8
"2011","Poole 015A","E01015465","Total",925,59,174,587,105,467,23,41,324,79,458,36,133,263,26
"2011","Poole 015B","E01015466","Total",821,75,146,493,107,424,24,42,278,80,397,51,104,215,27
"2011","Poole 015D","E01015468","Total",887,57,147,579,104,436,17,31,316,72,451,40,116,263,32
"2011","Poole 015F","E01032659","Total",586,45,87,360,94,335,14,30,223,68,251,31,57,137,26
"2011","Poole 015G","E01032660","Total",864,90,137,538,99,451,35,34,314,68,413,55,103,224,31
"2011","Poole 015H","E01032661","Total",679,49,103,408,119,389,18,29,250,92,290,31,74,158,27
"2011","Poole 015I","E01032662","Total",473,32,85,299,57,261,10,27,187,37,212,22,58,112,20
"2011","Poole 016A","E01015423","Total",1034,112,161,621,140,580,38,50,382,110,454,74,111,239,30
"2011","Poole 016B","E01015424","Total",717,69,134,443,71,371,13,27,273,58,346,56,107,170,13
"2011","Poole 016C","E01015425","Total",635,75,130,356,74,331,24,29,222,56,304,51,101,134,18
"2011","Poole 016D","E01015426","Total",594,60,135,336,63,311,14,25,217,55,283,46,110,119,8
"2011","Poole 017A","E01015452","Total",747,102,163,345,137,401,31,42,220,108,346,71,121,125,29
"2011","Poole 017B","E01015453","Total",1051,64,185,626,176,565,20,43,372,130,486,44,142,254,46
"2011","Poole 017C","E01015454","Total",965,94,170,559,142,520,28,43,334,115,445,66,127,225,27
"2011","Poole 017D","E01015455","Total",828,88,181,403,156,457,22,50,261,124,371,66,131,142,32
"2011","Poole 017E","E01015459","Total",706,106,122,326,152,400,37,32,210,121,306,69,90,116,31
"2011","Poole 018A","E01015402","Total",680,67,94,399,120,371,20,28,234,89,309,47,66,165,31
"2011","Poole 018B","E01015403","Total",527,66,79,320,62,294,28,31,192,43,233,38,48,128,19
"2011","Poole 018C","E01015404","Total",599,95,91,298,115,370,45,31,197,97,229,50,60,101,18
"2011","Poole 018D","E01015405","Total",775,125,134,353,163,446,38,51,234,123,329,87,83,119,40
"2011","Poole 018E","E01015406","Total",761,89,113,389,170,459,36,39,251,133,302,53,74,138,37
"2011","South Gloucestershire 001A","E01014985","Total",743,91,156,397,99,388,26,31,258,73,355,65,125,139,26
"2011","South Gloucestershire 001B","E01014986","Total",685,88,129,376,92,341,24,26,222,69,344,64,103,154,23
"2011","South Gloucestershire 001C","E01014987","Total",602,75,138,339,50,304,17,28,219,40,298,58,110,120,10
"2011","South Gloucestershire 001D","E01014988","Total",683,86,144,381,72,366,24,24,259,59,317,62,120,122,13
"2011","South Gloucestershire 001E","E01014989","Total",600,80,108,307,105,313,27,24,177,85,287,53,84,130,20
"2011","South Gloucestershire 002A","E01014990","Total",714,87,154,398,75,382,26,35,262,59,332,61,119,136,16
"2011","South Gloucestershire 002B","E01014991","Total",980,111,169,573,127,505,22,26,350,107,475,89,143,223,20
"2011","South Gloucestershire 002C","E01014992","Total",759,99,148,432,80,412,29,21,298,64,347,70,127,134,16
"2011","South Gloucestershire 002D","E01014993","Total",766,120,153,397,96,401,33,24,266,78,365,87,129,131,18
"2011","South Gloucestershire 003A","E01014884","Total",950,88,185,535,142,562,26,61,358,117,388,62,124,177,25
"2011","South Gloucestershire 003B","E01014885","Total",1017,96,207,568,146,531,29,33,357,112,486,67,174,211,34
"2011","South Gloucestershire 003C","E01014929","Total",1039,111,210,531,187,556,26,44,336,150,483,85,166,195,37
"2011","South Gloucestershire 003D","E01014930","Total",1009,126,209,510,164,512,22,36,321,133,497,104,173,189,31
"2011","South Gloucestershire 004A","E01014863","Total",656,82,148,334,92,349,26,36,210,77,307,56,112,124,15
"2011","South Gloucestershire 004B","E01014864","Total",736,83,140,403,110,392,26,31,253,82,344,57,109,150,28
"2011","South Gloucestershire 004C","E01014962","Total",898,122,166,431,179,488,33,38,272,145,410,89,128,159,34
"2011","South Gloucestershire 004D","E01014963","Total",993,133,220,461,179,511,34,47,291,139,482,99,173,170,40
"2011","South Gloucestershire 005A","E01014861","Total",993,101,192,550,150,527,30,39,338,120,466,71,153,212,30
"2011","South Gloucestershire 005B","E01014862","Total",1432,159,279,760,234,761,33,55,499,174,671,126,224,261,60
"2011","South Gloucestershire 005C","E01014953","Total",1112,100,230,608,174,583,30,42,373,138,529,70,188,235,36
"2011","South Gloucestershire 005D","E01014954","Total",816,57,145,517,97,444,21,32,310,81,372,36,113,207,16
"2011","South Gloucestershire 006A","E01015014","Total",870,103,179,456,132,464,28,31,295,110,406,75,148,161,22
"2011","South Gloucestershire 006B","E01015015","Total",907,93,145,555,114,485,28,29,332,96,422,65,116,223,18
"2011","South Gloucestershire 006C","E01015016","Total",632,74,123,365,70,331,19,24,228,60,301,55,99,137,10
"2011","South Gloucestershire 006D","E01015017","Total",721,71,140,428,82,390,28,30,265,67,331,43,110,163,15
"2011","South Gloucestershire 006E","E01015018","Total",768,81,177,424,86,388,20,28,269,71,380,61,149,155,15
"2011","South Gloucestershire 007A","E01015019","Total",936,81,147,603,105,493,20,29,364,80,443,61,118,239,25
"2011","South Gloucestershire 007B","E01015020","Total",717,61,137,440,79,381,13,22,280,66,336,48,115,160,13
"2011","South Gloucestershire 007C","E01015021","Total",907,117,159,534,97,481,39,24,342,76,426,78,135,192,21
"2011","South Gloucestershire 007D","E01015022","Total",951,93,165,575,118,503,19,36,348,100,448,74,129,227,18
"2011","South Gloucestershire 008A","E01014886","Total",827,94,143,470,120,445,24,41,280,100,382,70,102,190,20
"2011","South Gloucestershire 008B","E01014887","Total",758,82,138,434,104,395,17,28,274,76,363,65,110,160,28
"2011","South Gloucestershire 008C","E01014888","Total",643,62,142,357,82,337,15,32,225,65,306,47,110,132,17
"2011","South Gloucestershire 008D","E01014889","Total",841,93,198,460,90,451,25,24,320,82,390,68,174,140,8
"2011","South Gloucestershire 009A","E01014872","Total",1055,57,149,735,114,573,17,21,449,86,482,40,128,286,28
"2011","South Gloucestershire 009B","E01014874","Total",895,86,157,556,96,473,22,24,349,78,422,64,133,207,18
"2011","South Gloucestershire 009C","E01014876","Total",1085,65,159,761,100,576,10,33,463,70,509,55,126,298,30
"2011","South Gloucestershire 009D","E01014877","Total",926,65,172,590,99,482,17,21,368,76,444,48,151,222,23
"2011","South Gloucestershire 009E","E01014879","Total",965,70,158,632,105,520,18,27,385,90,445,52,131,247,15
"2011","South Gloucestershire 009F","E01014881","Total",1205,111,202,717,175,620,19,29,436,136,585,92,173,281,39
"2011","South Gloucestershire 010A","E01015009","Total",652,76,131,380,65,347,16,34,244,53,305,60,97,136,12
"2011","South Gloucestershire 010B","E01015010","Total",685,66,140,422,57,352,15,23,267,47,333,51,117,155,10
"2011","South Gloucestershire 010C","E01015011","Total",766,80,144,444,98,404,18,31,273,82,362,62,113,171,16
"2011","South Gloucestershire 010D","E01015012","Total",570,53,118,332,67,299,17,15,205,62,271,36,103,127,5
"2011","South Gloucestershire 010E","E01015013","Total",746,86,163,422,75,396,20,29,283,64,350,66,134,139,11
"2011","South Gloucestershire 011A","E01014946","Total",815,84,161,487,83,441,30,39,303,69,374,54,122,184,14
"2011","South Gloucestershire 011B","E01014947","Total",645,69,129,384,63,341,24,29,241,47,304,45,100,143,16
"2011","South Gloucestershire 011C","E01014948","Total",777,58,175,472,72,409,19,39,293,58,368,39,136,179,14
"2011","South Gloucestershire 011D","E01014949","Total",841,74,153,533,81,455,25,24,340,66,386,49,129,193,15
"2011","South Gloucestershire 011E","E01014950","Total",798,58,140,508,92,428,19,24,312,73,370,39,116,196,19
"2011","South Gloucestershire 011F","E01014951","Total",721,52,149,449,71,366,17,30,262,57,355,35,119,187,14
"2011","South Gloucestershire 011G","E01014952","Total",877,85,153,559,80,474,32,31,344,67,403,53,122,215,13
"2011","South Gloucestershire 012A","E01014873","Total",925,81,171,574,99,484,15,33,361,75,441,66,138,213,24
"2011","South Gloucestershire 012B","E01014875","Total",1123,68,147,813,95,634,15,22,521,76,489,53,125,292,19
"2011","South Gloucestershire 012C","E01014878","Total",1317,96,226,868,127,713,35,33,548,97,604,61,193,320,30
"2011","South Gloucestershire 012D","E01014880","Total",1104,86,171,731,116,577,16,23,447,91,527,70,148,284,25
"2011","South Gloucestershire 012E","E01014882","Total",1176,90,163,804,119,612,18,31,468,95,564,72,132,336,24
"2011","South Gloucestershire 012F","E01014883","Total",730,54,122,482,72,397,13,19,305,60,333,41,103,177,12
"2011","South Gloucestershire 013A","E01014911","Total",631,92,142,303,94,333,27,33,197,76,298,65,109,106,18
"2011","South Gloucestershire 013B","E01014912","Total",961,109,202,542,108,503,22,34,354,93,458,87,168,188,15
"2011","South Gloucestershire 013C","E01014913","Total",808,86,158,485,79,424,29,27,308,60,384,57,131,177,19
"2011","South Gloucestershire 013D","E01014914","Total",773,90,170,424,89,403,25,27,276,75,370,65,143,148,14
"2011","South Gloucestershire 014A","E01014892","Total",889,77,176,545,91,469,19,31,344,75,420,58,145,201,16
"2011","South Gloucestershire 014B","E01014893","Total",812,79,151,488,94,436,15,33,307,81,376,64,118,181,13
"2011","South Gloucestershire 014C","E01014894","Total",742,63,141,478,60,408,18,21,311,58,334,45,120,167,2
"2011","South Gloucestershire 014D","E01014895","Total",820,78,155,515,72,433,17,30,321,65,387,61,125,194,7
"2011","South Gloucestershire 014E","E01014896","Total",743,65,145,457,76,405,22,27,290,66,338,43,118,167,10
"2011","South Gloucestershire 015A","E01014979","Total",870,78,170,558,64,457,17,36,359,45,413,61,134,199,19
"2011","South Gloucestershire 015B","E01014980","Total",927,99,185,547,96,488,28,35,349,76,439,71,150,198,20
"2011","South Gloucestershire 015C","E01014982","Total",826,85,143,519,79,429,16,21,329,63,397,69,122,190,16
"2011","South Gloucestershire 015D","E01014983","Total",773,66,161,476,70,381,17,32,277,55,392,49,129,199,15
"2011","South Gloucestershire 015E","E01014984","Total",729,68,157,437,67,386,17,33,282,54,343,51,124,155,13
"2011","South Gloucestershire 016A","E01014998","Total",672,80,150,366,76,333,21,23,223,66,339,59,127,143,10
"2011","South Gloucestershire 016B","E01014999","Total",725,85,165,383,92,378,23,21,253,81,347,62,144,130,11
"2011","South Gloucestershire 016C","E01015000","Total",734,77,162,410,85,387,16,32,272,67,347,61,130,138,18
"2011","South Gloucestershire 016D","E01015001","Total",791,90,172,445,84,413,25,28,290,70,378,65,144,155,14
"2011","South Gloucestershire 017A","E01014978","Total",874,82,138,550,104,466,23,26,344,73,408,59,112,206,31
"2011","South Gloucestershire 017B","E01014981","Total",1574,121,251,1023,179,860,29,49,643,139,714,92,202,380,40
"2011","South Gloucestershire 017C","E01014996","Total",702,76,126,397,103,393,23,34,256,80,309,53,92,141,23
"2011","South Gloucestershire 017E","E01033331","Total",1082,241,145,575,121,570,94,43,345,88,512,147,102,230,33
"2011","South Gloucestershire 017F","E01033333","Total",912,238,156,408,110,493,100,47,263,83,419,138,109,145,27
"2011","South Gloucestershire 018A","E01014904","Total",689,64,165,410,50,385,19,53,270,43,304,45,112,140,7
"2011","South Gloucestershire 018B","E01014905","Total",880,91,174,526,89,496,33,43,340,80,384,58,131,186,9
"2011","South Gloucestershire 018C","E01014906","Total",730,61,143,472,54,398,21,34,301,42,332,40,109,171,12
"2011","South Gloucestershire 018D","E01014907","Total",768,63,159,503,43,429,25,44,328,32,339,38,115,175,11
"2011","South Gloucestershire 018E","E01014908","Total",669,74,142,397,56,357,23,29,257,48,312,51,113,140,8
"2011","South Gloucestershire 018F","E01014909","Total",773,75,128,509,61,427,30,43,306,48,346,45,85,203,13
"2011","South Gloucestershire 018G","E01014910","Total",737,72,136,473,56,406,27,33,303,43,331,45,103,170,13
"2011","South Gloucestershire 019A","E01014867","Total",594,73,116,311,94,320,18,26,201,75,274,55,90,110,19
"2011","South Gloucestershire 019B","E01014868","Total",883,73,173,490,147,469,11,41,299,118,414,62,132,191,29
"2011","South Gloucestershire 019D","E01014994","Total",823,95,143,441,144,448,29,24,280,115,375,66,119,161,29
"2011","South Gloucestershire 019E","E01014995","Total",842,111,181,444,106,446,27,45,283,91,396,84,136,161,15
"2011","South Gloucestershire 019F","E01033338","Total",928,79,160,544,145,496,27,28,324,117,432,52,132,220,28
"2011","South Gloucestershire 019G","E01033339","Total",738,63,132,463,80,384,15,26,283,60,354,48,106,180,20
"2011","South Gloucestershire 020A","E01014901","Total",830,90,186,461,93,433,23,30,307,73,397,67,156,154,20
"2011","South Gloucestershire 020B","E01014902","Total",645,58,138,365,84,341,17,20,240,64,304,41,118,125,20
"2011","South Gloucestershire 020C","E01014903","Total",692,98,144,388,62,356,22,21,265,48,336,76,123,123,14
"2011","South Gloucestershire 020D","E01014965","Total",712,76,161,409,66,366,20,32,259,55,346,56,129,150,11
"2011","South Gloucestershire 021A","E01014964","Total",950,99,205,519,127,504,22,33,339,110,446,77,172,180,17
"2011","South Gloucestershire 021B","E01014966","Total",961,73,181,584,123,491,16,33,345,97,470,57,148,239,26
"2011","South Gloucestershire 021C","E01014967","Total",1176,97,222,701,156,625,20,31,440,134,551,77,191,261,22
"2011","South Gloucestershire 021D","E01014969","Total",812,57,176,487,92,419,10,27,308,74,393,47,149,179,18
"2011","South Gloucestershire 021F","E01033334","Total",987,70,141,604,172,564,22,17,377,148,423,48,124,227,24
"2011","South Gloucestershire 021G","E01033336","Total",979,109,211,547,112,489,20,27,358,84,490,89,184,189,28
"2011","South Gloucestershire 022A","E01014897","Total",721,109,168,374,70,367,28,32,248,59,354,81,136,126,11
"2011","South Gloucestershire 022B","E01014898","Total",843,84,167,497,95,432,25,36,303,68,411,59,131,194,27
"2011","South Gloucestershire 022C","E01014899","Total",839,86,151,512,90,455,21,40,328,66,384,65,111,184,24
"2011","South Gloucestershire 022D","E01014900","Total",765,95,139,436,95,420,31,31,291,67,345,64,108,145,28
"2011","South Gloucestershire 023A","E01014959","Total",716,70,160,420,66,365,23,25,259,58,351,47,135,161,8
"2011","South Gloucestershire 023B","E01014960","Total",807,77,180,470,80,435,23,45,300,67,372,54,135,170,13
"2011","South Gloucestershire 023C","E01014961","Total",737,77,166,428,66,382,19,30,278,55,355,58,136,150,11
"2011","South Gloucestershire 023D","E01014968","Total",719,85,163,392,79,369,29,37,239,64,350,56,126,153,15
"2011","South Gloucestershire 024A","E01014865","Total",944,121,187,485,151,486,41,43,282,120,458,80,144,203,31
"2011","South Gloucestershire 024B","E01014869","Total",854,103,157,430,164,459,19,32,268,140,395,84,125,162,24
"2011","South Gloucestershire 024C","E01014870","Total",871,108,184,389,190,460,24,48,241,147,411,84,136,148,43
"2011","South Gloucestershire 024D","E01014871","Total",596,59,139,320,78,308,7,26,210,65,288,52,113,110,13
"2011","South Gloucestershire 024E","E01014890","Total",1102,136,215,522,229,574,24,45,340,165,528,112,170,182,64
"2011","South Gloucestershire 024F","E01014891","Total",946,120,171,451,204,525,25,50,287,163,421,95,121,164,41
"2011","South Gloucestershire 025A","E01014955","Total",671,67,122,421,61,351,21,23,260,47,320,46,99,161,14
"2011","South Gloucestershire 025B","E01014956","Total",808,103,168,464,73,414,22,25,307,60,394,81,143,157,13
"2011","South Gloucestershire 025C","E01014957","Total",656,63,135,396,62,341,12,24,249,56,315,51,111,147,6
"2011","South Gloucestershire 025D","E01014974","Total",776,71,160,463,82,418,16,30,299,73,358,55,130,164,9
"2011","South Gloucestershire 025E","E01014977","Total",563,62,107,340,54,291,16,34,201,40,272,46,73,139,14
"2011","South Gloucestershire 026A","E01014922","Total",727,67,153,435,72,383,14,25,284,60,344,53,128,151,12
"2011","South Gloucestershire 026B","E01014923","Total",727,81,157,437,52,364,22,18,284,40,363,59,139,153,12
"2011","South Gloucestershire 026C","E01014924","Total",946,67,183,615,81,511,17,48,377,69,435,50,135,238,12
"2011","South Gloucestershire 026D","E01014973","Total",707,72,153,422,60,365,20,21,276,48,342,52,132,146,12
"2011","South Gloucestershire 026E","E01014975","Total",858,74,151,554,79,443,23,31,330,59,415,51,120,224,20
"2011","South Gloucestershire 026F","E01014976","Total",743,63,130,489,61,400,17,19,312,52,343,46,111,177,9
"2011","South Gloucestershire 027A","E01014925","Total",770,84,156,467,63,405,16,29,306,54,365,68,127,161,9
"2011","South Gloucestershire 027B","E01014926","Total",700,70,150,417,63,347,16,27,255,49,353,54,123,162,14
"2011","South Gloucestershire 027C","E01014927","Total",805,68,157,497,83,417,21,32,295,69,388,47,125,202,14
"2011","South Gloucestershire 027D","E01014928","Total",684,70,165,386,63,375,19,42,267,47,309,51,123,119,16
"2011","South Gloucestershire 027E","E01014958","Total",560,77,117,319,47,285,23,23,195,44,275,54,94,124,3
"2011","South Gloucestershire 028A","E01014915","Total",766,81,187,413,85,378,21,36,254,67,388,60,151,159,18
"2011","South Gloucestershire 028B","E01015003","Total",865,89,203,490,83,453,16,35,328,74,412,73,168,162,9
"2011","South Gloucestershire 028C","E01015005","Total",1069,84,184,661,140,552,25,33,383,111,517,59,151,278,29
"2011","South Gloucestershire 028D","E01015007","Total",859,80,184,525,70,455,29,40,328,58,404,51,144,197,12
"2011","South Gloucestershire 028E","E01015008","Total",834,93,182,487,72,438,28,35,314,61,396,65,147,173,11
"2011","South Gloucestershire 029A","E01014943","Total",1145,104,194,730,117,564,18,35,420,91,581,86,159,310,26
"2011","South Gloucestershire 029B","E01014944","Total",1088,106,223,639,120,560,18,27,408,107,528,88,196,231,13
"2011","South Gloucestershire 029C","E01014972","Total",930,96,200,530,104,474,9,34,344,87,456,87,166,186,17
"2011","South Gloucestershire 029D","E01015002","Total",875,74,168,553,80,451,19,30,338,64,424,55,138,215,16
"2011","South Gloucestershire 029E","E01015004","Total",985,83,197,610,95,531,30,39,380,82,454,53,158,230,13
"2011","South Gloucestershire 029F","E01015006","Total",758,75,162,447,74,412,19,34,293,66,346,56,128,154,8
"2011","South Gloucestershire 030A","E01014936","Total",752,77,168,415,92,393,22,31,269,71,359,55,137,146,21
"2011","South Gloucestershire 030B","E01014938","Total",866,91,169,524,82,436,27,29,319,61,430,64,140,205,21
"2011","South Gloucestershire 030C","E01014939","Total",661,61,124,410,66,357,14,20,266,57,304,47,104,144,9
"2011","South Gloucestershire 030D","E01014940","Total",813,102,168,457,86,420,23,30,296,71,393,79,138,161,15
"2011","South Gloucestershire 030E","E01014941","Total",713,87,156,402,68,373,27,27,268,51,340,60,129,134,17
"2011","South Gloucestershire 030F","E01014942","Total",657,81,138,382,56,350,18,30,259,43,307,63,108,123,13
"2011","South Gloucestershire 030G","E01014945","Total",874,83,177,516,98,448,18,41,314,75,426,65,136,202,23
"2011","South Gloucestershire 031A","E01014916","Total",766,72,174,447,73,391,18,35,278,60,375,54,139,169,13
"2011","South Gloucestershire 031B","E01014917","Total",722,75,165,392,90,375,19,33,259,64,347,56,132,133,26
"2011","South Gloucestershire 031C","E01014918","Total",682,84,140,373,85,359,28,22,238,71,323,56,118,135,14
"2011","South Gloucestershire 031D","E01014919","Total",589,65,132,324,68,308,18,21,214,55,281,47,111,110,13
"2011","South Gloucestershire 031E","E01014920","Total",705,80,155,399,71,379,22,26,265,66,326,58,129,134,5
"2011","South Gloucestershire 031F","E01014921","Total",706,92,156,394,64,367,20,31,264,52,339,72,125,130,12
"2011","South Gloucestershire 032A","E01014866","Total",837,89,193,458,97,441,24,36,300,81,396,65,157,158,16
"2011","South Gloucestershire 032B","E01014931","Total",718,77,158,410,73,386,25,29,270,62,332,52,129,140,11
"2011","South Gloucestershire 032C","E01014932","Total",883,101,192,502,88,445,22,39,310,74,438,79,153,192,14
"2011","South Gloucestershire 032D","E01014933","Total",860,75,204,509,72,443,14,36,341,52,417,61,168,168,20
"2011","South Gloucestershire 032E","E01014934","Total",646,67,150,363,66,344,18,29,244,53,302,49,121,119,13
"2011","South Gloucestershire 032F","E01014935","Total",870,75,162,546,87,446,21,32,324,69,424,54,130,222,18
"2011","South Gloucestershire 032G","E01014937","Total",648,77,137,378,56,334,20,28,243,43,314,57,109,135,13
"2011","Swindon 001A","E01015519","Total",624,57,133,362,72,336,17,28,238,53,288,40,105,124,19
"2011","Swindon 001B","E01015520","Total",521,43,95,311,72,279,13,24,186,56,242,30,71,125,16
"2011","Swindon 001C","E01015521","Total",745,69,160,434,82,395,27,32,273,63,350,42,128,161,19
"2011","Swindon 001D","E01015522","Total",819,70,157,511,81,402,19,30,289,64,417,51,127,222,17
"2011","Swindon 001E","E01015523","Total",763,76,138,414,135,406,22,26,258,100,357,54,112,156,35
"2011","Swindon 001F","E01015524","Total",627,72,119,380,56,335,24,19,248,44,292,48,100,132,12
"2011","Swindon 003A","E01015543","Total",591,52,123,371,45,313,16,23,232,42,278,36,100,139,3
"2011","Swindon 003B","E01015544","Total",614,57,139,373,45,302,14,26,230,32,312,43,113,143,13
"2011","Swindon 003C","E01015545","Total",582,39,125,365,53,309,10,25,228,46,273,29,100,137,7
"2011","Swindon 003D","E01015546","Total",565,71,140,313,41,294,17,33,207,37,271,54,107,106,4
"2011","Swindon 004A","E01015513","Total",967,72,155,621,119,511,20,30,366,95,456,52,125,255,24
"2011","Swindon 004B","E01015514","Total",596,68,133,356,39,297,16,19,228,34,299,52,114,128,5
"2011","Swindon 004C","E01015515","Total",849,82,161,517,89,449,22,30,321,76,400,60,131,196,13
"2011","Swindon 004D","E01015516","Total",586,61,109,360,56,308,22,26,210,50,278,39,83,150,6
"2011","Swindon 004E","E01015517","Total",652,56,149,385,62,345,14,32,248,51,307,42,117,137,11
"2011","Swindon 005A","E01015555","Total",674,56,121,441,56,355,18,20,269,48,319,38,101,172,8
"2011","Swindon 005B","E01015556","Total",865,76,134,568,87,455,20,21,339,75,410,56,113,229,12
"2011","Swindon 005C","E01015557","Total",817,79,130,523,85,427,29,28,305,65,390,50,102,218,20
"2011","Swindon 005D","E01015558","Total",577,75,125,332,45,288,21,21,213,33,289,54,104,119,12
"2011","Swindon 005E","E01015559","Total",719,69,153,430,67,392,27,36,271,58,327,42,117,159,9
"2011","Swindon 005F","E01015560","Total",833,69,164,520,80,430,21,26,328,55,403,48,138,192,25
"2011","Swindon 006A","E01015526","Total",841,58,130,553,100,455,16,24,330,85,386,42,106,223,15
"2011","Swindon 006B","E01015528","Total",765,63,163,478,61,410,22,39,296,53,355,41,124,182,8
"2011","Swindon 006C","E01015529","Total",719,71,144,442,62,393,21,35,288,49,326,50,109,154,13
"2011","Swindon 006D","E01015530","Total",701,72,116,447,66,379,17,26,284,52,322,55,90,163,14
"2011","Swindon 007A","E01015506","Total",668,65,122,424,57,361,21,41,252,47,307,44,81,172,10
"2011","Swindon 007B","E01015507","Total",593,49,135,353,56,298,12,28,209,49,295,37,107,144,7
"2011","Swindon 007C","E01015527","Total",761,58,146,487,70,423,20,33,314,56,338,38,113,173,14
"2011","Swindon 007D","E01015580","Total",750,63,158,463,66,396,13,29,292,62,354,50,129,171,4
"2011","Swindon 008A","E01015473","Total",879,97,170,462,150,476,34,42,289,111,403,63,128,173,39
"2011","Swindon 008B","E01015474","Total",812,81,157,429,145,436,29,36,261,110,376,52,121,168,35
"2011","Swindon 008C","E01015547","Total",940,105,148,529,158,516,30,27,338,121,424,75,121,191,37
"2011","Swindon 008D","E01015548","Total",837,101,140,415,181,439,23,29,255,132,398,78,111,160,49
"2011","Swindon 009A","E01015549","Total",949,79,191,580,99,502,20,43,356,83,447,59,148,224,16
"2011","Swindon 009B","E01015550","Total",939,76,162,634,67,512,24,44,387,57,427,52,118,247,10
"2011","Swindon 009C","E01015551","Total",741,75,150,446,70,380,20,27,282,51,361,55,123,164,19
"2011","Swindon 009D","E01015552","Total",1156,94,220,720,122,609,27,39,450,93,547,67,181,270,29
"2011","Swindon 009E","E01015553","Total",951,70,171,604,106,519,26,32,373,88,432,44,139,231,18
"2011","Swindon 009F","E01015554","Total",638,56,153,378,51,330,19,30,239,42,308,37,123,139,9
"2011","Swindon 010A","E01015508","Total",614,60,124,386,44,320,26,21,237,36,294,34,103,149,8
"2011","Swindon 010B","E01015509","Total",889,71,140,604,74,492,23,30,379,60,397,48,110,225,14
"2011","Swindon 010C","E01015510","Total",957,62,175,626,94,538,21,41,400,76,419,41,134,226,18
"2011","Swindon 010D","E01015511","Total",870,59,160,593,58,492,19,40,385,48,378,40,120,208,10
"2011","Swindon 011A","E01015562","Total",896,74,178,531,113,460,19,28,324,89,436,55,150,207,24
"2011","Swindon 011B","E01015563","Total",952,97,160,580,115,516,29,23,367,97,436,68,137,213,18
"2011","Swindon 011C","E01015565","Total",885,71,157,560,97,460,20,30,338,72,425,51,127,222,25
"2011","Swindon 011D","E01015566","Total",993,82,158,652,101,522,31,27,381,83,471,51,131,271,18
"2011","Swindon 012B","E01015578","Total",866,73,136,576,81,480,23,40,347,70,386,50,96,229,11
"2011","Swindon 012C","E01015579","Total",879,57,142,604,76,467,18,20,368,61,412,39,122,236,15
"2011","Swindon 012D","E01015581","Total",796,71,146,512,67,437,24,29,337,47,359,47,117,175,20
"2011","Swindon 012E","E01015582","Total",1042,77,175,690,100,579,29,37,435,78,463,48,138,255,22
"2011","Swindon 012F","E01032708","Total",1133,37,111,867,118,665,12,27,521,105,468,25,84,346,13
"2011","Swindon 012G","E01032716","Total",851,63,134,588,66,487,27,34,377,49,364,36,100,211,17
"2011","Swindon 013A","E01015481","Total",969,79,152,634,104,506,26,24,376,80,463,53,128,258,24
"2011","Swindon 013B","E01015482","Total",728,70,134,463,61,388,21,26,288,53,340,49,108,175,8
"2011","Swindon 013C","E01015483","Total",665,64,130,410,61,354,18,22,262,52,311,46,108,148,9
"2011","Swindon 013D","E01015484","Total",694,73,118,447,56,374,27,32,266,49,320,46,86,181,7
"2011","Swindon 013E","E01015485","Total",926,73,123,653,77,480,26,20,373,61,446,47,103,280,16
"2011","Swindon 013F","E01015486","Total",753,74,149,465,65,409,24,35,298,52,344,50,114,167,13
"2011","Swindon 014A","E01015561","Total",898,77,149,573,99,483,27,31,344,81,415,50,118,229,18
"2011","Swindon 014B","E01015564","Total",943,84,166,596,97,506,30,33,366,77,437,54,133,230,20
"2011","Swindon 014C","E01015567","Total",909,84,147,573,105,497,25,22,359,91,412,59,125,214,14
"2011","Swindon 014D","E01015568","Total",842,64,131,567,80,462,27,23,346,66,380,37,108,221,14
"2011","Swindon 015A","E01015475","Total",1178,114,228,771,65,699,34,95,516,54,479,80,133,255,11
"2011","Swindon 015B","E01015476","Total",1241,65,155,927,94,766,23,61,609,73,475,42,94,318,21
"2011","Swindon 015C","E01015477","Total",867,51,147,604,65,503,20,49,386,48,364,31,98,218,17
"2011","Swindon 015D","E01015480","Total",1267,113,233,850,71,778,42,94,588,54,489,71,139,262,17
"2011","Swindon 016A","E01015538","Total",699,52,140,437,70,355,14,33,251,57,344,38,107,186,13
"2011","Swindon 016B","E01015572","Total",547,53,119,341,34,293,17,32,215,29,254,36,87,126,5
"2011","Swindon 016C","E01015573","Total",857,80,158,547,72,465,23,41,337,64,392,57,117,210,8
"2011","Swindon 016D","E01015575","Total",421,32,98,256,35,245,11,38,164,32,176,21,60,92,3
"2011","Swindon 017A","E01015479","Total",910,79,146,593,92,503,27,45,357,74,407,52,101,236,18
"2011","Swindon 017B","E01015493","Total",977,86,161,643,87,569,30,55,415,69,408,56,106,228,18
"2011","Swindon 017C","E01015574","Total",831,92,175,503,61,437,32,38,317,50,394,60,137,186,11
"2011","Swindon 017D","E01015576","Total",687,67,146,418,56,364,22,32,274,36,323,45,114,144,20
"2011","Swindon 018A","E01015499","Total",830,78,135,519,98,445,22,34,316,73,385,56,101,203,25
"2011","Swindon 018B","E01015500","Total",907,75,149,593,90,475,22,32,356,65,432,53,117,237,25
"2011","Swindon 018C","E01015504","Total",837,79,149,505,104,423,20,25,292,86,414,59,124,213,18
"2011","Swindon 018D","E01015505","Total",869,69,148,581,71,443,18,33,341,51,426,51,115,240,20
"2011","Swindon 019A","E01015494","Total",1158,61,160,813,124,673,26,67,479,101,485,35,93,334,23
"2011","Swindon 019C","E01015496","Total",1041,66,123,751,101,593,26,39,452,76,448,40,84,299,25
"2011","Swindon 019D","E01015497","Total",934,57,134,633,110,505,18,34,370,83,429,39,100,263,27
"2011","Swindon 019E","E01032714","Total",820,29,79,623,89,509,8,29,401,71,311,21,50,222,18
"2011","Swindon 019F","E01032715","Total",617,35,58,461,63,379,12,20,297,50,238,23,38,164,13
"2011","Swindon 020A","E01015537","Total",736,54,138,488,56,384,12,39,285,48,352,42,99,203,8
"2011","Swindon 020B","E01015539","Total",684,55,129,444,56,380,18,38,274,50,304,37,91,170,6
"2011","Swindon 020C","E01015540","Total",733,57,181,423,72,385,11,51,264,59,348,46,130,159,13
"2011","Swindon 020D","E01015541","Total",721,68,140,447,66,388,25,32,274,57,333,43,108,173,9
"2011","Swindon 020E","E01015542","Total",588,57,134,339,58,300,20,37,196,47,288,37,97,143,11
"2011","Swindon 021A","E01015478","Total",856,70,141,564,81,463,24,30,340,69,393,46,111,224,12
"2011","Swindon 021B","E01015498","Total",1054,89,161,698,106,578,27,43,425,83,476,62,118,273,23
"2011","Swindon 021D","E01015532","Total",859,64,156,535,104,487,18,39,347,83,372,46,117,188,21
"2011","Swindon 021E","E01032706","Total",1016,50,79,763,124,581,16,20,459,86,435,34,59,304,38
"2011","Swindon 021F","E01032707","Total",1019,109,151,595,164,552,32,24,370,126,467,77,127,225,38
"2011","Swindon 022A","E01015501","Total",790,66,130,521,73,431,25,28,321,57,359,41,102,200,16
"2011","Swindon 022B","E01015502","Total",749,52,151,463,83,389,17,34,276,62,360,35,117,187,21
"2011","Swindon 022C","E01015503","Total",619,45,108,410,56,327,10,25,250,42,292,35,83,160,14
"2011","Swindon 022D","E01015569","Total",712,61,142,439,70,381,14,35,272,60,331,47,107,167,10
"2011","Swindon 022E","E01015570","Total",687,45,136,442,64,385,18,35,277,55,302,27,101,165,9
"2011","Swindon 022F","E01015571","Total",796,62,156,511,67,432,21,37,319,55,364,41,119,192,12
"2011","Swindon 023A","E01015487","Total",863,88,143,554,78,459,34,26,334,65,404,54,117,220,13
"2011","Swindon 023B","E01015488","Total",695,56,162,419,58,354,13,40,253,48,341,43,122,166,10
"2011","Swindon 023C","E01015489","Total",750,71,141,449,89,407,16,31,285,75,343,55,110,164,14
"2011","Swindon 023D","E01015490","Total",752,48,133,501,70,388,14,28,290,56,364,34,105,211,14
"2011","Swindon 023E","E01015491","Total",690,50,120,460,60,371,13,23,285,50,319,37,97,175,10
"2011","Swindon 023F","E01015492","Total",703,58,141,453,51,364,18,31,271,44,339,40,110,182,7
"2011","Swindon 024A","E01015533","Total",659,72,134,374,79,344,22,31,236,55,315,50,103,138,24
"2011","Swindon 024B","E01015534","Total",1009,65,154,675,115,567,17,42,423,85,442,48,112,252,30
"2011","Swindon 024C","E01015535","Total",727,80,140,420,87,382,23,30,264,65,345,57,110,156,22
"2011","Swindon 024D","E01015536","Total",1200,108,177,744,171,643,29,28,458,128,557,79,149,286,43
"2011","Swindon 025A","E01015583","Total",1236,134,194,684,224,649,37,34,406,172,587,97,160,278,52
"2011","Swindon 025B","E01015584","Total",624,65,132,363,64,333,13,33,238,49,291,52,99,125,15
"2011","Swindon 025C","E01015585","Total",858,98,154,501,105,448,23,31,306,88,410,75,123,195,17
"2011","Swindon 025D","E01015586","Total",641,76,123,368,74,316,17,26,218,55,325,59,97,150,19
"2011","Swindon 025E","E01015587","Total",836,102,146,462,126,461,34,31,294,102,375,68,115,168,24
"2011","Swindon 025F","E01015588","Total",879,99,163,485,132,460,31,33,296,100,419,68,130,189,32
"2011","Swindon 026A","E01015525","Total",941,53,141,630,117,508,16,21,380,91,433,37,120,250,26
"2011","Swindon 026B","E01032700","Total",975,55,146,651,123,511,15,9,392,95,464,40,137,259,28
"2011","Swindon 026C","E01032703","Total",898,61,130,588,119,466,10,16,347,93,432,51,114,241,26
"2011","Swindon 026D","E01032705","Total",882,54,125,598,105,460,15,15,341,89,422,39,110,257,16
"2011","Swindon 026E","E01032709","Total",817,44,115,550,108,431,10,16,322,83,386,34,99,228,25
"2011","Swindon 026F","E01032713","Total",1039,58,149,699,133,559,9,26,427,97,480,49,123,272,36
"2011","Swindon 027A","E01032701","Total",792,38,103,540,111,417,8,17,307,85,375,30,86,233,26
"2011","Swindon 027B","E01032702","Total",826,59,120,534,113,425,12,22,304,87,401,47,98,230,26
"2011","Swindon 027C","E01032704","Total",872,34,120,592,126,471,9,18,355,89,401,25,102,237,37
"2011","Swindon 027D","E01032711","Total",902,43,121,617,121,486,15,30,355,86,416,28,91,262,35
"2011","Swindon 027E","E01032712","Total",858,53,114,590,101,451,18,22,338,73,407,35,92,252,28
"2011","Swindon 028A","E01015471","Total",971,63,156,602,150,529,10,31,373,115,442,53,125,229,35
"2011","Swindon 028B","E01015472","Total",1591,100,245,1029,217,838,27,38,601,172,753,73,207,428,45
"2011","Swindon 028C","E01015512","Total",1022,91,158,643,130,525,22,25,375,103,497,69,133,268,27
"2011","Swindon 028D","E01015518","Total",887,74,164,544,105,468,17,22,346,83,419,57,142,198,22
"2011","Swindon 028E","E01032710","Total",814,59,123,536,96,442,16,20,331,75,372,43,103,205,21
"2011","Torbay 001A","E01015262","Total",573,67,155,307,44,267,18,40,180,29,306,49,115,127,15
"2011","Torbay 001B","E01015263","Total",568,62,154,308,44,290,17,36,197,40,278,45,118,111,4
"2011","Torbay 001C","E01015264","Total",555,58,140,298,59,277,21,36,178,42,278,37,104,120,17
"2011","Torbay 001D","E01015265","Total",601,79,142,318,62,325,28,42,205,50,276,51,100,113,12
"2011","Torbay 001E","E01015266","Total",519,46,150,282,41,270,14,44,177,35,249,32,106,105,6
"2011","Torbay 002A","E01015236","Total",680,88,138,344,110,350,31,40,203,76,330,57,98,141,34
"2011","Torbay 002B","E01015237","Total",640,66,166,334,74,329,27,40,208,54,311,39,126,126,20
"2011","Torbay 002C","E01015238","Total",642,65,159,354,64,309,24,46,195,44,333,41,113,159,20
"2011","Torbay 002D","E01015239","Total",557,61,127,303,66,295,34,33,182,46,262,27,94,121,20
"2011","Torbay 003A","E01015249","Total",623,63,163,352,45,314,17,48,211,38,309,46,115,141,7
"2011","Torbay 003B","E01015250","Total",748,56,190,436,66,354,13,38,252,51,394,43,152,184,15
"2011","Torbay 003C","E01015251","Total",620,57,155,341,67,318,22,37,205,54,302,35,118,136,13
"2011","Torbay 003D","E01015252","Total",1208,86,285,686,151,610,20,62,406,122,598,66,223,280,29
"2011","Torbay 003E","E01015253","Total",908,64,221,528,95,455,20,55,308,72,453,44,166,220,23
"2011","Torbay 003F","E01015254","Total",622,58,152,345,67,325,15,41,215,54,297,43,111,130,13
"2011","Torbay 004A","E01015257","Total",544,41,135,326,42,286,18,31,204,33,258,23,104,122,9
"2011","Torbay 004B","E01015258","Total",932,82,205,541,104,474,24,52,322,76,458,58,153,219,28
"2011","Torbay 004C","E01015259","Total",678,72,159,388,59,341,26,38,235,42,337,46,121,153,17
"2011","Torbay 004D","E01015260","Total",676,79,169,363,65,364,36,57,225,46,312,43,112,138,19
"2011","Torbay 005A","E01015240","Total",539,45,124,275,95,282,15,46,158,63,257,30,78,117,32
"2011","Torbay 005B","E01015241","Total",651,75,172,337,67,330,25,48,204,53,321,50,124,133,14
"2011","Torbay 005C","E01015242","Total",564,47,164,309,44,269,15,38,180,36,295,32,126,129,8
"2011","Torbay 005D","E01015243","Total",583,56,133,333,61,297,15,35,196,51,286,41,98,137,10
"2011","Torbay 006A","E01015214","Total",697,63,146,414,74,358,20,33,252,53,339,43,113,162,21
"2011","Torbay 006B","E01015215","Total",738,75,192,400,71,371,26,48,241,56,367,49,144,159,15
"2011","Torbay 006C","E01015216","Total",693,53,166,394,80,339,17,36,224,62,354,36,130,170,18
"2011","Torbay 006D","E01015218","Total",623,73,134,347,69,322,24,38,216,44,301,49,96,131,25
"2011","Torbay 008A","E01015217","Total",641,46,168,369,58,333,17,44,226,46,308,29,124,143,12
"2011","Torbay 008B","E01015255","Total",831,52,199,455,125,482,24,78,292,88,349,28,121,163,37
"2011","Torbay 008C","E01015256","Total",910,75,189,512,134,511,27,85,294,105,399,48,104,218,29
"2011","Torbay 008D","E01015261","Total",930,79,175,500,176,487,31,43,294,119,443,48,132,206,57
"2011","Torbay 010A","E01015267","Total",676,49,126,389,112,369,18,49,219,83,307,31,77,170,29
"2011","Torbay 010B","E01015268","Total",692,66,136,375,115,368,21,48,212,87,324,45,88,163,28
"2011","Torbay 010C","E01015269","Total",717,76,130,397,114,376,23,43,226,84,341,53,87,171,30
"2011","Torbay 010D","E01015270","Total",662,52,133,374,103,346,21,39,206,80,316,31,94,168,23
"2011","Torbay 010E","E01015271","Total",526,79,114,254,79,280,30,44,154,52,246,49,70,100,27
"2011","Torbay 011A","E01015224","Total",675,72,158,362,83,349,21,37,225,66,326,51,121,137,17
"2011","Torbay 011B","E01015225","Total",638,57,158,334,89,341,22,41,208,70,297,35,117,126,19
"2011","Torbay 011C","E01015226","Total",621,66,132,354,69,315,23,28,209,55,306,43,104,145,14
"2011","Torbay 011D","E01015227","Total",723,95,146,385,97,383,36,41,229,77,340,59,105,156,20
"2011","Torbay 011E","E01015228","Total",622,74,151,326,71,318,23,42,204,49,304,51,109,122,22
"2011","Torbay 011F","E01015230","Total",585,60,148,321,56,303,23,29,208,43,282,37,119,113,13
"2011","Torbay 012A","E01015202","Total",724,68,178,412,66,379,20,46,254,59,345,48,132,158,7
"2011","Torbay 012B","E01015203","Total",544,63,131,283,67,288,22,30,184,52,256,41,101,99,15
"2011","Torbay 012C","E01015204","Total",646,61,150,372,63,342,19,41,240,42,304,42,109,132,21
"2011","Torbay 012D","E01015205","Total",698,75,178,385,60,342,20,40,236,46,356,55,138,149,14
"2011","Torbay 012E","E01015206","Total",661,52,172,378,59,333,15,49,222,47,328,37,123,156,12
"2011","Torbay 013A","E01015190","Total",673,66,157,359,91,358,21,46,220,71,315,45,111,139,20
"2011","Torbay 013B","E01015191","Total",803,57,200,470,76,408,19,45,281,63,395,38,155,189,13
"2011","Torbay 013C","E01015192","Total",630,50,157,359,64,323,8,42,223,50,307,42,115,136,14
"2011","Torbay 013D","E01015193","Total",547,66,141,298,42,263,19,34,178,32,284,47,107,120,10
"2011","Torbay 013E","E01015194","Total",581,50,140,343,48,301,12,41,212,36,280,38,99,131,12
"2011","Torbay 013F","E01015195","Total",650,64,144,371,71,346,19,35,236,56,304,45,109,135,15
"2011","Torbay 013G","E01015196","Total",519,47,141,287,44,255,14,33,175,33,264,33,108,112,11
"2011","Torbay 014A","E01015229","Total",509,51,126,261,71,257,19,40,150,48,252,32,86,111,23
"2011","Torbay 014B","E01015231","Total",585,46,160,324,55,313,17,50,204,42,272,29,110,120,13
"2011","Torbay 014C","E01015232","Total",769,56,163,419,131,417,19,50,268,80,352,37,113,151,51
"2011","Torbay 014D","E01015233","Total",585,50,138,328,69,307,23,42,198,44,278,27,96,130,25
"2011","Torbay 014E","E01015234","Total",565,44,145,311,65,286,9,23,196,58,279,35,122,115,7
"2011","Torbay 014F","E01015235","Total",615,56,155,291,113,324,21,52,185,66,291,35,103,106,47
"2011","Torbay 015A","E01015219","Total",530,59,113,295,63,270,22,34,160,54,260,37,79,135,9
"2011","Torbay 015B","E01015220","Total",598,65,133,347,53,313,22,33,216,42,285,43,100,131,11
"2011","Torbay 015C","E01015221","Total",660,61,141,384,74,339,16,26,234,63,321,45,115,150,11
"2011","Torbay 015D","E01015222","Total",614,70,154,314,76,307,19,53,177,58,307,51,101,137,18
"2011","Torbay 015E","E01015223","Total",692,66,186,381,59,339,19,42,230,48,353,47,144,151,11
"2011","Torbay 016A","E01015197","Total",554,65,137,279,73,295,19,35,182,59,259,46,102,97,14
"2011","Torbay 016B","E01015198","Total",573,78,149,287,59,290,22,39,187,42,283,56,110,100,17
"2011","Torbay 016C","E01015199","Total",459,66,113,214,66,249,26,33,142,48,210,40,80,72,18
"2011","Torbay 016D","E01015200","Total",414,45,115,221,33,209,15,34,133,27,205,30,81,88,6
"2011","Torbay 016E","E01015201","Total",577,77,143,290,67,310,25,38,194,53,267,52,105,96,14
"2011","Torbay 017A","E01015183","Total",557,60,155,275,67,289,17,45,178,49,268,43,110,97,18
"2011","Torbay 017B","E01015184","Total",434,51,123,199,61,229,18,43,120,48,205,33,80,79,13
"2011","Torbay 017C","E01015185","Total",517,58,136,252,71,264,22,38,149,55,253,36,98,103,16
"2011","Torbay 017D","E01015186","Total",601,61,169,277,94,313,15,65,166,67,288,46,104,111,27
"2011","Torbay 017E","E01015187","Total",526,72,145,244,65,270,24,42,156,48,256,48,103,88,17
"2011","Torbay 017F","E01015188","Total",578,85,139,290,64,288,21,37,180,50,290,64,102,110,14
"2011","Torbay 017G","E01015189","Total",494,50,110,259,75,251,18,36,145,52,243,32,74,114,23
"2011","Torbay 018A","E01015244","Total",610,83,156,302,69,301,27,40,184,50,309,56,116,118,19
"2011","Torbay 018B","E01015245","Total",472,56,128,228,60,237,21,39,132,45,235,35,89,96,15
"2011","Torbay 018C","E01015246","Total",525,63,110,263,89,288,23,31,177,57,237,40,79,86,32
"2011","Torbay 018D","E01015247","Total",716,79,200,363,74,365,18,58,231,58,351,61,142,132,16
"2011","Torbay 018E","E01015248","Total",625,71,181,316,57,317,23,49,196,49,308,48,132,120,8
"2011","Torbay 019E","E01015207","Total",793,80,196,444,73,401,21,50,266,64,392,59,146,178,9
"2011","Torbay 019F","E01015208","Total",745,106,173,335,131,383,28,43,216,96,362,78,130,119,35
"2011","Torbay 019A","E01015209","Total",603,56,140,325,82,322,16,45,199,62,281,40,95,126,20
"2011","Torbay 019B","E01015210","Total",655,66,157,359,73,316,19,32,206,59,339,47,125,153,14
"2011","Torbay 019G","E01015211","Total",684,75,171,371,67,355,24,33,244,54,329,51,138,127,13
"2011","Torbay 019C","E01015212","Total",691,70,166,354,101,359,26,45,221,67,332,44,121,133,34
"2011","Torbay 019D","E01015213","Total",680,59,154,392,75,360,19,33,249,59,320,40,121,143,16
"2011","Wiltshire 012A","E01031841","Total",905,111,178,469,147,486,28,38,301,119,419,83,140,168,28
"2011","Wiltshire 012B","E01031868","Total",1019,115,202,459,243,561,31,43,298,189,458,84,159,161,54
"2011","Wiltshire 012C","E01031873","Total",981,92,179,486,224,528,23,46,286,173,453,69,133,200,51
"2011","Wiltshire 012D","E01031874","Total",753,97,158,369,129,398,18,40,235,105,355,79,118,134,24
"2011","Wiltshire 012E","E01031884","Total",813,105,149,390,169,450,27,49,240,134,363,78,100,150,35
"2011","Wiltshire 019A","E01031861","Total",1226,149,245,645,187,638,37,51,402,148,588,112,194,243,39
"2011","Wiltshire 019B","E01031862","Total",774,76,155,457,86,386,27,29,265,65,388,49,126,192,21
"2011","Wiltshire 019C","E01031863","Total",613,47,99,325,142,314,12,29,169,104,299,35,70,156,38
"2011","Wiltshire 019D","E01031864","Total",678,84,139,303,152,355,21,34,185,115,323,63,105,118,37
"2011","Wiltshire 019E","E01031865","Total",559,74,110,275,100,256,23,27,138,68,303,51,83,137,32
"2011","Wiltshire 024A","E01031866","Total",843,106,127,419,191,469,36,39,254,140,374,70,88,165,51
"2011","Wiltshire 024B","E01031869","Total",858,101,191,461,105,428,27,37,278,86,430,74,154,183,19
"2011","Wiltshire 024C","E01031870","Total",907,100,152,490,165,496,23,39,306,128,411,77,113,184,37
"2011","Wiltshire 024D","E01031871","Total",852,104,152,387,209,454,24,29,237,164,398,80,123,150,45
"2011","Wiltshire 025A","E01031850","Total",961,88,143,609,121,478,16,25,338,99,483,72,118,271,22
"2011","Wiltshire 025B","E01031851","Total",759,73,154,460,72,387,14,31,284,58,372,59,123,176,14
"2011","Wiltshire 025C","E01031852","Total",1016,107,203,595,111,538,35,46,369,88,478,72,157,226,23
"2011","Wiltshire 025E","E01032688","Total",710,58,120,439,93,368,15,20,255,78,342,43,100,184,15
"2011","Wiltshire 025F","E01032689","Total",656,68,127,374,87,340,21,21,227,71,316,47,106,147,16
"2011","Wiltshire 025G","E01032692","Total",699,65,118,436,80,369,19,16,275,59,330,46,102,161,21
"2011","Wiltshire 025H","E01032693","Total",723,43,123,441,116,394,13,21,270,90,329,30,102,171,26
"2011","Wiltshire 026A","E01031853","Total",750,104,149,403,94,381,36,29,248,68,369,68,120,155,26
"2011","Wiltshire 026B","E01031854","Total",826,84,123,542,77,455,36,24,336,59,371,48,99,206,18
"2011","Wiltshire 026C","E01031855","Total",677,82,134,354,107,374,27,35,225,87,303,55,99,129,20
"2011","Wiltshire 026D","E01031856","Total",658,73,149,351,85,362,22,41,229,70,296,51,108,122,15
"2011","Wiltshire 028A","E01031845","Total",823,85,161,441,136,448,29,41,278,100,375,56,120,163,36
"2011","Wiltshire 028B","E01031846","Total",866,86,170,451,159,451,17,29,279,126,415,69,141,172,33
"2011","Wiltshire 028C","E01031848","Total",1036,98,223,496,219,621,37,94,327,163,415,61,129,169,56
"2011","Wiltshire 028D","E01031872","Total",741,78,148,396,119,390,17,33,252,88,351,61,115,144,31
"2011","Wiltshire 028E","E01031876","Total",716,87,147,343,139,373,21,38,204,110,343,66,109,139,29
"2011","Wiltshire 029A","E01031843","Total",873,102,156,426,189,460,24,29,259,148,413,78,127,167,41
"2011","Wiltshire 029B","E01031847","Total",912,118,170,437,187,483,24,42,269,148,429,94,128,168,39
"2011","Wiltshire 029C","E01031849","Total",943,101,147,510,185,517,29,32,318,138,426,72,115,192,47
"2011","Wiltshire 029D","E01031877","Total",921,89,183,437,212,508,30,45,265,168,413,59,138,172,44
"2011","Wiltshire 034A","E01031844","Total",1027,100,216,547,164,526,27,42,324,133,501,73,174,223,31
"2011","Wiltshire 034B","E01031857","Total",827,92,151,442,142,438,26,35,259,118,389,66,116,183,24
"2011","Wiltshire 034C","E01031858","Total",960,115,179,471,195,505,38,37,283,147,455,77,142,188,48
"2011","Wiltshire 034D","E01031883","Total",817,88,154,418,157,439,25,27,264,123,378,63,127,154,34
"2011","Wiltshire 038A","E01031842","Total",987,117,218,456,196,510,36,45,277,152,477,81,173,179,44
"2011","Wiltshire 038B","E01031867","Total",1065,87,164,631,183,565,21,28,375,141,500,66,136,256,42
"2011","Wiltshire 038C","E01031882","Total",1041,102,171,537,231,585,30,50,320,185,456,72,121,217,46
"2011","Wiltshire 041A","E01031859","Total",796,60,114,502,120,421,21,20,286,94,375,39,94,216,26
"2011","Wiltshire 041B","E01031860","Total",797,56,130,487,124,418,14,17,285,102,379,42,113,202,22
"2011","Wiltshire 041C","E01031878","Total",1626,100,197,896,433,1087,34,27,631,395,539,66,170,265,38
"2011","Wiltshire 041D","E01031879","Total",1271,64,114,632,461,901,23,12,435,431,370,41,102,197,30
"2011","Wiltshire 041E","E01031880","Total",2870,124,182,1406,1158,2346,62,49,1156,1079,524,62,133,250,79
"2011","Wiltshire 041G","E01032697","Total",773,45,124,477,127,423,17,22,272,112,350,28,102,205,15
"2011","Wiltshire 041H","E01032698","Total",833,66,137,494,136,459,20,29,297,113,374,46,108,197,23
"2011","Wiltshire 001A","E01031887","Total",874,102,158,431,183,465,32,39,255,139,409,70,119,176,44
"2011","Wiltshire 001B","E01031934","Total",921,109,183,499,130,501,25,39,330,107,420,84,144,169,23
"2011","Wiltshire 001C","E01031935","Total",892,105,171,452,164,480,26,38,283,133,412,79,133,169,31
"2011","Wiltshire 001D","E01031936","Total",690,64,139,400,87,372,20,31,251,70,318,44,108,149,17
"2011","Wiltshire 002A","E01031885","Total",793,104,152,392,145,426,23,40,251,112,367,81,112,141,33
"2011","Wiltshire 002B","E01031947","Total",751,101,150,428,72,409,32,37,285,55,342,69,113,143,17
"2011","Wiltshire 002C","E01031948","Total",1156,127,189,643,197,626,25,38,408,155,530,102,151,235,42
"2011","Wiltshire 002D","E01031949","Total",990,88,179,548,175,522,20,36,332,134,468,68,143,216,41
"2011","Wiltshire 003A","E01031954","Total",703,78,151,368,106,369,27,34,225,83,334,51,117,143,23
"2011","Wiltshire 003B","E01031955","Total",768,63,147,433,125,403,16,30,255,102,365,47,117,178,23
"2011","Wiltshire 003C","E01031956","Total",565,70,113,291,91,302,21,29,180,72,263,49,84,111,19
"2011","Wiltshire 003D","E01031962","Total",659,76,128,347,108,359,19,32,223,85,300,57,96,124,23
"2011","Wiltshire 004A","E01031886","Total",768,122,132,360,154,407,21,39,224,123,361,101,93,136,31
"2011","Wiltshire 004B","E01031892","Total",695,105,135,316,139,370,27,29,201,113,325,78,106,115,26
"2011","Wiltshire 004C","E01031893","Total",854,82,161,405,206,461,13,34,250,164,393,69,127,155,42
"2011","Wiltshire 004D","E01031894","Total",787,114,138,348,187,427,21,32,222,152,360,93,106,126,35
"2011","Wiltshire 005A","E01031957","Total",732,101,121,373,137,374,23,31,214,106,358,78,90,159,31
"2011","Wiltshire 005B","E01031958","Total",715,83,132,345,155,386,30,30,213,113,329,53,102,132,42
"2011","Wiltshire 005C","E01031959","Total",763,94,126,396,147,417,24,25,248,120,346,70,101,148,27
"2011","Wiltshire 005D","E01031960","Total",730,62,132,397,139,394,13,25,247,109,336,49,107,150,30
"2011","Wiltshire 006A","E01031963","Total",746,86,180,391,89,380,27,54,233,66,366,59,126,158,23
"2011","Wiltshire 006B","E01031964","Total",910,94,153,551,112,496,35,28,339,94,414,59,125,212,18
"2011","Wiltshire 006C","E01031967","Total",941,73,175,573,120,495,22,34,357,82,446,51,141,216,38
"2011","Wiltshire 006D","E01031969","Total",864,83,183,497,101,445,22,27,316,80,419,61,156,181,21
"2011","Wiltshire 007B","E01031944","Total",636,58,103,361,114,336,14,27,212,83,300,44,76,149,31
"2011","Wiltshire 007D","E01031946","Total",1338,78,125,862,273,892,30,17,622,223,446,48,108,240,50
"2011","Wiltshire 007E","E01031961","Total",710,76,135,353,146,376,20,30,218,108,334,56,105,135,38
"2011","Wiltshire 007F","E01031965","Total",704,68,133,423,80,377,20,27,265,65,327,48,106,158,15
"2011","Wiltshire 007G","E01031966","Total",761,74,149,436,102,404,29,39,258,78,357,45,110,178,24
"2011","Wiltshire 007H","E01031968","Total",886,75,182,503,126,458,15,34,320,89,428,60,148,183,37
"2011","Wiltshire 007I","E01032699","Total",1178,106,196,713,163,642,31,40,444,127,536,75,156,269,36
"2011","Wiltshire 008A","E01031939","Total",1083,116,207,541,219,589,23,56,335,175,494,93,151,206,44
"2011","Wiltshire 008B","E01031940","Total",1133,126,213,562,232,601,32,50,342,177,532,94,163,220,55
"2011","Wiltshire 008C","E01031950","Total",771,92,138,350,191,403,21,34,195,153,368,71,104,155,38
"2011","Wiltshire 008D","E01031951","Total",833,74,110,450,199,539,20,25,331,163,294,54,85,119,36
"2011","Wiltshire 009A","E01031907","Total",1410,127,236,836,211,720,33,36,485,166,690,94,200,351,45
"2011","Wiltshire 009B","E01031910","Total",778,76,127,474,101,425,30,21,300,74,353,46,106,174,27
"2011","Wiltshire 009C","E01031914","Total",557,52,117,329,59,299,11,24,216,48,258,41,93,113,11
"2011","Wiltshire 009D","E01031915","Total",697,61,143,401,92,380,10,31,267,72,317,51,112,134,20
"2011","Wiltshire 009E","E01031919","Total",735,96,152,390,97,393,27,29,259,78,342,69,123,131,19
"2011","Wiltshire 009F","E01031920","Total",723,70,132,447,74,382,19,28,283,52,341,51,104,164,22
"2011","Wiltshire 010A","E01031905","Total",850,95,158,496,101,442,26,26,304,86,408,69,132,192,15
"2011","Wiltshire 010B","E01031906","Total",914,73,153,587,101,480,23,26,352,79,434,50,127,235,22
"2011","Wiltshire 010C","E01031908","Total",847,70,149,520,108,446,17,26,324,79,401,53,123,196,29
"2011","Wiltshire 010D","E01031909","Total",660,74,151,371,64,338,22,28,238,50,322,52,123,133,14
"2011","Wiltshire 010E","E01031925","Total",519,64,116,289,50,272,15,29,185,43,247,49,87,104,7
"2011","Wiltshire 010F","E01031926","Total",760,78,130,458,94,390,17,22,270,81,370,61,108,188,13
"2011","Wiltshire 010G","E01031927","Total",688,71,143,392,82,359,19,26,246,68,329,52,117,146,14
"2011","Wiltshire 011A","E01031911","Total",601,51,108,374,68,315,15,18,231,51,286,36,90,143,17
"2011","Wiltshire 011B","E01031912","Total",702,61,117,442,82,379,23,36,261,59,323,38,81,181,23
"2011","Wiltshire 011C","E01031913","Total",731,68,125,426,112,390,19,25,258,88,341,49,100,168,24
"2011","Wiltshire 011D","E01031917","Total",736,77,116,463,80,419,28,26,297,68,317,49,90,166,12
"2011","Wiltshire 011E","E01031918","Total",1081,115,199,649,118,587,29,51,415,92,494,86,148,234,26
"2011","Wiltshire 011F","E01031928","Total",574,55,115,350,54,286,16,22,209,39,288,39,93,141,15
"2011","Wiltshire 013A","E01031891","Total",1184,132,231,546,275,655,36,55,355,209,529,96,176,191,66
"2011","Wiltshire 013B","E01031904","Total",1039,123,203,506,207,532,27,39,308,158,507,96,164,198,49
"2011","Wiltshire 013C","E01031937","Total",563,82,104,272,105,305,20,26,171,88,258,62,78,101,17
"2011","Wiltshire 013D","E01031938","Total",756,86,153,400,117,398,20,38,245,95,358,66,115,155,22
"2011","Wiltshire 014A","E01031916","Total",617,64,122,368,63,322,17,23,230,52,295,47,99,138,11
"2011","Wiltshire 014B","E01031921","Total",846,107,161,466,112,462,40,26,303,93,384,67,135,163,19
"2011","Wiltshire 014C","E01031922","Total",814,72,136,517,89,432,20,35,305,72,382,52,101,212,17
"2011","Wiltshire 014D","E01031923","Total",801,93,143,467,98,429,25,25,298,81,372,68,118,169,17
"2011","Wiltshire 014E","E01031924","Total",1008,99,145,644,120,516,23,16,379,98,492,76,129,265,22
"2011","Wiltshire 015A","E01031895","Total",719,76,148,405,90,391,20,35,259,77,328,56,113,146,13
"2011","Wiltshire 015B","E01031896","Total",495,48,108,283,56,234,11,25,154,44,261,37,83,129,12
"2011","Wiltshire 015C","E01031897","Total",1146,94,206,668,178,607,20,33,408,146,539,74,173,260,32
"2011","Wiltshire 015D","E01031898","Total",806,84,132,468,122,412,16,29,285,82,394,68,103,183,40
"2011","Wiltshire 015F","E01032690","Total",972,76,169,584,143,527,22,25,367,113,445,54,144,217,30
"2011","Wiltshire 015G","E01032691","Total",779,73,153,449,104,418,21,30,281,86,361,52,123,168,18
"2011","Wiltshire 016A","E01031900","Total",1091,101,193,657,140,571,28,33,405,105,520,73,160,252,35
"2011","Wiltshire 016B","E01031901","Total",709,76,115,427,91,369,19,22,263,65,340,57,93,164,26
"2011","Wiltshire 016C","E01031902","Total",632,72,116,375,69,334,23,22,231,58,298,49,94,144,11
"2011","Wiltshire 016D","E01031903","Total",1227,131,205,716,175,655,41,51,428,135,572,90,154,288,40
"2011","Wiltshire 017A","E01031888","Total",658,95,133,297,133,352,32,43,179,98,306,63,90,118,35
"2011","Wiltshire 017B","E01031889","Total",979,80,165,588,146,511,17,34,350,110,468,63,131,238,36
"2011","Wiltshire 017C","E01031890","Total",721,99,151,361,110,372,24,40,224,84,349,75,111,137,26
"2011","Wiltshire 017D","E01031929","Total",635,74,126,337,98,336,19,31,213,73,299,55,95,124,25
"2011","Wiltshire 017E","E01031930","Total",1062,57,121,607,277,670,16,22,399,233,392,41,99,208,44
"2011","Wiltshire 018A","E01031931","Total",732,70,171,396,95,375,22,38,241,74,357,48,133,155,21
"2011","Wiltshire 018B","E01031932","Total",666,62,129,402,73,343,18,31,243,51,323,44,98,159,22
"2011","Wiltshire 018C","E01031933","Total",756,74,172,403,107,402,16,44,256,86,354,58,128,147,21
"2011","Wiltshire 018D","E01031941","Total",802,101,170,389,142,421,24,39,246,112,381,77,131,143,30
"2011","Wiltshire 018E","E01031942","Total",762,79,138,400,145,421,33,37,245,106,341,46,101,155,39
"2011","Wiltshire 018F","E01031952","Total",1181,115,229,659,178,624,38,60,403,123,557,77,169,256,55
"2011","Wiltshire 018G","E01031953","Total",1559,133,311,908,207,786,34,62,527,163,773,99,249,381,44
"2011","Wiltshire 045B","E01031988","Total",921,54,102,527,238,527,13,13,296,205,394,41,89,231,33
"2011","Wiltshire 045C","E01031998","Total",1851,98,181,741,831,1312,35,25,497,755,539,63,156,244,76
"2011","Wiltshire 045D","E01032026","Total",838,75,114,489,160,456,21,25,281,129,382,54,89,208,31
"2011","Wiltshire 045F","E01032696","Total",1947,116,225,1001,605,1334,37,51,712,534,613,79,174,289,71
"2011","Wiltshire 046A","E01031989","Total",771,58,128,458,127,429,14,26,277,112,342,44,102,181,15
"2011","Wiltshire 046B","E01031996","Total",708,63,139,444,62,348,15,20,263,50,360,48,119,181,12
"2011","Wiltshire 046C","E01031997","Total",839,74,125,535,105,457,21,22,327,87,382,53,103,208,18
"2011","Wiltshire 046D","E01031999","Total",833,62,148,524,99,433,20,25,311,77,400,42,123,213,22
"2011","Wiltshire 048A","E01031974","Total",607,47,116,357,87,335,10,33,222,70,272,37,83,135,17
"2011","Wiltshire 048B","E01031975","Total",558,42,109,342,65,296,17,15,212,52,262,25,94,130,13
"2011","Wiltshire 048C","E01031976","Total",733,53,116,458,106,395,16,16,282,81,338,37,100,176,25
"2011","Wiltshire 048D","E01031977","Total",1690,102,261,1122,205,922,28,44,684,166,768,74,217,438,39
"2011","Wiltshire 048E","E01031978","Total",996,64,185,637,110,513,23,39,370,81,483,41,146,267,29
"2011","Wiltshire 048F","E01031979","Total",1117,96,172,695,154,593,23,32,413,125,524,73,140,282,29
"2011","Wiltshire 049A","E01032013","Total",1005,109,188,560,148,535,26,38,349,122,470,83,150,211,26
"2011","Wiltshire 049B","E01032032","Total",821,93,157,443,128,421,25,38,253,105,400,68,119,190,23
"2011","Wiltshire 049C","E01032033","Total",777,88,133,420,136,418,28,25,253,112,359,60,108,167,24
"2011","Wiltshire 049D","E01032034","Total",722,74,139,391,118,383,13,26,241,103,339,61,113,150,15
"2011","Wiltshire 050A","E01032010","Total",994,120,190,446,238,531,28,45,275,183,463,92,145,171,55
"2011","Wiltshire 050B","E01032035","Total",658,91,133,325,109,355,22,34,215,84,303,69,99,110,25
"2011","Wiltshire 050C","E01032036","Total",696,83,141,328,144,366,23,32,192,119,330,60,109,136,25
"2011","Wiltshire 050D","E01032037","Total",660,57,136,373,94,360,17,36,239,68,300,40,100,134,26
"2011","Wiltshire 051A","E01031984","Total",892,87,181,525,99,457,16,28,331,82,435,71,153,194,17
"2011","Wiltshire 051B","E01031985","Total",648,71,133,357,87,317,20,23,203,71,331,51,110,154,16
"2011","Wiltshire 051C","E01031986","Total",580,55,113,360,52,296,18,20,215,43,284,37,93,145,9
"2011","Wiltshire 051D","E01032017","Total",738,101,154,377,106,376,37,32,225,82,362,64,122,152,24
"2011","Wiltshire 052A","E01031980","Total",825,77,161,513,74,417,16,32,305,64,408,61,129,208,10
"2011","Wiltshire 052B","E01031981","Total",719,61,183,414,61,366,19,41,263,43,353,42,142,151,18
"2011","Wiltshire 052C","E01031982","Total",778,90,181,446,61,403,25,42,288,48,375,65,139,158,13
"2011","Wiltshire 052D","E01031983","Total",799,66,200,449,84,410,20,46,277,67,389,46,154,172,17
"2011","Wiltshire 053A","E01032018","Total",793,103,175,418,97,410,27,39,271,73,383,76,136,147,24
"2011","Wiltshire 053B","E01032019","Total",660,74,125,397,64,349,19,25,249,56,311,55,100,148,8
"2011","Wiltshire 053C","E01032020","Total",765,87,144,435,99,400,26,34,261,79,365,61,110,174,20
"2011","Wiltshire 053D","E01032025","Total",823,96,158,485,84,432,24,42,299,67,391,72,116,186,17
"2011","Wiltshire 054A","E01031990","Total",950,130,177,455,188,496,26,40,283,147,454,104,137,172,41
"2011","Wiltshire 054B","E01032004","Total",1082,147,205,519,211,576,43,45,322,166,506,104,160,197,45
"2011","Wiltshire 054C","E01032027","Total",675,58,121,360,136,362,17,30,216,99,313,41,91,144,37
"2011","Wiltshire 054D","E01032038","Total",631,65,106,364,96,328,6,30,214,78,303,59,76,150,18
"2011","Wiltshire 054E","E01032039","Total",720,61,130,419,110,373,19,30,243,81,347,42,100,176,29
"2011","Wiltshire 054F","E01032040","Total",751,81,185,399,86,369,16,45,241,67,382,65,140,158,19
"2011","Wiltshire 055A","E01032001","Total",837,97,141,485,114,449,32,24,298,95,388,65,117,187,19
"2011","Wiltshire 055B","E01032002","Total",754,61,134,489,70,387,22,33,285,47,367,39,101,204,23
"2011","Wiltshire 055C","E01032003","Total",847,76,129,544,98,442,18,30,318,76,405,58,99,226,22
"2011","Wiltshire 055D","E01032024","Total",1449,100,235,964,150,741,32,41,562,106,708,68,194,402,44
"2011","Wiltshire 056A","E01032014","Total",856,65,139,530,122,472,20,39,328,85,384,45,100,202,37
"2011","Wiltshire 056B","E01032015","Total",771,66,131,461,113,392,20,29,265,78,379,46,102,196,35
"2011","Wiltshire 056C","E01032016","Total",812,70,145,492,105,408,22,32,292,62,404,48,113,200,43
"2011","Wiltshire 056D","E01032021","Total",883,86,139,533,125,455,24,36,299,96,428,62,103,234,29
"2011","Wiltshire 057A","E01032000","Total",1152,127,216,639,170,592,39,50,372,131,560,88,166,267,39
"2011","Wiltshire 057B","E01032011","Total",1313,130,265,736,182,678,36,50,440,152,635,94,215,296,30
"2011","Wiltshire 057C","E01032012","Total",757,107,164,403,83,379,27,34,251,67,378,80,130,152,16
"2011","Wiltshire 058A","E01032008","Total",663,66,147,380,70,357,28,34,235,60,306,38,113,145,10
"2011","Wiltshire 058B","E01032009","Total",824,103,182,428,111,429,34,46,265,84,395,69,136,163,27
"2011","Wiltshire 058C","E01032022","Total",830,69,115,512,134,438,23,36,291,88,392,46,79,221,46
"2011","Wiltshire 059A","E01032005","Total",654,70,148,361,75,342,20,40,219,63,312,50,108,142,12
"2011","Wiltshire 059B","E01032006","Total",676,80,151,339,106,327,19,24,198,86,349,61,127,141,20
"2011","Wiltshire 059C","E01032007","Total",760,67,156,449,88,375,22,31,254,68,385,45,125,195,20
"2011","Wiltshire 059D","E01032023","Total",738,92,139,405,102,365,21,36,231,77,373,71,103,174,25
"2011","Wiltshire 060A","E01031970","Total",835,102,148,443,142,419,26,32,267,94,416,76,116,176,48
"2011","Wiltshire 060B","E01031971","Total",624,63,120,334,107,309,19,24,183,83,315,44,96,151,24
"2011","Wiltshire 060C","E01031972","Total",747,81,167,367,132,402,23,43,235,101,345,58,124,132,31
"2011","Wiltshire 060D","E01032041","Total",933,113,177,484,159,503,31,39,308,125,430,82,138,176,34
"2011","Wiltshire 060E","E01032042","Total",872,103,175,454,140,459,28,35,286,110,413,75,140,168,30
"2011","Wiltshire 061A","E01031991","Total",955,139,154,409,253,501,38,35,235,193,454,101,119,174,60
"2011","Wiltshire 061B","E01032029","Total",671,96,126,325,124,361,25,35,202,99,310,71,91,123,25
"2011","Wiltshire 061C","E01032030","Total",704,72,158,377,97,367,15,45,230,77,337,57,113,147,20
"2011","Wiltshire 061D","E01032031","Total",485,59,94,237,95,265,12,27,143,83,220,47,67,94,12
"2011","Wiltshire 062A","E01031973","Total",879,108,174,395,202,488,24,41,260,163,391,84,133,135,39
"2011","Wiltshire 062B","E01031992","Total",728,100,145,342,141,382,26,40,208,108,346,74,105,134,33
"2011","Wiltshire 062C","E01031993","Total",681,74,150,376,81,335,9,38,225,63,346,65,112,151,18
"2011","Wiltshire 062D","E01031994","Total",633,70,126,334,103,315,16,26,196,77,318,54,100,138,26
"2011","Wiltshire 062E","E01031995","Total",791,77,172,392,150,412,19,37,245,111,379,58,135,147,39
"2011","Wiltshire 020A","E01032063","Total",935,76,188,561,110,510,18,49,349,94,425,58,139,212,16
"2011","Wiltshire 020B","E01032064","Total",591,63,141,337,50,308,16,31,219,42,283,47,110,118,8
"2011","Wiltshire 020C","E01032065","Total",748,62,146,462,78,387,20,27,280,60,361,42,119,182,18
"2011","Wiltshire 020D","E01032073","Total",829,65,160,536,68,421,9,22,333,57,408,56,138,203,11
"2011","Wiltshire 020E","E01032074","Total",504,56,100,298,50,267,20,25,178,44,237,36,75,120,6
"2011","Wiltshire 021A","E01032043","Total",601,85,118,301,97,297,24,23,184,66,304,61,95,117,31
"2011","Wiltshire 021B","E01032044","Total",617,86,121,309,101,337,28,30,194,85,280,58,91,115,16
"2011","Wiltshire 021C","E01032057","Total",625,84,139,307,95,326,26,26,197,77,299,58,113,110,18
"2011","Wiltshire 021D","E01032070","Total",741,60,157,446,78,404,17,34,283,70,337,43,123,163,8
"2011","Wiltshire 021E","E01032071","Total",1250,127,256,677,190,667,35,63,416,153,583,92,193,261,37
"2011","Wiltshire 021F","E01032072","Total",1142,131,209,671,131,587,29,31,418,109,555,102,178,253,22
"2011","Wiltshire 022A","E01032062","Total",695,59,142,406,88,382,18,51,242,71,313,41,91,164,17
"2011","Wiltshire 022B","E01032066","Total",735,75,147,424,89,389,22,38,255,74,346,53,109,169,15
"2011","Wiltshire 022C","E01032067","Total",746,73,150,435,88,411,21,41,280,69,335,52,109,155,19
"2011","Wiltshire 022D","E01032068","Total",610,49,128,367,66,336,17,25,246,48,274,32,103,121,18
"2011","Wiltshire 022E","E01032069","Total",684,55,155,399,75,344,13,31,241,59,340,42,124,158,16
"2011","Wiltshire 023A","E01032058","Total",698,79,149,353,117,366,20,36,216,94,332,59,113,137,23
"2011","Wiltshire 023B","E01032059","Total",865,119,176,403,167,454,33,51,243,127,411,86,125,160,40
"2011","Wiltshire 023C","E01032060","Total",668,94,157,306,111,348,26,47,191,84,320,68,110,115,27
"2011","Wiltshire 023D","E01032061","Total",542,63,110,283,86,268,19,30,161,58,274,44,80,122,28
"2011","Wiltshire 027A","E01032045","Total",709,105,155,359,90,351,29,39,219,64,358,76,116,140,26
"2011","Wiltshire 027B","E01032046","Total",716,88,159,387,82,348,22,42,223,61,368,66,117,164,21
"2011","Wiltshire 027C","E01032047","Total",622,82,141,351,48,320,19,35,227,39,302,63,106,124,9
"2011","Wiltshire 027D","E01032048","Total",765,95,164,428,78,393,26,37,275,55,372,69,127,153,23
"2011","Wiltshire 027E","E01032049","Total",720,95,184,369,72,364,29,43,237,55,356,66,141,132,17
"2011","Wiltshire 027F","E01032050","Total",862,116,154,434,158,441,42,46,248,105,421,74,108,186,53
"2011","Wiltshire 030A","E01032077","Total",885,91,208,454,132,473,28,48,291,106,412,63,160,163,26
"2011","Wiltshire 030B","E01032078","Total",1542,114,288,910,230,796,35,55,530,176,746,79,233,380,54
"2011","Wiltshire 030C","E01032079","Total",706,67,149,411,79,367,16,32,257,62,339,51,117,154,17
"2011","Wiltshire 030D","E01032080","Total",899,102,195,475,127,462,28,25,308,101,437,74,170,167,26
"2011","Wiltshire 031A","E01032085","Total",942,85,179,580,98,477,28,44,327,78,465,57,135,253,20
"2011","Wiltshire 031B","E01032086","Total",1247,94,205,834,114,705,39,69,503,94,542,55,136,331,20
"2011","Wiltshire 031C","E01032087","Total",1015,83,220,603,109,532,26,61,356,89,483,57,159,247,20
"2011","Wiltshire 032A","E01032099","Total",1450,123,278,878,171,764,29,40,565,130,686,94,238,313,41
"2011","Wiltshire 032B","E01032100","Total",748,65,139,454,90,382,16,23,280,63,366,49,116,174,27
"2011","Wiltshire 032C","E01032101","Total",877,79,154,552,92,463,30,44,324,65,414,49,110,228,27
"2011","Wiltshire 032D","E01032102","Total",712,86,154,404,68,376,23,36,261,56,336,63,118,143,12
"2011","Wiltshire 033A","E01032096","Total",661,85,155,372,49,350,28,37,244,41,311,57,118,128,8
"2011","Wiltshire 033B","E01032097","Total",963,114,226,533,90,506,31,54,342,79,457,83,172,191,11
"2011","Wiltshire 033C","E01032098","Total",839,105,151,496,87,448,36,32,309,71,391,69,119,187,16
"2011","Wiltshire 035A","E01032092","Total",844,62,173,531,78,441,26,30,318,67,403,36,143,213,11
"2011","Wiltshire 035B","E01032093","Total",812,86,175,470,81,403,26,33,281,63,409,60,142,189,18
"2011","Wiltshire 035C","E01032094","Total",1165,99,241,719,106,613,23,60,444,86,552,76,181,275,20
"2011","Wiltshire 035D","E01032095","Total",893,98,182,512,101,456,21,25,333,77,437,77,157,179,24
"2011","Wiltshire 036A","E01032088","Total",735,76,147,450,62,370,22,35,268,45,365,54,112,182,17
"2011","Wiltshire 036B","E01032089","Total",878,52,153,572,101,461,20,40,320,81,417,32,113,252,20
"2011","Wiltshire 036C","E01032090","Total",687,72,145,393,77,355,16,40,240,59,332,56,105,153,18
"2011","Wiltshire 036D","E01032091","Total",617,57,110,389,61,315,13,17,236,49,302,44,93,153,12
"2011","Wiltshire 037A","E01032053","Total",682,72,140,389,81,358,19,24,251,64,324,53,116,138,17
"2011","Wiltshire 037B","E01032083","Total",1161,146,226,590,199,626,44,53,371,158,535,102,173,219,41
"2011","Wiltshire 037C","E01032084","Total",1219,137,223,630,229,647,37,39,390,181,572,100,184,240,48
"2011","Wiltshire 039A","E01032052","Total",677,74,149,351,103,365,21,38,227,79,312,53,111,124,24
"2011","Wiltshire 039B","E01032054","Total",593,58,121,335,79,305,19,31,193,62,288,39,90,142,17
"2011","Wiltshire 039C","E01032055","Total",619,91,115,306,107,323,22,31,189,81,296,69,84,117,26
"2011","Wiltshire 039D","E01032056","Total",653,90,146,299,118,338,28,34,184,92,315,62,112,115,26
"2011","Wiltshire 039E","E01032121","Total",762,90,155,435,82,395,26,34,272,63,367,64,121,163,19
"2011","Wiltshire 040A","E01032115","Total",806,85,147,481,93,448,26,31,307,84,358,59,116,174,9
"2011","Wiltshire 040B","E01032116","Total",1312,129,252,772,159,693,27,38,493,135,619,102,214,279,24
"2011","Wiltshire 040C","E01032117","Total",1379,130,265,819,165,732,28,47,520,137,647,102,218,299,28
"2011","Wiltshire 040D","E01032118","Total",633,76,139,354,64,326,22,29,220,55,307,54,110,134,9
"2011","Wiltshire 040E","E01032119","Total",996,110,162,597,127,531,29,30,367,105,465,81,132,230,22
"2011","Wiltshire 040G","E01032694","Total",891,87,155,528,121,453,20,30,309,94,438,67,125,219,27
"2011","Wiltshire 040H","E01032695","Total",702,60,121,426,95,378,19,21,256,82,324,41,100,170,13
"2011","Wiltshire 042A","E01032104","Total",625,55,117,369,84,383,13,23,274,73,242,42,94,95,11
"2011","Wiltshire 042B","E01032105","Total",698,73,146,378,101,359,25,37,220,77,339,48,109,158,24
"2011","Wiltshire 042C","E01032107","Total",761,67,113,342,239,465,10,12,220,223,296,57,101,122,16
"2011","Wiltshire 042D","E01032108","Total",585,69,113,320,83,312,15,20,206,71,273,54,93,114,12
"2011","Wiltshire 043A","E01032110","Total",797,77,151,473,96,433,23,31,291,88,364,54,120,182,8
"2011","Wiltshire 043B","E01032111","Total",606,56,128,337,85,317,11,24,213,69,289,45,104,124,16
"2011","Wiltshire 043C","E01032112","Total",879,87,164,513,115,422,16,29,283,94,457,71,135,230,21
"2011","Wiltshire 043D","E01032113","Total",726,57,171,416,82,370,17,37,248,68,356,40,134,168,14
"2011","Wiltshire 044A","E01032103","Total",861,95,165,483,118,445,31,47,279,88,416,64,118,204,30
"2011","Wiltshire 044B","E01032106","Total",644,80,131,348,85,339,22,26,222,69,305,58,105,126,16
"2011","Wiltshire 044C","E01032109","Total",776,72,156,439,109,403,19,46,257,81,373,53,110,182,28
"2011","Wiltshire 044D","E01032114","Total",664,61,134,370,99,341,17,29,215,80,323,44,105,155,19
"2011","Wiltshire 047A","E01032051","Total",655,95,127,293,140,341,28,33,171,109,314,67,94,122,31
"2011","Wiltshire 047B","E01032075","Total",661,80,124,342,115,351,26,26,210,89,310,54,98,132,26
"2011","Wiltshire 047C","E01032076","Total",598,63,120,286,129,326,17,42,167,100,272,46,78,119,29
"2011","Wiltshire 047D","E01032081","Total",612,71,117,301,123,319,15,28,184,92,293,56,89,117,31
"2011","Wiltshire 047E","E01032082","Total",644,69,133,316,126,342,18,41,183,100,302,51,92,133,26
"2011","East Devon 001A","E01019902","Total",870,85,177,438,170,458,27,44,252,135,412,58,133,186,35
"2011","East Devon 001B","E01019938","Total",1133,157,205,467,304,609,50,55,274,230,524,107,150,193,74
"2011","East Devon 001C","E01019967","Total",626,82,115,263,166,336,17,34,156,129,290,65,81,107,37
"2011","East Devon 002A","E01019927","Total",563,57,120,328,58,290,17,29,208,36,273,40,91,120,22
"2011","East Devon 002B","E01019932","Total",791,76,163,464,88,414,22,50,278,64,377,54,113,186,24
"2011","East Devon 002C","E01019933","Total",571,51,114,358,48,292,9,33,212,38,279,42,81,146,10
"2011","East Devon 002D","E01019934","Total",774,109,169,408,88,400,21,46,256,77,374,88,123,152,11
"2011","East Devon 003A","E01019928","Total",736,93,176,384,83,366,19,28,252,67,370,74,148,132,16
"2011","East Devon 003B","E01019929","Total",765,67,161,454,83,381,16,23,278,64,384,51,138,176,19
"2011","East Devon 003C","E01019930","Total",597,56,142,348,51,298,6,35,215,42,299,50,107,133,9
"2011","East Devon 003D","E01019931","Total",599,58,139,326,76,309,14,28,206,61,290,44,111,120,15
"2011","East Devon 004A","E01019925","Total",696,79,153,387,77,363,24,33,245,61,333,55,120,142,16
"2011","East Devon 004D","E01019959","Total",553,62,130,233,128,290,12,41,137,100,263,50,89,96,28
"2011","East Devon 004E","E01019960","Total",724,81,193,316,134,384,19,52,202,111,340,62,141,114,23
"2011","East Devon 004F","E01019962","Total",1212,143,264,593,212,623,35,64,370,154,589,108,200,223,58
"2011","East Devon 004G","E01032628","Total",1029,116,231,474,208,529,30,51,280,168,500,86,180,194,40
"2011","East Devon 005A","E01019886","Total",1181,138,246,631,166,633,42,57,403,131,548,96,189,228,35
"2011","East Devon 005B","E01019887","Total",656,68,154,362,72,328,17,41,219,51,328,51,113,143,21
"2011","East Devon 005C","E01019888","Total",742,76,148,407,111,397,21,37,252,87,345,55,111,155,24
"2011","East Devon 005D","E01019889","Total",664,106,155,326,77,352,40,31,217,64,312,66,124,109,13
"2011","East Devon 005E","E01019966","Total",457,69,99,208,81,243,16,27,137,63,214,53,72,71,18
"2011","East Devon 006A","E01019891","Total",800,79,163,397,161,429,21,40,248,120,371,58,123,149,41
"2011","East Devon 006B","E01019892","Total",827,79,206,437,105,413,20,38,275,80,414,59,168,162,25
"2011","East Devon 006C","E01019893","Total",900,99,180,467,154,462,33,32,287,110,438,66,148,180,44
"2011","East Devon 006D","E01019903","Total",978,114,206,500,158,517,32,52,308,125,461,82,154,192,33
"2011","East Devon 007A","E01019899","Total",581,68,132,308,73,297,15,36,193,53,284,53,96,115,20
"2011","East Devon 007B","E01019900","Total",733,108,155,312,158,397,25,41,211,120,336,83,114,101,38
"2011","East Devon 007C","E01019935","Total",555,59,152,246,98,296,19,44,158,75,259,40,108,88,23
"2011","East Devon 007D","E01019936","Total",454,68,90,205,91,243,19,19,136,69,211,49,71,69,22
"2011","East Devon 007E","E01019961","Total",1115,170,270,488,187,599,54,82,313,150,516,116,188,175,37
"2011","East Devon 008A","E01019939","Total",624,96,118,297,113,339,25,39,185,90,285,71,79,112,23
"2011","East Devon 008B","E01019940","Total",633,95,129,302,107,323,33,32,184,74,310,62,97,118,33
"2011","East Devon 008C","E01019942","Total",814,100,189,416,109,418,32,40,261,85,396,68,149,155,24
"2011","East Devon 008D","E01019943","Total",743,96,174,389,84,379,32,41,247,59,364,64,133,142,25
"2011","East Devon 008E","E01019944","Total",759,69,146,445,99,404,23,27,275,79,355,46,119,170,20
"2011","East Devon 009A","E01019890","Total",874,103,190,436,145,471,32,56,267,116,403,71,134,169,29
"2011","East Devon 009B","E01019901","Total",620,72,150,246,152,327,15,36,160,116,293,57,114,86,36
"2011","East Devon 009C","E01019951","Total",813,110,193,348,162,417,34,54,210,119,396,76,139,138,43
"2011","East Devon 010A","E01019946","Total",471,78,107,229,57,250,34,32,139,45,221,44,75,90,12
"2011","East Devon 010B","E01019947","Total",726,77,150,407,92,368,27,37,240,64,358,50,113,167,28
"2011","East Devon 010C","E01019948","Total",452,77,119,218,38,234,19,35,149,31,218,58,84,69,7
"2011","East Devon 010D","E01019949","Total",531,70,117,294,50,266,18,37,176,35,265,52,80,118,15
"2011","East Devon 010E","E01019950","Total",473,81,114,228,50,245,29,33,143,40,228,52,81,85,10
"2011","East Devon 011A","E01019952","Total",708,76,193,368,71,354,23,54,222,55,354,53,139,146,16
"2011","East Devon 011B","E01019953","Total",555,64,151,282,58,294,26,39,183,46,261,38,112,99,12
"2011","East Devon 011C","E01019954","Total",676,72,184,357,63,322,13,45,215,49,354,59,139,142,14
"2011","East Devon 011D","E01019955","Total",648,87,145,354,62,345,24,41,229,51,303,63,104,125,11
"2011","East Devon 012A","E01019956","Total",696,67,172,353,104,348,20,55,195,78,348,47,117,158,26
"2011","East Devon 012B","E01019957","Total",452,70,85,213,84,233,22,28,128,55,219,48,57,85,29
"2011","East Devon 012C","E01019958","Total",685,95,169,338,83,334,27,34,209,64,351,68,135,129,19
"2011","East Devon 013A","E01019937","Total",952,112,214,494,132,490,28,60,301,101,462,84,154,193,31
"2011","East Devon 013B","E01019945","Total",1013,139,195,481,198,538,48,52,278,160,475,91,143,203,38
"2011","East Devon 013C","E01019963","Total",792,101,201,385,105,389,23,34,253,79,403,78,167,132,26
"2011","East Devon 014A","E01019898","Total",1133,122,273,566,172,614,44,94,341,135,519,78,179,225,37
"2011","East Devon 014B","E01019964","Total",1315,116,116,427,656,1073,64,34,344,631,242,52,82,83,25
"2011","East Devon 014C","E01019965","Total",782,97,175,393,117,416,28,47,252,89,366,69,128,141,28
"2011","East Devon 015A","E01019904","Total",631,86,157,327,61,309,24,39,195,51,322,62,118,132,10
"2011","East Devon 015B","E01019905","Total",1017,113,248,524,132,529,37,54,329,109,488,76,194,195,23
"2011","East Devon 015C","E01019906","Total",722,73,153,427,69,361,25,34,247,55,361,48,119,180,14
"2011","East Devon 015D","E01019907","Total",656,79,149,340,88,336,23,23,216,74,320,56,126,124,14
"2011","East Devon 016A","E01019908","Total",977,94,232,532,119,471,32,39,306,94,506,62,193,226,25
"2011","East Devon 016B","E01019909","Total",791,99,200,400,92,400,32,43,255,70,391,67,157,145,22
"2011","East Devon 016C","E01019910","Total",798,127,179,398,94,419,45,53,254,67,379,82,126,144,27
"2011","East Devon 016D","E01019911","Total",559,62,135,292,70,288,14,33,189,52,271,48,102,103,18
"2011","East Devon 017A","E01019894","Total",381,69,103,158,51,198,23,38,103,34,183,46,65,55,17
"2011","East Devon 017B","E01019895","Total",508,83,112,226,87,258,22,26,148,62,250,61,86,78,25
"2011","East Devon 017C","E01019896","Total",551,94,121,245,91,301,33,46,152,70,250,61,75,93,21
"2011","East Devon 017D","E01019897","Total",701,70,182,370,79,367,19,40,245,63,334,51,142,125,16
"2011","East Devon 018A","E01019920","Total",744,66,188,403,87,383,19,51,249,64,361,47,137,154,23
"2011","East Devon 018B","E01019921","Total",740,73,198,393,76,358,15,39,240,64,382,58,159,153,12
"2011","East Devon 018C","E01019922","Total",609,75,150,316,68,293,19,36,188,50,316,56,114,128,18
"2011","East Devon 018D","E01019923","Total",534,55,133,289,57,275,15,35,183,42,259,40,98,106,15
"2011","East Devon 018E","E01019924","Total",807,83,214,425,85,395,24,45,258,68,412,59,169,167,17
"2011","East Devon 019A","E01019916","Total",1045,70,223,615,137,541,17,73,356,95,504,53,150,259,42
"2011","East Devon 019B","E01019917","Total",780,76,208,425,71,392,21,59,262,50,388,55,149,163,21
"2011","East Devon 019C","E01019918","Total",986,96,206,551,133,511,38,67,310,96,475,58,139,241,37
"2011","East Devon 019D","E01019919","Total",921,92,212,511,106,465,34,52,298,81,456,58,160,213,25
"2011","East Devon 020A","E01019912","Total",686,63,157,366,100,358,16,47,221,74,328,47,110,145,26
"2011","East Devon 020B","E01019913","Total",468,64,92,254,58,244,21,31,148,44,224,43,61,106,14
"2011","East Devon 020C","E01019914","Total",883,92,251,438,102,467,40,81,268,78,416,52,170,170,24
"2011","East Devon 020D","E01019915","Total",591,76,140,278,97,297,18,43,156,80,294,58,97,122,17
"2011","Exeter 001C","E01019998","Total",776,78,167,455,76,398,28,37,271,62,378,50,130,184,14
"2011","Exeter 001D","E01019999","Total",603,101,143,281,78,323,33,47,185,58,280,68,96,96,20
"2011","Exeter 001E","E01020001","Total",712,76,152,407,77,373,27,38,255,53,339,49,114,152,24
"2011","Exeter 001F","E01033233","Total",1324,412,258,523,131,668,156,101,316,95,656,256,157,207,36
"2011","Exeter 002A","E01019990","Total",656,47,196,367,46,307,11,40,220,36,349,36,156,147,10
"2011","Exeter 002B","E01019991","Total",704,61,185,405,53,354,14,47,251,42,350,47,138,154,11
"2011","Exeter 002C","E01019993","Total",720,62,169,427,62,367,17,32,268,50,353,45,137,159,12
"2011","Exeter 002D","E01020000","Total",574,56,136,333,49,292,14,31,208,39,282,42,105,125,10
"2011","Exeter 002E","E01020007","Total",651,171,129,308,43,336,66,52,188,30,315,105,77,120,13
"2011","Exeter 003A","E01019992","Total",741,63,171,436,71,379,14,43,259,63,362,49,128,177,8
"2011","Exeter 003B","E01020002","Total",665,80,157,364,64,325,20,35,219,51,340,60,122,145,13
"2011","Exeter 003C","E01020003","Total",721,96,156,388,81,391,35,38,252,66,330,61,118,136,15
"2011","Exeter 003D","E01020004","Total",799,84,167,463,85,406,26,29,287,64,393,58,138,176,21
"2011","Exeter 003E","E01020005","Total",774,83,206,420,65,408,27,51,278,52,366,56,155,142,13
"2011","Exeter 004A","E01019997","Total",754,155,137,402,60,368,51,48,232,37,386,104,89,170,23
"2011","Exeter 004B","E01020019","Total",583,236,98,206,43,269,72,41,123,33,314,164,57,83,10
"2011","Exeter 004C","E01020020","Total",699,208,100,330,61,370,92,41,191,46,329,116,59,139,15
"2011","Exeter 004D","E01020021","Total",652,150,132,280,90,345,56,53,173,63,307,94,79,107,27
"2011","Exeter 004E","E01020022","Total",644,172,103,315,54,313,64,33,173,43,331,108,70,142,11
"2011","Exeter 005A","E01019980","Total",938,73,197,578,90,481,14,51,342,74,457,59,146,236,16
"2011","Exeter 005B","E01019982","Total",956,78,201,573,104,487,27,42,335,83,469,51,159,238,21
"2011","Exeter 005C","E01019983","Total",735,69,178,414,74,384,18,40,267,59,351,51,138,147,15
"2011","Exeter 005D","E01019984","Total",814,73,177,482,82,434,15,43,308,68,380,58,134,174,14
"2011","Exeter 005E","E01019985","Total",668,62,170,367,69,317,19,30,212,56,351,43,140,155,13
"2011","Exeter 006A","E01019987","Total",776,98,127,474,77,385,39,32,261,53,391,59,95,213,24
"2011","Exeter 006B","E01019989","Total",666,44,125,442,55,317,6,24,250,37,349,38,101,192,18
"2011","Exeter 006C","E01020006","Total",1047,109,257,595,86,534,41,64,364,65,513,68,193,231,21
"2011","Exeter 006D","E01020008","Total",820,167,151,433,69,417,59,47,261,50,403,108,104,172,19
"2011","Exeter 006E","E01020009","Total",837,96,161,471,109,430,38,49,270,73,407,58,112,201,36
"2011","Exeter 007A","E01019986","Total",807,92,174,462,79,411,35,39,284,53,396,57,135,178,26
"2011","Exeter 007B","E01020036","Total",699,71,162,380,86,355,22,25,239,69,344,49,137,141,17
"2011","Exeter 007C","E01020037","Total",587,54,134,353,46,295,10,21,226,38,292,44,113,127,8
"2011","Exeter 007D","E01020039","Total",795,80,212,450,53,403,25,37,299,42,392,55,175,151,11
"2011","Exeter 007E","E01020040","Total",661,71,157,377,56,341,24,32,239,46,320,47,125,138,10
"2011","Exeter 008A","E01019994","Total",775,142,140,411,82,427,59,59,249,60,348,83,81,162,22
"2011","Exeter 008B","E01019995","Total",575,78,120,328,49,312,29,45,204,34,263,49,75,124,15
"2011","Exeter 008C","E01020016","Total",1002,100,136,635,131,569,55,64,366,84,433,45,72,269,47
"2011","Exeter 008D","E01020017","Total",1070,146,176,633,115,586,64,56,385,81,484,82,120,248,34
"2011","Exeter 008E","E01020018","Total",1006,102,180,590,134,536,50,80,318,88,470,52,100,272,46
"2011","Exeter 009A","E01019996","Total",672,103,106,367,96,335,44,33,187,71,337,59,73,180,25
"2011","Exeter 009B","E01020023","Total",1129,116,238,633,142,569,34,47,384,104,560,82,191,249,38
"2011","Exeter 009C","E01020024","Total",719,66,150,370,133,372,18,43,213,98,347,48,107,157,35
"2011","Exeter 009D","E01020025","Total",913,64,157,566,126,450,18,41,309,82,463,46,116,257,44
"2011","Exeter 010A","E01019975","Total",624,63,159,343,59,328,18,44,219,47,296,45,115,124,12
"2011","Exeter 010B","E01020029","Total",922,86,182,555,99,487,31,41,338,77,435,55,141,217,22
"2011","Exeter 010C","E01020030","Total",1047,79,209,664,95,534,21,42,396,75,513,58,167,268,20
"2011","Exeter 010D","E01020031","Total",906,75,187,572,72,448,23,42,327,56,458,52,145,245,16
"2011","Exeter 010E","E01020032","Total",831,67,154,525,85,441,21,41,313,66,390,46,113,212,19
"2011","Exeter 011A","E01020026","Total",934,98,203,549,84,476,23,43,340,70,458,75,160,209,14
"2011","Exeter 011B","E01020027","Total",878,102,198,502,76,456,36,42,318,60,422,66,156,184,16
"2011","Exeter 011D","E01020035","Total",835,69,173,471,122,397,15,34,257,91,438,54,139,214,31
"2011","Exeter 011E","E01020038","Total",801,87,174,469,71,409,36,45,270,58,392,51,129,199,13
"2011","Exeter 011F","E01033232","Total",908,57,159,600,92,469,17,41,345,66,439,40,118,255,26
"2011","Exeter 011G","E01033234","Total",871,90,169,504,108,461,34,40,295,92,410,56,129,209,16
"2011","Exeter 012A","E01019973","Total",719,91,164,399,65,369,27,36,252,54,350,64,128,147,11
"2011","Exeter 012B","E01019974","Total",694,79,165,377,73,350,16,40,232,62,344,63,125,145,11
"2011","Exeter 012C","E01019976","Total",607,62,161,341,43,310,18,46,213,33,297,44,115,128,10
"2011","Exeter 012D","E01019977","Total",734,92,186,375,81,384,27,42,248,67,350,65,144,127,14
"2011","Exeter 012E","E01019981","Total",742,80,170,421,71,383,24,37,265,57,359,56,133,156,14
"2011","Exeter 013A","E01019988","Total",691,59,143,426,63,341,21,33,239,48,350,38,110,187,15
"2011","Exeter 013B","E01020010","Total",824,63,198,474,89,419,19,52,275,73,405,44,146,199,16
"2011","Exeter 013C","E01020013","Total",669,65,129,416,59,340,17,32,246,45,329,48,97,170,14
"2011","Exeter 013D","E01020014","Total",713,64,147,445,57,372,23,31,277,41,341,41,116,168,16
"2011","Exeter 013E","E01020015","Total",777,68,209,444,56,408,28,40,293,47,369,40,169,151,9
"2011","Exeter 014A","E01019968","Total",720,81,159,402,78,380,28,42,247,63,340,53,117,155,15
"2011","Exeter 014B","E01019969","Total",718,62,154,418,84,388,25,41,259,63,330,37,113,159,21
"2011","Exeter 014C","E01019970","Total",713,75,169,388,81,362,24,36,236,66,351,51,133,152,15
"2011","Exeter 014D","E01019971","Total",987,56,151,638,142,554,21,47,381,105,433,35,104,257,37
"2011","Exeter 014E","E01019972","Total",813,75,154,498,86,397,16,32,290,59,416,59,122,208,27
"2011","Exeter 015A","E01020011","Total",592,70,127,310,85,303,20,39,176,68,289,50,88,134,17
"2011","Exeter 015B","E01020012","Total",757,80,191,421,65,373,24,37,258,54,384,56,154,163,11
"2011","Exeter 015C","E01020033","Total",655,89,172,316,78,337,27,53,200,57,318,62,119,116,21
"2011","Exeter 015E","E01033235","Total",575,65,133,296,81,290,27,37,167,59,285,38,96,129,22
"2011","Exeter 015F","E01033236","Total",463,67,97,233,66,226,25,31,123,47,237,42,66,110,19
"2011","Mid Devon 001A","E01020046","Total",851,95,179,403,174,450,22,47,246,135,401,73,132,157,39
"2011","Mid Devon 001B","E01020049","Total",680,67,144,312,157,369,16,44,183,126,311,51,100,129,31
"2011","Mid Devon 001C","E01020050","Total",978,115,199,463,201,524,38,52,278,156,454,77,147,185,45
"2011","Mid Devon 001D","E01020077","Total",867,108,191,377,191,454,31,48,235,140,413,77,143,142,51
"2011","Mid Devon 002A","E01020047","Total",1005,129,206,525,145,521,34,46,327,114,484,95,160,198,31
"2011","Mid Devon 002B","E01020051","Total",839,100,177,452,110,434,30,28,281,95,405,70,149,171,15
"2011","Mid Devon 002C","E01020066","Total",1478,116,290,868,204,758,41,44,514,159,720,75,246,354,45
"2011","Mid Devon 002D","E01020080","Total",586,60,131,287,108,318,21,28,177,92,268,39,103,110,16
"2011","Mid Devon 003A","E01020063","Total",1134,111,246,610,167,595,32,58,372,133,539,79,188,238,34
"2011","Mid Devon 003B","E01020074","Total",1143,125,226,552,240,583,24,43,327,189,560,101,183,225,51
"2011","Mid Devon 003C","E01020075","Total",947,93,203,444,207,507,26,45,269,167,440,67,158,175,40
"2011","Mid Devon 004A","E01020052","Total",832,81,179,475,97,428,18,41,294,75,404,63,138,181,22
"2011","Mid Devon 004B","E01020053","Total",632,68,135,364,65,321,12,28,223,58,311,56,107,141,7
"2011","Mid Devon 004C","E01020065","Total",851,85,197,462,107,446,20,42,296,88,405,65,155,166,19
"2011","Mid Devon 004D","E01020067","Total",857,92,188,481,96,444,22,38,302,82,413,70,150,179,14
"2011","Mid Devon 005A","E01020048","Total",1049,107,180,634,128,578,35,48,410,85,471,72,132,224,43
"2011","Mid Devon 005B","E01020078","Total",631,64,123,374,70,350,19,32,254,45,281,45,91,120,25
"2011","Mid Devon 005C","E01020079","Total",594,66,137,339,52,310,17,24,222,47,284,49,113,117,5
"2011","Mid Devon 005D","E01020081","Total",581,53,125,332,71,302,14,23,213,52,279,39,102,119,19
"2011","Mid Devon 006A","E01020045","Total",822,78,182,412,150,435,17,53,250,115,387,61,129,162,35
"2011","Mid Devon 006B","E01020059","Total",1088,122,231,500,235,578,41,40,311,186,510,81,191,189,49
"2011","Mid Devon 006C","E01020062","Total",811,91,182,408,130,428,29,41,249,109,383,62,141,159,21
"2011","Mid Devon 006D","E01020064","Total",923,94,177,542,110,479,27,42,317,93,444,67,135,225,17
"2011","Mid Devon 007A","E01020054","Total",1148,93,220,670,165,602,15,40,413,134,546,78,180,257,31
"2011","Mid Devon 007B","E01020055","Total",919,82,176,564,97,475,19,38,343,75,444,63,138,221,22
"2011","Mid Devon 007C","E01020057","Total",868,87,176,487,118,457,18,44,297,98,411,69,132,190,20
"2011","Mid Devon 007D","E01020058","Total",1019,109,176,613,121,525,36,38,356,95,494,73,138,257,26
"2011","Mid Devon 008A","E01020043","Total",925,91,214,501,119,476,29,50,309,88,449,62,164,192,31
"2011","Mid Devon 008B","E01020044","Total",827,105,185,371,166,435,39,55,218,123,392,66,130,153,43
"2011","Mid Devon 008C","E01020056","Total",1107,119,232,497,259,594,29,56,312,197,513,90,176,185,62
"2011","Mid Devon 008D","E01020071","Total",902,88,189,492,133,448,21,36,297,94,454,67,153,195,39
"2011","Mid Devon 009A","E01020072","Total",836,87,191,383,175,433,20,56,224,133,403,67,135,159,42
"2011","Mid Devon 009B","E01020073","Total",771,85,163,391,132,417,22,58,240,97,354,63,105,151,35
"2011","Mid Devon 009C","E01020076","Total",880,95,206,408,171,462,29,56,239,138,418,66,150,169,33
"2011","Mid Devon 009D","E01020082","Total",605,72,128,278,127,318,21,26,175,96,287,51,102,103,31
"2011","Mid Devon 010A","E01020068","Total",757,84,164,384,125,406,25,42,246,93,351,59,122,138,32
"2011","Mid Devon 010B","E01020069","Total",781,110,183,338,150,415,25,44,226,120,366,85,139,112,30
"2011","Mid Devon 010C","E01020070","Total",943,120,175,432,216,509,28,35,269,177,434,92,140,163,39
"2011","Mid Devon 010D","E01020083","Total",1238,125,271,610,232,663,29,63,387,184,575,96,208,223,48
"2011","Mid Devon 011A","E01020041","Total",1139,114,232,671,122,589,43,56,388,102,550,71,176,283,20
"2011","Mid Devon 011B","E01020042","Total",856,87,160,506,103,448,22,36,309,81,408,65,124,197,22
"2011","Mid Devon 011C","E01020060","Total",804,74,148,462,120,429,14,44,273,98,375,60,104,189,22
"2011","Mid Devon 011D","E01020061","Total",1004,125,225,542,112,513,32,46,349,86,491,93,179,193,26
"2011","North Devon 001A","E01020111","Total",571,50,175,286,60,280,15,44,183,38,291,35,131,103,22
"2011","North Devon 001B","E01020112","Total",710,62,166,396,86,385,21,56,254,54,325,41,110,142,32
"2011","North Devon 001C","E01020114","Total",602,74,158,307,63,310,23,44,197,46,292,51,114,110,17
"2011","North Devon 001D","E01020115","Total",588,61,140,304,83,312,18,41,189,64,276,43,99,115,19
"2011","North Devon 002A","E01020099","Total",619,76,147,275,121,324,27,41,171,85,295,49,106,104,36
"2011","North Devon 002B","E01020100","Total",519,67,107,228,117,283,23,32,141,87,236,44,75,87,30
"2011","North Devon 002C","E01020101","Total",640,79,168,316,77,334,33,44,205,52,306,46,124,111,25
"2011","North Devon 002D","E01020126","Total",829,99,177,357,196,423,40,55,214,114,406,59,122,143,82
"2011","North Devon 003A","E01020113","Total",600,59,146,318,77,321,28,51,194,48,279,31,95,124,29
"2011","North Devon 003B","E01020116","Total",788,82,207,418,81,421,19,63,288,51,367,63,144,130,30
"2011","North Devon 003C","E01020117","Total",703,65,166,373,99,364,24,46,229,65,339,41,120,144,34
"2011","North Devon 003D","E01020118","Total",590,74,153,304,59,298,25,39,187,47,292,49,114,117,12
"2011","North Devon 004A","E01020090","Total",761,106,182,377,96,408,36,41,265,66,353,70,141,112,30
"2011","North Devon 004B","E01020108","Total",1159,123,246,576,214,614,41,82,332,159,545,82,164,244,55
"2011","North Devon 004C","E01020109","Total",689,78,150,318,143,372,23,47,200,102,317,55,103,118,41
"2011","North Devon 005A","E01020089","Total",1166,141,275,618,132,587,36,73,375,103,579,105,202,243,29
"2011","North Devon 005B","E01020091","Total",643,73,142,343,85,343,19,39,221,64,300,54,103,122,21
"2011","North Devon 005C","E01020092","Total",597,73,151,299,74,316,13,41,204,58,281,60,110,95,16
"2011","North Devon 005D","E01020093","Total",664,62,149,363,90,343,20,35,225,63,321,42,114,138,27
"2011","North Devon 005E","E01020110","Total",1457,115,222,676,444,1004,32,50,503,419,453,83,172,173,25
"2011","North Devon 006A","E01020088","Total",1039,111,214,502,212,559,32,61,299,167,480,79,153,203,45
"2011","North Devon 006B","E01020120","Total",922,116,223,457,126,471,40,49,278,104,451,76,174,179,22
"2011","North Devon 006C","E01020127","Total",1016,123,217,460,216,552,41,60,286,165,464,82,157,174,51
"2011","North Devon 007A","E01020132","Total",886,78,194,523,91,462,22,43,330,67,424,56,151,193,24
"2011","North Devon 007B","E01020133","Total",755,81,163,428,83,401,26,38,274,63,354,55,125,154,20
"2011","North Devon 007C","E01020134","Total",568,57,132,309,70,300,14,31,202,53,268,43,101,107,17
"2011","North Devon 007D","E01020139","Total",681,71,159,396,55,347,21,36,248,42,334,50,123,148,13
"2011","North Devon 008A","E01020094","Total",759,69,185,421,84,414,20,58,275,61,345,49,127,146,23
"2011","North Devon 008B","E01020095","Total",782,65,195,445,77,410,21,50,276,63,372,44,145,169,14
"2011","North Devon 008C","E01020140","Total",537,65,128,296,48,268,16,33,182,37,269,49,95,114,11
"2011","North Devon 008D","E01020141","Total",832,79,237,460,56,417,29,58,284,46,415,50,179,176,10
"2011","North Devon 009A","E01020096","Total",844,70,188,482,104,456,20,49,307,80,388,50,139,175,24
"2011","North Devon 009B","E01020123","Total",625,86,133,338,68,329,29,28,211,61,296,57,105,127,7
"2011","North Devon 009C","E01020124","Total",641,75,112,370,84,360,23,31,236,70,281,52,81,134,14
"2011","North Devon 009D","E01020125","Total",598,64,129,337,68,317,24,31,209,53,281,40,98,128,15
"2011","North Devon 010A","E01020102","Total",935,99,221,524,91,466,29,49,319,69,469,70,172,205,22
"2011","North Devon 010B","E01020103","Total",631,65,182,336,48,318,14,39,228,37,313,51,143,108,11
"2011","North Devon 010C","E01020104","Total",718,68,180,424,46,365,16,43,265,41,353,52,137,159,5
"2011","North Devon 010D","E01020128","Total",615,78,137,320,80,308,21,32,197,58,307,57,105,123,22
"2011","North Devon 010E","E01020129","Total",543,68,145,284,46,284,23,37,184,40,259,45,108,100,6
"2011","North Devon 010F","E01020130","Total",854,90,177,499,88,436,37,46,285,68,418,53,131,214,20
"2011","North Devon 011A","E01020105","Total",686,60,145,412,69,363,15,36,256,56,323,45,109,156,13
"2011","North Devon 011B","E01020106","Total",469,52,101,260,56,240,15,18,165,42,229,37,83,95,14
"2011","North Devon 011C","E01020107","Total",678,78,161,362,77,343,23,35,229,56,335,55,126,133,21
"2011","North Devon 011D","E01020119","Total",693,77,148,346,122,361,19,43,203,96,332,58,105,143,26
"2011","North Devon 012A","E01020084","Total",667,80,159,373,55,346,25,40,238,43,321,55,119,135,12
"2011","North Devon 012B","E01020085","Total",801,77,186,448,90,402,14,35,286,67,399,63,151,162,23
"2011","North Devon 012C","E01020086","Total",704,66,170,402,66,375,19,51,254,51,329,47,119,148,15
"2011","North Devon 012D","E01020121","Total",979,104,254,488,133,506,33,61,302,110,473,71,193,186,23
"2011","North Devon 012E","E01020122","Total",842,89,174,432,147,443,27,45,260,111,399,62,129,172,36
"2011","North Devon 013A","E01020097","Total",1124,125,240,496,263,601,30,56,311,204,523,95,184,185,59
"2011","North Devon 013B","E01020131","Total",1095,105,249,480,261,592,28,65,296,203,503,77,184,184,58
"2011","North Devon 013C","E01020135","Total",718,79,152,402,85,382,19,28,264,71,336,60,124,138,14
"2011","North Devon 013D","E01020136","Total",823,84,169,413,157,430,27,29,252,122,393,57,140,161,35
"2011","North Devon 013E","E01020137","Total",796,86,172,435,103,412,27,37,271,77,384,59,135,164,26
"2011","North Devon 014A","E01020087","Total",914,113,182,377,242,492,34,46,233,179,422,79,136,144,63
"2011","North Devon 014B","E01020098","Total",997,127,217,436,217,524,35,58,263,168,473,92,159,173,49
"2011","North Devon 014C","E01020138","Total",1092,124,221,471,276,581,40,44,294,203,511,84,177,177,73
"2011","South Hams 001A","E01020144","Total",925,83,172,567,103,477,26,32,337,82,448,57,140,230,21
"2011","South Hams 001B","E01020145","Total",1133,97,228,556,252,677,40,55,370,212,456,57,173,186,40
"2011","South Hams 001C","E01020146","Total",702,67,127,424,84,350,17,24,235,74,352,50,103,189,10
"2011","South Hams 001D","E01020149","Total",634,59,131,344,100,321,15,27,196,83,313,44,104,148,17
"2011","South Hams 002A","E01020148","Total",554,60,110,276,108,292,17,23,169,83,262,43,87,107,25
"2011","South Hams 002B","E01020157","Total",1139,167,244,498,230,596,44,73,304,175,543,123,171,194,55
"2011","South Hams 002C","E01020160","Total",976,106,206,467,197,500,30,55,266,149,476,76,151,201,48
"2011","South Hams 002D","E01020176","Total",547,70,126,263,88,266,18,29,150,69,281,52,97,113,19
"2011","South Hams 002E","E01020177","Total",604,71,157,315,61,308,22,41,196,49,296,49,116,119,12
"2011","South Hams 003A","E01020180","Total",857,119,240,413,85,412,31,80,241,60,445,88,160,172,25
"2011","South Hams 003B","E01020181","Total",713,79,192,357,85,374,27,54,229,64,339,52,138,128,21
"2011","South Hams 003C","E01020182","Total",742,77,202,385,78,372,22,43,248,59,370,55,159,137,19
"2011","South Hams 003D","E01020183","Total",690,78,211,316,85,332,17,74,190,51,358,61,137,126,34
"2011","South Hams 003E","E01020184","Total",736,88,212,344,92,358,32,69,195,62,378,56,143,149,30
"2011","South Hams 004A","E01020153","Total",533,75,114,244,100,287,21,44,146,76,246,54,70,98,24
"2011","South Hams 004B","E01020156","Total",842,109,198,403,132,438,32,58,247,101,404,77,140,156,31
"2011","South Hams 004C","E01020170","Total",983,107,218,500,158,517,35,59,304,119,466,72,159,196,39
"2011","South Hams 004D","E01020188","Total",1005,162,257,397,189,519,59,76,242,142,486,103,181,155,47
"2011","South Hams 005A","E01020161","Total",1078,107,250,603,118,560,39,64,369,88,518,68,186,234,30
"2011","South Hams 005B","E01020162","Total",943,116,234,495,98,461,32,50,304,75,482,84,184,191,23
"2011","South Hams 005C","E01020163","Total",970,109,224,527,110,495,30,38,335,92,475,79,186,192,18
"2011","South Hams 005D","E01020164","Total",798,85,185,429,99,414,21,42,271,80,384,64,143,158,19
"2011","South Hams 005E","E01020165","Total",889,83,177,518,111,452,16,32,313,91,437,67,145,205,20
"2011","South Hams 005F","E01020166","Total",772,62,191,428,91,396,11,37,272,76,376,51,154,156,15
"2011","South Hams 005G","E01020167","Total",729,66,163,398,102,352,17,15,242,78,377,49,148,156,24
"2011","South Hams 006A","E01020142","Total",1145,113,260,548,224,580,23,64,323,170,565,90,196,225,54
"2011","South Hams 006B","E01020143","Total",1155,150,260,530,215,606,41,76,329,160,549,109,184,201,55
"2011","South Hams 006C","E01020150","Total",789,111,201,363,114,391,25,55,229,82,398,86,146,134,32
"2011","South Hams 007A","E01020151","Total",689,93,154,338,104,369,24,50,222,73,320,69,104,116,31
"2011","South Hams 007B","E01020152","Total",700,69,105,370,156,384,23,30,225,106,316,46,75,145,50
"2011","South Hams 007C","E01020154","Total",916,88,170,379,279,579,31,41,256,251,337,57,129,123,28
"2011","South Hams 007D","E01020155","Total",482,37,127,268,50,258,9,33,176,40,224,28,94,92,10
"2011","South Hams 008A","E01020147","Total",962,137,220,418,187,506,42,64,263,137,456,95,156,155,50
"2011","South Hams 008B","E01020158","Total",816,119,183,359,155,425,38,47,223,117,391,81,136,136,38
"2011","South Hams 008C","E01020159","Total",734,89,143,339,163,377,19,37,195,126,357,70,106,144,37
"2011","South Hams 008D","E01020190","Total",875,126,190,411,148,444,29,47,258,110,431,97,143,153,38
"2011","South Hams 009A","E01020171","Total",777,110,165,353,149,416,29,46,220,121,361,81,119,133,28
"2011","South Hams 009B","E01020185","Total",567,78,132,269,88,281,24,34,160,63,286,54,98,109,25
"2011","South Hams 009C","E01020186","Total",573,68,114,283,108,296,19,30,167,80,277,49,84,116,28
"2011","South Hams 009D","E01020187","Total",811,91,152,455,113,410,26,29,265,90,401,65,123,190,23
"2011","South Hams 010A","E01020168","Total",832,118,195,427,92,447,30,62,285,70,385,88,133,142,22
"2011","South Hams 010B","E01020169","Total",1209,128,265,657,159,645,29,68,415,133,564,99,197,242,26
"2011","South Hams 010C","E01020189","Total",920,122,222,457,119,455,35,60,269,91,465,87,162,188,28
"2011","South Hams 011A","E01020174","Total",646,120,141,249,136,345,38,39,163,105,301,82,102,86,31
"2011","South Hams 011B","E01020175","Total",794,109,184,332,169,417,34,53,202,128,377,75,131,130,41
"2011","South Hams 011C","E01020178","Total",784,123,173,341,147,406,35,50,204,117,378,88,123,137,30
"2011","South Hams 012A","E01020172","Total",824,114,168,387,155,448,32,49,244,123,376,82,119,143,32
"2011","South Hams 012B","E01020173","Total",685,101,142,317,125,373,34,46,195,98,312,67,96,122,27
"2011","South Hams 012C","E01020179","Total",820,125,171,358,166,433,37,48,217,131,387,88,123,141,35
"2011","Teignbridge 001A","E01020243","Total",629,72,149,308,100,324,22,42,181,79,305,50,107,127,21
"2011","Teignbridge 001B","E01020262","Total",622,72,126,296,128,323,23,33,169,98,299,49,93,127,30
"2011","Teignbridge 001C","E01020263","Total",634,79,141,318,96,342,29,36,203,74,292,50,105,115,22
"2011","Teignbridge 001D","E01020274","Total",702,89,165,316,132,361,19,46,189,107,341,70,119,127,25
"2011","Teignbridge 002A","E01020240","Total",769,87,148,428,106,392,28,34,257,73,377,59,114,171,33
"2011","Teignbridge 002B","E01020241","Total",953,96,203,439,215,506,23,46,275,162,447,73,157,164,53
"2011","Teignbridge 002C","E01020242","Total",758,74,173,424,87,378,18,33,263,64,380,56,140,161,23
"2011","Teignbridge 002D","E01020244","Total",669,55,165,372,77,346,18,38,226,64,323,37,127,146,13
"2011","Teignbridge 002E","E01020245","Total",842,81,182,470,109,449,30,53,284,82,393,51,129,186,27
"2011","Teignbridge 003A","E01020205","Total",665,86,156,290,133,349,15,54,176,104,316,71,102,114,29
"2011","Teignbridge 003B","E01020258","Total",867,108,191,397,171,449,30,49,246,124,418,78,142,151,47
"2011","Teignbridge 003C","E01020259","Total",607,84,125,250,148,323,24,28,157,114,284,60,97,93,34
"2011","Teignbridge 003D","E01020273","Total",618,95,123,296,104,335,31,38,194,72,283,64,85,102,32
"2011","Teignbridge 004A","E01020203","Total",661,88,161,320,92,347,27,36,210,74,314,61,125,110,18
"2011","Teignbridge 004B","E01020206","Total",751,85,138,416,112,389,21,42,248,78,362,64,96,168,34
"2011","Teignbridge 004C","E01020220","Total",670,90,137,346,97,354,32,37,218,67,316,58,100,128,30
"2011","Teignbridge 004D","E01020221","Total",889,90,182,474,143,472,27,43,288,114,417,63,139,186,29
"2011","Teignbridge 004E","E01020222","Total",678,76,140,364,98,339,18,29,221,71,339,58,111,143,27
"2011","Teignbridge 004F","E01020223","Total",901,94,174,480,153,468,31,41,280,116,433,63,133,200,37
"2011","Teignbridge 005A","E01020229","Total",698,86,161,350,101,365,28,50,207,80,333,58,111,143,21
"2011","Teignbridge 005B","E01020230","Total",815,92,184,439,100,400,35,35,263,67,415,57,149,176,33
"2011","Teignbridge 005C","E01020231","Total",651,81,160,337,73,334,21,39,215,59,317,60,121,122,14
"2011","Teignbridge 005D","E01020232","Total",752,77,178,419,78,376,21,41,252,62,376,56,137,167,16
"2011","Teignbridge 006A","E01020228","Total",677,62,142,376,97,361,22,41,228,70,316,40,101,148,27
"2011","Teignbridge 006B","E01020233","Total",692,86,173,344,89,350,30,56,202,62,342,56,117,142,27
"2011","Teignbridge 006C","E01020234","Total",651,80,165,344,62,319,21,32,216,50,332,59,133,128,12
"2011","Teignbridge 006D","E01020235","Total",711,71,175,379,86,373,13,52,245,63,338,58,123,134,23
"2011","Teignbridge 007A","E01020202","Total",552,71,117,274,90,294,19,37,173,65,258,52,80,101,25
"2011","Teignbridge 007B","E01020204","Total",839,77,145,505,112,447,22,27,309,89,392,55,118,196,23
"2011","Teignbridge 007C","E01020236","Total",622,94,134,295,99,335,33,40,182,80,287,61,94,113,19
"2011","Teignbridge 007D","E01020237","Total",812,85,190,376,161,387,15,54,197,121,425,70,136,179,40
"2011","Teignbridge 008A","E01020265","Total",791,96,201,398,96,405,23,60,246,76,386,73,141,152,20
"2011","Teignbridge 008B","E01020266","Total",772,88,167,403,114,394,26,42,248,78,378,62,125,155,36
"2011","Teignbridge 008C","E01020267","Total",652,79,136,356,81,340,24,35,223,58,312,55,101,133,23
"2011","Teignbridge 008D","E01020268","Total",518,60,113,266,79,260,14,34,155,57,258,46,79,111,22
"2011","Teignbridge 008E","E01020270","Total",784,96,174,422,92,384,26,38,249,71,400,70,136,173,21
"2011","Teignbridge 009A","E01020250","Total",818,99,183,448,88,424,35,46,269,74,394,64,137,179,14
"2011","Teignbridge 009B","E01020252","Total",647,57,134,381,75,325,13,17,235,60,322,44,117,146,15
"2011","Teignbridge 009C","E01020253","Total",863,81,200,488,94,418,25,37,282,74,445,56,163,206,20
"2011","Teignbridge 009D","E01020254","Total",636,63,131,358,84,343,21,27,226,69,293,42,104,132,15
"2011","Teignbridge 009E","E01020255","Total",622,84,144,324,70,332,32,27,214,59,290,52,117,110,11
"2011","Teignbridge 009F","E01020257","Total",639,64,146,354,75,324,16,15,227,66,315,48,131,127,9
"2011","Teignbridge 010A","E01020264","Total",622,71,136,325,90,315,22,43,186,64,307,49,93,139,26
"2011","Teignbridge 010B","E01020269","Total",770,67,166,424,113,392,24,52,235,81,378,43,114,189,32
"2011","Teignbridge 010C","E01020271","Total",736,83,170,407,76,365,31,47,233,54,371,52,123,174,22
"2011","Teignbridge 010D","E01020272","Total",846,93,210,460,83,432,30,62,270,70,414,63,148,190,13
"2011","Teignbridge 011A","E01020200","Total",525,65,119,255,86,271,23,29,154,65,254,42,90,101,21
"2011","Teignbridge 011B","E01020201","Total",575,69,146,280,80,290,19,41,166,64,285,50,105,114,16
"2011","Teignbridge 011C","E01020251","Total",803,86,155,435,127,414,27,32,256,99,389,59,123,179,28
"2011","Teignbridge 011D","E01020260","Total",499,78,94,226,101,271,17,28,149,77,228,61,66,77,24
"2011","Teignbridge 011E","E01020261","Total",546,81,120,244,101,290,27,34,155,74,256,54,86,89,27
"2011","Teignbridge 012A","E01020208","Total",581,59,131,344,47,314,13,26,238,37,267,46,105,106,10
"2011","Teignbridge 012B","E01020209","Total",750,63,169,441,77,385,14,34,268,69,365,49,135,173,8
"2011","Teignbridge 012C","E01020210","Total",620,68,134,341,77,325,22,33,211,59,295,46,101,130,18
"2011","Teignbridge 012D","E01020219","Total",1088,108,233,618,129,553,43,57,352,101,535,65,176,266,28
"2011","Teignbridge 013A","E01020191","Total",605,71,147,286,101,352,31,69,179,73,253,40,78,107,28
"2011","Teignbridge 013B","E01020194","Total",789,90,181,430,88,394,21,43,263,67,395,69,138,167,21
"2011","Teignbridge 013C","E01020207","Total",570,56,136,307,71,282,19,33,172,58,288,37,103,135,13
"2011","Teignbridge 013D","E01020256","Total",680,70,134,381,95,347,20,31,221,75,333,50,103,160,20
"2011","Teignbridge 014A","E01020211","Total",669,69,152,389,59,339,23,32,236,48,330,46,120,153,11
"2011","Teignbridge 014B","E01020217","Total",834,54,158,520,102,448,15,41,309,83,386,39,117,211,19
"2011","Teignbridge 014C","E01020218","Total",815,70,167,491,87,427,23,43,299,62,388,47,124,192,25
"2011","Teignbridge 014D","E01020224","Total",686,63,137,415,71,349,16,31,255,47,337,47,106,160,24
"2011","Teignbridge 015A","E01020216","Total",721,69,149,426,77,377,22,32,262,61,344,47,117,164,16
"2011","Teignbridge 015B","E01020225","Total",660,78,146,368,68,327,25,36,214,52,333,53,110,154,16
"2011","Teignbridge 015C","E01020226","Total",587,63,129,305,90,312,26,30,193,63,275,37,99,112,27
"2011","Teignbridge 015D","E01020227","Total",663,67,171,363,62,345,23,44,235,43,318,44,127,128,19
"2011","Teignbridge 016A","E01020212","Total",566,74,136,303,53,292,13,36,195,48,274,61,100,108,5
"2011","Teignbridge 016B","E01020213","Total",637,62,122,395,58,345,19,32,242,52,292,43,90,153,6
"2011","Teignbridge 016C","E01020214","Total",737,76,153,420,88,391,25,36,255,75,346,51,117,165,13
"2011","Teignbridge 016D","E01020215","Total",666,79,148,347,92,343,21,28,224,70,323,58,120,123,22
"2011","Teignbridge 017A","E01020195","Total",866,100,207,445,114,446,29,49,276,92,420,71,158,169,22
"2011","Teignbridge 017B","E01020196","Total",791,100,185,389,117,394,27,60,232,75,397,73,125,157,42
"2011","Teignbridge 017C","E01020197","Total",598,66,145,293,94,317,18,46,183,70,281,48,99,110,24
"2011","Teignbridge 017D","E01020198","Total",670,84,145,360,81,329,21,29,215,64,341,63,116,145,17
"2011","Teignbridge 017E","E01020199","Total",780,72,189,406,113,416,29,48,257,82,364,43,141,149,31
"2011","Teignbridge 018A","E01020246","Total",611,66,150,303,92,307,15,39,187,66,304,51,111,116,26
"2011","Teignbridge 018B","E01020247","Total",718,82,161,388,87,379,33,41,238,67,339,49,120,150,20
"2011","Teignbridge 018C","E01020248","Total",805,101,159,438,107,421,35,37,263,86,384,66,122,175,21
"2011","Teignbridge 018D","E01020249","Total",604,48,139,338,79,311,14,31,210,56,293,34,108,128,23
"2011","Teignbridge 019A","E01020192","Total",720,94,162,368,96,342,26,35,214,67,378,68,127,154,29
"2011","Teignbridge 019B","E01020193","Total",726,103,158,326,139,388,30,53,190,115,338,73,105,136,24
"2011","Teignbridge 019C","E01020238","Total",528,61,128,268,71,274,19,37,167,51,254,42,91,101,20
"2011","Teignbridge 019D","E01020239","Total",600,78,152,275,95,309,27,46,165,71,291,51,106,110,24
"2011","Torridge 001A","E01020275","Total",618,72,156,314,76,314,22,37,206,49,304,50,119,108,27
"2011","Torridge 001B","E01020276","Total",597,57,147,331,62,299,15,35,203,46,298,42,112,128,16
"2011","Torridge 001C","E01020297","Total",627,78,160,324,65,302,20,40,192,50,325,58,120,132,15
"2011","Torridge 001D","E01020299","Total",763,82,179,407,95,394,23,48,250,73,369,59,131,157,22
"2011","Torridge 002A","E01020298","Total",794,98,192,415,89,413,28,47,269,69,381,70,145,146,20
"2011","Torridge 002B","E01020300","Total",780,70,194,423,93,422,24,46,281,71,358,46,148,142,22
"2011","Torridge 002C","E01020310","Total",843,99,176,442,126,444,30,53,277,84,399,69,123,165,42
"2011","Torridge 003A","E01020280","Total",1060,95,231,618,116,578,36,64,395,83,482,59,167,223,33
"2011","Torridge 003B","E01020281","Total",913,96,206,510,101,492,30,49,336,77,421,66,157,174,24
"2011","Torridge 003C","E01020282","Total",670,57,175,373,65,351,21,44,231,55,319,36,131,142,10
"2011","Torridge 004A","E01020277","Total",765,71,193,434,67,396,14,41,286,55,369,57,152,148,12
"2011","Torridge 004B","E01020278","Total",845,90,188,448,119,420,15,43,268,94,425,75,145,180,25
"2011","Torridge 004C","E01020279","Total",1129,99,244,685,101,598,27,62,429,80,531,72,182,256,21
"2011","Torridge 004D","E01020283","Total",676,75,157,388,56,352,19,39,252,42,324,56,118,136,14
"2011","Torridge 004E","E01020284","Total",949,93,216,542,98,510,21,52,356,81,439,72,164,186,17
"2011","Torridge 004F","E01020285","Total",872,78,212,504,78,461,17,52,324,68,411,61,160,180,10
"2011","Torridge 005A","E01020288","Total",806,93,166,374,173,416,19,50,216,131,390,74,116,158,42
"2011","Torridge 005B","E01020292","Total",689,72,156,318,143,386,17,45,210,114,303,55,111,108,29
"2011","Torridge 005C","E01020295","Total",746,96,175,326,149,400,22,52,207,119,346,74,123,119,30
"2011","Torridge 005D","E01020296","Total",711,100,162,313,136,370,29,41,196,104,341,71,121,117,32
"2011","Torridge 006A","E01020304","Total",771,85,166,423,97,399,22,41,259,77,372,63,125,164,20
"2011","Torridge 006B","E01020305","Total",513,47,112,285,69,275,15,31,174,55,238,32,81,111,14
"2011","Torridge 006C","E01020306","Total",605,78,137,310,80,306,16,22,207,61,299,62,115,103,19
"2011","Torridge 006D","E01020307","Total",722,85,168,389,80,379,23,42,252,62,343,62,126,137,18
"2011","Torridge 007A","E01020287","Total",758,97,168,316,177,409,24,37,202,146,349,73,131,114,31
"2011","Torridge 007B","E01020303","Total",741,76,151,344,170,398,22,48,194,134,343,54,103,150,36
"2011","Torridge 007C","E01020308","Total",890,96,200,407,187,488,27,57,260,144,402,69,143,147,43
"2011","Torridge 007D","E01020311","Total",960,95,229,448,188,506,28,57,267,154,454,67,172,181,34
"2011","Torridge 008A","E01020291","Total",807,97,191,345,174,436,25,58,222,131,371,72,133,123,43
"2011","Torridge 008B","E01020293","Total",1091,148,222,508,213,583,41,53,317,172,508,107,169,191,41
"2011","Torridge 008C","E01020294","Total",715,112,185,344,74,382,24,48,243,67,333,88,137,101,7
"2011","Torridge 008D","E01020302","Total",836,109,213,339,175,449,24,55,227,143,387,85,158,112,32
"2011","Torridge 008E","E01020309","Total",866,94,185,390,197,469,31,52,232,154,397,63,133,158,43
"2011","Torridge 009A","E01020286","Total",817,98,167,340,212,442,17,50,210,165,375,81,117,130,47
"2011","Torridge 009B","E01020289","Total",724,89,153,311,171,378,25,37,189,127,346,64,116,122,44
"2011","Torridge 009C","E01020290","Total",791,91,167,351,182,427,22,43,222,140,364,69,124,129,42
"2011","Torridge 009D","E01020301","Total",942,130,190,418,204,506,41,44,254,167,436,89,146,164,37
"2011","West Devon 001A","E01020320","Total",781,101,140,329,211,430,28,46,195,161,351,73,94,134,50
"2011","West Devon 001B","E01020321","Total",1070,132,222,510,206,572,29,53,334,156,498,103,169,176,50
"2011","West Devon 001C","E01020322","Total",986,117,194,436,239,522,34,45,257,186,464,83,149,179,53
"2011","West Devon 001D","E01020326","Total",1037,120,212,512,193,544,33,49,309,153,493,87,163,203,40
"2011","West Devon 002A","E01020327","Total",866,90,179,479,118,459,28,43,292,96,407,62,136,187,22
"2011","West Devon 002B","E01020328","Total",1141,108,248,650,135,577,27,46,393,111,564,81,202,257,24
"2011","West Devon 002C","E01020329","Total",785,92,176,384,133,421,26,57,245,93,364,66,119,139,40
"2011","West Devon 002D","E01020330","Total",797,95,176,423,103,416,27,41,268,80,381,68,135,155,23
"2011","West Devon 003A","E01020318","Total",679,94,160,285,140,348,33,46,174,95,331,61,114,111,45
"2011","West Devon 003B","E01020319","Total",872,118,187,336,231,426,31,55,175,165,446,87,132,161,66
"2011","West Devon 003C","E01020323","Total",935,113,232,443,147,529,48,100,269,112,406,65,132,174,35
"2011","West Devon 003D","E01020339","Total",835,96,184,381,174,432,25,39,236,132,403,71,145,145,42
"2011","West Devon 004A","E01020314","Total",760,90,164,321,185,394,24,49,186,135,366,66,115,135,50
"2011","West Devon 004B","E01020325","Total",862,98,182,376,206,457,29,44,232,152,405,69,138,144,54
"2011","West Devon 004C","E01020331","Total",757,92,154,343,168,389,26,45,193,125,368,66,109,150,43
"2011","West Devon 004D","E01020340","Total",866,119,158,404,185,453,32,37,246,138,413,87,121,158,47
"2011","West Devon 005A","E01020332","Total",896,92,194,472,138,470,37,55,276,102,426,55,139,196,36
"2011","West Devon 005B","E01020333","Total",907,109,190,468,140,477,35,47,285,110,430,74,143,183,30
"2011","West Devon 005C","E01020334","Total",909,93,203,481,132,441,23,43,286,89,468,70,160,195,43
"2011","West Devon 005D","E01020335","Total",571,84,138,271,78,296,27,41,171,57,275,57,97,100,21
"2011","West Devon 005E","E01020336","Total",557,81,120,267,89,288,30,29,166,63,269,51,91,101,26
"2011","West Devon 005F","E01020337","Total",547,75,127,255,90,280,29,29,159,63,267,46,98,96,27
"2011","West Devon 005G","E01020338","Total",1149,122,281,611,135,567,32,60,378,97,582,90,221,233,38
"2011","West Devon 006A","E01020317","Total",647,75,150,300,122,327,25,38,171,93,320,50,112,129,29
"2011","West Devon 006B","E01020324","Total",738,100,165,330,143,383,31,49,201,102,355,69,116,129,41
"2011","West Devon 006C","E01020341","Total",715,92,172,308,143,367,29,41,194,103,348,63,131,114,40
"2011","West Devon 006D","E01020342","Total",715,95,158,374,88,358,20,31,240,67,357,75,127,134,21
"2011","West Devon 007A","E01020312","Total",702,91,165,319,127,365,28,46,199,92,337,63,119,120,35
"2011","West Devon 007B","E01020313","Total",632,71,150,334,77,320,18,39,205,58,312,53,111,129,19
"2011","West Devon 007C","E01020315","Total",687,82,143,355,107,351,26,35,217,73,336,56,108,138,34
"2011","West Devon 007D","E01020316","Total",840,106,185,387,162,446,35,46,241,124,394,71,139,146,38
"2011","Christchurch 001A","E01020343","Total",728,84,173,385,86,392,21,50,251,70,336,63,123,134,16
"2011","Christchurch 001B","E01020344","Total",802,73,179,465,85,406,21,36,282,67,396,52,143,183,18
"2011","Christchurch 001C","E01020345","Total",585,65,121,287,112,287,21,23,161,82,298,44,98,126,30
"2011","Christchurch 001D","E01020365","Total",690,98,151,341,100,376,28,40,227,81,314,70,111,114,19
"2011","Christchurch 002A","E01020351","Total",620,73,130,330,87,319,17,29,208,65,301,56,101,122,22
"2011","Christchurch 002B","E01020352","Total",635,76,149,342,68,324,17,29,221,57,311,59,120,121,11
"2011","Christchurch 002C","E01020353","Total",687,79,150,384,74,360,24,24,251,61,327,55,126,133,13
"2011","Christchurch 002D","E01020359","Total",642,68,154,346,74,338,23,29,227,59,304,45,125,119,15
"2011","Christchurch 002E","E01020366","Total",908,114,204,447,143,488,28,49,299,112,420,86,155,148,31
"2011","Christchurch 003A","E01020349","Total",453,55,92,248,58,238,15,23,160,40,215,40,69,88,18
"2011","Christchurch 003B","E01020350","Total",442,52,109,221,60,242,12,42,141,47,200,40,67,80,13
"2011","Christchurch 003C","E01020357","Total",960,126,222,512,100,486,36,64,304,82,474,90,158,208,18
"2011","Christchurch 003D","E01020358","Total",557,80,134,260,83,290,31,35,158,66,267,49,99,102,17
"2011","Christchurch 004A","E01020369","Total",484,77,93,250,64,257,27,24,153,53,227,50,69,97,11
"2011","Christchurch 004B","E01020370","Total",763,84,183,412,84,398,28,38,265,67,365,56,145,147,17
"2011","Christchurch 004C","E01020371","Total",513,84,120,260,49,276,28,31,170,47,237,56,89,90,2
"2011","Christchurch 004D","E01020372","Total",485,51,115,262,57,249,15,30,158,46,236,36,85,104,11
"2011","Christchurch 005A","E01020346","Total",707,92,157,381,77,380,31,44,239,66,327,61,113,142,11
"2011","Christchurch 005B","E01020347","Total",677,53,159,398,67,379,14,56,254,55,298,39,103,144,12
"2011","Christchurch 005C","E01020348","Total",725,93,160,411,61,391,31,44,264,52,334,62,116,147,9
"2011","Christchurch 005D","E01020363","Total",588,36,140,337,75,308,10,43,194,61,280,26,97,143,14
"2011","Christchurch 006A","E01020360","Total",749,73,153,438,85,398,21,35,275,67,351,52,118,163,18
"2011","Christchurch 006B","E01020361","Total",793,84,174,455,80,428,22,40,304,62,365,62,134,151,18
"2011","Christchurch 006C","E01020364","Total",717,80,133,414,90,361,29,27,235,70,356,51,106,179,20
"2011","Christchurch 006D","E01020367","Total",873,119,182,426,146,439,34,51,254,100,434,85,131,172,46
"2011","Christchurch 006E","E01020368","Total",1076,101,240,623,112,579,35,66,395,83,497,66,174,228,29
"2011","Christchurch 007A","E01020354","Total",642,69,135,369,69,317,20,31,215,51,325,49,104,154,18
"2011","Christchurch 007B","E01020355","Total",617,92,149,285,91,326,27,44,185,70,291,65,105,100,21
"2011","Christchurch 007C","E01020356","Total",590,72,129,296,93,318,29,34,184,71,272,43,95,112,22
"2011","Christchurch 007D","E01020362","Total",593,76,146,296,75,316,21,35,199,61,277,55,111,97,14
"2011","East Dorset 001A","E01020373","Total",685,74,144,375,92,365,18,31,239,77,320,56,113,136,15
"2011","East Dorset 001B","E01020374","Total",745,97,156,373,119,379,17,22,244,96,366,80,134,129,23
"2011","East Dorset 001C","E01020389","Total",1172,163,248,557,204,625,41,66,361,157,547,122,182,196,47
"2011","East Dorset 001D","E01020397","Total",738,80,150,369,139,390,18,35,225,112,348,62,115,144,27
"2011","East Dorset 002A","E01020416","Total",852,77,175,486,114,423,20,26,283,94,429,57,149,203,20
"2011","East Dorset 002B","E01020417","Total",567,52,121,315,79,298,13,19,199,67,269,39,102,116,12
"2011","East Dorset 002C","E01020418","Total",552,74,116,280,82,278,22,21,169,66,274,52,95,111,16
"2011","East Dorset 002D","E01020419","Total",881,87,183,475,136,436,24,26,278,108,445,63,157,197,28
"2011","East Dorset 002E","E01020420","Total",616,92,124,304,96,324,26,29,193,76,292,66,95,111,20
"2011","East Dorset 003A","E01020411","Total",501,58,87,279,77,259,13,16,171,59,242,45,71,108,18
"2011","East Dorset 003B","E01020412","Total",708,85,141,378,104,373,29,34,234,76,335,56,107,144,28
"2011","East Dorset 003C","E01020413","Total",701,85,132,377,107,380,23,25,243,89,321,62,107,134,18
"2011","East Dorset 003D","E01020414","Total",912,125,182,461,144,471,30,30,290,121,441,95,152,171,23
"2011","East Dorset 003E","E01020415","Total",710,88,132,377,113,375,22,20,248,85,335,66,112,129,28
"2011","East Dorset 004A","E01020403","Total",639,80,142,278,139,343,20,51,163,109,296,60,91,115,30
"2011","East Dorset 004B","E01020404","Total",659,91,142,330,96,350,21,42,215,72,309,70,100,115,24
"2011","East Dorset 004C","E01020405","Total",653,90,124,337,102,350,28,35,210,77,303,62,89,127,25
"2011","East Dorset 004D","E01020406","Total",841,121,178,401,141,446,38,56,244,108,395,83,122,157,33
"2011","East Dorset 005A","E01020396","Total",544,70,102,292,80,289,19,29,178,63,255,51,73,114,17
"2011","East Dorset 005B","E01020398","Total",1208,176,255,530,247,637,47,60,331,199,571,129,195,199,48
"2011","East Dorset 005C","E01020409","Total",682,100,143,331,108,361,33,36,211,81,321,67,107,120,27
"2011","East Dorset 005D","E01020410","Total",694,96,139,334,125,367,29,30,209,99,327,67,109,125,26
"2011","East Dorset 006A","E01020421","Total",615,70,113,325,107,323,19,22,197,85,292,51,91,128,22
"2011","East Dorset 006B","E01020422","Total",523,67,97,285,74,288,13,31,183,61,235,54,66,102,13
"2011","East Dorset 006C","E01020423","Total",632,97,125,309,101,335,29,34,188,84,297,68,91,121,17
"2011","East Dorset 006D","E01020424","Total",615,74,119,349,73,315,21,23,210,61,300,53,96,139,12
"2011","East Dorset 006E","E01020425","Total",626,76,159,305,86,344,24,42,210,68,282,52,117,95,18
"2011","East Dorset 007A","E01020377","Total",856,117,175,454,110,448,30,35,292,91,408,87,140,162,19
"2011","East Dorset 007B","E01020379","Total",679,92,150,361,76,353,24,34,233,62,326,68,116,128,14
"2011","East Dorset 007C","E01020380","Total",524,68,101,259,96,280,18,26,161,75,244,50,75,98,21
"2011","East Dorset 007D","E01020381","Total",590,100,119,272,99,315,37,25,176,77,275,63,94,96,22
"2011","East Dorset 008A","E01020390","Total",450,60,101,225,64,235,14,26,141,54,215,46,75,84,10
"2011","East Dorset 008B","E01020391","Total",566,82,116,277,91,310,22,33,184,71,256,60,83,93,20
"2011","East Dorset 008C","E01020392","Total",518,61,114,276,67,285,22,39,161,63,233,39,75,115,4
"2011","East Dorset 008D","E01020393","Total",772,70,178,446,78,399,19,38,275,67,373,51,140,171,11
"2011","East Dorset 008E","E01020394","Total",627,80,149,314,84,362,26,43,216,77,265,54,106,98,7
"2011","East Dorset 009A","E01020375","Total",652,72,140,351,89,328,18,25,217,68,324,54,115,134,21
"2011","East Dorset 009B","E01020376","Total",519,67,99,297,56,277,22,25,185,45,242,45,74,112,11
"2011","East Dorset 009C","E01020378","Total",812,107,145,457,103,425,26,26,293,80,387,81,119,164,23
"2011","East Dorset 009D","E01020407","Total",538,69,131,270,68,280,16,30,177,57,258,53,101,93,11
"2011","East Dorset 009E","E01020408","Total",558,65,116,281,96,289,12,20,181,76,269,53,96,100,20
"2011","East Dorset 010A","E01020426","Total",766,94,160,421,91,398,28,34,266,70,368,66,126,155,21
"2011","East Dorset 010B","E01020427","Total",680,86,141,356,97,355,20,31,228,76,325,66,110,128,21
"2011","East Dorset 010C","E01020428","Total",860,92,157,487,124,466,26,48,304,88,394,66,109,183,36
"2011","East Dorset 010D","E01020429","Total",851,86,179,465,121,470,31,49,297,93,381,55,130,168,28
"2011","East Dorset 011A","E01020395","Total",617,99,137,288,93,349,39,44,193,73,268,60,93,95,20
"2011","East Dorset 011B","E01020399","Total",1202,154,225,639,184,629,39,49,392,149,573,115,176,247,35
"2011","East Dorset 011C","E01020400","Total",721,112,136,359,114,385,38,33,222,92,336,74,103,137,22
"2011","East Dorset 011D","E01020401","Total",538,99,121,244,74,283,30,36,152,65,255,69,85,92,9
"2011","East Dorset 011E","E01020402","Total",743,99,159,398,87,393,34,32,256,71,350,65,127,142,16
"2011","East Dorset 012A","E01020382","Total",845,95,174,455,121,428,18,30,279,101,417,77,144,176,20
"2011","East Dorset 012B","E01020383","Total",854,79,189,465,121,455,31,23,308,93,399,48,166,157,28
"2011","East Dorset 012C","E01020384","Total",949,116,219,510,104,487,26,32,342,87,462,90,187,168,17
"2011","East Dorset 012D","E01020385","Total",649,80,133,342,94,336,20,30,214,72,313,60,103,128,22
"2011","East Dorset 012E","E01020386","Total",615,90,112,323,90,317,23,17,204,73,298,67,95,119,17
"2011","East Dorset 012F","E01020387","Total",501,80,109,233,79,273,26,24,157,66,228,54,85,76,13
"2011","East Dorset 012G","E01020388","Total",727,69,163,398,97,354,15,22,241,76,373,54,141,157,21
"2011","North Dorset 001A","E01020443","Total",1366,105,231,838,192,750,25,48,527,150,616,80,183,311,42
"2011","North Dorset 001B","E01020447","Total",735,75,148,415,97,388,17,29,263,79,347,58,119,152,18
"2011","North Dorset 001C","E01020463","Total",796,83,186,424,103,414,24,37,264,89,382,59,149,160,14
"2011","North Dorset 001D","E01020464","Total",699,89,140,383,87,373,25,22,256,70,326,64,118,127,17
"2011","North Dorset 002A","E01020440","Total",948,128,185,461,174,510,34,53,287,136,438,94,132,174,38
"2011","North Dorset 002B","E01020450","Total",1196,128,194,668,206,644,33,38,413,160,552,95,156,255,46
"2011","North Dorset 002D","E01020462","Total",873,136,177,366,194,458,36,36,234,152,415,100,141,132,42
"2011","North Dorset 002E","E01033156","Total",937,104,164,531,138,507,28,26,343,110,430,76,138,188,28
"2011","North Dorset 002F","E01033158","Total",617,67,131,318,101,329,19,25,201,84,288,48,106,117,17
"2011","North Dorset 003A","E01020454","Total",978,83,182,561,152,536,14,42,363,117,442,69,140,198,35
"2011","North Dorset 003B","E01020455","Total",1016,105,195,580,136,505,15,35,350,105,511,90,160,230,31
"2011","North Dorset 003C","E01020456","Total",965,93,196,552,124,514,28,40,342,104,451,65,156,210,20
"2011","North Dorset 003D","E01020457","Total",653,91,131,327,104,331,30,31,196,74,322,61,100,131,30
"2011","North Dorset 004A","E01020433","Total",903,112,172,423,196,501,30,37,268,166,402,82,135,155,30
"2011","North Dorset 004B","E01020434","Total",796,87,162,427,120,433,24,24,283,102,363,63,138,144,18
"2011","North Dorset 004C","E01020449","Total",849,112,171,399,167,468,24,39,271,134,381,88,132,128,33
"2011","North Dorset 004D","E01020458","Total",1071,113,199,579,180,568,25,48,355,140,503,88,151,224,40
"2011","North Dorset 004E","E01020459","Total",1185,120,209,651,205,640,30,39,416,155,545,90,170,235,50
"2011","North Dorset 005A","E01020444","Total",841,104,170,423,144,444,24,47,267,106,397,80,123,156,38
"2011","North Dorset 005B","E01020445","Total",553,69,108,232,144,300,23,26,137,114,253,46,82,95,30
"2011","North Dorset 005C","E01020446","Total",621,63,128,302,128,335,19,35,185,96,286,44,93,117,32
"2011","North Dorset 005D","E01020460","Total",996,137,224,431,204,549,33,81,275,160,447,104,143,156,44
"2011","North Dorset 006A","E01020442","Total",1019,138,200,473,208,544,39,51,289,165,475,99,149,184,43
"2011","North Dorset 006B","E01020452","Total",991,99,189,538,165,522,31,39,329,123,469,68,150,209,42
"2011","North Dorset 006C","E01020453","Total",862,109,147,458,148,448,20,26,287,115,414,89,121,171,33
"2011","North Dorset 006E","E01033154","Total",1461,65,121,885,390,1083,18,12,709,344,378,47,109,176,46
"2011","North Dorset 006F","E01033159","Total",538,57,104,254,123,322,18,28,171,105,216,39,76,83,18
"2011","North Dorset 007A","E01020435","Total",1075,96,216,627,136,569,25,43,391,110,506,71,173,236,26
"2011","North Dorset 007B","E01020436","Total",1152,113,214,657,168,622,32,31,425,134,530,81,183,232,34
"2011","North Dorset 007C","E01020437","Total",942,97,180,557,108,504,26,42,358,78,438,71,138,199,30
"2011","North Dorset 007D","E01020438","Total",943,71,179,545,148,503,21,49,313,120,440,50,130,232,28
"2011","North Dorset 007E","E01020439","Total",1145,118,227,649,151,631,28,54,435,114,514,90,173,214,37
"2011","North Dorset 008A","E01020430","Total",664,61,149,350,104,350,17,36,213,84,314,44,113,137,20
"2011","North Dorset 008B","E01020431","Total",502,68,100,211,123,281,25,24,135,97,221,43,76,76,26
"2011","North Dorset 008C","E01020432","Total",617,58,112,314,133,342,13,24,204,101,275,45,88,110,32
"2011","North Dorset 008D","E01020441","Total",959,120,198,453,188,493,29,43,276,145,466,91,155,177,43
"2011","North Dorset 008E","E01020448","Total",968,101,228,427,212,519,26,58,270,165,449,75,170,157,47
"2011","Purbeck 001A","E01020465","Total",1030,103,220,552,155,549,32,58,338,121,481,71,162,214,34
"2011","Purbeck 001B","E01020469","Total",951,110,198,511,132,495,30,34,324,107,456,80,164,187,25
"2011","Purbeck 001C","E01020470","Total",856,112,190,432,122,437,34,44,261,98,419,78,146,171,24
"2011","Purbeck 002A","E01020471","Total",694,76,144,395,79,362,29,26,245,62,332,47,118,150,17
"2011","Purbeck 002B","E01020472","Total",658,70,142,369,77,342,23,24,234,61,316,47,118,135,16
"2011","Purbeck 002C","E01020473","Total",743,63,157,448,75,383,16,35,270,62,360,47,122,178,13
"2011","Purbeck 002D","E01020474","Total",820,109,167,423,121,434,24,30,276,104,386,85,137,147,17
"2011","Purbeck 002E","E01020475","Total",1033,130,223,571,109,530,31,51,359,89,503,99,172,212,20
"2011","Purbeck 003A","E01020476","Total",596,69,122,313,92,320,18,35,191,76,276,51,87,122,16
"2011","Purbeck 003B","E01020477","Total",754,85,173,408,88,401,29,28,279,65,353,56,145,129,23
"2011","Purbeck 003C","E01020485","Total",606,42,141,332,91,316,10,44,199,63,290,32,97,133,28
"2011","Purbeck 003D","E01020486","Total",572,79,132,275,86,300,20,35,172,73,272,59,97,103,13
"2011","Purbeck 003E","E01020487","Total",668,88,140,363,77,341,21,25,238,57,327,67,115,125,20
"2011","Purbeck 003F","E01020488","Total",692,75,143,385,89,361,22,27,236,76,331,53,116,149,13
"2011","Purbeck 004A","E01020489","Total",741,71,133,361,176,425,28,32,228,137,316,43,101,133,39
"2011","Purbeck 004B","E01020490","Total",833,84,160,412,177,461,26,41,249,145,372,58,119,163,32
"2011","Purbeck 004C","E01020491","Total",773,87,159,412,115,403,17,34,262,90,370,70,125,150,25
"2011","Purbeck 004D","E01020492","Total",509,49,105,293,62,270,11,23,190,46,239,38,82,103,16
"2011","Purbeck 004E","E01020493","Total",1393,86,198,805,304,879,18,32,544,285,514,68,166,261,19
"2011","Purbeck 005A","E01020466","Total",816,121,152,373,170,456,45,50,235,126,360,76,102,138,44
"2011","Purbeck 005B","E01020467","Total",825,107,181,378,159,450,23,58,241,128,375,84,123,137,31
"2011","Purbeck 005C","E01020468","Total",661,120,163,267,111,361,30,62,187,82,300,90,101,80,29
"2011","Purbeck 006A","E01020478","Total",517,68,123,255,71,273,14,34,171,54,244,54,89,84,17
"2011","Purbeck 006B","E01020479","Total",433,75,93,218,47,228,21,28,142,37,205,54,65,76,10
"2011","Purbeck 006C","E01020480","Total",542,71,117,285,69,276,26,35,176,39,266,45,82,109,30
"2011","Purbeck 006D","E01020481","Total",698,96,164,345,93,377,33,58,222,64,321,63,106,123,29
"2011","Purbeck 006E","E01020482","Total",771,86,190,389,106,391,21,52,239,79,380,65,138,150,27
"2011","Purbeck 006F","E01020483","Total",608,79,151,325,53,318,25,35,217,41,290,54,116,108,12
"2011","Purbeck 006G","E01020484","Total",626,99,168,292,67,323,22,45,199,57,303,77,123,93,10
"2011","West Dorset 001A","E01020542","Total",549,77,137,260,75,288,32,42,159,55,261,45,95,101,20
"2011","West Dorset 001B","E01020543","Total",615,77,143,321,74,309,15,30,200,64,306,62,113,121,10
"2011","West Dorset 001C","E01020544","Total",596,65,111,311,109,316,22,33,184,77,280,43,78,127,32
"2011","West Dorset 001E","E01020546","Total",489,52,88,233,116,265,15,28,148,74,224,37,60,85,42
"2011","West Dorset 001F","E01020547","Total",576,72,128,317,59,294,16,17,211,50,282,56,111,106,9
"2011","West Dorset 001H","E01032642","Total",912,118,181,486,127,480,38,46,293,103,432,80,135,193,24
"2011","West Dorset 002A","E01020497","Total",880,112,171,450,147,465,28,31,292,114,415,84,140,158,33
"2011","West Dorset 002B","E01020508","Total",916,112,183,408,213,495,24,60,252,159,421,88,123,156,54
"2011","West Dorset 002C","E01020541","Total",985,157,191,422,215,538,43,55,271,169,447,114,136,151,46
"2011","West Dorset 002D","E01020550","Total",704,96,156,327,125,376,31,34,215,96,328,65,122,112,29
"2011","West Dorset 003A","E01020494","Total",557,68,125,264,100,301,23,32,165,81,256,45,93,99,19
"2011","West Dorset 003B","E01020495","Total",567,67,133,296,71,286,19,36,178,53,281,48,97,118,18
"2011","West Dorset 003C","E01020496","Total",582,85,152,283,62,305,34,42,180,49,277,51,110,103,13
"2011","West Dorset 003D","E01020506","Total",809,121,149,366,173,439,30,41,232,136,370,91,108,134,37
"2011","West Dorset 003E","E01020530","Total",910,89,186,418,217,499,19,45,261,174,411,70,141,157,43
"2011","West Dorset 003F","E01020534","Total",1052,110,204,543,195,550,38,46,320,146,502,72,158,223,49
"2011","West Dorset 004A","E01020509","Total",1315,186,266,627,236,670,49,62,381,178,645,137,204,246,58
"2011","West Dorset 004B","E01020510","Total",915,97,184,521,113,460,25,48,294,93,455,72,136,227,20
"2011","West Dorset 004C","E01020529","Total",1157,125,258,566,208,592,34,59,335,164,565,91,199,231,44
"2011","West Dorset 004D","E01020539","Total",1008,122,207,472,207,540,29,55,297,159,468,93,152,175,48
"2011","West Dorset 004E","E01020540","Total",1241,124,239,653,225,660,31,56,399,174,581,93,183,254,51
"2011","West Dorset 005A","E01020511","Total",626,90,152,274,110,326,32,44,166,84,300,58,108,108,26
"2011","West Dorset 005B","E01020532","Total",605,86,123,266,130,319,26,35,168,90,286,60,88,98,40
"2011","West Dorset 005C","E01020533","Total",873,136,193,429,115,450,43,55,270,82,423,93,138,159,33
"2011","West Dorset 005D","E01020535","Total",803,129,170,298,206,430,41,45,184,160,373,88,125,114,46
"2011","West Dorset 006A","E01020498","Total",904,123,215,460,106,451,30,52,289,80,453,93,163,171,26
"2011","West Dorset 006B","E01020499","Total",640,80,156,358,46,346,16,42,253,35,294,64,114,105,11
"2011","West Dorset 006C","E01020500","Total",764,99,184,407,74,407,31,56,267,53,357,68,128,140,21
"2011","West Dorset 006D","E01020501","Total",613,82,157,307,67,316,26,42,196,52,297,56,115,111,15
"2011","West Dorset 007A","E01020507","Total",799,130,167,363,139,412,26,62,227,97,387,104,105,136,42
"2011","West Dorset 007B","E01020517","Total",810,116,191,370,133,436,34,54,245,103,374,82,137,125,30
"2011","West Dorset 007C","E01020531","Total",802,98,177,385,142,400,22,50,226,102,402,76,127,159,40
"2011","West Dorset 007D","E01020536","Total",1008,154,221,473,160,538,46,53,314,125,470,108,168,159,35
"2011","West Dorset 008A","E01020502","Total",748,96,198,384,70,366,23,45,241,57,382,73,153,143,13
"2011","West Dorset 008B","E01020503","Total",802,104,166,437,95,416,27,41,274,74,386,77,125,163,21
"2011","West Dorset 008C","E01020504","Total",945,131,244,451,119,501,40,77,293,91,444,91,167,158,28
"2011","West Dorset 009C","E01020526","Total",633,94,161,316,62,338,33,49,212,44,295,61,112,104,18
"2011","West Dorset 009D","E01020527","Total",790,76,168,469,77,413,27,32,290,64,377,49,136,179,13
"2011","West Dorset 009E","E01020528","Total",932,91,204,528,109,493,29,53,326,85,439,62,151,202,24
"2011","West Dorset 009F","E01032641","Total",765,71,178,415,101,397,23,55,241,78,368,48,123,174,23
"2011","West Dorset 009G","E01032643","Total",886,79,195,497,115,474,39,50,306,79,412,40,145,191,36
"2011","West Dorset 009H","E01032644","Total",457,33,78,272,74,248,10,24,160,54,209,23,54,112,20
"2011","West Dorset 009I","E01032645","Total",442,48,90,243,61,231,14,34,142,41,211,34,56,101,20
"2011","West Dorset 010A","E01020518","Total",722,80,142,432,68,365,21,34,264,46,357,59,108,168,22
"2011","West Dorset 010B","E01020519","Total",860,90,204,487,79,421,21,40,296,64,439,69,164,191,15
"2011","West Dorset 010C","E01020520","Total",692,66,172,374,80,376,26,42,239,69,316,40,130,135,11
"2011","West Dorset 010D","E01020523","Total",723,70,178,397,78,353,22,35,235,61,370,48,143,162,17
"2011","West Dorset 010E","E01020524","Total",679,88,167,368,56,346,25,33,244,44,333,63,134,124,12
"2011","West Dorset 010F","E01020525","Total",614,85,146,323,60,316,29,31,202,54,298,56,115,121,6
"2011","West Dorset 011A","E01020505","Total",929,101,224,466,138,480,30,48,286,116,449,71,176,180,22
"2011","West Dorset 011B","E01020537","Total",987,112,206,489,180,534,27,49,320,138,453,85,157,169,42
"2011","West Dorset 011C","E01020538","Total",877,84,195,489,109,462,23,40,313,86,415,61,155,176,23
"2011","West Dorset 011D","E01020549","Total",1025,97,223,546,159,511,28,45,317,121,514,69,178,229,38
"2011","West Dorset 012A","E01020512","Total",999,127,211,487,174,540,42,66,299,133,459,85,145,188,41
"2011","West Dorset 012B","E01020513","Total",707,78,158,388,83,371,18,38,247,68,336,60,120,141,15
"2011","West Dorset 012C","E01020514","Total",658,81,139,368,70,331,25,31,220,55,327,56,108,148,15
"2011","West Dorset 012D","E01020515","Total",572,55,126,314,77,295,17,31,194,53,277,38,95,120,24
"2011","West Dorset 012E","E01020516","Total",688,62,147,404,75,373,19,40,262,52,315,43,107,142,23
"2011","Weymouth and Portland 001A","E01020551","Total",939,97,209,560,73,481,31,47,348,55,458,66,162,212,18
"2011","Weymouth and Portland 001B","E01020552","Total",716,69,215,371,61,353,12,60,233,48,363,57,155,138,13
"2011","Weymouth and Portland 001C","E01020570","Total",773,77,162,423,111,407,21,50,250,86,366,56,112,173,25
"2011","Weymouth and Portland 001D","E01020571","Total",1027,100,233,585,109,498,18,49,347,84,529,82,184,238,25
"2011","Weymouth and Portland 002A","E01020557","Total",585,74,127,300,84,294,24,29,183,58,291,50,98,117,26
"2011","Weymouth and Portland 002B","E01020558","Total",732,83,177,376,96,387,18,54,238,77,345,65,123,138,19
"2011","Weymouth and Portland 002C","E01020559","Total",596,89,141,291,75,314,27,37,191,59,282,62,104,100,16
"2011","Weymouth and Portland 002D","E01020560","Total",930,98,224,522,86,478,25,58,333,62,452,73,166,189,24
"2011","Weymouth and Portland 002E","E01020561","Total",861,81,207,481,92,440,22,46,307,65,421,59,161,174,27
"2011","Weymouth and Portland 003A","E01020574","Total",856,91,206,457,102,451,24,51,305,71,405,67,155,152,31
"2011","Weymouth and Portland 003B","E01020575","Total",648,70,150,368,60,341,28,30,235,48,307,42,120,133,12
"2011","Weymouth and Portland 003C","E01020576","Total",738,82,176,410,70,385,21,43,263,58,353,61,133,147,12
"2011","Weymouth and Portland 003D","E01020579","Total",876,113,164,474,125,471,32,35,307,97,405,81,129,167,28
"2011","Weymouth and Portland 003E","E01020580","Total",693,73,169,379,72,348,18,39,230,61,345,55,130,149,11
"2011","Weymouth and Portland 004A","E01020553","Total",674,66,170,335,103,364,23,61,208,72,310,43,109,127,31
"2011","Weymouth and Portland 004B","E01020554","Total",920,64,188,506,162,523,31,81,307,104,397,33,107,199,58
"2011","Weymouth and Portland 004C","E01020555","Total",698,63,175,373,87,387,30,73,221,63,311,33,102,152,24
"2011","Weymouth and Portland 004D","E01020556","Total",651,76,132,362,81,369,35,41,230,63,282,41,91,132,18
"2011","Weymouth and Portland 004E","E01020581","Total",910,107,200,480,123,485,42,60,295,88,425,65,140,185,35
"2011","Weymouth and Portland 004F","E01020582","Total",665,72,156,362,75,366,25,47,231,63,299,47,109,131,12
"2011","Weymouth and Portland 005A","E01020572","Total",1059,81,264,583,131,557,25,68,362,102,502,56,196,221,29
"2011","Weymouth and Portland 005B","E01020573","Total",836,96,179,458,103,440,35,47,281,77,396,61,132,177,26
"2011","Weymouth and Portland 005C","E01020577","Total",781,93,188,414,86,407,25,45,265,72,374,68,143,149,14
"2011","Weymouth and Portland 005D","E01020578","Total",880,86,227,486,81,455,33,52,305,65,425,53,175,181,16
"2011","Weymouth and Portland 006A","E01020583","Total",896,115,179,496,106,476,31,46,318,81,420,84,133,178,25
"2011","Weymouth and Portland 006B","E01020584","Total",842,85,175,495,87,418,23,39,285,71,424,62,136,210,16
"2011","Weymouth and Portland 006C","E01020585","Total",690,69,177,371,73,363,25,32,250,56,327,44,145,121,17
"2011","Weymouth and Portland 007A","E01020586","Total",606,80,148,324,54,316,19,34,218,45,290,61,114,106,9
"2011","Weymouth and Portland 007B","E01020587","Total",665,74,161,360,70,342,23,35,225,59,323,51,126,135,11
"2011","Weymouth and Portland 007C","E01020588","Total",661,66,171,346,78,337,16,36,224,61,324,50,135,122,17
"2011","Weymouth and Portland 007D","E01020589","Total",697,77,162,371,87,359,24,31,232,72,338,53,131,139,15
"2011","Weymouth and Portland 008A","E01020563","Total",649,62,191,329,67,364,34,78,206,46,285,28,113,123,21
"2011","Weymouth and Portland 008D","E01020569","Total",565,51,154,273,87,317,20,49,178,70,248,31,105,95,17
"2011","Weymouth and Portland 008E","E01033200","Total",1170,120,317,593,140,716,67,152,395,102,454,53,165,198,38
"2011","Weymouth and Portland 009A","E01020562","Total",1013,88,250,538,137,551,22,77,343,109,462,66,173,195,28
"2011","Weymouth and Portland 009B","E01020564","Total",741,66,186,406,83,391,16,42,263,70,350,50,144,143,13
"2011","Weymouth and Portland 009C","E01020565","Total",710,70,170,408,62,378,19,39,267,53,332,51,131,141,9
"2011","Weymouth and Portland 009D","E01020566","Total",1038,104,239,569,126,545,30,56,359,100,493,74,183,210,26
"2011","Cheltenham 001A","E01022163","Total",890,78,185,559,68,469,28,42,350,49,421,50,143,209,19
"2011","Cheltenham 001B","E01022164","Total",665,65,157,399,44,342,17,49,239,37,323,48,108,160,7
"2011","Cheltenham 001C","E01022165","Total",837,64,143,546,84,461,16,41,340,64,376,48,102,206,20
"2011","Cheltenham 001D","E01022166","Total",734,65,166,445,58,385,24,47,267,47,349,41,119,178,11
"2011","Cheltenham 002A","E01022143","Total",691,76,144,373,98,362,24,36,228,74,329,52,108,145,24
"2011","Cheltenham 002B","E01022144","Total",496,64,109,273,50,257,21,27,166,43,239,43,82,107,7
"2011","Cheltenham 002C","E01022145","Total",613,74,164,312,63,309,22,33,209,45,304,52,131,103,18
"2011","Cheltenham 002D","E01022146","Total",586,68,122,307,89,307,21,31,186,69,279,47,91,121,20
"2011","Cheltenham 003A","E01022122","Total",537,47,122,317,51,267,18,25,191,33,270,29,97,126,18
"2011","Cheltenham 003B","E01022160","Total",1017,73,197,638,109,499,22,37,352,88,518,51,160,286,21
"2011","Cheltenham 003C","E01022161","Total",804,54,146,528,76,412,14,29,316,53,392,40,117,212,23
"2011","Cheltenham 003D","E01022162","Total",769,55,154,486,74,403,14,34,300,55,366,41,120,186,19
"2011","Cheltenham 004A","E01022139","Total",569,112,92,313,52,290,44,29,180,37,279,68,63,133,15
"2011","Cheltenham 004B","E01022151","Total",872,183,171,449,69,437,62,60,266,49,435,121,111,183,20
"2011","Cheltenham 004C","E01022152","Total",473,108,102,232,31,247,40,35,147,25,226,68,67,85,6
"2011","Cheltenham 004D","E01022153","Total",893,151,150,514,78,467,63,51,297,56,426,88,99,217,22
"2011","Cheltenham 004E","E01022154","Total",998,226,193,516,63,472,72,74,283,43,526,154,119,233,20
"2011","Cheltenham 005A","E01022120","Total",659,54,133,422,50,368,21,26,281,40,291,33,107,141,10
"2011","Cheltenham 005B","E01022121","Total",802,82,161,496,63,418,26,42,299,51,384,56,119,197,12
"2011","Cheltenham 005C","E01022147","Total",693,45,173,425,50,377,18,46,271,42,316,27,127,154,8
"2011","Cheltenham 005D","E01022157","Total",710,55,162,447,46,384,22,44,277,41,326,33,118,170,5
"2011","Cheltenham 005E","E01022159","Total",690,71,154,407,58,365,23,39,257,46,325,48,115,150,12
"2011","Cheltenham 006A","E01022131","Total",521,57,119,298,47,274,16,34,189,35,247,41,85,109,12
"2011","Cheltenham 006B","E01022132","Total",642,60,151,385,46,312,15,28,233,36,330,45,123,152,10
"2011","Cheltenham 006C","E01022133","Total",628,58,132,390,48,326,14,39,237,36,302,44,93,153,12
"2011","Cheltenham 006D","E01022134","Total",733,70,138,449,76,400,20,44,280,56,333,50,94,169,20
"2011","Cheltenham 007A","E01022148","Total",797,62,161,493,81,425,22,39,302,62,372,40,122,191,19
"2011","Cheltenham 007B","E01022149","Total",718,61,173,427,57,381,22,54,256,49,337,39,119,171,8
"2011","Cheltenham 007C","E01022150","Total",815,66,145,528,76,415,17,43,304,51,400,49,102,224,25
"2011","Cheltenham 007D","E01022155","Total",758,79,154,457,68,419,33,51,285,50,339,46,103,172,18
"2011","Cheltenham 007E","E01022156","Total",843,73,156,516,98,487,31,55,331,70,356,42,101,185,28
"2011","Cheltenham 007F","E01022158","Total",1417,138,210,922,147,767,42,69,559,97,650,96,141,363,50
"2011","Cheltenham 008A","E01022100","Total",1013,107,187,569,150,553,36,55,349,113,460,71,132,220,37
"2011","Cheltenham 008B","E01022101","Total",1069,87,158,669,155,565,33,37,388,107,504,54,121,281,48
"2011","Cheltenham 008C","E01022102","Total",1240,102,142,856,140,702,41,43,527,91,538,61,99,329,49
"2011","Cheltenham 008D","E01022140","Total",599,39,111,366,83,309,11,27,210,61,290,28,84,156,22
"2011","Cheltenham 008E","E01022141","Total",888,60,98,598,132,492,19,37,350,86,396,41,61,248,46
"2011","Cheltenham 008F","E01022142","Total",923,82,137,589,115,501,34,45,343,79,422,48,92,246,36
"2011","Cheltenham 009A","E01022116","Total",657,47,84,404,122,357,25,32,223,77,300,22,52,181,45
"2011","Cheltenham 009B","E01022117","Total",1078,84,126,693,175,640,39,62,423,116,438,45,64,270,59
"2011","Cheltenham 009C","E01022119","Total",791,69,133,467,122,393,14,31,263,85,398,55,102,204,37
"2011","Cheltenham 009D","E01022124","Total",701,47,71,487,96,393,16,29,282,66,308,31,42,205,30
"2011","Cheltenham 009E","E01022125","Total",654,44,94,394,122,356,17,23,230,86,298,27,71,164,36
"2011","Cheltenham 009F","E01022126","Total",999,60,110,647,182,581,30,51,374,126,418,30,59,273,56
"2011","Cheltenham 009G","E01022127","Total",837,70,90,516,161,465,22,36,300,107,372,48,54,216,54
"2011","Cheltenham 010A","E01022106","Total",916,94,175,566,81,485,31,45,347,62,431,63,130,219,19
"2011","Cheltenham 010B","E01022107","Total",771,87,147,440,97,405,32,29,272,72,366,55,118,168,25
"2011","Cheltenham 010C","E01022108","Total",941,106,220,533,82,478,36,46,331,65,463,70,174,202,17
"2011","Cheltenham 010D","E01022123","Total",1331,84,182,912,153,753,17,41,575,120,578,67,141,337,33
"2011","Cheltenham 011A","E01022135","Total",690,77,116,336,161,378,22,25,218,113,312,55,91,118,48
"2011","Cheltenham 011B","E01022136","Total",753,84,122,418,129,383,24,33,242,84,370,60,89,176,45
"2011","Cheltenham 011C","E01022137","Total",1021,102,140,586,193,578,39,48,361,130,443,63,92,225,63
"2011","Cheltenham 011D","E01022138","Total",892,106,138,510,138,488,33,39,318,98,404,73,99,192,40
"2011","Cheltenham 011E","E01022174","Total",655,75,127,374,79,327,21,25,229,52,328,54,102,145,27
"2011","Cheltenham 012A","E01022103","Total",1314,118,211,807,178,702,36,45,480,141,612,82,166,327,37
"2011","Cheltenham 012B","E01022104","Total",834,87,146,514,87,424,22,33,300,69,410,65,113,214,18
"2011","Cheltenham 012C","E01022105","Total",693,88,143,348,114,353,21,30,217,85,340,67,113,131,29
"2011","Cheltenham 012D","E01022109","Total",720,88,163,391,78,380,14,45,264,57,340,74,118,127,21
"2011","Cheltenham 012E","E01022110","Total",674,73,177,345,79,335,24,34,221,56,339,49,143,124,23
"2011","Cheltenham 012F","E01022111","Total",688,88,146,349,105,359,25,26,222,86,329,63,120,127,19
"2011","Cheltenham 012G","E01022112","Total",633,77,144,324,88,314,17,34,195,68,319,60,110,129,20
"2011","Cheltenham 013A","E01022167","Total",592,68,143,317,64,304,26,23,199,56,288,42,120,118,8
"2011","Cheltenham 013B","E01022168","Total",515,53,102,301,59,267,14,24,183,46,248,39,78,118,13
"2011","Cheltenham 013C","E01022169","Total",800,76,146,499,79,412,30,23,307,52,388,46,123,192,27
"2011","Cheltenham 013D","E01022170","Total",806,75,175,480,76,400,20,40,290,50,406,55,135,190,26
"2011","Cheltenham 013E","E01022171","Total",827,60,172,506,89,411,15,29,308,59,416,45,143,198,30
"2011","Cheltenham 013F","E01022172","Total",639,67,136,389,47,332,23,28,245,36,307,44,108,144,11
"2011","Cheltenham 013G","E01022173","Total",632,61,126,381,64,322,23,29,221,49,310,38,97,160,15
"2011","Cheltenham 014A","E01022113","Total",679,90,140,312,137,355,21,30,195,109,324,69,110,117,28
"2011","Cheltenham 014B","E01022114","Total",668,87,137,355,89,334,22,26,214,72,334,65,111,141,17
"2011","Cheltenham 014C","E01022115","Total",872,86,144,501,141,452,31,32,294,95,420,55,112,207,46
"2011","Cheltenham 014D","E01022118","Total",727,83,166,384,94,378,20,32,254,72,349,63,134,130,22
"2011","Cheltenham 015A","E01022128","Total",762,78,156,405,123,399,26,29,252,92,363,52,127,153,31
"2011","Cheltenham 015B","E01022129","Total",953,129,207,487,130,506,35,49,318,104,447,94,158,169,26
"2011","Cheltenham 015C","E01022130","Total",866,78,140,536,112,451,28,28,317,78,415,50,112,219,34
"2011","Cotswold 001A","E01022179","Total",939,124,165,464,186,498,34,39,287,138,441,90,126,177,48
"2011","Cotswold 001B","E01022182","Total",696,87,121,347,141,355,22,29,194,110,341,65,92,153,31
"2011","Cotswold 001C","E01022183","Total",654,73,127,314,140,347,18,34,194,101,307,55,93,120,39
"2011","Cotswold 001D","E01022184","Total",711,90,155,307,159,376,22,42,188,124,335,68,113,119,35
"2011","Cotswold 001E","E01022185","Total",672,75,134,343,120,353,19,29,220,85,319,56,105,123,35
"2011","Cotswold 002A","E01022177","Total",984,108,205,495,176,514,27,53,300,134,470,81,152,195,42
"2011","Cotswold 002B","E01022178","Total",656,79,103,304,170,361,16,29,183,133,295,63,74,121,37
"2011","Cotswold 002C","E01022205","Total",937,136,193,408,200,501,35,56,262,148,436,101,137,146,52
"2011","Cotswold 002D","E01022211","Total",851,91,172,454,134,444,31,38,275,100,407,60,134,179,34
"2011","Cotswold 002E","E01022212","Total",844,96,171,469,108,450,25,31,301,93,394,71,140,168,15
"2011","Cotswold 003A","E01022180","Total",1039,106,217,560,156,537,26,42,345,124,502,80,175,215,32
"2011","Cotswold 003B","E01022181","Total",699,76,132,310,181,381,25,37,186,133,318,51,95,124,48
"2011","Cotswold 003C","E01022214","Total",1163,143,228,568,224,596,31,51,346,168,567,112,177,222,56
"2011","Cotswold 003D","E01022222","Total",1029,142,160,486,241,542,37,47,290,168,487,105,113,196,73
"2011","Cotswold 004A","E01022186","Total",885,113,167,413,192,479,28,47,251,153,406,85,120,162,39
"2011","Cotswold 004B","E01022187","Total",916,107,170,433,206,476,25,46,257,148,440,82,124,176,58
"2011","Cotswold 004C","E01022201","Total",969,133,169,458,209,520,37,42,278,163,449,96,127,180,46
"2011","Cotswold 004D","E01022216","Total",993,100,154,523,216,519,25,34,304,156,474,75,120,219,60
"2011","Cotswold 005A","E01022175","Total",956,147,158,415,236,524,34,51,255,184,432,113,107,160,52
"2011","Cotswold 005B","E01022207","Total",893,109,178,433,173,502,27,60,277,138,391,82,118,156,35
"2011","Cotswold 005C","E01022213","Total",910,99,188,468,155,471,28,41,283,119,439,71,147,185,36
"2011","Cotswold 005D","E01022215","Total",979,115,185,445,234,525,30,45,275,175,454,85,140,170,59
"2011","Cotswold 006A","E01022188","Total",669,75,151,375,68,350,21,29,246,54,319,54,122,129,14
"2011","Cotswold 006B","E01022189","Total",770,100,169,426,75,415,38,40,277,60,355,62,129,149,15
"2011","Cotswold 006C","E01022190","Total",779,85,141,483,70,407,18,27,305,57,372,67,114,178,13
"2011","Cotswold 006D","E01022196","Total",863,109,174,476,104,433,29,33,291,80,430,80,141,185,24
"2011","Cotswold 006E","E01022197","Total",990,109,191,566,124,520,26,38,357,99,470,83,153,209,25
"2011","Cotswold 007A","E01022194","Total",751,76,122,449,104,414,24,44,266,80,337,52,78,183,24
"2011","Cotswold 007B","E01022195","Total",649,112,125,303,109,317,33,29,178,77,332,79,96,125,32
"2011","Cotswold 007C","E01022199","Total",908,108,142,529,129,476,30,44,303,99,432,78,98,226,30
"2011","Cotswold 007D","E01022200","Total",563,71,108,330,54,305,27,27,208,43,258,44,81,122,11
"2011","Cotswold 008A","E01022191","Total",779,66,151,478,84,385,19,29,276,61,394,47,122,202,23
"2011","Cotswold 008B","E01022192","Total",613,80,132,339,62,328,27,29,218,54,285,53,103,121,8
"2011","Cotswold 008C","E01022193","Total",517,74,110,268,65,269,18,26,171,54,248,56,84,97,11
"2011","Cotswold 008D","E01022198","Total",711,77,114,413,107,372,16,25,247,84,339,61,89,166,23
"2011","Cotswold 008E","E01022225","Total",839,88,115,478,158,499,26,19,322,132,340,62,96,156,26
"2011","Cotswold 009A","E01022202","Total",558,62,100,274,122,297,17,16,176,88,261,45,84,98,34
"2011","Cotswold 009B","E01022203","Total",628,72,115,339,102,347,25,30,214,78,281,47,85,125,24
"2011","Cotswold 009C","E01022204","Total",753,84,152,409,108,397,25,29,254,89,356,59,123,155,19
"2011","Cotswold 009D","E01022208","Total",758,106,136,394,122,399,29,27,247,96,359,77,109,147,26
"2011","Cotswold 009E","E01022209","Total",602,74,111,320,97,327,22,31,194,80,275,52,80,126,17
"2011","Cotswold 009F","E01022210","Total",539,59,117,286,77,287,12,30,185,60,252,47,87,101,17
"2011","Cotswold 010A","E01022221","Total",988,111,196,491,190,528,33,39,318,138,460,78,157,173,52
"2011","Cotswold 010B","E01022223","Total",1312,147,252,715,198,677,29,57,445,146,635,118,195,270,52
"2011","Cotswold 010C","E01022224","Total",811,139,143,374,155,446,42,50,225,129,365,97,93,149,26
"2011","Cotswold 011A","E01022176","Total",1023,113,211,516,183,555,31,58,330,136,468,82,153,186,47
"2011","Cotswold 011B","E01022206","Total",1050,129,199,474,248,578,31,61,299,187,472,98,138,175,61
"2011","Cotswold 011C","E01022217","Total",689,86,160,358,85,353,19,34,234,66,336,67,126,124,19
"2011","Cotswold 011D","E01022218","Total",633,72,124,353,84,337,22,23,224,68,296,50,101,129,16
"2011","Cotswold 011E","E01022219","Total",632,95,139,310,88,306,16,30,187,73,326,79,109,123,15
"2011","Cotswold 011F","E01022220","Total",777,67,135,420,155,393,16,26,233,118,384,51,109,187,37
"2011","Forest of Dean 001A","E01022233","Total",993,123,195,456,219,529,35,52,267,175,464,88,143,189,44
"2011","Forest of Dean 001B","E01022235","Total",842,100,150,441,151,458,31,29,276,122,384,69,121,165,29
"2011","Forest of Dean 001C","E01022247","Total",1099,267,209,425,198,559,97,64,256,142,540,170,145,169,56
"2011","Forest of Dean 001D","E01022270","Total",911,104,183,460,164,469,27,33,278,131,442,77,150,182,33
"2011","Forest of Dean 001E","E01022271","Total",806,112,153,377,164,425,24,35,244,122,381,88,118,133,42
"2011","Forest of Dean 002A","E01022261","Total",931,125,184,514,108,487,32,41,328,86,444,93,143,186,22
"2011","Forest of Dean 002B","E01022262","Total",959,89,173,568,129,512,26,41,357,88,447,63,132,211,41
"2011","Forest of Dean 002C","E01022267","Total",780,91,134,407,148,427,24,38,247,118,353,67,96,160,30
"2011","Forest of Dean 003A","E01022251","Total",663,76,117,407,63,364,21,29,260,54,299,55,88,147,9
"2011","Forest of Dean 003B","E01022252","Total",874,90,189,463,132,465,23,50,286,106,409,67,139,177,26
"2011","Forest of Dean 003C","E01022258","Total",502,49,106,300,47,262,13,19,193,37,240,36,87,107,10
"2011","Forest of Dean 003D","E01022259","Total",859,97,181,482,99,453,33,32,307,81,406,64,149,175,18
"2011","Forest of Dean 003E","E01022260","Total",813,85,168,469,91,445,21,39,311,74,368,64,129,158,17
"2011","Forest of Dean 004A","E01022236","Total",1037,90,200,634,113,548,18,48,396,86,489,72,152,238,27
"2011","Forest of Dean 004B","E01022237","Total",648,52,134,403,59,359,12,33,265,49,289,40,101,138,10
"2011","Forest of Dean 004C","E01022238","Total",503,52,114,281,56,255,12,21,181,41,248,40,93,100,15
"2011","Forest of Dean 004D","E01022239","Total",806,75,161,475,95,436,21,36,307,72,370,54,125,168,23
"2011","Forest of Dean 004E","E01022240","Total",993,85,206,608,94,532,23,47,385,77,461,62,159,223,17
"2011","Forest of Dean 004F","E01022249","Total",950,94,200,543,113,521,31,52,345,93,429,63,148,198,20
"2011","Forest of Dean 004G","E01022250","Total",799,73,160,481,85,435,18,37,313,67,364,55,123,168,18
"2011","Forest of Dean 005A","E01022228","Total",847,81,167,446,153,463,20,39,286,118,384,61,128,160,35
"2011","Forest of Dean 005B","E01022230","Total",839,105,190,418,126,448,29,41,273,105,391,76,149,145,21
"2011","Forest of Dean 005C","E01022265","Total",778,91,164,398,125,428,30,48,249,101,350,61,116,149,24
"2011","Forest of Dean 005D","E01022266","Total",667,83,130,315,139,354,19,31,194,110,313,64,99,121,29
"2011","Forest of Dean 006A","E01022234","Total",735,90,144,372,129,398,24,31,244,99,337,66,113,128,30
"2011","Forest of Dean 006B","E01022253","Total",790,98,173,406,113,402,19,56,240,87,388,79,117,166,26
"2011","Forest of Dean 006C","E01022263","Total",900,104,193,425,178,473,23,55,255,140,427,81,138,170,38
"2011","Forest of Dean 007A","E01022229","Total",784,69,175,434,106,398,14,30,264,90,386,55,145,170,16
"2011","Forest of Dean 007B","E01022241","Total",699,66,138,417,78,367,13,27,271,56,332,53,111,146,22
"2011","Forest of Dean 007C","E01022242","Total",633,67,125,370,71,331,16,26,236,53,302,51,99,134,18
"2011","Forest of Dean 007D","E01022243","Total",539,53,99,321,66,294,12,20,208,54,245,41,79,113,12
"2011","Forest of Dean 007E","E01022244","Total",689,62,143,407,77,370,21,26,258,65,319,41,117,149,12
"2011","Forest of Dean 007F","E01022245","Total",663,54,141,402,66,361,14,30,264,53,302,40,111,138,13
"2011","Forest of Dean 007G","E01022246","Total",628,63,134,334,97,341,16,22,224,79,287,47,112,110,18
"2011","Forest of Dean 008A","E01022231","Total",779,73,168,426,112,425,12,34,287,92,354,61,134,139,20
"2011","Forest of Dean 008B","E01022232","Total",742,81,147,424,90,402,19,34,281,68,340,62,113,143,22
"2011","Forest of Dean 008C","E01022264","Total",728,79,158,402,89,368,18,31,249,70,360,61,127,153,19
"2011","Forest of Dean 008D","E01022268","Total",721,90,167,381,83,393,28,35,261,69,328,62,132,120,14
"2011","Forest of Dean 008E","E01022269","Total",924,103,184,503,134,490,32,42,320,96,434,71,142,183,38
"2011","Forest of Dean 009A","E01022226","Total",721,62,163,423,73,363,19,36,255,53,358,43,127,168,20
"2011","Forest of Dean 009B","E01022227","Total",738,81,140,411,106,389,17,33,253,86,349,64,107,158,20
"2011","Forest of Dean 009C","E01022254","Total",837,80,222,473,62,433,21,48,315,49,404,59,174,158,13
"2011","Forest of Dean 009D","E01022255","Total",834,100,164,460,110,439,19,24,304,92,395,81,140,156,18
"2011","Forest of Dean 009E","E01022256","Total",647,62,144,382,59,341,18,29,249,45,306,44,115,133,14
"2011","Forest of Dean 009F","E01022257","Total",947,105,195,537,110,503,21,39,354,89,444,84,156,183,21
"2011","Forest of Dean 010A","E01022248","Total",843,102,165,408,168,444,32,44,231,137,399,70,121,177,31
"2011","Forest of Dean 010B","E01022272","Total",597,56,129,339,73,298,17,24,201,56,299,39,105,138,17
"2011","Forest of Dean 010C","E01022273","Total",678,45,106,304,223,439,16,22,195,206,239,29,84,109,17
"2011","Forest of Dean 010D","E01022274","Total",630,70,109,327,124,319,16,28,177,98,311,54,81,150,26
"2011","Forest of Dean 010E","E01022275","Total",743,77,152,398,116,386,23,35,246,82,357,54,117,152,34
"2011","Gloucester 001A","E01022313","Total",935,71,178,604,82,490,22,43,366,59,445,49,135,238,23
"2011","Gloucester 001B","E01022315","Total",785,74,142,487,82,421,29,20,309,63,364,45,122,178,19
"2011","Gloucester 001C","E01022316","Total",913,71,164,595,83,469,19,32,357,61,444,52,132,238,22
"2011","Gloucester 001D","E01022317","Total",822,88,179,470,85,422,25,31,297,69,400,63,148,173,16
"2011","Gloucester 001E","E01022318","Total",853,111,194,477,71,449,43,39,315,52,404,68,155,162,19
"2011","Gloucester 002A","E01022309","Total",786,71,166,476,73,408,21,39,287,61,378,50,127,189,12
"2011","Gloucester 002B","E01022310","Total",804,58,181,466,99,419,26,48,268,77,385,32,133,198,22
"2011","Gloucester 002C","E01022311","Total",863,45,143,589,86,478,18,35,358,67,385,27,108,231,19
"2011","Gloucester 002D","E01022312","Total",1155,96,186,773,100,610,37,60,443,70,545,59,126,330,30
"2011","Gloucester 002E","E01022314","Total",681,60,131,422,68,367,23,25,263,56,314,37,106,159,12
"2011","Gloucester 003A","E01022295","Total",683,60,152,416,55,348,15,29,256,48,335,45,123,160,7
"2011","Gloucester 003B","E01022296","Total",707,62,152,435,58,384,15,32,288,49,323,47,120,147,9
"2011","Gloucester 003C","E01022297","Total",670,78,148,367,77,347,26,29,233,59,323,52,119,134,18
"2011","Gloucester 003D","E01022298","Total",863,79,171,527,86,434,22,36,309,67,429,57,135,218,19
"2011","Gloucester 004A","E01022332","Total",837,82,150,504,101,467,33,45,309,80,370,49,105,195,21
"2011","Gloucester 004B","E01022347","Total",934,70,141,610,113,543,25,60,373,85,391,45,81,237,28
"2011","Gloucester 004C","E01022348","Total",1405,113,268,848,176,767,36,67,529,135,638,77,201,319,41
"2011","Gloucester 004E","E01032932","Total",437,30,72,275,60,268,15,28,182,43,169,15,44,93,17
"2011","Gloucester 004F","E01032937","Total",575,73,88,343,71,322,35,37,207,43,253,38,51,136,28
"2011","Gloucester 005A","E01022288","Total",809,77,180,493,59,424,28,49,305,42,385,49,131,188,17
"2011","Gloucester 005B","E01022289","Total",638,65,158,368,47,353,22,65,230,36,285,43,93,138,11
"2011","Gloucester 005C","E01022290","Total",579,59,141,338,41,316,24,47,213,32,263,35,94,125,9
"2011","Gloucester 005D","E01022291","Total",694,75,172,398,49,406,34,64,270,38,288,41,108,128,11
"2011","Gloucester 005E","E01022292","Total",600,79,120,353,48,360,30,57,234,39,240,49,63,119,9
"2011","Gloucester 006A","E01022283","Total",729,81,157,424,67,370,21,31,266,52,359,60,126,158,15
"2011","Gloucester 006B","E01022303","Total",652,63,137,388,64,330,18,34,230,48,322,45,103,158,16
"2011","Gloucester 006C","E01022304","Total",708,58,146,422,82,378,12,34,271,61,330,46,112,151,21
"2011","Gloucester 006D","E01022305","Total",665,77,148,382,58,344,19,24,257,44,321,58,124,125,14
"2011","Gloucester 006E","E01022308","Total",660,64,132,411,53,340,17,25,252,46,320,47,107,159,7
"2011","Gloucester 007A","E01022278","Total",894,89,199,513,93,459,25,41,315,78,435,64,158,198,15
"2011","Gloucester 007B","E01022279","Total",789,84,168,475,62,390,20,27,289,54,399,64,141,186,8
"2011","Gloucester 007C","E01022282","Total",1599,123,334,966,176,785,32,39,580,134,814,91,295,386,42
"2011","Gloucester 007D","E01022284","Total",651,57,143,395,56,335,22,29,240,44,316,35,114,155,12
"2011","Gloucester 007E","E01022285","Total",578,62,122,338,56,296,17,22,213,44,282,45,100,125,12
"2011","Gloucester 007F","E01022286","Total",788,71,148,487,82,428,29,25,313,61,360,42,123,174,21
"2011","Gloucester 007G","E01022287","Total",862,84,164,529,85,470,29,34,339,68,392,55,130,190,17
"2011","Gloucester 008A","E01022293","Total",750,66,154,469,61,402,19,49,289,45,348,47,105,180,16
"2011","Gloucester 008B","E01022294","Total",798,67,145,513,73,423,18,38,308,59,375,49,107,205,14
"2011","Gloucester 008C","E01022323","Total",747,68,194,409,76,350,18,41,225,66,397,50,153,184,10
"2011","Gloucester 008D","E01022328","Total",610,60,141,361,48,318,22,33,222,41,292,38,108,139,7
"2011","Gloucester 008E","E01022329","Total",646,63,137,371,75,331,15,38,222,56,315,48,99,149,19
"2011","Gloucester 009A","E01022326","Total",720,55,150,445,70,358,18,21,269,50,362,37,129,176,20
"2011","Gloucester 009B","E01022327","Total",829,61,188,488,92,424,24,41,288,71,405,37,147,200,21
"2011","Gloucester 009C","E01022330","Total",798,65,163,500,70,419,24,39,303,53,379,41,124,197,17
"2011","Gloucester 009D","E01022331","Total",686,69,157,406,54,356,19,30,262,45,330,50,127,144,9
"2011","Gloucester 009E","E01022333","Total",511,47,116,319,29,265,21,28,198,18,246,26,88,121,11
"2011","Gloucester 009F","E01022334","Total",763,82,154,456,71,414,31,36,287,60,349,51,118,169,11
"2011","Gloucester 010A","E01022276","Total",881,74,179,538,90,446,19,27,328,72,435,55,152,210,18
"2011","Gloucester 010B","E01022277","Total",771,69,161,458,83,408,14,34,290,70,363,55,127,168,13
"2011","Gloucester 010C","E01022280","Total",996,69,171,657,99,503,20,26,387,70,493,49,145,270,29
"2011","Gloucester 010D","E01022281","Total",1029,99,214,602,114,527,28,28,380,91,502,71,186,222,23
"2011","Gloucester 010E","E01022306","Total",826,67,158,513,88,435,21,33,311,70,391,46,125,202,18
"2011","Gloucester 010F","E01022307","Total",1007,81,192,636,98,513,28,40,372,73,494,53,152,264,25
"2011","Gloucester 011A","E01022319","Total",527,41,148,298,40,279,8,39,200,32,248,33,109,98,8
"2011","Gloucester 011B","E01022320","Total",754,69,154,456,75,398,18,44,271,65,356,51,110,185,10
"2011","Gloucester 011C","E01022321","Total",790,65,175,484,66,404,21,41,289,53,386,44,134,195,13
"2011","Gloucester 011D","E01022322","Total",550,58,118,321,53,296,15,31,206,44,254,43,87,115,9
"2011","Gloucester 011E","E01022324","Total",666,58,150,398,60,337,21,29,234,53,329,37,121,164,7
"2011","Gloucester 011F","E01022325","Total",634,58,144,364,68,330,18,31,225,56,304,40,113,139,12
"2011","Gloucester 012A","E01022343","Total",606,60,138,351,57,327,21,33,224,49,279,39,105,127,8
"2011","Gloucester 012B","E01022344","Total",717,84,178,382,73,384,26,49,244,65,333,58,129,138,8
"2011","Gloucester 012C","E01022345","Total",715,78,140,412,85,388,24,26,264,74,327,54,114,148,11
"2011","Gloucester 012D","E01022346","Total",617,76,153,334,54,309,28,26,207,48,308,48,127,127,6
"2011","Gloucester 013A","E01022299","Total",730,74,154,440,62,363,20,32,256,55,367,54,122,184,7
"2011","Gloucester 013B","E01022300","Total",621,51,146,379,45,328,9,26,255,38,293,42,120,124,7
"2011","Gloucester 013C","E01022301","Total",755,80,163,435,77,400,22,31,281,66,355,58,132,154,11
"2011","Gloucester 013D","E01022302","Total",747,75,167,438,67,398,21,35,279,63,349,54,132,159,4
"2011","Gloucester 014A","E01022339","Total",977,95,190,572,120,480,24,22,345,89,497,71,168,227,31
"2011","Gloucester 014B","E01022340","Total",933,56,176,592,109,476,14,33,336,93,457,42,143,256,16
"2011","Gloucester 014C","E01022341","Total",1248,105,226,769,148,621,36,34,439,112,627,69,192,330,36
"2011","Gloucester 014D","E01022342","Total",1092,85,197,661,149,553,25,30,382,116,539,60,167,279,33
"2011","Gloucester 015A","E01022335","Total",854,85,154,522,93,442,17,28,318,79,412,68,126,204,14
"2011","Gloucester 015B","E01022336","Total",621,55,116,393,57,329,17,19,249,44,292,38,97,144,13
"2011","Gloucester 015D","E01022338","Total",809,49,149,513,98,414,10,24,299,81,395,39,125,214,17
"2011","Gloucester 015E","E01032933","Total",831,48,130,556,97,440,15,11,332,82,391,33,119,224,15
"2011","Gloucester 015F","E01032934","Total",826,77,165,497,87,430,20,32,312,66,396,57,133,185,21
"2011","Gloucester 015G","E01032935","Total",923,51,150,593,129,496,13,24,357,102,427,38,126,236,27
"2011","Gloucester 015H","E01032936","Total",860,46,149,549,116,451,10,32,314,95,409,36,117,235,21
"2011","Stroud 001A","E01022378","Total",1119,97,219,660,143,568,18,36,403,111,551,79,183,257,32
"2011","Stroud 001B","E01022379","Total",827,56,146,538,87,448,20,23,338,67,379,36,123,200,20
"2011","Stroud 001C","E01022380","Total",829,101,183,404,141,445,32,37,260,116,384,69,146,144,25
"2011","Stroud 001D","E01022412","Total",1465,146,281,831,207,783,58,61,506,158,682,88,220,325,49
"2011","Stroud 002A","E01022354","Total",1053,137,211,506,199,578,48,58,319,153,475,89,153,187,46
"2011","Stroud 002B","E01022390","Total",476,65,89,249,73,250,17,18,158,57,226,48,71,91,16
"2011","Stroud 002C","E01022391","Total",632,96,145,265,126,353,29,48,174,102,279,67,97,91,24
"2011","Stroud 002D","E01022392","Total",749,122,150,324,153,397,37,33,213,114,352,85,117,111,39
"2011","Stroud 003A","E01022376","Total",953,103,196,488,166,506,26,49,307,124,447,77,147,181,42
"2011","Stroud 003B","E01022396","Total",914,87,191,460,176,473,13,45,282,133,441,74,146,178,43
"2011","Stroud 003C","E01022397","Total",1012,106,208,518,180,541,24,50,332,135,471,82,158,186,45
"2011","Stroud 003D","E01022398","Total",566,65,99,288,114,315,22,27,177,89,251,43,72,111,25
"2011","Stroud 004A","E01022355","Total",857,94,192,488,83,455,30,39,325,61,402,64,153,163,22
"2011","Stroud 004B","E01022356","Total",1253,110,263,728,152,650,28,64,442,116,603,82,199,286,36
"2011","Stroud 004C","E01022357","Total",947,98,186,568,95,498,27,35,356,80,449,71,151,212,15
"2011","Stroud 004D","E01022358","Total",700,77,158,395,70,373,22,27,266,58,327,55,131,129,12
"2011","Stroud 004E","E01022377","Total",1059,118,215,615,111,537,37,42,374,84,522,81,173,241,27
"2011","Stroud 004F","E01022389","Total",921,116,222,456,127,479,35,49,299,96,442,81,173,157,31
"2011","Stroud 005A","E01022400","Total",950,90,173,562,125,493,18,37,343,95,457,72,136,219,30
"2011","Stroud 005B","E01022401","Total",737,77,137,426,97,393,19,30,272,72,344,58,107,154,25
"2011","Stroud 005C","E01022402","Total",931,100,168,564,99,482,22,36,350,74,449,78,132,214,25
"2011","Stroud 005D","E01022403","Total",586,57,126,354,49,319,17,28,231,43,267,40,98,123,6
"2011","Stroud 005E","E01022404","Total",729,74,133,406,116,403,32,29,256,86,326,42,104,150,30
"2011","Stroud 006A","E01022365","Total",1144,110,212,681,141,640,40,56,433,111,504,70,156,248,30
"2011","Stroud 006B","E01022399","Total",1061,104,243,598,116,562,25,67,377,93,499,79,176,221,23
"2011","Stroud 006C","E01022410","Total",1091,130,245,581,135,566,39,60,365,102,525,91,185,216,33
"2011","Stroud 006D","E01022411","Total",1183,132,241,672,138,620,35,52,424,109,563,97,189,248,29
"2011","Stroud 006E","E01022414","Total",1372,144,315,766,147,703,47,79,466,111,669,97,236,300,36
"2011","Stroud 007A","E01022393","Total",694,77,159,350,108,366,25,31,224,86,328,52,128,126,22
"2011","Stroud 007B","E01022394","Total",914,72,179,536,127,505,20,55,338,92,409,52,124,198,35
"2011","Stroud 007C","E01022395","Total",820,108,182,432,98,423,37,49,261,76,397,71,133,171,22
"2011","Stroud 007D","E01022408","Total",580,78,125,294,83,323,25,39,191,68,257,53,86,103,15
"2011","Stroud 007E","E01022409","Total",684,63,161,368,92,375,17,37,251,70,309,46,124,117,22
"2011","Stroud 008A","E01022366","Total",918,132,197,445,144,473,37,26,301,109,445,95,171,144,35
"2011","Stroud 008B","E01022367","Total",792,92,190,394,116,417,22,45,262,88,375,70,145,132,28
"2011","Stroud 008C","E01022368","Total",721,90,158,371,102,384,22,41,241,80,337,68,117,130,22
"2011","Stroud 008D","E01022369","Total",952,88,196,564,104,476,19,24,344,89,476,69,172,220,15
"2011","Stroud 009A","E01022370","Total",622,91,107,336,88,324,19,25,209,71,298,72,82,127,17
"2011","Stroud 009B","E01022371","Total",533,68,103,268,94,282,13,20,175,74,251,55,83,93,20
"2011","Stroud 009C","E01022405","Total",656,84,150,351,71,337,22,35,220,60,319,62,115,131,11
"2011","Stroud 009D","E01022406","Total",644,67,129,356,92,348,23,27,226,72,296,44,102,130,20
"2011","Stroud 009E","E01022407","Total",701,75,136,396,94,362,17,26,245,74,339,58,110,151,20
"2011","Stroud 010A","E01022350","Total",994,140,201,463,190,530,49,51,284,146,464,91,150,179,44
"2011","Stroud 010B","E01022382","Total",663,83,152,323,105,347,26,33,199,89,316,57,119,124,16
"2011","Stroud 010C","E01022383","Total",537,76,101,296,64,288,21,26,192,49,249,55,75,104,15
"2011","Stroud 010D","E01022384","Total",641,76,116,332,117,353,28,30,204,91,288,48,86,128,26
"2011","Stroud 011A","E01022359","Total",761,90,140,442,89,404,24,26,289,65,357,66,114,153,24
"2011","Stroud 011B","E01022360","Total",702,88,142,362,110,381,27,35,236,83,321,61,107,126,27
"2011","Stroud 011C","E01022361","Total",568,59,101,332,76,319,16,26,218,59,249,43,75,114,17
"2011","Stroud 011D","E01022362","Total",558,56,113,317,72,299,12,23,202,62,259,44,90,115,10
"2011","Stroud 011E","E01022363","Total",934,97,174,571,92,489,25,35,365,64,445,72,139,206,28
"2011","Stroud 011F","E01022364","Total",483,55,86,298,44,260,13,23,190,34,223,42,63,108,10
"2011","Stroud 012A","E01022351","Total",752,71,149,426,106,400,21,30,267,82,352,50,119,159,24
"2011","Stroud 012B","E01022352","Total",703,100,108,399,96,385,26,20,257,82,318,74,88,142,14
"2011","Stroud 012C","E01022353","Total",760,67,139,451,103,402,18,31,278,75,358,49,108,173,28
"2011","Stroud 012D","E01022413","Total",999,136,173,503,187,540,36,44,322,138,459,100,129,181,49
"2011","Stroud 013A","E01022385","Total",808,112,172,413,111,413,24,40,270,79,395,88,132,143,32
"2011","Stroud 013B","E01022386","Total",818,107,145,446,120,433,32,35,269,97,385,75,110,177,23
"2011","Stroud 013C","E01022387","Total",855,79,177,509,90,443,23,45,308,67,412,56,132,201,23
"2011","Stroud 013D","E01022388","Total",844,85,184,469,106,455,22,46,307,80,389,63,138,162,26
"2011","Stroud 014A","E01022372","Total",884,110,152,532,90,490,33,39,349,69,394,77,113,183,21
"2011","Stroud 014B","E01022373","Total",860,91,181,490,98,449,29,30,322,68,411,62,151,168,30
"2011","Stroud 014C","E01022374","Total",963,85,166,595,117,535,33,37,380,85,428,52,129,215,32
"2011","Stroud 014D","E01022375","Total",595,68,140,344,43,305,21,30,216,38,290,47,110,128,5
"2011","Stroud 015A","E01022381","Total",1075,126,219,572,158,579,29,48,376,126,496,97,171,196,32
"2011","Stroud 015B","E01022415","Total",772,100,164,375,133,399,29,33,234,103,373,71,131,141,30
"2011","Stroud 015C","E01022416","Total",712,84,150,397,81,377,21,27,261,68,335,63,123,136,13
"2011","Stroud 015D","E01022417","Total",910,93,195,532,90,452,21,34,329,68,458,72,161,203,22
"2011","Stroud 015E","E01022418","Total",844,102,150,477,115,467,30,31,318,88,377,72,119,159,27
"2011","Tewkesbury 001B","E01022450","Total",1119,98,201,688,132,619,31,49,433,106,500,67,152,255,26
"2011","Tewkesbury 001C","E01022451","Total",854,65,146,548,95,433,19,27,309,78,421,46,119,239,17
"2011","Tewkesbury 001D","E01022452","Total",852,70,141,561,80,462,19,21,356,66,390,51,120,205,14
"2011","Tewkesbury 001E","E01022455","Total",1083,117,190,651,125,584,29,33,419,103,499,88,157,232,22
"2011","Tewkesbury 001F","E01032938","Total",888,60,144,540,144,489,10,26,337,116,399,50,118,203,28
"2011","Tewkesbury 001G","E01032939","Total",902,80,177,554,91,469,14,41,343,71,433,66,136,211,20
"2011","Tewkesbury 001H","E01032940","Total",844,44,145,551,104,421,6,18,323,74,423,38,127,228,30
"2011","Tewkesbury 002A","E01022456","Total",722,63,141,414,104,382,20,24,259,79,340,43,117,155,25
"2011","Tewkesbury 002B","E01022457","Total",632,75,122,382,53,325,21,28,236,40,307,54,94,146,13
"2011","Tewkesbury 002C","E01022458","Total",588,52,116,368,52,326,8,32,247,39,262,44,84,121,13
"2011","Tewkesbury 002D","E01022459","Total",830,82,134,502,112,457,33,35,308,81,373,49,99,194,31
"2011","Tewkesbury 002E","E01022460","Total",896,72,143,558,123,494,27,20,352,95,402,45,123,206,28
"2011","Tewkesbury 002F","E01022461","Total",634,80,113,358,83,332,17,29,221,65,302,63,84,137,18
"2011","Tewkesbury 002G","E01022462","Total",817,88,157,448,124,442,27,46,269,100,375,61,111,179,24
"2011","Tewkesbury 003A","E01022449","Total",985,128,198,456,203,509,30,53,274,152,476,98,145,182,51
"2011","Tewkesbury 003B","E01022463","Total",716,89,154,348,125,376,31,45,200,100,340,58,109,148,25
"2011","Tewkesbury 003C","E01022464","Total",632,78,139,340,75,324,22,26,222,54,308,56,113,118,21
"2011","Tewkesbury 003D","E01022465","Total",753,106,147,363,137,409,25,34,240,110,344,81,113,123,27
"2011","Tewkesbury 003E","E01022466","Total",791,103,163,386,139,424,26,35,250,113,367,77,128,136,26
"2011","Tewkesbury 004A","E01022434","Total",1008,117,189,488,214,533,23,40,309,161,475,94,149,179,53
"2011","Tewkesbury 004B","E01022441","Total",840,71,159,474,136,448,16,41,287,104,392,55,118,187,32
"2011","Tewkesbury 004C","E01022445","Total",730,96,143,342,149,385,26,25,217,117,345,70,118,125,32
"2011","Tewkesbury 004D","E01022453","Total",734,111,154,322,147,382,29,33,201,119,352,82,121,121,28
"2011","Tewkesbury 005A","E01022432","Total",956,100,210,540,106,510,41,46,339,84,446,59,164,201,22
"2011","Tewkesbury 005B","E01022433","Total",978,103,247,503,125,503,32,56,317,98,475,71,191,186,27
"2011","Tewkesbury 005C","E01022435","Total",1046,123,214,613,96,535,30,44,381,80,511,93,170,232,16
"2011","Tewkesbury 005D","E01022436","Total",848,95,161,502,90,427,21,36,298,72,421,74,125,204,18
"2011","Tewkesbury 005E","E01022437","Total",701,71,145,417,68,359,20,27,259,53,342,51,118,158,15
"2011","Tewkesbury 005F","E01022438","Total",801,68,146,515,72,392,17,24,303,48,409,51,122,212,24
"2011","Tewkesbury 005G","E01022439","Total",902,82,154,567,99,450,30,23,324,73,452,52,131,243,26
"2011","Tewkesbury 006A","E01022440","Total",853,65,152,542,94,464,25,45,328,66,389,40,107,214,28
"2011","Tewkesbury 006B","E01022442","Total",808,105,165,389,149,432,35,33,249,115,376,70,132,140,34
"2011","Tewkesbury 006C","E01022443","Total",672,86,142,363,81,348,21,30,226,71,324,65,112,137,10
"2011","Tewkesbury 006D","E01022444","Total",732,68,154,381,129,367,17,33,219,98,365,51,121,162,31
"2011","Tewkesbury 007A","E01022425","Total",620,62,131,362,65,319,16,26,227,50,301,46,105,135,15
"2011","Tewkesbury 007B","E01022426","Total",585,84,123,292,86,320,27,32,192,69,265,57,91,100,17
"2011","Tewkesbury 007C","E01022427","Total",710,81,133,392,104,378,21,33,242,82,332,60,100,150,22
"2011","Tewkesbury 007D","E01022428","Total",875,82,154,539,100,450,18,26,333,73,425,64,128,206,27
"2011","Tewkesbury 007E","E01022429","Total",841,73,176,500,92,449,28,46,301,74,392,45,130,199,18
"2011","Tewkesbury 007F","E01022430","Total",737,63,140,455,79,375,15,24,278,58,362,48,116,177,21
"2011","Tewkesbury 007G","E01022431","Total",1223,79,227,810,107,611,29,34,459,89,612,50,193,351,18
"2011","Tewkesbury 007H","E01022447","Total",875,44,97,566,168,579,17,17,400,145,296,27,80,166,23
"2011","Tewkesbury 008A","E01022420","Total",1023,115,213,513,182,551,26,61,315,149,472,89,152,198,33
"2011","Tewkesbury 008B","E01022448","Total",576,51,116,329,80,296,17,24,195,60,280,34,92,134,20
"2011","Tewkesbury 008C","E01022454","Total",838,84,174,461,119,454,22,40,301,91,384,62,134,160,28
"2011","Tewkesbury 009A","E01022421","Total",871,69,173,543,86,440,17,35,322,66,431,52,138,221,20
"2011","Tewkesbury 009B","E01022422","Total",951,86,180,582,103,486,22,36,350,78,465,64,144,232,25
"2011","Tewkesbury 009C","E01022423","Total",1019,97,207,614,101,509,30,46,353,80,510,67,161,261,21
"2011","Tewkesbury 009D","E01022424","Total",702,62,161,415,64,364,19,27,268,50,338,43,134,147,14
"2011","Tewkesbury 009E","E01022446","Total",951,70,172,589,120,491,18,36,344,93,460,52,136,245,27
"2011","Mendip 001A","E01029022","Total",686,99,123,322,142,362,25,35,191,111,324,74,88,131,31
"2011","Mendip 001B","E01029023","Total",572,76,114,264,118,302,20,21,165,96,270,56,93,99,22
"2011","Mendip 001C","E01029044","Total",707,62,163,381,101,361,23,32,227,79,346,39,131,154,22
"2011","Mendip 001D","E01029053","Total",1173,156,250,514,253,641,44,67,332,198,532,112,183,182,55
"2011","Mendip 001E","E01029057","Total",1024,122,205,446,251,552,34,47,276,195,472,88,158,170,56
"2011","Mendip 002A","E01029024","Total",1063,145,228,524,166,571,45,42,340,144,492,100,186,184,22
"2011","Mendip 002B","E01029025","Total",630,67,126,332,105,344,20,32,212,80,286,47,94,120,25
"2011","Mendip 002C","E01029026","Total",502,58,112,247,85,255,8,22,159,66,247,50,90,88,19
"2011","Mendip 002D","E01029068","Total",605,65,131,298,111,319,12,31,192,84,286,53,100,106,27
"2011","Mendip 002E","E01029069","Total",522,65,109,259,89,281,14,29,168,70,241,51,80,91,19
"2011","Mendip 003A","E01029030","Total",1148,116,243,615,174,587,29,41,368,149,561,87,202,247,25
"2011","Mendip 003B","E01029031","Total",824,101,188,439,96,417,28,37,276,76,407,73,151,163,20
"2011","Mendip 003C","E01029032","Total",415,42,107,216,50,214,12,30,133,39,201,30,77,83,11
"2011","Mendip 003D","E01029033","Total",803,73,148,488,94,429,23,38,291,77,374,50,110,197,17
"2011","Mendip 003E","E01029034","Total",750,68,151,437,94,390,21,34,269,66,360,47,117,168,28
"2011","Mendip 004A","E01029036","Total",819,86,173,442,118,430,23,44,279,84,389,63,129,163,34
"2011","Mendip 004B","E01029041","Total",958,105,235,504,114,481,35,58,303,85,477,70,177,201,29
"2011","Mendip 004C","E01029042","Total",654,77,152,330,95,341,19,43,203,76,313,58,109,127,19
"2011","Mendip 004D","E01029043","Total",798,85,197,403,113,406,24,39,248,95,392,61,158,155,18
"2011","Mendip 004E","E01029045","Total",808,83,172,440,113,404,15,45,258,86,404,68,127,182,27
"2011","Mendip 005A","E01029052","Total",978,148,211,447,172,523,40,56,290,137,455,108,155,157,35
"2011","Mendip 005B","E01029060","Total",920,109,172,408,231,486,25,40,246,175,434,84,132,162,56
"2011","Mendip 005C","E01029061","Total",1113,148,262,505,198,588,42,66,327,153,525,106,196,178,45
"2011","Mendip 005D","E01029083","Total",509,72,112,218,107,264,27,21,140,76,245,45,91,78,31
"2011","Mendip 006A","E01029018","Total",1198,129,255,603,211,629,35,48,377,169,569,94,207,226,42
"2011","Mendip 006B","E01029056","Total",1233,165,216,568,284,664,41,58,339,226,569,124,158,229,58
"2011","Mendip 006C","E01029064","Total",835,101,196,423,115,487,45,80,269,93,348,56,116,154,22
"2011","Mendip 006D","E01029084","Total",680,89,142,373,76,351,18,32,236,65,329,71,110,137,11
"2011","Mendip 007A","E01029029","Total",731,84,153,394,100,368,17,31,240,80,363,67,122,154,20
"2011","Mendip 007B","E01029035","Total",831,88,162,477,104,423,25,35,281,82,408,63,127,196,22
"2011","Mendip 007C","E01029037","Total",715,74,161,392,88,353,25,43,225,60,362,49,118,167,28
"2011","Mendip 007D","E01029038","Total",693,78,156,379,80,343,22,32,221,68,350,56,124,158,12
"2011","Mendip 007E","E01029039","Total",713,80,155,391,87,373,21,34,247,71,340,59,121,144,16
"2011","Mendip 007F","E01029040","Total",832,93,168,455,116,422,20,28,278,96,410,73,140,177,20
"2011","Mendip 008A","E01029078","Total",755,98,165,398,94,370,28,36,235,71,385,70,129,163,23
"2011","Mendip 008B","E01029079","Total",735,77,168,414,76,369,25,41,241,62,366,52,127,173,14
"2011","Mendip 008C","E01029080","Total",721,87,177,378,79,385,32,33,250,70,336,55,144,128,9
"2011","Mendip 008D","E01029081","Total",747,78,150,431,88,384,22,46,252,64,363,56,104,179,24
"2011","Mendip 008E","E01029082","Total",557,72,134,265,86,282,17,28,167,70,275,55,106,98,16
"2011","Mendip 009A","E01029062","Total",730,53,126,460,91,405,18,35,286,66,325,35,91,174,25
"2011","Mendip 009B","E01029063","Total",1415,137,250,813,215,748,32,54,494,168,667,105,196,319,47
"2011","Mendip 009C","E01029065","Total",958,104,189,524,141,488,25,33,314,116,470,79,156,210,25
"2011","Mendip 009D","E01029066","Total",944,98,200,541,105,490,22,40,343,85,454,76,160,198,20
"2011","Mendip 009E","E01029067","Total",698,56,148,408,86,372,12,35,254,71,326,44,113,154,15
"2011","Mendip 010A","E01029020","Total",753,98,145,373,137,393,28,42,219,104,360,70,103,154,33
"2011","Mendip 010B","E01029021","Total",672,74,144,304,150,358,16,27,185,130,314,58,117,119,20
"2011","Mendip 010C","E01029027","Total",564,63,123,266,112,300,8,33,171,88,264,55,90,95,24
"2011","Mendip 010D","E01029028","Total",570,50,102,313,105,312,10,23,192,87,258,40,79,121,18
"2011","Mendip 010E","E01029058","Total",1125,137,246,467,275,599,40,71,268,220,526,97,175,199,55
"2011","Mendip 011A","E01029046","Total",624,71,150,318,85,334,26,60,191,57,290,45,90,127,28
"2011","Mendip 011D","E01029050","Total",1123,130,283,579,131,573,42,76,357,98,550,88,207,222,33
"2011","Mendip 011E","E01029051","Total",811,87,215,402,107,421,29,49,268,75,390,58,166,134,32
"2011","Mendip 011F","E01032627","Total",994,122,271,453,148,498,30,76,286,106,496,92,195,167,42
"2011","Mendip 012A","E01029047","Total",778,98,160,440,80,395,22,43,264,66,383,76,117,176,14
"2011","Mendip 012B","E01029054","Total",776,72,186,378,140,409,19,39,245,106,367,53,147,133,34
"2011","Mendip 012C","E01029055","Total",608,76,132,314,86,319,18,35,203,63,289,58,97,111,23
"2011","Mendip 012D","E01029074","Total",702,99,133,341,129,365,35,31,208,91,337,64,102,133,38
"2011","Mendip 012E","E01029076","Total",1085,98,255,627,105,580,38,46,405,91,505,60,209,222,14
"2011","Mendip 013A","E01029019","Total",1158,142,270,508,238,595,28,61,320,186,563,114,209,188,52
"2011","Mendip 013B","E01029059","Total",1056,126,212,497,221,563,39,46,300,178,493,87,166,197,43
"2011","Mendip 013C","E01029077","Total",1075,143,206,479,247,562,36,56,276,194,513,107,150,203,53
"2011","Mendip 014A","E01029070","Total",1002,97,223,535,147,538,28,53,341,116,464,69,170,194,31
"2011","Mendip 014B","E01029071","Total",761,79,182,426,74,383,18,48,256,61,378,61,134,170,13
"2011","Mendip 014C","E01029072","Total",763,83,181,422,77,371,21,38,253,59,392,62,143,169,18
"2011","Mendip 014D","E01029073","Total",552,61,129,304,58,277,8,25,199,45,275,53,104,105,13
"2011","Mendip 014E","E01029075","Total",591,67,146,309,69,298,22,33,191,52,293,45,113,118,17
"2011","Sedgemoor 001A","E01029085","Total",1061,133,218,545,165,538,44,47,324,123,523,89,171,221,42
"2011","Sedgemoor 001B","E01029126","Total",774,97,150,415,112,399,29,40,248,82,375,68,110,167,30
"2011","Sedgemoor 001C","E01029127","Total",638,72,150,327,89,323,21,40,203,59,315,51,110,124,30
"2011","Sedgemoor 001D","E01029128","Total",949,122,199,481,147,495,32,46,302,115,454,90,153,179,32
"2011","Sedgemoor 001E","E01029129","Total",964,137,207,476,144,491,33,35,299,124,473,104,172,177,20
"2011","Sedgemoor 002C","E01029089","Total",1181,148,227,583,223,614,39,40,354,181,567,109,187,229,42
"2011","Sedgemoor 002D","E01029113","Total",628,66,150,318,94,328,22,27,210,69,300,44,123,108,25
"2011","Sedgemoor 002E","E01029115","Total",759,74,172,418,95,383,16,30,263,74,376,58,142,155,21
"2011","Sedgemoor 002F","E01029140","Total",1439,159,307,737,236,746,38,70,451,187,693,121,237,286,49
"2011","Sedgemoor 002G","E01032633","Total",1016,97,221,524,174,549,30,65,333,121,467,67,156,191,53
"2011","Sedgemoor 003A","E01029086","Total",1093,160,218,488,227,572,44,51,297,180,521,116,167,191,47
"2011","Sedgemoor 003B","E01029147","Total",819,133,164,351,171,445,50,38,226,131,374,83,126,125,40
"2011","Sedgemoor 003C","E01029148","Total",755,120,144,345,146,403,34,36,222,111,352,86,108,123,35
"2011","Sedgemoor 003D","E01029149","Total",727,90,167,348,122,378,27,31,221,99,349,63,136,127,23
"2011","Sedgemoor 004A","E01029114","Total",560,72,116,286,86,304,22,23,194,65,256,50,93,92,21
"2011","Sedgemoor 004B","E01029116","Total",680,69,121,392,98,390,27,40,247,76,290,42,81,145,22
"2011","Sedgemoor 004C","E01029117","Total",690,76,149,372,93,378,32,44,237,65,312,44,105,135,28
"2011","Sedgemoor 004D","E01029119","Total",645,70,142,355,78,337,26,33,219,59,308,44,109,136,19
"2011","Sedgemoor 004E","E01029120","Total",735,65,188,408,74,371,21,43,249,58,364,44,145,159,16
"2011","Sedgemoor 005A","E01029118","Total",833,98,203,439,93,429,31,40,281,77,404,67,163,158,16
"2011","Sedgemoor 005B","E01029131","Total",930,76,209,531,114,518,18,65,343,92,412,58,144,188,22
"2011","Sedgemoor 005C","E01029132","Total",546,54,153,298,41,290,11,40,206,33,256,43,113,92,8
"2011","Sedgemoor 005D","E01029133","Total",578,61,128,318,71,316,20,30,203,63,262,41,98,115,8
"2011","Sedgemoor 005E","E01029134","Total",824,76,186,446,116,438,20,58,267,93,386,56,128,179,23
"2011","Sedgemoor 006A","E01029135","Total",779,85,157,375,162,416,21,36,232,127,363,64,121,143,35
"2011","Sedgemoor 006B","E01029136","Total",992,122,197,497,176,550,41,50,317,142,442,81,147,180,34
"2011","Sedgemoor 006C","E01029145","Total",967,98,202,531,136,495,19,23,351,102,472,79,179,180,34
"2011","Sedgemoor 006D","E01029152","Total",914,98,208,498,110,458,28,46,304,80,456,70,162,194,30
"2011","Sedgemoor 007A","E01029121","Total",686,78,157,336,115,356,22,40,204,90,330,56,117,132,25
"2011","Sedgemoor 007B","E01029122","Total",728,78,166,357,127,387,25,44,218,100,341,53,122,139,27
"2011","Sedgemoor 007C","E01029123","Total",483,53,124,251,55,254,13,36,162,43,229,40,88,89,12
"2011","Sedgemoor 007D","E01029124","Total",761,97,133,397,134,404,23,37,243,101,357,74,96,154,33
"2011","Sedgemoor 007E","E01029125","Total",695,88,147,310,150,380,26,30,208,116,315,62,117,102,34
"2011","Sedgemoor 008A","E01029093","Total",742,68,133,466,75,389,23,27,278,61,353,45,106,188,14
"2011","Sedgemoor 008B","E01029096","Total",707,57,146,423,81,375,16,29,262,68,332,41,117,161,13
"2011","Sedgemoor 008C","E01029106","Total",565,57,143,311,54,311,14,39,215,43,254,43,104,96,11
"2011","Sedgemoor 008D","E01029107","Total",604,63,146,347,48,323,13,35,232,43,281,50,111,115,5
"2011","Sedgemoor 008E","E01029109","Total",582,67,151,324,40,310,22,36,219,33,272,45,115,105,7
"2011","Sedgemoor 009A","E01029094","Total",890,80,180,563,67,470,20,44,350,56,420,60,136,213,11
"2011","Sedgemoor 009B","E01029095","Total",800,60,150,507,83,453,21,38,331,63,347,39,112,176,20
"2011","Sedgemoor 009C","E01029110","Total",1109,102,238,666,103,589,37,56,410,86,520,65,182,256,17
"2011","Sedgemoor 009D","E01029111","Total",1197,118,256,701,122,633,33,57,444,99,564,85,199,257,23
"2011","Sedgemoor 009E","E01029112","Total",935,74,189,574,98,542,21,64,381,76,393,53,125,193,22
"2011","Sedgemoor 010A","E01029090","Total",807,81,167,464,95,436,21,33,301,81,371,60,134,163,14
"2011","Sedgemoor 010B","E01029091","Total",956,76,185,600,95,479,19,31,349,80,477,57,154,251,15
"2011","Sedgemoor 010C","E01029092","Total",923,75,197,561,90,473,16,38,343,76,450,59,159,218,14
"2011","Sedgemoor 010D","E01029108","Total",1002,107,203,594,98,542,37,36,390,79,460,70,167,204,19
"2011","Sedgemoor 011A","E01029102","Total",748,90,153,430,75,371,25,24,264,58,377,65,129,166,17
"2011","Sedgemoor 011B","E01029103","Total",695,88,145,383,79,362,22,25,248,67,333,66,120,135,12
"2011","Sedgemoor 011C","E01029104","Total",739,76,168,407,88,385,21,26,262,76,354,55,142,145,12
"2011","Sedgemoor 011E","E01032631","Total",763,61,125,485,92,404,17,16,294,77,359,44,109,191,15
"2011","Sedgemoor 011F","E01032632","Total",679,71,124,402,82,365,15,29,256,65,314,56,95,146,17
"2011","Sedgemoor 011G","E01032634","Total",622,84,140,323,75,350,32,31,221,66,272,52,109,102,9
"2011","Sedgemoor 012A","E01029130","Total",1059,145,208,520,186,549,38,54,324,133,510,107,154,196,53
"2011","Sedgemoor 012B","E01029137","Total",816,85,158,416,157,441,21,34,258,128,375,64,124,158,29
"2011","Sedgemoor 012C","E01029138","Total",674,78,141,372,83,348,17,30,232,69,326,61,111,140,14
"2011","Sedgemoor 012D","E01029139","Total",722,84,150,364,124,391,30,30,230,101,331,54,120,134,23
"2011","Sedgemoor 012E","E01029150","Total",639,71,118,323,127,347,18,31,195,103,292,53,87,128,24
"2011","Sedgemoor 012F","E01029151","Total",567,55,120,288,104,294,14,31,170,79,273,41,89,118,25
"2011","Sedgemoor 013A","E01029097","Total",629,52,129,388,60,333,12,24,247,50,296,40,105,141,10
"2011","Sedgemoor 013B","E01029098","Total",692,57,145,414,76,381,16,38,269,58,311,41,107,145,18
"2011","Sedgemoor 013C","E01029099","Total",515,49,124,288,54,278,11,28,197,42,237,38,96,91,12
"2011","Sedgemoor 013D","E01029100","Total",558,43,128,343,44,300,8,30,227,35,258,35,98,116,9
"2011","Sedgemoor 013E","E01029105","Total",545,54,135,301,55,292,24,31,194,43,253,30,104,107,12
"2011","Sedgemoor 014A","E01029101","Total",519,43,120,311,45,269,12,28,191,38,250,31,92,120,7
"2011","Sedgemoor 014C","E01029142","Total",701,71,150,387,93,374,19,35,253,67,327,52,115,134,26
"2011","Sedgemoor 014D","E01029143","Total",617,71,133,341,72,310,13,33,206,58,307,58,100,135,14
"2011","Sedgemoor 014E","E01029144","Total",677,82,140,343,112,355,17,27,228,83,322,65,113,115,29
"2011","Sedgemoor 014F","E01032629","Total",793,67,161,422,143,421,19,39,246,117,372,48,122,176,26
"2011","Sedgemoor 014G","E01032630","Total",923,55,165,581,122,490,14,30,350,96,433,41,135,231,26
"2011","South Somerset 001A","E01029157","Total",545,62,104,276,103,293,21,14,179,79,252,41,90,97,24
"2011","South Somerset 001B","E01029158","Total",657,67,148,303,139,346,17,29,188,112,311,50,119,115,27
"2011","South Somerset 001C","E01029221","Total",1211,165,244,506,296,625,50,54,288,233,586,115,190,218,63
"2011","South Somerset 002A","E01029166","Total",1145,132,240,516,257,632,43,65,326,198,513,89,175,190,59
"2011","South Somerset 002B","E01029167","Total",716,87,138,366,125,364,20,33,214,97,352,67,105,152,28
"2011","South Somerset 002C","E01029168","Total",774,99,165,384,126,412,32,38,242,100,362,67,127,142,26
"2011","South Somerset 002D","E01029210","Total",832,100,176,412,144,438,26,48,255,109,394,74,128,157,35
"2011","South Somerset 002E","E01029211","Total",683,100,133,333,117,355,29,27,215,84,328,71,106,118,33
"2011","South Somerset 003A","E01029224","Total",785,107,143,387,148,432,28,42,246,116,353,79,101,141,32
"2011","South Somerset 003B","E01029225","Total",1017,121,233,532,131,524,31,46,349,98,493,90,187,183,33
"2011","South Somerset 003C","E01029226","Total",711,94,163,369,85,372,27,30,243,72,339,67,133,126,13
"2011","South Somerset 004A","E01029200","Total",670,77,138,372,83,352,20,29,238,65,318,57,109,134,18
"2011","South Somerset 004B","E01029201","Total",691,77,162,370,82,349,23,37,223,66,342,54,125,147,16
"2011","South Somerset 004C","E01029222","Total",779,84,152,386,157,413,17,31,244,121,366,67,121,142,36
"2011","South Somerset 004D","E01029223","Total",554,63,125,274,92,287,13,27,181,66,267,50,98,93,26
"2011","South Somerset 005A","E01029155","Total",859,109,166,364,220,455,25,38,225,167,404,84,128,139,53
"2011","South Somerset 005B","E01029227","Total",797,84,176,416,121,428,22,40,266,100,369,62,136,150,21
"2011","South Somerset 005C","E01029228","Total",813,86,162,433,132,423,17,29,263,114,390,69,133,170,18
"2011","South Somerset 005D","E01029229","Total",1027,83,174,615,155,563,28,44,365,126,464,55,130,250,29
"2011","South Somerset 006A","E01029164","Total",683,84,146,315,138,358,28,28,204,98,325,56,118,111,40
"2011","South Somerset 006B","E01029165","Total",509,78,98,237,96,286,27,28,155,76,223,51,70,82,20
"2011","South Somerset 006C","E01029198","Total",688,53,108,422,105,387,14,10,277,86,301,39,98,145,19
"2011","South Somerset 006D","E01029199","Total",1970,140,211,1284,335,1407,52,54,1025,276,563,88,157,259,59
"2011","South Somerset 007A","E01029187","Total",464,41,108,237,78,240,15,20,144,61,224,26,88,93,17
"2011","South Somerset 007B","E01029188","Total",706,76,178,344,108,379,20,50,221,88,327,56,128,123,20
"2011","South Somerset 007C","E01029196","Total",725,83,160,359,123,370,19,33,227,91,355,64,127,132,32
"2011","South Somerset 007D","E01029197","Total",628,80,131,315,102,332,22,26,202,82,296,58,105,113,20
"2011","South Somerset 008A","E01029154","Total",878,96,180,445,157,467,22,42,275,128,411,74,138,170,29
"2011","South Somerset 008B","E01029156","Total",912,99,170,502,141,509,28,44,327,110,403,71,126,175,31
"2011","South Somerset 008C","E01029206","Total",744,78,167,403,96,379,26,31,244,78,365,52,136,159,18
"2011","South Somerset 008D","E01029207","Total",634,74,124,333,103,351,18,32,224,77,283,56,92,109,26
"2011","South Somerset 009A","E01029202","Total",560,49,122,334,55,293,6,23,219,45,267,43,99,115,10
"2011","South Somerset 009B","E01029203","Total",819,103,173,402,141,441,34,42,255,110,378,69,131,147,31
"2011","South Somerset 009C","E01029204","Total",572,66,139,297,70,297,16,30,195,56,275,50,109,102,14
"2011","South Somerset 009D","E01029205","Total",904,90,202,499,113,476,26,41,316,93,428,64,161,183,20
"2011","South Somerset 010A","E01029163","Total",1134,142,235,553,204,615,43,56,349,167,519,99,179,204,37
"2011","South Somerset 010B","E01029216","Total",656,75,131,342,108,347,20,25,213,89,309,55,106,129,19
"2011","South Somerset 010C","E01029217","Total",764,83,158,397,126,388,24,24,250,90,376,59,134,147,36
"2011","South Somerset 010D","E01029218","Total",772,85,171,420,96,410,29,28,276,77,362,56,143,144,19
"2011","South Somerset 011A","E01029238","Total",749,71,172,441,65,391,21,31,287,52,358,50,141,154,13
"2011","South Somerset 011B","E01029252","Total",765,81,151,453,80,418,18,38,290,72,347,63,113,163,8
"2011","South Somerset 011C","E01029253","Total",808,69,162,510,67,419,23,25,318,53,389,46,137,192,14
"2011","South Somerset 011D","E01029254","Total",654,83,146,364,61,362,23,30,258,51,292,60,116,106,10
"2011","South Somerset 012A","E01029160","Total",1503,134,297,905,167,798,44,41,580,133,705,90,256,325,34
"2011","South Somerset 012B","E01029248","Total",731,67,154,452,58,380,24,40,267,49,351,43,114,185,9
"2011","South Somerset 012C","E01029250","Total",631,74,116,366,75,352,25,26,240,61,279,49,90,126,14
"2011","South Somerset 012D","E01029251","Total",613,67,141,340,65,335,19,37,223,56,278,48,104,117,9
"2011","South Somerset 013A","E01029161","Total",979,78,190,625,86,504,25,34,377,68,475,53,156,248,18
"2011","South Somerset 013B","E01029162","Total",872,68,138,580,86,466,20,30,343,73,406,48,108,237,13
"2011","South Somerset 013C","E01029247","Total",652,70,170,359,53,337,23,38,229,47,315,47,132,130,6
"2011","South Somerset 013D","E01029255","Total",685,58,141,409,77,370,13,27,266,64,315,45,114,143,13
"2011","South Somerset 014A","E01029231","Total",791,76,154,470,91,432,24,38,299,71,359,52,116,171,20
"2011","South Somerset 014B","E01029233","Total",658,56,148,398,56,354,15,35,260,44,304,41,113,138,12
"2011","South Somerset 014C","E01029235","Total",657,82,115,390,70,373,34,24,260,55,284,48,91,130,15
"2011","South Somerset 014D","E01029236","Total",643,57,150,378,58,330,17,38,224,51,313,40,112,154,7
"2011","South Somerset 014E","E01029237","Total",660,56,159,376,69,346,20,35,239,52,314,36,124,137,17
"2011","South Somerset 015A","E01029232","Total",871,59,158,565,89,465,26,36,337,66,406,33,122,228,23
"2011","South Somerset 015B","E01029234","Total",931,72,161,576,122,527,38,55,345,89,404,34,106,231,33
"2011","South Somerset 015C","E01029239","Total",690,71,134,416,69,363,21,32,263,47,327,50,102,153,22
"2011","South Somerset 015D","E01029240","Total",883,69,152,568,94,480,16,39,353,72,403,53,113,215,22
"2011","South Somerset 016A","E01029241","Total",1037,74,221,643,99,532,18,41,401,72,505,56,180,242,27
"2011","South Somerset 016B","E01029245","Total",1214,119,243,737,115,625,32,50,455,88,589,87,193,282,27
"2011","South Somerset 016C","E01029246","Total",738,73,139,449,77,405,31,32,286,56,333,42,107,163,21
"2011","South Somerset 016D","E01029249","Total",627,55,135,392,45,310,12,23,244,31,317,43,112,148,14
"2011","South Somerset 017A","E01029189","Total",539,60,131,289,59,289,18,26,192,53,250,42,105,97,6
"2011","South Somerset 017B","E01029190","Total",585,67,109,283,126,308,22,21,173,92,277,45,88,110,34
"2011","South Somerset 017C","E01029191","Total",566,74,118,292,82,317,18,27,207,65,249,56,91,85,17
"2011","South Somerset 017D","E01029192","Total",761,101,176,398,86,400,44,33,254,69,361,57,143,144,17
"2011","South Somerset 017E","E01029212","Total",494,48,103,261,82,258,12,27,158,61,236,36,76,103,21
"2011","South Somerset 017F","E01029213","Total",598,79,117,290,112,317,19,24,186,88,281,60,93,104,24
"2011","South Somerset 017G","E01029214","Total",565,61,110,288,106,316,19,23,183,91,249,42,87,105,15
"2011","South Somerset 017H","E01029215","Total",499,55,105,276,63,269,11,26,182,50,230,44,79,94,13
"2011","South Somerset 018A","E01029159","Total",947,81,178,584,104,495,17,29,362,87,452,64,149,222,17
"2011","South Somerset 018B","E01029242","Total",853,62,178,539,74,472,14,38,359,61,381,48,140,180,13
"2011","South Somerset 018C","E01029243","Total",694,90,143,382,79,357,27,34,237,59,337,63,109,145,20
"2011","South Somerset 018D","E01029244","Total",820,91,174,464,91,452,31,39,307,75,368,60,135,157,16
"2011","South Somerset 019A","E01029193","Total",910,101,199,494,116,475,29,37,318,91,435,72,162,176,25
"2011","South Somerset 019B","E01029194","Total",1215,104,277,682,152,647,27,55,443,122,568,77,222,239,30
"2011","South Somerset 019C","E01029195","Total",707,53,160,412,82,361,10,32,255,64,346,43,128,157,18
"2011","South Somerset 019D","E01029208","Total",503,54,99,275,75,269,11,22,180,56,234,43,77,95,19
"2011","South Somerset 019E","E01029209","Total",627,65,138,317,107,334,17,36,201,80,293,48,102,116,27
"2011","South Somerset 020A","E01029178","Total",696,109,145,335,107,375,31,30,228,86,321,78,115,107,21
"2011","South Somerset 020B","E01029179","Total",535,64,132,283,56,271,22,36,176,37,264,42,96,107,19
"2011","South Somerset 020C","E01029180","Total",724,89,122,378,135,394,26,25,232,111,330,63,97,146,24
"2011","South Somerset 020D","E01029181","Total",631,58,117,358,98,334,18,22,221,73,297,40,95,137,25
"2011","South Somerset 021A","E01029182","Total",694,66,156,379,93,376,17,31,253,75,318,49,125,126,18
"2011","South Somerset 021B","E01029183","Total",694,82,147,397,68,371,27,22,270,52,323,55,125,127,16
"2011","South Somerset 021C","E01029184","Total",818,77,178,456,107,420,12,37,286,85,398,65,141,170,22
"2011","South Somerset 021D","E01029185","Total",845,87,188,467,103,456,24,46,313,73,389,63,142,154,30
"2011","South Somerset 021E","E01029186","Total",655,67,130,378,80,356,13,32,246,65,299,54,98,132,15
"2011","South Somerset 022A","E01029169","Total",775,79,156,461,79,407,21,28,293,65,368,58,128,168,14
"2011","South Somerset 022B","E01029172","Total",711,81,165,402,63,356,18,20,268,50,355,63,145,134,13
"2011","South Somerset 022C","E01029173","Total",637,52,139,396,50,338,19,25,250,44,299,33,114,146,6
"2011","South Somerset 022D","E01029176","Total",653,51,126,404,72,357,19,26,253,59,296,32,100,151,13
"2011","South Somerset 022E","E01029177","Total",482,40,95,296,51,265,6,20,195,44,217,34,75,101,7
"2011","South Somerset 023A","E01029170","Total",519,36,101,329,53,280,14,14,210,42,239,22,87,119,11
"2011","South Somerset 023B","E01029171","Total",935,98,184,555,98,508,30,42,362,74,427,68,142,193,24
"2011","South Somerset 023C","E01029174","Total",469,57,92,278,42,257,12,20,188,37,212,45,72,90,5
"2011","South Somerset 023D","E01029175","Total",901,86,179,532,104,517,27,44,368,78,384,59,135,164,26
"2011","South Somerset 024A","E01029153","Total",1134,115,220,561,238,608,33,52,340,183,526,82,168,221,55
"2011","South Somerset 024B","E01029219","Total",677,64,144,378,91,364,15,32,246,71,313,49,112,132,20
"2011","South Somerset 024C","E01029220","Total",550,50,127,301,72,304,13,31,198,62,246,37,96,103,10
"2011","South Somerset 024D","E01029230","Total",1123,144,235,542,202,589,31,56,344,158,534,113,179,198,44
"2011","Taunton Deane 001A","E01029258","Total",752,78,165,399,110,384,25,41,237,81,368,53,124,162,29
"2011","Taunton Deane 001B","E01029259","Total",643,62,138,355,88,330,14,28,220,68,313,48,110,135,20
"2011","Taunton Deane 001C","E01029260","Total",1224,99,280,666,179,602,20,44,396,142,622,79,236,270,37
"2011","Taunton Deane 001D","E01029268","Total",797,92,179,376,150,407,21,44,225,117,390,71,135,151,33
"2011","Taunton Deane 002A","E01029276","Total",643,82,122,346,93,334,31,21,212,70,309,51,101,134,23
"2011","Taunton Deane 002B","E01029278","Total",609,77,126,297,109,313,15,34,184,80,296,62,92,113,29
"2011","Taunton Deane 002C","E01029290","Total",743,55,139,471,78,377,17,29,273,58,366,38,110,198,20
"2011","Taunton Deane 002D","E01029306","Total",683,67,138,396,82,353,16,30,245,62,330,51,108,151,20
"2011","Taunton Deane 002E","E01029319","Total",904,71,148,555,130,471,17,22,328,104,433,54,126,227,26
"2011","Taunton Deane 003A","E01029267","Total",776,97,190,366,123,380,35,39,215,91,396,62,151,151,32
"2011","Taunton Deane 003B","E01029320","Total",754,83,161,408,102,379,18,31,259,71,375,65,130,149,31
"2011","Taunton Deane 003C","E01029321","Total",1115,144,248,500,223,596,47,51,325,173,519,97,197,175,50
"2011","Taunton Deane 004A","E01029297","Total",548,50,128,321,49,279,12,26,201,40,269,38,102,120,9
"2011","Taunton Deane 004B","E01029298","Total",707,57,182,403,65,380,19,37,275,49,327,38,145,128,16
"2011","Taunton Deane 004C","E01029304","Total",663,67,178,353,65,340,23,43,215,59,323,44,135,138,6
"2011","Taunton Deane 004D","E01029305","Total",699,66,150,412,71,371,19,30,261,61,328,47,120,151,10
"2011","Taunton Deane 004E","E01029307","Total",584,61,145,332,46,279,21,37,185,36,305,40,108,147,10
"2011","Taunton Deane 005A","E01029271","Total",870,127,195,375,173,462,38,50,232,142,408,89,145,143,31
"2011","Taunton Deane 005B","E01029273","Total",582,60,159,309,54,294,20,26,203,45,288,40,133,106,9
"2011","Taunton Deane 005C","E01029274","Total",709,81,162,369,97,365,24,37,228,76,344,57,125,141,21
"2011","Taunton Deane 005D","E01029275","Total",568,66,130,280,92,280,15,26,171,68,288,51,104,109,24
"2011","Taunton Deane 005E","E01029279","Total",729,95,157,345,132,374,22,35,206,111,355,73,122,139,21
"2011","Taunton Deane 006A","E01029282","Total",880,57,166,572,85,433,15,32,319,67,447,42,134,253,18
"2011","Taunton Deane 006B","E01029291","Total",779,76,175,463,65,416,25,52,285,54,363,51,123,178,11
"2011","Taunton Deane 006C","E01029294","Total",1057,99,232,612,114,524,27,42,361,94,533,72,190,251,20
"2011","Taunton Deane 006D","E01029317","Total",637,61,157,339,80,313,22,31,191,69,324,39,126,148,11
"2011","Taunton Deane 006E","E01029318","Total",752,106,170,352,124,384,31,34,216,103,368,75,136,136,21
"2011","Taunton Deane 007A","E01029285","Total",1467,96,223,1006,142,773,30,62,579,102,694,66,161,427,40
"2011","Taunton Deane 007B","E01029287","Total",952,62,156,626,108,488,21,30,364,73,464,41,126,262,35
"2011","Taunton Deane 007C","E01029288","Total",806,66,152,482,106,410,11,32,299,68,396,55,120,183,38
"2011","Taunton Deane 007D","E01029289","Total",997,71,179,632,115,521,28,50,366,77,476,43,129,266,38
"2011","Taunton Deane 007E","E01029299","Total",733,75,117,463,78,409,32,37,270,70,324,43,80,193,8
"2011","Taunton Deane 007F","E01029300","Total",905,54,186,540,125,462,18,36,313,95,443,36,150,227,30
"2011","Taunton Deane 008A","E01029256","Total",623,78,123,330,92,312,24,25,198,65,311,54,98,132,27
"2011","Taunton Deane 008B","E01029257","Total",994,88,258,542,106,496,31,55,328,82,498,57,203,214,24
"2011","Taunton Deane 008D","E01029277","Total",605,58,153,329,65,294,23,24,195,52,311,35,129,134,13
"2011","Taunton Deane 008E","E01032651","Total",1261,61,158,679,363,889,25,55,471,338,372,36,103,208,25
"2011","Taunton Deane 008F","E01032652","Total",584,50,123,326,85,305,16,26,191,72,279,34,97,135,13
"2011","Taunton Deane 009A","E01029280","Total",781,68,218,435,60,399,21,56,277,45,382,47,162,158,15
"2011","Taunton Deane 009B","E01029281","Total",841,61,226,475,79,415,21,46,291,57,426,40,180,184,22
"2011","Taunton Deane 009C","E01029283","Total",961,101,218,538,104,485,26,46,325,88,476,75,172,213,16
"2011","Taunton Deane 009D","E01029292","Total",602,64,165,318,55,316,21,49,201,45,286,43,116,117,10
"2011","Taunton Deane 009E","E01029293","Total",554,60,185,267,42,263,19,38,169,37,291,41,147,98,5
"2011","Taunton Deane 010A","E01029266","Total",543,64,107,306,66,284,21,32,184,47,259,43,75,122,19
"2011","Taunton Deane 010B","E01029284","Total",780,68,117,489,106,410,23,34,278,75,370,45,83,211,31
"2011","Taunton Deane 010C","E01029286","Total",938,63,161,624,90,486,25,38,365,58,452,38,123,259,32
"2011","Taunton Deane 010D","E01029301","Total",819,106,168,451,94,407,33,46,253,75,412,73,122,198,19
"2011","Taunton Deane 010E","E01029303","Total",773,92,162,396,123,397,25,41,234,97,376,67,121,162,26
"2011","Taunton Deane 011A","E01029263","Total",780,67,181,451,81,379,13,34,273,59,401,54,147,178,22
"2011","Taunton Deane 011B","E01029264","Total",595,60,140,335,60,300,26,31,193,50,295,34,109,142,10
"2011","Taunton Deane 011C","E01029265","Total",656,66,140,367,83,345,21,31,227,66,311,45,109,140,17
"2011","Taunton Deane 011D","E01029302","Total",757,71,156,426,104,380,15,37,255,73,377,56,119,171,31
"2011","Taunton Deane 011E","E01029308","Total",881,147,198,379,157,453,47,52,232,122,428,100,146,147,35
"2011","Taunton Deane 012A","E01029309","Total",971,90,183,603,95,500,23,41,364,72,471,67,142,239,23
"2011","Taunton Deane 012B","E01029311","Total",633,53,163,363,54,322,21,42,216,43,311,32,121,147,11
"2011","Taunton Deane 012C","E01029312","Total",752,74,166,440,72,395,29,43,268,55,357,45,123,172,17
"2011","Taunton Deane 012D","E01029313","Total",697,64,148,407,78,358,14,31,253,60,339,50,117,154,18
"2011","Taunton Deane 012E","E01029316","Total",800,76,158,451,115,392,27,34,246,85,408,49,124,205,30
"2011","Taunton Deane 013A","E01029262","Total",1219,161,245,580,233,642,61,55,361,165,577,100,190,219,68
"2011","Taunton Deane 013B","E01029269","Total",1125,113,247,544,221,565,26,63,310,166,560,87,184,234,55
"2011","Taunton Deane 013C","E01029310","Total",774,95,173,413,93,409,32,48,254,75,365,63,125,159,18
"2011","Taunton Deane 013D","E01029314","Total",1256,136,283,695,142,641,35,58,438,110,615,101,225,257,32
"2011","Taunton Deane 013E","E01029315","Total",635,76,167,316,76,314,22,41,187,64,321,54,126,129,12
"2011","Taunton Deane 014A","E01029261","Total",1084,123,219,523,219,567,30,55,311,171,517,93,164,212,48
"2011","Taunton Deane 014B","E01029270","Total",1097,136,230,517,214,580,46,59,312,163,517,90,171,205,51
"2011","Taunton Deane 014C","E01029295","Total",903,85,193,506,119,460,23,41,299,97,443,62,152,207,22
"2011","Taunton Deane 014D","E01029296","Total",703,79,166,340,118,361,22,38,214,87,342,57,128,126,31
"2011","West Somerset 001B","E01029324","Total",778,93,181,438,66,414,34,46,280,54,364,59,135,158,12
"2011","West Somerset 001C","E01029329","Total",749,69,175,424,81,388,19,52,267,50,361,50,123,157,31
"2011","West Somerset 001D","E01029330","Total",799,91,185,411,112,421,35,65,254,67,378,56,120,157,45
"2011","West Somerset 001F","E01032636","Total",846,89,200,468,89,429,21,55,289,64,417,68,145,179,25
"2011","West Somerset 002A","E01029322","Total",1162,66,164,844,88,646,18,56,516,56,516,48,108,328,32
"2011","West Somerset 002B","E01029331","Total",463,58,126,238,41,228,19,37,141,31,235,39,89,97,10
"2011","West Somerset 002C","E01029333","Total",457,51,133,220,53,236,15,44,134,43,221,36,89,86,10
"2011","West Somerset 002D","E01029336","Total",888,115,200,399,174,460,29,56,251,124,428,86,144,148,50
"2011","West Somerset 003A","E01029326","Total",501,42,131,264,64,251,12,32,156,51,250,30,99,108,13
"2011","West Somerset 003B","E01029334","Total",460,69,92,224,75,234,24,34,123,53,226,45,58,101,22
"2011","West Somerset 003C","E01029339","Total",656,72,169,349,66,339,25,43,216,55,317,47,126,133,11
"2011","West Somerset 003E","E01029341","Total",534,49,120,279,86,296,16,35,181,64,238,33,85,98,22
"2011","West Somerset 003G","E01032635","Total",916,114,242,480,80,481,28,68,323,62,435,86,174,157,18
"2011","West Somerset 004A","E01029327","Total",1019,121,223,427,248,539,30,71,242,196,480,91,152,185,52
"2011","West Somerset 004B","E01029335","Total",540,54,125,246,115,287,18,38,148,83,253,36,87,98,32
"2011","West Somerset 004C","E01029337","Total",946,113,207,443,183,501,31,58,274,138,445,82,149,169,45
"2011","West Somerset 004D","E01029342","Total",454,64,103,207,80,245,21,34,127,63,209,43,69,80,17
"2011","West Somerset 004E","E01029343","Total",640,60,182,327,71,330,23,53,206,48,310,37,129,121,23
"2011","West Somerset 005A","E01029325","Total",811,99,190,349,173,403,22,68,202,111,408,77,122,147,62
"2011","West Somerset 005B","E01029328","Total",832,102,191,386,153,430,34,52,233,111,402,68,139,153,42
"2011","West Somerset 005C","E01029338","Total",904,97,171,359,277,497,24,59,216,198,407,73,112,143,79
"2011","Isle of Anglesey 001A","W01000003","Total",1051,99,204,636,112,567,25,51,400,91,484,74,153,236,21
"2011","Isle of Anglesey 001B","W01000004","Total",473,54,99,262,58,259,21,34,151,53,214,33,65,111,5
"2011","Isle of Anglesey 001C","W01000018","Total",553,57,118,314,64,296,18,31,197,50,257,39,87,117,14
"2011","Isle of Anglesey 001D","W01000028","Total",888,71,165,520,132,490,15,46,325,104,398,56,119,195,28
"2011","Isle of Anglesey 001E","W01000031","Total",685,60,121,394,110,377,16,30,239,92,308,44,91,155,18
"2011","Isle of Anglesey 002A","W01000010","Total",726,82,142,409,93,392,37,29,256,70,334,45,113,153,23
"2011","Isle of Anglesey 002B","W01000020","Total",633,56,120,345,112,326,17,26,199,84,307,39,94,146,28
"2011","Isle of Anglesey 002C","W01000021","Total",960,81,198,536,145,543,26,63,333,121,417,55,135,203,24
"2011","Isle of Anglesey 002D","W01000032","Total",421,42,100,200,79,222,14,26,119,63,199,28,74,81,16
"2011","Isle of Anglesey 003A","W01000016","Total",512,44,126,292,50,275,12,37,184,42,237,32,89,108,8
"2011","Isle of Anglesey 003B","W01000017","Total",643,60,160,361,62,350,21,39,240,50,293,39,121,121,12
"2011","Isle of Anglesey 003C","W01000029","Total",551,40,152,313,46,285,12,45,193,35,266,28,107,120,11
"2011","Isle of Anglesey 003D","W01000030","Total",893,96,222,494,81,460,26,58,314,62,433,70,164,180,19
"2011","Isle of Anglesey 003E","W01000033","Total",493,62,143,252,36,249,19,42,159,29,244,43,101,93,7
"2011","Isle of Anglesey 003F","W01000036","Total",431,48,113,221,49,240,14,36,149,41,191,34,77,72,8
"2011","Isle of Anglesey 003G","W01000037","Total",506,47,118,288,53,284,16,33,194,41,222,31,85,94,12
"2011","Isle of Anglesey 004A","W01000022","Total",685,53,139,386,107,371,13,40,229,89,314,40,99,157,18
"2011","Isle of Anglesey 004B","W01000034","Total",518,47,132,282,57,264,12,23,183,46,254,35,109,99,11
"2011","Isle of Anglesey 004C","W01000039","Total",437,41,94,249,53,244,7,29,167,41,193,34,65,82,12
"2011","Isle of Anglesey 004D","W01000040","Total",463,56,81,242,84,244,18,14,150,62,219,38,67,92,22
"2011","Isle of Anglesey 004E","W01000043","Total",486,46,102,292,46,247,7,31,171,38,239,39,71,121,8
"2011","Isle of Anglesey 004F","W01000044","Total",516,46,109,307,54,279,17,22,194,46,237,29,87,113,8
"2011","Isle of Anglesey 005A","W01000005","Total",789,73,199,403,114,411,18,54,258,81,378,55,145,145,33
"2011","Isle of Anglesey 005B","W01000013","Total",1077,112,224,585,156,547,31,55,341,120,530,81,169,244,36
"2011","Isle of Anglesey 005C","W01000019","Total",570,61,130,302,77,313,22,41,186,64,257,39,89,116,13
"2011","Isle of Anglesey 005D","W01000026","Total",505,50,115,289,51,263,18,36,165,44,242,32,79,124,7
"2011","Isle of Anglesey 005E","W01000035","Total",872,81,185,489,117,451,29,44,287,91,421,52,141,202,26
"2011","Isle of Anglesey 006A","W01000006","Total",772,69,151,430,122,420,19,37,264,100,352,50,114,166,22
"2011","Isle of Anglesey 006B","W01000012","Total",671,53,121,425,72,326,14,33,223,56,345,39,88,202,16
"2011","Isle of Anglesey 006C","W01000014","Total",1011,66,212,619,114,495,20,39,349,87,516,46,173,270,27
"2011","Isle of Anglesey 006D","W01000041","Total",607,57,150,341,59,309,20,35,207,47,298,37,115,134,12
"2011","Isle of Anglesey 007A","W01000001","Total",475,53,94,241,87,248,16,31,136,65,227,37,63,105,22
"2011","Isle of Anglesey 007B","W01000002","Total",555,49,118,299,89,292,15,25,184,68,263,34,93,115,21
"2011","Isle of Anglesey 007C","W01000009","Total",833,51,186,501,95,436,16,46,298,76,397,35,140,203,19
"2011","Isle of Anglesey 007D","W01000023","Total",651,54,105,386,106,349,11,28,225,85,302,43,77,161,21
"2011","Isle of Anglesey 007E","W01000024","Total",738,53,107,443,135,453,16,31,295,111,285,37,76,148,24
"2011","Isle of Anglesey 008A","W01000008","Total",728,77,130,460,61,359,26,31,255,47,369,51,99,205,14
"2011","Isle of Anglesey 008B","W01000011","Total",564,61,104,312,87,293,22,30,184,57,271,39,74,128,30
"2011","Isle of Anglesey 008C","W01000015","Total",761,77,145,485,54,387,31,23,288,45,374,46,122,197,9
"2011","Isle of Anglesey 008D","W01000042","Total",1057,102,225,626,104,540,28,63,374,75,517,74,162,252,29
"2011","Isle of Anglesey 009A","W01000007","Total",779,46,166,463,104,408,14,43,273,78,371,32,123,190,26
"2011","Isle of Anglesey 009B","W01000025","Total",1062,78,188,656,140,547,16,47,364,120,515,62,141,292,20
"2011","Isle of Anglesey 009C","W01000027","Total",898,64,183,520,131,470,17,41,305,107,428,47,142,215,24
"2011","Isle of Anglesey 009D","W01000038","Total",932,97,178,542,115,480,30,42,321,87,452,67,136,221,28
"2011","Gwynedd 001A","W01000062","Total",573,215,121,193,44,283,92,48,112,31,290,123,73,81,13
"2011","Gwynedd 001B","W01000076","Total",428,109,80,209,30,237,57,34,127,19,191,52,46,82,11
"2011","Gwynedd 001C","W01000077","Total",469,91,121,221,36,248,39,52,132,25,221,52,69,89,11
"2011","Gwynedd 001D","W01000091","Total",412,46,103,226,37,215,13,32,142,28,197,33,71,84,9
"2011","Gwynedd 001E","W01000092","Total",996,489,193,259,55,493,221,85,150,37,503,268,108,109,18
"2011","Gwynedd 002A","W01000064","Total",792,94,178,455,65,406,29,46,281,50,386,65,132,174,15
"2011","Gwynedd 002B","W01000072","Total",761,83,156,419,103,388,26,50,235,77,373,57,106,184,26
"2011","Gwynedd 002C","W01000075","Total",597,99,148,316,34,300,33,57,182,28,297,66,91,134,6
"2011","Gwynedd 002D","W01000090","Total",540,65,164,274,37,247,17,39,160,31,293,48,125,114,6
"2011","Gwynedd 002E","W01000102","Total",579,51,113,312,103,319,18,28,184,89,260,33,85,128,14
"2011","Gwynedd 003A","W01000050","Total",676,63,152,375,86,352,27,42,215,68,324,36,110,160,18
"2011","Gwynedd 003B","W01000071","Total",1181,92,256,715,118,614,32,74,410,98,567,60,182,305,20
"2011","Gwynedd 003C","W01000096","Total",567,47,138,330,52,283,11,36,193,43,284,36,102,137,9
"2011","Gwynedd 003D","W01000097","Total",555,48,95,351,61,287,15,14,208,50,268,33,81,143,11
"2011","Gwynedd 003E","W01000115","Total",1117,94,252,638,133,571,34,69,366,102,546,60,183,272,31
"2011","Gwynedd 004A","W01000052","Total",599,47,107,383,62,305,8,28,221,48,294,39,79,162,14
"2011","Gwynedd 004B","W01000053","Total",661,58,124,363,116,357,14,33,220,90,304,44,91,143,26
"2011","Gwynedd 004C","W01000087","Total",936,81,185,560,110,484,23,45,334,82,452,58,140,226,28
"2011","Gwynedd 004D","W01000119","Total",1151,78,201,709,163,616,34,58,401,123,535,44,143,308,40
"2011","Gwynedd 005A","W01000063","Total",867,74,204,517,72,454,34,58,307,55,413,40,146,210,17
"2011","Gwynedd 005B","W01000081","Total",1017,66,203,593,155,543,22,58,345,118,474,44,145,248,37
"2011","Gwynedd 005C","W01000099","Total",931,93,183,556,99,482,33,47,324,78,449,60,136,232,21
"2011","Gwynedd 005D","W01000103","Total",594,60,120,333,81,302,23,31,186,62,292,37,89,147,19
"2011","Gwynedd 006A","W01000059","Total",831,76,212,461,82,414,17,51,274,72,417,59,161,187,10
"2011","Gwynedd 006B","W01000093","Total",1059,90,188,678,103,531,29,55,365,82,528,61,133,313,21
"2011","Gwynedd 006C","W01000098","Total",836,85,218,469,64,417,29,63,275,50,419,56,155,194,14
"2011","Gwynedd 006D","W01000110","Total",758,64,163,464,67,375,11,35,277,52,383,53,128,187,15
"2011","Gwynedd 007A","W01000054","Total",552,45,119,320,68,284,10,29,193,52,268,35,90,127,16
"2011","Gwynedd 007B","W01000088","Total",971,87,204,579,101,499,25,57,335,82,472,62,147,244,19
"2011","Gwynedd 007C","W01000111","Total",753,62,159,470,62,392,19,63,263,47,361,43,96,207,15
"2011","Gwynedd 007D","W01000118","Total",827,66,190,461,110,441,19,64,269,89,386,47,126,192,21
"2011","Gwynedd 008A","W01000073","Total",834,81,173,495,85,436,24,50,300,62,398,57,123,195,23
"2011","Gwynedd 008B","W01000086","Total",987,91,217,527,152,538,27,60,331,120,449,64,157,196,32
"2011","Gwynedd 008C","W01000104","Total",807,73,182,477,75,413,16,35,303,59,394,57,147,174,16
"2011","Gwynedd 008D","W01000112","Total",757,54,185,435,83,384,13,47,256,68,373,41,138,179,15
"2011","Gwynedd 009A","W01000056","Total",828,69,206,458,95,428,25,49,284,70,400,44,157,174,25
"2011","Gwynedd 009B","W01000065","Total",490,41,108,295,46,245,12,22,176,35,245,29,86,119,11
"2011","Gwynedd 009C","W01000113","Total",804,78,192,445,89,415,28,37,279,71,389,50,155,166,18
"2011","Gwynedd 009D","W01000114","Total",732,53,158,378,143,404,17,41,235,111,328,36,117,143,32
"2011","Gwynedd 010A","W01000066","Total",555,56,122,272,105,295,13,35,166,81,260,43,87,106,24
"2011","Gwynedd 010B","W01000100","Total",502,41,112,262,87,271,10,28,161,72,231,31,84,101,15
"2011","Gwynedd 010C","W01000105","Total",821,83,174,467,97,453,25,41,307,80,368,58,133,160,17
"2011","Gwynedd 010D","W01000106","Total",753,82,144,397,130,418,31,44,251,92,335,51,100,146,38
"2011","Gwynedd 010E","W01000107","Total",590,87,123,298,82,296,30,31,182,53,294,57,92,116,29
"2011","Gwynedd 011A","W01000047","Total",647,58,136,369,84,334,19,26,215,74,313,39,110,154,10
"2011","Gwynedd 011B","W01000061","Total",729,70,154,393,112,392,18,48,249,77,337,52,106,144,35
"2011","Gwynedd 011C","W01000078","Total",756,77,173,414,92,422,24,50,268,80,334,53,123,146,12
"2011","Gwynedd 011D","W01000089","Total",992,94,214,514,170,530,21,66,301,142,462,73,148,213,28
"2011","Gwynedd 012A","W01000070","Total",609,68,128,308,105,333,15,41,188,89,276,53,87,120,16
"2011","Gwynedd 012B","W01000094","Total",575,59,104,306,106,314,12,22,196,84,261,47,82,110,22
"2011","Gwynedd 012C","W01000095","Total",578,56,127,337,58,314,17,35,216,46,264,39,92,121,12
"2011","Gwynedd 012D","W01000108","Total",1023,94,223,582,124,529,26,46,355,102,494,68,177,227,22
"2011","Gwynedd 012E","W01000109","Total",823,63,197,473,90,457,14,63,310,70,366,49,134,163,20
"2011","Gwynedd 013A","W01000069","Total",650,65,148,320,117,334,25,42,180,87,316,40,106,140,30
"2011","Gwynedd 013B","W01000074","Total",853,80,182,466,125,448,24,61,273,90,405,56,121,193,35
"2011","Gwynedd 013C","W01000079","Total",461,52,121,200,88,249,20,37,124,68,212,32,84,76,20
"2011","Gwynedd 013D","W01000101","Total",699,71,150,392,86,370,16,36,246,72,329,55,114,146,14
"2011","Gwynedd 014C","W01000080","Total",719,95,143,354,127,381,35,43,212,91,338,60,100,142,36
"2011","Gwynedd 014D","W01000084","Total",523,58,111,262,92,300,16,36,176,72,223,42,75,86,20
"2011","Gwynedd 014E","W01001932","Total",1367,148,272,700,247,767,41,69,454,203,600,107,203,246,44
"2011","Gwynedd 015A","W01000051","Total",922,91,207,477,147,475,29,42,291,113,447,62,165,186,34
"2011","Gwynedd 015B","W01000060","Total",658,66,131,316,145,352,14,38,186,114,306,52,93,130,31
"2011","Gwynedd 015C","W01000082","Total",555,53,90,279,133,311,17,15,168,111,244,36,75,111,22
"2011","Gwynedd 015D","W01000083","Total",687,59,104,335,189,388,17,25,195,151,299,42,79,140,38
"2011","Gwynedd 016A","W01000048","Total",549,53,174,251,71,279,16,53,162,48,270,37,121,89,23
"2011","Gwynedd 016B","W01000049","Total",513,50,148,241,74,287,14,57,166,50,226,36,91,75,24
"2011","Gwynedd 016C","W01000057","Total",679,66,121,363,129,372,18,35,219,100,307,48,86,144,29
"2011","Gwynedd 016D","W01000067","Total",589,67,121,315,86,316,21,41,193,61,273,46,80,122,25
"2011","Gwynedd 016E","W01000068","Total",615,72,119,357,67,308,18,31,210,49,307,54,88,147,18
"2011","Gwynedd 017C","W01000085","Total",828,85,175,414,154,464,34,59,256,115,364,51,116,158,39
"2011","Gwynedd 017D","W01000116","Total",592,67,161,285,79,312,15,49,183,65,280,52,112,102,14
"2011","Gwynedd 017E","W01000117","Total",675,56,173,381,65,353,16,48,245,44,322,40,125,136,21
"2011","Gwynedd 017F","W01001933","Total",1049,91,217,526,215,565,19,68,338,140,484,72,149,188,75
"2011","Conwy 001A","W01000132","Total",686,39,174,386,87,356,17,62,218,59,330,22,112,168,28
"2011","Conwy 001B","W01000146","Total",1223,91,237,667,228,670,37,103,405,125,553,54,134,262,103
"2011","Conwy 001C","W01000147","Total",601,63,151,317,70,303,17,44,195,47,298,46,107,122,23
"2011","Conwy 001D","W01000169","Total",801,55,193,441,112,419,22,67,259,71,382,33,126,182,41
"2011","Conwy 001E","W01000186","Total",698,61,201,360,76,338,23,60,199,56,360,38,141,161,20
"2011","Conwy 002A","W01000133","Total",683,85,170,330,98,370,37,52,205,76,313,48,118,125,22
"2011","Conwy 002B","W01000168","Total",814,67,204,473,70,391,19,54,266,52,423,48,150,207,18
"2011","Conwy 002C","W01000187","Total",551,65,164,276,46,262,20,47,156,39,289,45,117,120,7
"2011","Conwy 002D","W01000188","Total",762,74,190,422,76,380,28,52,241,59,382,46,138,181,17
"2011","Conwy 003A","W01000154","Total",597,76,136,337,48,303,25,40,199,39,294,51,96,138,9
"2011","Conwy 003B","W01000173","Total",762,74,158,433,97,390,24,43,249,74,372,50,115,184,23
"2011","Conwy 003C","W01000174","Total",756,78,174,428,76,366,27,38,236,65,390,51,136,192,11
"2011","Conwy 003D","W01000175","Total",587,60,142,323,62,298,21,35,194,48,289,39,107,129,14
"2011","Conwy 004A","W01000155","Total",570,68,126,288,88,287,28,45,155,59,283,40,81,133,29
"2011","Conwy 004B","W01000156","Total",556,55,118,305,78,297,20,36,183,58,259,35,82,122,20
"2011","Conwy 004C","W01000157","Total",600,48,130,362,60,310,15,33,215,47,290,33,97,147,13
"2011","Conwy 004D","W01000158","Total",555,58,121,304,72,290,21,35,174,60,265,37,86,130,12
"2011","Conwy 005A","W01000149","Total",464,40,114,255,55,242,13,43,143,43,222,27,71,112,12
"2011","Conwy 005B","W01000150","Total",649,60,140,346,103,334,17,33,201,83,315,43,107,145,20
"2011","Conwy 005C","W01000151","Total",632,39,150,372,71,314,11,40,204,59,318,28,110,168,12
"2011","Conwy 005D","W01000152","Total",583,45,149,323,66,282,10,43,181,48,301,35,106,142,18
"2011","Conwy 005E","W01000184","Total",883,67,236,476,104,454,23,63,289,79,429,44,173,187,25
"2011","Conwy 006A","W01000135","Total",827,102,187,431,107,415,39,52,246,78,412,63,135,185,29
"2011","Conwy 006B","W01000136","Total",801,84,198,406,113,436,38,60,243,95,365,46,138,163,18
"2011","Conwy 006C","W01000165","Total",880,86,218,476,100,439,28,44,291,76,441,58,174,185,24
"2011","Conwy 006D","W01000166","Total",886,84,239,487,76,424,19,62,286,57,462,65,177,201,19
"2011","Conwy 007A","W01000139","Total",793,76,177,446,94,421,27,44,277,73,372,49,133,169,21
"2011","Conwy 007B","W01000143","Total",700,63,184,375,78,365,26,57,222,60,335,37,127,153,18
"2011","Conwy 007C","W01000144","Total",611,46,172,334,59,335,20,64,209,42,276,26,108,125,17
"2011","Conwy 007D","W01000182","Total",665,64,150,362,89,343,25,45,210,63,322,39,105,152,26
"2011","Conwy 008A","W01000138","Total",763,69,184,428,82,395,24,58,251,62,368,45,126,177,20
"2011","Conwy 008B","W01000145","Total",574,53,134,343,44,281,18,31,198,34,293,35,103,145,10
"2011","Conwy 008C","W01000180","Total",795,95,169,421,110,415,30,49,243,93,380,65,120,178,17
"2011","Conwy 008D","W01000181","Total",838,76,191,474,97,432,26,48,278,80,406,50,143,196,17
"2011","Conwy 008E","W01000183","Total",556,59,103,296,98,302,32,35,165,70,254,27,68,131,28
"2011","Conwy 009A","W01000126","Total",852,82,182,490,98,458,30,61,294,73,394,52,121,196,25
"2011","Conwy 009B","W01000127","Total",517,42,162,279,34,263,13,54,169,27,254,29,108,110,7
"2011","Conwy 009C","W01000128","Total",637,51,120,390,76,320,20,25,228,47,317,31,95,162,29
"2011","Conwy 009D","W01000153","Total",698,59,148,404,87,341,18,32,219,72,357,41,116,185,15
"2011","Conwy 009E","W01000163","Total",465,41,117,268,39,228,18,35,143,32,237,23,82,125,7
"2011","Conwy 009F","W01000164","Total",716,66,160,428,62,364,23,39,253,49,352,43,121,175,13
"2011","Conwy 010B","W01000140","Total",617,47,139,359,72,312,14,40,205,53,305,33,99,154,19
"2011","Conwy 010C","W01000141","Total",470,58,85,281,46,247,20,18,172,37,223,38,67,109,9
"2011","Conwy 010D","W01000142","Total",633,77,140,353,63,328,26,37,213,52,305,51,103,140,11
"2011","Conwy 010E","W01000178","Total",730,72,203,389,66,347,31,51,215,50,383,41,152,174,16
"2011","Conwy 010F","W01000179","Total",632,56,147,349,80,326,19,40,197,70,306,37,107,152,10
"2011","Conwy 010G","W01001927","Total",488,42,121,283,42,238,16,29,159,34,250,26,92,124,8
"2011","Conwy 010H","W01001928","Total",322,28,82,175,37,182,10,27,110,35,140,18,55,65,2
"2011","Conwy 011C","W01000167","Total",808,74,197,456,81,420,30,54,270,66,388,44,143,186,15
"2011","Conwy 011D","W01000176","Total",718,55,196,399,68,366,14,55,244,53,352,41,141,155,15
"2011","Conwy 011E","W01000177","Total",568,55,142,315,56,290,18,35,193,44,278,37,107,122,12
"2011","Conwy 011F","W01001926","Total",1065,120,244,564,137,543,35,74,333,101,522,85,170,231,36
"2011","Conwy 012A","W01000124","Total",938,106,184,478,170,475,29,48,265,133,463,77,136,213,37
"2011","Conwy 012B","W01000129","Total",479,38,123,244,74,250,8,34,152,56,229,30,89,92,18
"2011","Conwy 012C","W01000130","Total",721,78,151,401,91,369,28,43,228,70,352,50,108,173,21
"2011","Conwy 012D","W01000131","Total",657,67,162,358,70,329,23,40,211,55,328,44,122,147,15
"2011","Conwy 013A","W01000123","Total",838,79,178,497,84,425,30,52,279,64,413,49,126,218,20
"2011","Conwy 013B","W01000125","Total",700,53,156,398,93,360,27,27,233,73,340,26,129,165,20
"2011","Conwy 013C","W01000170","Total",810,84,171,475,80,402,23,53,265,61,408,61,118,210,19
"2011","Conwy 013D","W01000171","Total",688,65,184,370,69,352,21,57,219,55,336,44,127,151,14
"2011","Conwy 013E","W01000172","Total",619,54,154,359,52,317,16,44,219,38,302,38,110,140,14
"2011","Conwy 014A","W01000122","Total",1115,83,229,582,221,572,19,74,303,176,543,64,155,279,45
"2011","Conwy 014B","W01000159","Total",780,78,132,344,226,423,21,27,189,186,357,57,105,155,40
"2011","Conwy 014C","W01000162","Total",1021,76,205,503,237,561,24,54,290,193,460,52,151,213,44
"2011","Conwy 014D","W01000190","Total",765,53,129,381,202,399,12,28,190,169,366,41,101,191,33
"2011","Conwy 015A","W01000121","Total",642,53,129,303,157,358,21,43,184,110,284,32,86,119,47
"2011","Conwy 015B","W01000134","Total",890,75,210,492,113,471,34,48,297,92,419,41,162,195,21
"2011","Conwy 015C","W01000137","Total",800,91,155,380,174,415,30,41,209,135,385,61,114,171,39
"2011","Conwy 015D","W01000148","Total",577,47,138,317,75,297,12,40,192,53,280,35,98,125,22
"2011","Conwy 015E","W01000185","Total",568,64,140,285,79,299,23,44,175,57,269,41,96,110,22
"2011","Conwy 015F","W01000189","Total",847,65,160,409,213,474,20,51,230,173,373,45,109,179,40
"2011","Denbighshire 001A","W01000218","Total",661,60,140,390,71,340,20,37,228,55,321,40,103,162,16
"2011","Denbighshire 001B","W01000219","Total",1045,71,254,618,102,519,18,57,366,78,526,53,197,252,24
"2011","Denbighshire 001C","W01000220","Total",511,57,106,299,49,278,24,39,178,37,233,33,67,121,12
"2011","Denbighshire 002A","W01000213","Total",464,46,121,255,42,233,12,36,152,33,231,34,85,103,9
"2011","Denbighshire 002B","W01000214","Total",469,34,116,272,47,249,13,32,168,36,220,21,84,104,11
"2011","Denbighshire 002C","W01000215","Total",591,62,119,347,63,302,19,27,203,53,289,43,92,144,10
"2011","Denbighshire 002D","W01000216","Total",615,53,153,342,67,303,17,49,186,51,312,36,104,156,16
"2011","Denbighshire 003A","W01000212","Total",929,98,196,529,106,483,30,53,315,85,446,68,143,214,21
"2011","Denbighshire 003B","W01000221","Total",559,47,141,329,42,282,23,34,191,34,277,24,107,138,8
"2011","Denbighshire 003C","W01000222","Total",619,49,144,361,65,315,12,41,209,53,304,37,103,152,12
"2011","Denbighshire 004A","W01000226","Total",534,66,135,289,44,275,26,40,170,39,259,40,95,119,5
"2011","Denbighshire 004B","W01000227","Total",609,75,128,341,65,297,21,39,186,51,312,54,89,155,14
"2011","Denbighshire 004C","W01000228","Total",443,39,116,230,58,229,16,41,135,37,214,23,75,95,21
"2011","Denbighshire 004D","W01000239","Total",613,48,170,336,59,352,23,73,212,44,261,25,97,124,15
"2011","Denbighshire 004E","W01000240","Total",400,40,111,212,37,216,20,46,125,25,184,20,65,87,12
"2011","Denbighshire 004F","W01000241","Total",454,41,108,260,45,217,14,36,135,32,237,27,72,125,13
"2011","Denbighshire 006A","W01000236","Total",639,46,187,364,42,308,18,48,212,30,331,28,139,152,12
"2011","Denbighshire 006B","W01000237","Total",488,36,171,246,35,224,7,46,144,27,264,29,125,102,8
"2011","Denbighshire 006C","W01000238","Total",754,57,190,439,68,398,31,44,273,50,356,26,146,166,18
"2011","Denbighshire 008A","W01000200","Total",614,70,118,342,84,316,23,25,201,67,298,47,93,141,17
"2011","Denbighshire 008B","W01000201","Total",688,59,152,392,85,345,22,41,218,64,343,37,111,174,21
"2011","Denbighshire 008C","W01000217","Total",819,77,202,442,98,422,23,53,270,76,397,54,149,172,22
"2011","Denbighshire 008D","W01000248","Total",824,81,181,396,166,421,22,48,218,133,403,59,133,178,33
"2011","Denbighshire 009A","W01000191","Total",1043,62,223,614,144,533,21,57,337,118,510,41,166,277,26
"2011","Denbighshire 009B","W01000223","Total",617,52,126,379,60,308,19,40,207,42,309,33,86,172,18
"2011","Denbighshire 009C","W01000224","Total",591,43,125,363,60,301,15,28,210,48,290,28,97,153,12
"2011","Denbighshire 009D","W01000225","Total",685,59,163,404,59,326,21,40,221,44,359,38,123,183,15
"2011","Denbighshire 010A","W01000245","Total",775,69,161,443,102,399,34,55,230,80,376,35,106,213,22
"2011","Denbighshire 010B","W01000246","Total",748,62,150,448,88,373,20,27,258,68,375,42,123,190,20
"2011","Denbighshire 010C","W01000247","Total",885,83,178,488,136,465,23,50,282,110,420,60,128,206,26
"2011","Denbighshire 011A","W01000194","Total",1017,87,194,617,119,536,37,54,353,92,481,50,140,264,27
"2011","Denbighshire 011B","W01000198","Total",536,52,136,296,52,272,13,43,172,44,264,39,93,124,8
"2011","Denbighshire 011C","W01000199","Total",781,64,172,440,105,394,21,36,253,84,387,43,136,187,21
"2011","Denbighshire 012A","W01000195","Total",645,47,104,400,94,333,15,26,215,77,312,32,78,185,17
"2011","Denbighshire 012B","W01000196","Total",841,54,158,543,86,425,15,31,311,68,416,39,127,232,18
"2011","Denbighshire 012C","W01000197","Total",814,69,159,493,93,432,24,41,292,75,382,45,118,201,18
"2011","Denbighshire 012D","W01000211","Total",954,92,177,459,226,517,26,40,262,189,437,66,137,197,37
"2011","Denbighshire 013A","W01000203","Total",1286,123,241,676,246,695,34,70,399,192,591,89,171,277,54
"2011","Denbighshire 013B","W01000204","Total",697,59,124,380,134,395,22,30,236,107,302,37,94,144,27
"2011","Denbighshire 013C","W01000206","Total",1042,95,204,563,180,543,31,47,326,139,499,64,157,237,41
"2011","Denbighshire 014A","W01000242","Total",876,76,191,498,111,436,20,40,284,92,440,56,151,214,19
"2011","Denbighshire 014B","W01000243","Total",825,88,151,462,124,432,34,33,271,94,393,54,118,191,30
"2011","Denbighshire 014C","W01000244","Total",842,81,176,452,133,435,22,36,264,113,407,59,140,188,20
"2011","Denbighshire 015A","W01000193","Total",643,67,119,347,110,341,25,22,207,87,302,42,97,140,23
"2011","Denbighshire 015B","W01000202","Total",860,81,190,389,200,440,24,41,214,161,420,57,149,175,39
"2011","Denbighshire 015C","W01000207","Total",1197,106,242,581,268,649,39,61,346,203,548,67,181,235,65
"2011","Denbighshire 016A","W01000192","Total",483,31,88,273,91,264,11,19,166,68,219,20,69,107,23
"2011","Denbighshire 016B","W01000205","Total",574,49,94,312,119,311,13,27,177,94,263,36,67,135,25
"2011","Denbighshire 016C","W01000208","Total",598,51,122,317,108,320,18,42,179,81,278,33,80,138,27
"2011","Denbighshire 016D","W01000209","Total",671,68,154,361,88,354,25,37,217,75,317,43,117,144,13
"2011","Denbighshire 016E","W01000210","Total",590,60,134,317,79,298,22,34,187,55,292,38,100,130,24
"2011","Denbighshire 017E","W01000229","Total",602,50,136,356,60,316,14,47,209,46,286,36,89,147,14
"2011","Denbighshire 017F","W01000230","Total",859,67,200,522,70,440,23,64,295,58,419,44,136,227,12
"2011","Denbighshire 017A","W01000231","Total",634,64,163,359,48,303,21,47,199,36,331,43,116,160,12
"2011","Denbighshire 017B","W01000232","Total",745,60,158,461,66,379,17,40,273,49,366,43,118,188,17
"2011","Denbighshire 017C","W01000233","Total",597,46,129,379,43,297,18,32,213,34,300,28,97,166,9
"2011","Denbighshire 017G","W01000234","Total",565,43,149,315,58,262,8,39,166,49,303,35,110,149,9
"2011","Denbighshire 017D","W01000235","Total",696,69,130,431,66,346,20,32,242,52,350,49,98,189,14
"2011","Flintshire 001A","W01000287","Total",735,55,156,425,99,367,15,38,233,81,368,40,118,192,18
"2011","Flintshire 001B","W01000298","Total",617,44,149,337,87,333,14,33,218,68,284,30,116,119,19
"2011","Flintshire 001C","W01000338","Total",901,69,182,507,143,470,19,47,287,117,431,50,135,220,26
"2011","Flintshire 002A","W01000306","Total",1040,89,201,636,114,570,20,60,400,90,470,69,141,236,24
"2011","Flintshire 002B","W01000320","Total",812,67,160,479,106,437,25,32,300,80,375,42,128,179,26
"2011","Flintshire 002C","W01000340","Total",1176,114,225,657,180,642,42,51,404,145,534,72,174,253,35
"2011","Flintshire 003A","W01000253","Total",922,67,179,571,105,499,13,37,360,89,423,54,142,211,16
"2011","Flintshire 003B","W01000254","Total",957,71,214,545,127,525,17,51,342,115,432,54,163,203,12
"2011","Flintshire 003C","W01000296","Total",638,64,140,371,63,357,20,38,248,51,281,44,102,123,12
"2011","Flintshire 003D","W01000297","Total",634,57,110,405,62,314,17,17,231,49,320,40,93,174,13
"2011","Flintshire 003E","W01000304","Total",724,62,175,409,78,397,16,52,263,66,327,46,123,146,12
"2011","Flintshire 003F","W01000305","Total",833,69,171,502,91,444,18,29,323,74,389,51,142,179,17
"2011","Flintshire 004A","W01000288","Total",873,66,190,558,59,462,22,40,351,49,411,44,150,207,10
"2011","Flintshire 004B","W01000290","Total",495,42,97,312,44,263,10,17,201,35,232,32,80,111,9
"2011","Flintshire 004C","W01000292","Total",633,50,147,390,46,332,16,27,251,38,301,34,120,139,8
"2011","Flintshire 004D","W01000293","Total",773,68,156,477,72,424,22,34,311,57,349,46,122,166,15
"2011","Flintshire 005A","W01000289","Total",749,70,149,463,67,384,17,27,281,59,365,53,122,182,8
"2011","Flintshire 005B","W01000291","Total",728,54,148,470,56,377,9,27,292,49,351,45,121,178,7
"2011","Flintshire 005C","W01000294","Total",1065,111,195,639,120,562,36,28,405,93,503,75,167,234,27
"2011","Flintshire 005D","W01000295","Total",774,73,157,481,63,404,21,33,297,53,370,52,124,184,10
"2011","Flintshire 006A","W01000258","Total",1090,87,182,666,155,599,27,48,403,121,491,60,134,263,34
"2011","Flintshire 006B","W01000270","Total",713,74,122,391,126,367,19,28,215,105,346,55,94,176,21
"2011","Flintshire 006C","W01000271","Total",635,63,107,370,95,338,22,30,216,70,297,41,77,154,25
"2011","Flintshire 006D","W01000272","Total",922,109,178,468,167,482,28,51,274,129,440,81,127,194,38
"2011","Flintshire 006E","W01000301","Total",954,86,185,518,165,486,32,45,285,124,468,54,140,233,41
"2011","Flintshire 007A","W01000273","Total",701,62,143,439,57,362,12,40,265,45,339,50,103,174,12
"2011","Flintshire 007B","W01000274","Total",776,64,173,505,34,418,14,46,328,30,358,50,127,177,4
"2011","Flintshire 007C","W01000275","Total",676,79,120,413,64,367,25,25,262,55,309,54,95,151,9
"2011","Flintshire 007D","W01000278","Total",611,46,142,389,34,299,12,19,239,29,312,34,123,150,5
"2011","Flintshire 008A","W01000276","Total",798,56,131,542,69,430,13,22,340,55,368,43,109,202,14
"2011","Flintshire 008B","W01000277","Total",796,55,134,529,78,412,16,22,311,63,384,39,112,218,15
"2011","Flintshire 008C","W01000279","Total",584,72,128,342,42,298,27,33,207,31,286,45,95,135,11
"2011","Flintshire 008D","W01000281","Total",626,59,127,390,50,335,23,20,248,44,291,36,107,142,6
"2011","Flintshire 008E","W01000283","Total",1142,75,228,741,98,611,20,57,451,83,531,55,171,290,15
"2011","Flintshire 009A","W01000332","Total",842,63,144,531,104,455,21,47,308,79,387,42,97,223,25
"2011","Flintshire 009B","W01000333","Total",614,53,131,381,49,319,15,29,238,37,295,38,102,143,12
"2011","Flintshire 009C","W01000334","Total",965,73,190,626,76,525,20,42,405,58,440,53,148,221,18
"2011","Flintshire 009D","W01000335","Total",398,38,73,258,29,205,14,18,148,25,193,24,55,110,4
"2011","Flintshire 009E","W01000336","Total",524,35,118,335,36,277,17,33,199,28,247,18,85,136,8
"2011","Flintshire 009F","W01000337","Total",1087,84,227,693,83,590,23,52,446,69,497,61,175,247,14
"2011","Flintshire 010A","W01000252","Total",720,78,148,429,65,388,24,45,264,55,332,54,103,165,10
"2011","Flintshire 010B","W01000280","Total",724,62,140,442,80,380,16,23,275,66,344,46,117,167,14
"2011","Flintshire 010C","W01000282","Total",1021,79,187,642,113,531,24,28,390,89,490,55,159,252,24
"2011","Flintshire 010D","W01000325","Total",775,80,164,449,82,406,24,32,287,63,369,56,132,162,19
"2011","Flintshire 011A","W01000311","Total",900,83,177,553,87,497,34,41,354,68,403,49,136,199,19
"2011","Flintshire 011B","W01000312","Total",787,70,168,475,74,418,20,39,298,61,369,50,129,177,13
"2011","Flintshire 011C","W01000328","Total",1120,82,172,777,89,631,25,42,492,72,489,57,130,285,17
"2011","Flintshire 012A","W01000264","Total",864,79,190,505,90,438,22,34,312,70,426,57,156,193,20
"2011","Flintshire 012B","W01000265","Total",650,43,118,423,66,324,7,21,248,48,326,36,97,175,18
"2011","Flintshire 012C","W01000323","Total",755,70,126,431,128,399,24,22,253,100,356,46,104,178,28
"2011","Flintshire 012D","W01000324","Total",775,77,156,463,79,383,20,28,277,58,392,57,128,186,21
"2011","Flintshire 013A","W01000251","Total",719,77,169,403,70,369,22,34,255,58,350,55,135,148,12
"2011","Flintshire 013B","W01000268","Total",897,86,163,525,123,469,21,31,320,97,428,65,132,205,26
"2011","Flintshire 013C","W01000284","Total",945,82,180,569,114,491,21,33,348,89,454,61,147,221,25
"2011","Flintshire 013D","W01000285","Total",750,80,132,448,90,384,17,28,271,68,366,63,104,177,22
"2011","Flintshire 013E","W01000286","Total",1281,94,249,776,162,672,33,51,458,130,609,61,198,318,32
"2011","Flintshire 013F","W01000302","Total",825,78,170,498,79,429,29,37,298,65,396,49,133,200,14
"2011","Flintshire 014A","W01000249","Total",672,52,152,414,54,330,13,21,252,44,342,39,131,162,10
"2011","Flintshire 014B","W01000250","Total",759,85,169,435,70,412,32,39,283,58,347,53,130,152,12
"2011","Flintshire 014C","W01000261","Total",806,55,161,509,81,415,16,29,309,61,391,39,132,200,20
"2011","Flintshire 014D","W01000321","Total",866,73,159,538,96,442,12,31,326,73,424,61,128,212,23
"2011","Flintshire 014E","W01000322","Total",621,57,120,384,60,313,11,28,238,36,308,46,92,146,24
"2011","Flintshire 015A","W01000255","Total",1176,100,260,691,125,627,30,57,442,98,549,70,203,249,27
"2011","Flintshire 015B","W01000256","Total",831,57,158,541,75,420,13,29,320,58,411,44,129,221,17
"2011","Flintshire 015C","W01000257","Total",1192,107,262,728,95,622,30,62,458,72,570,77,200,270,23
"2011","Flintshire 015D","W01000329","Total",636,60,138,386,52,341,17,36,246,42,295,43,102,140,10
"2011","Flintshire 015E","W01000330","Total",1067,110,188,684,85,549,32,30,420,67,518,78,158,264,18
"2011","Flintshire 015F","W01000331","Total",886,100,162,550,74,476,32,38,344,62,410,68,124,206,12
"2011","Flintshire 016A","W01000313","Total",726,80,178,394,74,368,25,33,248,62,358,55,145,146,12
"2011","Flintshire 016B","W01000314","Total",468,50,80,275,63,257,21,28,163,45,211,29,52,112,18
"2011","Flintshire 016C","W01000315","Total",857,69,199,501,88,454,27,48,305,74,403,42,151,196,14
"2011","Flintshire 016D","W01000316","Total",610,64,134,351,61,306,17,27,217,45,304,47,107,134,16
"2011","Flintshire 016E","W01000317","Total",736,85,151,418,82,393,30,33,272,58,343,55,118,146,24
"2011","Flintshire 016F","W01000318","Total",444,62,115,229,38,235,14,28,165,28,209,48,87,64,10
"2011","Flintshire 016G","W01000319","Total",683,58,145,417,63,357,17,40,250,50,326,41,105,167,13
"2011","Flintshire 017A","W01000259","Total",740,61,165,453,61,393,23,38,286,46,347,38,127,167,15
"2011","Flintshire 017B","W01000260","Total",969,92,189,623,65,496,28,34,377,57,473,64,155,246,8
"2011","Flintshire 017C","W01000262","Total",702,57,144,437,64,360,22,29,263,46,342,35,115,174,18
"2011","Flintshire 017D","W01000263","Total",642,63,142,367,70,340,17,29,230,64,302,46,113,137,6
"2011","Flintshire 017E","W01000266","Total",663,50,120,434,59,354,19,31,253,51,309,31,89,181,8
"2011","Flintshire 017F","W01000267","Total",783,65,139,492,87,401,19,21,295,66,382,46,118,197,21
"2011","Flintshire 018A","W01000303","Total",881,91,194,457,139,451,24,41,269,117,430,67,153,188,22
"2011","Flintshire 018B","W01000326","Total",864,92,177,502,93,436,26,37,305,68,428,66,140,197,25
"2011","Flintshire 018C","W01000327","Total",1182,107,247,697,131,613,35,46,439,93,569,72,201,258,38
"2011","Flintshire 019A","W01000299","Total",914,122,163,505,124,477,32,45,305,95,437,90,118,200,29
"2011","Flintshire 019B","W01000300","Total",868,88,145,507,128,454,22,32,299,101,414,66,113,208,27
"2011","Flintshire 019C","W01000309","Total",1032,81,212,617,122,542,21,42,380,99,490,60,170,237,23
"2011","Flintshire 019D","W01000339","Total",770,64,162,420,124,409,25,34,241,109,361,39,128,179,15
"2011","Flintshire 020A","W01000269","Total",737,51,146,457,83,394,18,31,283,62,343,33,115,174,21
"2011","Flintshire 020B","W01000307","Total",701,61,136,423,81,375,21,26,265,63,326,40,110,158,18
"2011","Flintshire 020C","W01000308","Total",599,62,126,332,79,311,19,21,209,62,288,43,105,123,17
"2011","Flintshire 020D","W01000310","Total",925,92,190,516,127,471,26,40,300,105,454,66,150,216,22
"2011","Wrexham 003A","W01000374","Total",598,57,124,358,59,307,18,23,219,47,291,39,101,139,12
"2011","Wrexham 003B","W01000375","Total",1123,85,198,716,124,565,25,36,410,94,558,60,162,306,30
"2011","Wrexham 003C","W01000376","Total",702,65,145,425,67,379,17,32,272,58,323,48,113,153,9
"2011","Wrexham 003D","W01000391","Total",736,64,158,437,77,389,15,32,276,66,347,49,126,161,11
"2011","Wrexham 003E","W01000392","Total",705,48,168,434,55,361,12,37,266,46,344,36,131,168,9
"2011","Wrexham 004A","W01000377","Total",810,62,165,505,78,427,18,32,315,62,383,44,133,190,16
"2011","Wrexham 004B","W01000378","Total",523,30,122,327,44,245,4,20,183,38,278,26,102,144,6
"2011","Wrexham 004C","W01000379","Total",677,65,162,392,58,354,16,34,251,53,323,49,128,141,5
"2011","Wrexham 004D","W01000380","Total",732,53,134,470,75,357,12,26,260,59,375,41,108,210,16
"2011","Wrexham 005A","W01000351","Total",1111,86,215,690,120,571,18,34,410,109,540,68,181,280,11
"2011","Wrexham 005B","W01000373","Total",802,65,190,482,65,417,16,43,302,56,385,49,147,180,9
"2011","Wrexham 005C","W01000400","Total",858,54,194,525,85,439,13,44,311,71,419,41,150,214,14
"2011","Wrexham 005D","W01000401","Total",855,67,160,539,89,455,16,36,332,71,400,51,124,207,18
"2011","Wrexham 006A","W01000347","Total",1457,90,228,973,166,750,26,42,560,122,707,64,186,413,44
"2011","Wrexham 006B","W01000348","Total",633,59,157,376,41,324,13,40,237,34,309,46,117,139,7
"2011","Wrexham 006C","W01000362","Total",685,58,173,386,68,348,19,36,240,53,337,39,137,146,15
"2011","Wrexham 006D","W01000363","Total",718,64,148,441,65,373,14,31,276,52,345,50,117,165,13
"2011","Wrexham 006E","W01000364","Total",873,82,196,505,90,479,37,50,318,74,394,45,146,187,16
"2011","Wrexham 007A","W01000343","Total",460,53,87,268,52,245,10,19,172,44,215,43,68,96,8
"2011","Wrexham 007B","W01000344","Total",589,45,134,362,48,299,12,26,222,39,290,33,108,140,9
"2011","Wrexham 007C","W01000415","Total",714,62,142,438,72,372,21,35,262,54,342,41,107,176,18
"2011","Wrexham 007D","W01000416","Total",776,70,156,476,74,400,25,22,291,62,376,45,134,185,12
"2011","Wrexham 008A","W01000368","Total",976,87,207,600,82,513,27,40,377,69,463,60,167,223,13
"2011","Wrexham 008B","W01000371","Total",666,54,171,381,60,374,18,74,237,45,292,36,97,144,15
"2011","Wrexham 008C","W01000372","Total",643,92,102,374,75,348,36,27,230,55,295,56,75,144,20
"2011","Wrexham 008D","W01000387","Total",596,46,125,386,39,296,11,21,234,30,300,35,104,152,9
"2011","Wrexham 008E","W01000388","Total",495,48,113,275,59,262,17,32,166,47,233,31,81,109,12
"2011","Wrexham 008F","W01000422","Total",956,86,221,578,71,516,32,53,373,58,440,54,168,205,13
"2011","Wrexham 009A","W01000341","Total",714,61,149,431,73,363,21,18,261,63,351,40,131,170,10
"2011","Wrexham 009B","W01000342","Total",629,56,142,363,68,317,14,28,218,57,312,42,114,145,11
"2011","Wrexham 009C","W01000393","Total",876,87,178,492,119,471,19,56,302,94,405,68,122,190,25
"2011","Wrexham 010A","W01000352","Total",416,34,103,253,26,220,12,26,162,20,196,22,77,91,6
"2011","Wrexham 010B","W01000353","Total",538,47,138,322,31,270,9,31,205,25,268,38,107,117,6
"2011","Wrexham 010C","W01000413","Total",372,45,106,202,19,188,13,18,142,15,184,32,88,60,4
"2011","Wrexham 010D","W01000414","Total",500,55,107,310,28,251,16,28,183,24,249,39,79,127,4
"2011","Wrexham 010E","W01000425","Total",732,90,191,406,45,378,24,54,265,35,354,66,137,141,10
"2011","Wrexham 011A","W01000349","Total",1013,64,184,660,105,525,17,44,380,84,488,47,140,280,21
"2011","Wrexham 011B","W01000350","Total",806,87,162,473,84,459,38,72,279,70,347,49,90,194,14
"2011","Wrexham 011C","W01000365","Total",1055,100,235,608,112,594,32,89,385,88,461,68,146,223,24
"2011","Wrexham 011D","W01000402","Total",1477,125,241,952,159,852,56,87,579,130,625,69,154,373,29
"2011","Wrexham 012A","W01000381","Total",529,44,121,317,47,281,17,35,189,40,248,27,86,128,7
"2011","Wrexham 012B","W01000382","Total",506,34,83,351,38,272,14,27,203,28,234,20,56,148,10
"2011","Wrexham 012D","W01000423","Total",1071,74,213,692,92,540,17,44,397,82,531,57,169,295,10
"2011","Wrexham 012E","W01000424","Total",694,43,145,450,56,363,12,40,264,47,331,31,105,186,9
"2011","Wrexham 012F","W01001929","Total",701,44,135,480,42,396,16,43,302,35,305,28,92,178,7
"2011","Wrexham 012G","W01001931","Total",647,38,137,421,51,371,19,47,263,42,276,19,90,158,9
"2011","Wrexham 013A","W01000398","Total",617,61,115,363,78,337,20,22,229,66,280,41,93,134,12
"2011","Wrexham 013B","W01000399","Total",632,58,122,377,75,326,10,30,224,62,306,48,92,153,13
"2011","Wrexham 013C","W01000406","Total",937,62,188,606,81,510,11,42,387,70,427,51,146,219,11
"2011","Wrexham 013D","W01000408","Total",500,44,117,267,72,270,16,28,170,56,230,28,89,97,16
"2011","Wrexham 014A","W01000366","Total",663,46,132,439,46,340,14,24,263,39,323,32,108,176,7
"2011","Wrexham 014B","W01000367","Total",703,54,133,428,88,373,16,22,263,72,330,38,111,165,16
"2011","Wrexham 014C","W01000385","Total",883,63,181,569,70,453,17,37,346,53,430,46,144,223,17
"2011","Wrexham 014D","W01000410","Total",771,68,153,471,79,411,21,37,294,59,360,47,116,177,20
"2011","Wrexham 015A","W01000386","Total",683,49,143,447,44,363,16,28,278,41,320,33,115,169,3
"2011","Wrexham 015B","W01000405","Total",928,75,207,563,83,476,20,45,339,72,452,55,162,224,11
"2011","Wrexham 015C","W01000411","Total",625,43,143,376,63,333,10,26,242,55,292,33,117,134,8
"2011","Wrexham 015D","W01000412","Total",775,72,160,462,81,427,26,39,294,68,348,46,121,168,13
"2011","Wrexham 016A","W01000394","Total",732,59,144,369,160,391,17,38,205,131,341,42,106,164,29
"2011","Wrexham 016B","W01000395","Total",520,38,118,304,60,261,12,21,179,49,259,26,97,125,11
"2011","Wrexham 016C","W01000407","Total",724,65,148,412,99,373,21,33,245,74,351,44,115,167,25
"2011","Wrexham 016D","W01000419","Total",721,64,134,425,98,365,20,22,239,84,356,44,112,186,14
"2011","Wrexham 016E","W01000420","Total",683,47,135,428,73,351,14,24,256,57,332,33,111,172,16
"2011","Wrexham 017A","W01000354","Total",812,70,175,472,95,425,21,41,284,79,387,49,134,188,16
"2011","Wrexham 017B","W01000355","Total",653,50,164,383,56,369,19,48,255,47,284,31,116,128,9
"2011","Wrexham 017C","W01000356","Total",702,60,178,401,63,370,16,40,264,50,332,44,138,137,13
"2011","Wrexham 017D","W01000389","Total",965,76,194,579,116,499,23,30,348,98,466,53,164,231,18
"2011","Wrexham 017E","W01000409","Total",620,35,179,360,46,341,11,50,242,38,279,24,129,118,8
"2011","Wrexham 018A","W01000345","Total",777,74,161,378,164,403,14,33,230,126,374,60,128,148,38
"2011","Wrexham 018B","W01000346","Total",810,96,169,379,166,419,23,36,225,135,391,73,133,154,31
"2011","Wrexham 018C","W01000403","Total",658,66,122,315,155,367,14,27,197,129,291,52,95,118,26
"2011","Wrexham 018D","W01000404","Total",991,92,174,545,180,539,21,41,330,147,452,71,133,215,33
"2011","Wrexham 019C","W01000359","Total",607,42,124,367,74,327,15,33,229,50,280,27,91,138,24
"2011","Wrexham 019D","W01000360","Total",501,58,104,282,57,272,15,15,191,51,229,43,89,91,6
"2011","Wrexham 019E","W01000361","Total",963,73,202,578,110,518,27,41,359,91,445,46,161,219,19
"2011","Wrexham 019F","W01001930","Total",1050,100,246,461,243,558,26,56,291,185,492,74,190,170,58
"2011","Wrexham 020F","W01000369","Total",548,55,112,311,70,274,13,22,181,58,274,42,90,130,12
"2011","Wrexham 020G","W01000370","Total",665,69,115,393,88,352,20,27,236,69,313,49,88,157,19
"2011","Wrexham 020A","W01000383","Total",1365,128,254,766,217,717,42,50,458,167,648,86,204,308,50
"2011","Wrexham 020B","W01000384","Total",540,53,117,278,92,279,15,19,167,78,261,38,98,111,14
"2011","Wrexham 020C","W01000390","Total",789,65,165,461,98,423,15,33,295,80,366,50,132,166,18
"2011","Wrexham 020H","W01000396","Total",619,52,128,350,89,310,14,26,201,69,309,38,102,149,20
"2011","Wrexham 020I","W01000397","Total",515,71,99,267,78,273,28,21,165,59,242,43,78,102,19
"2011","Wrexham 020D","W01000417","Total",816,89,140,475,112,429,21,25,294,89,387,68,115,181,23
"2011","Wrexham 020E","W01000418","Total",806,73,142,417,174,432,19,30,247,136,374,54,112,170,38
"2011","Powys 001A","W01000461","Total",722,73,165,343,141,406,22,38,226,120,316,51,127,117,21
"2011","Powys 001D","W01000470","Total",902,109,189,420,184,484,33,42,262,147,418,76,147,158,37
"2011","Powys 001E","W01000475","Total",1261,130,262,537,332,673,34,72,308,259,588,96,190,229,73
"2011","Powys 001F","W01001906","Total",991,115,199,468,209,536,34,41,298,163,455,81,158,170,46
"2011","Powys 001G","W01001907","Total",728,72,126,329,201,409,18,33,196,162,319,54,93,133,39
"2011","Powys 002A","W01000444","Total",1161,111,252,571,227,626,30,59,350,187,535,81,193,221,40
"2011","Powys 002B","W01000457","Total",1118,114,205,558,241,600,28,38,328,206,518,86,167,230,35
"2011","Powys 002C","W01000458","Total",888,78,176,457,177,478,20,36,283,139,410,58,140,174,38
"2011","Powys 003A","W01000498","Total",692,51,164,398,79,374,15,34,257,68,318,36,130,141,11
"2011","Powys 003B","W01000499","Total",579,28,100,396,55,302,7,25,230,40,277,21,75,166,15
"2011","Powys 003C","W01000500","Total",789,71,164,451,103,418,18,36,279,85,371,53,128,172,18
"2011","Powys 003D","W01000501","Total",1021,95,202,608,116,546,28,43,383,92,475,67,159,225,24
"2011","Powys 004A","W01000442","Total",1058,91,209,509,249,574,14,52,310,198,484,77,157,199,51
"2011","Powys 004B","W01000452","Total",899,100,175,409,215,498,30,56,236,176,401,70,119,173,39
"2011","Powys 004C","W01000473","Total",1059,103,257,590,109,553,23,66,378,86,506,80,191,212,23
"2011","Powys 005A","W01000428","Total",718,82,145,342,149,385,33,40,199,113,333,49,105,143,36
"2011","Powys 005B","W01000441","Total",713,78,134,358,143,383,19,26,224,114,330,59,108,134,29
"2011","Powys 005C","W01000476","Total",628,62,128,335,103,330,12,38,203,77,298,50,90,132,26
"2011","Powys 005D","W01000497","Total",700,74,153,347,126,383,18,36,224,105,317,56,117,123,21
"2011","Powys 006A","W01000433","Total",1149,113,239,593,204,615,33,58,358,166,534,80,181,235,38
"2011","Powys 006B","W01000460","Total",916,80,165,445,226,484,20,35,247,182,432,60,130,198,44
"2011","Powys 006C","W01000488","Total",1157,106,230,581,240,624,37,59,337,191,533,69,171,244,49
"2011","Powys 007A","W01000434","Total",795,80,192,327,196,445,23,51,203,168,350,57,141,124,28
"2011","Powys 007B","W01000439","Total",1044,105,206,531,202,554,36,44,311,163,490,69,162,220,39
"2011","Powys 007C","W01000447","Total",1053,112,198,474,269,571,37,40,272,222,482,75,158,202,47
"2011","Powys 008A","W01000480","Total",1029,93,233,583,120,547,31,59,365,92,482,62,174,218,28
"2011","Powys 008B","W01000481","Total",1167,98,233,706,130,617,21,53,433,110,550,77,180,273,20
"2011","Powys 008C","W01000482","Total",922,94,195,512,121,514,31,65,327,91,408,63,130,185,30
"2011","Powys 009A","W01000478","Total",739,62,177,419,81,391,23,43,260,65,348,39,134,159,16
"2011","Powys 009B","W01000479","Total",622,43,158,361,60,330,11,38,225,56,292,32,120,136,4
"2011","Powys 009C","W01000483","Total",732,73,183,409,67,391,14,37,282,58,341,59,146,127,9
"2011","Powys 010A","W01000429","Total",1168,118,226,538,286,635,33,65,314,223,533,85,161,224,63
"2011","Powys 010B","W01000453","Total",752,80,146,345,181,404,21,34,211,138,348,59,112,134,43
"2011","Powys 010C","W01000466","Total",626,61,151,352,62,314,18,31,214,51,312,43,120,138,11
"2011","Powys 010D","W01000467","Total",746,68,136,431,111,416,22,36,265,93,330,46,100,166,18
"2011","Powys 011A","W01000427","Total",693,74,120,304,195,377,27,32,172,146,316,47,88,132,49
"2011","Powys 011B","W01000448","Total",657,71,163,311,112,343,21,29,198,95,314,50,134,113,17
"2011","Powys 011C","W01000449","Total",792,80,171,401,140,442,18,41,271,112,350,62,130,130,28
"2011","Powys 011D","W01000464","Total",649,58,149,270,172,348,12,46,157,133,301,46,103,113,39
"2011","Powys 011E","W01000484","Total",757,101,152,288,216,421,31,42,178,170,336,70,110,110,46
"2011","Powys 011F","W01000485","Total",657,83,149,315,110,341,23,35,197,86,316,60,114,118,24
"2011","Powys 011G","W01000486","Total",543,57,133,274,79,288,12,45,173,58,255,45,88,101,21
"2011","Powys 012A","W01000438","Total",471,54,94,221,102,255,20,22,130,83,216,34,72,91,19
"2011","Powys 012B","W01000451","Total",533,54,110,248,121,280,14,24,143,99,253,40,86,105,22
"2011","Powys 012C","W01000472","Total",530,58,111,258,103,282,18,31,150,83,248,40,80,108,20
"2011","Powys 012D","W01000477","Total",722,76,143,280,223,392,24,42,161,165,330,52,101,119,58
"2011","Powys 012E","W01000487","Total",909,95,210,452,152,462,26,54,264,118,447,69,156,188,34
"2011","Powys 013A","W01000454","Total",489,44,117,285,43,262,18,40,170,34,227,26,77,115,9
"2011","Powys 013B","W01000455","Total",905,95,198,512,100,461,26,45,307,83,444,69,153,205,17
"2011","Powys 013C","W01000456","Total",766,81,182,415,88,384,28,46,245,65,382,53,136,170,23
"2011","Powys 014A","W01000431","Total",671,62,151,386,72,359,19,36,250,54,312,43,115,136,18
"2011","Powys 014B","W01000432","Total",598,64,126,324,84,303,21,32,188,62,295,43,94,136,22
"2011","Powys 014C","W01000450","Total",718,76,158,285,199,377,28,37,171,141,341,48,121,114,58
"2011","Powys 014D","W01000459","Total",619,55,124,268,172,347,20,39,147,141,272,35,85,121,31
"2011","Powys 014E","W01000471","Total",928,85,184,459,200,501,28,52,263,158,427,57,132,196,42
"2011","Powys 015A","W01000430","Total",642,63,124,298,157,344,18,31,171,124,298,45,93,127,33
"2011","Powys 015B","W01000443","Total",1206,130,222,558,296,609,37,45,310,217,597,93,177,248,79
"2011","Powys 015C","W01000445","Total",809,83,151,406,169,423,32,38,225,128,386,51,113,181,41
"2011","Powys 015D","W01000446","Total",782,61,163,410,148,407,22,42,241,102,375,39,121,169,46
"2011","Powys 015E","W01000494","Total",869,69,184,477,139,455,22,51,271,111,414,47,133,206,28
"2011","Powys 017A","W01000489","Total",779,65,133,469,112,396,15,32,271,78,383,50,101,198,34
"2011","Powys 017D","W01000492","Total",817,59,136,495,127,431,26,31,284,90,386,33,105,211,37
"2011","Powys 017E","W01000493","Total",720,71,120,395,134,406,18,28,245,115,314,53,92,150,19
"2011","Powys 017F","W01001901","Total",865,82,179,497,107,437,21,53,280,83,428,61,126,217,24
"2011","Powys 017G","W01001902","Total",612,66,165,345,36,288,22,32,204,30,324,44,133,141,6
"2011","Powys 018E","W01000465","Total",447,62,74,217,94,234,17,20,133,64,213,45,54,84,30
"2011","Powys 018F","W01001903","Total",930,120,193,481,136,477,40,54,278,105,453,80,139,203,31
"2011","Powys 018G","W01001904","Total",810,83,153,409,165,426,20,38,242,126,384,63,115,167,39
"2011","Powys 018H","W01001905","Total",1072,101,215,506,250,567,42,52,287,186,505,59,163,219,64
"2011","Powys 020A","W01000440","Total",730,65,134,348,183,395,23,36,198,138,335,42,98,150,45
"2011","Powys 020B","W01000474","Total",945,77,157,466,245,517,16,40,280,181,428,61,117,186,64
"2011","Powys 020C","W01000503","Total",562,51,95,228,188,301,13,30,121,137,261,38,65,107,51
"2011","Powys 020D","W01001897","Total",962,84,160,503,215,504,21,46,273,164,458,63,114,230,51
"2011","Powys 021A","W01000426","Total",626,32,145,375,74,330,13,26,229,62,296,19,119,146,12
"2011","Powys 021B","W01000496","Total",915,81,197,496,141,484,30,44,294,116,431,51,153,202,25
"2011","Powys 021C","W01000502","Total",822,65,176,493,88,438,21,39,306,72,384,44,137,187,16
"2011","Powys 021D","W01000504","Total",423,32,114,234,43,236,6,40,152,38,187,26,74,82,5
"2011","Powys 021E","W01000505","Total",606,45,133,370,58,326,16,34,227,49,280,29,99,143,9
"2011","Powys 021F","W01001899","Total",851,61,179,512,99,427,19,41,290,77,424,42,138,222,22
"2011","Ceredigion 001C","W01000523","Total",957,89,195,514,159,507,22,49,312,124,450,67,146,202,35
"2011","Ceredigion 001D","W01000548","Total",848,88,177,466,117,429,30,36,273,90,419,58,141,193,27
"2011","Ceredigion 001E","W01000549","Total",948,77,179,585,107,492,27,36,354,75,456,50,143,231,32
"2011","Ceredigion 001F","W01001937","Total",972,94,227,501,150,486,27,62,289,108,486,67,165,212,42
"2011","Ceredigion 002A","W01000512","Total",684,171,155,286,72,362,75,59,175,53,322,96,96,111,19
"2011","Ceredigion 002B","W01000513","Total",919,289,203,362,65,475,130,94,203,48,444,159,109,159,17
"2011","Ceredigion 002D","W01000517","Total",521,151,118,208,44,300,76,61,133,30,221,75,57,75,14
"2011","Ceredigion 002F","W01001934","Total",1136,372,225,429,110,575,156,87,253,79,561,216,138,176,31
"2011","Ceredigion 003A","W01000515","Total",640,54,155,392,39,341,18,60,233,30,299,36,95,159,9
"2011","Ceredigion 003B","W01000516","Total",738,76,175,440,47,390,33,58,266,33,348,43,117,174,14
"2011","Ceredigion 003C","W01000518","Total",537,96,110,275,56,296,36,45,172,43,241,60,65,103,13
"2011","Ceredigion 003E","W01001935","Total",552,63,99,334,56,290,27,29,194,40,262,36,70,140,16
"2011","Ceredigion 003F","W01001936","Total",650,172,148,260,70,334,67,49,163,55,316,105,99,97,15
"2011","Ceredigion 005A","W01000506","Total",572,49,129,304,90,299,15,43,178,63,273,34,86,126,27
"2011","Ceredigion 005B","W01000524","Total",957,100,172,529,156,506,23,41,329,113,451,77,131,200,43
"2011","Ceredigion 005C","W01000538","Total",803,79,156,404,164,412,20,39,225,128,391,59,117,179,36
"2011","Ceredigion 005D","W01000539","Total",593,55,146,280,112,322,27,47,165,83,271,28,99,115,29
"2011","Ceredigion 005E","W01000540","Total",500,46,102,285,67,256,13,31,166,46,244,33,71,119,21
"2011","Ceredigion 007A","W01000529","Total",728,54,151,346,177,405,15,46,211,133,323,39,105,135,44
"2011","Ceredigion 007B","W01000532","Total",889,87,160,411,231,484,22,42,246,174,405,65,118,165,57
"2011","Ceredigion 007C","W01000544","Total",454,48,93,216,97,248,12,37,126,73,206,36,56,90,24
"2011","Ceredigion 007D","W01000545","Total",924,100,196,428,200,487,32,60,251,144,437,68,136,177,56
"2011","Ceredigion 008A","W01000527","Total",508,115,93,225,75,275,52,34,131,58,233,63,59,94,17
"2011","Ceredigion 008B","W01000528","Total",640,68,126,357,89,328,23,43,196,66,312,45,83,161,23
"2011","Ceredigion 008C","W01000535","Total",875,76,171,428,200,469,21,47,249,152,406,55,124,179,48
"2011","Ceredigion 008D","W01000537","Total",692,76,153,315,148,371,23,48,194,106,321,53,105,121,42
"2011","Ceredigion 008E","W01000541","Total",876,61,148,452,215,447,23,34,239,151,429,38,114,213,64
"2011","Ceredigion 009A","W01000507","Total",474,49,104,244,77,252,18,27,150,57,222,31,77,94,20
"2011","Ceredigion 009B","W01000508","Total",470,54,103,240,73,252,27,28,140,57,218,27,75,100,16
"2011","Ceredigion 009C","W01000509","Total",673,90,157,343,83,359,29,46,218,66,314,61,111,125,17
"2011","Ceredigion 009D","W01000510","Total",460,42,107,254,57,240,10,33,154,43,220,32,74,100,14
"2011","Ceredigion 009E","W01000511","Total",481,48,102,265,66,260,14,33,166,47,221,34,69,99,19
"2011","Ceredigion 009F","W01000546","Total",468,47,105,219,97,257,15,37,136,69,211,32,68,83,28
"2011","Ceredigion 009G","W01000547","Total",536,51,104,255,126,297,13,28,165,91,239,38,76,90,35
"2011","Ceredigion 010A","W01000519","Total",759,81,142,366,170,414,23,46,218,127,345,58,96,148,43
"2011","Ceredigion 010B","W01000522","Total",590,63,118,276,133,314,29,32,152,101,276,34,86,124,32
"2011","Ceredigion 010C","W01000531","Total",759,69,170,373,147,383,17,44,212,110,376,52,126,161,37
"2011","Ceredigion 010D","W01000533","Total",599,60,118,335,86,311,21,28,203,59,288,39,90,132,27
"2011","Ceredigion 010E","W01000551","Total",571,57,126,263,125,303,18,32,158,95,268,39,94,105,30
"2011","Ceredigion 011A","W01000525","Total",477,61,98,252,66,240,23,22,142,53,237,38,76,110,13
"2011","Ceredigion 011B","W01000534","Total",765,72,160,398,135,404,26,47,225,106,361,46,113,173,29
"2011","Ceredigion 011E","W01000536","Total",654,73,114,323,144,346,25,31,191,99,308,48,83,132,45
"2011","Ceredigion 011F","W01000542","Total",1029,83,220,542,184,565,23,66,335,141,464,60,154,207,43
"2011","Ceredigion 011C","W01000543","Total",1009,75,228,528,178,524,19,64,301,140,485,56,164,227,38
"2011","Ceredigion 011G","W01000550","Total",535,42,120,265,108,283,18,22,155,88,252,24,98,110,20
"2011","Ceredigion 011D","W01000552","Total",1024,88,204,556,176,537,33,51,320,133,487,55,153,236,43
"2011","Pembrokeshire 001A","W01000558","Total",953,93,211,478,171,500,22,63,296,119,453,71,148,182,52
"2011","Pembrokeshire 001B","W01000559","Total",698,62,135,299,202,395,21,43,182,149,303,41,92,117,53
"2011","Pembrokeshire 001C","W01000560","Total",631,56,111,294,170,362,19,34,189,120,269,37,77,105,50
"2011","Pembrokeshire 001D","W01000561","Total",615,66,122,283,144,328,18,33,161,116,287,48,89,122,28
"2011","Pembrokeshire 001E","W01000613","Total",975,94,250,426,205,528,26,81,269,152,447,68,169,157,53
"2011","Pembrokeshire 002A","W01000562","Total",819,84,172,345,218,446,20,49,215,162,373,64,123,130,56
"2011","Pembrokeshire 002B","W01000565","Total",715,84,187,338,106,371,20,58,209,84,344,64,129,129,22
"2011","Pembrokeshire 002C","W01000566","Total",628,62,149,339,78,317,11,38,210,58,311,51,111,129,20
"2011","Pembrokeshire 002D","W01000567","Total",886,92,229,455,110,453,27,67,279,80,433,65,162,176,30
"2011","Pembrokeshire 002E","W01000597","Total",458,63,115,211,69,230,17,35,128,50,228,46,80,83,19
"2011","Pembrokeshire 002F","W01000617","Total",706,70,153,336,147,385,22,42,205,116,321,48,111,131,31
"2011","Pembrokeshire 003A","W01000579","Total",1039,98,233,494,214,546,24,40,317,165,493,74,193,177,49
"2011","Pembrokeshire 003B","W01000581","Total",742,90,165,346,141,400,32,51,209,108,342,58,114,137,33
"2011","Pembrokeshire 003C","W01000612","Total",856,103,188,414,151,464,38,59,256,111,392,65,129,158,40
"2011","Pembrokeshire 003D","W01000618","Total",995,73,183,519,220,634,24,59,378,173,361,49,124,141,47
"2011","Pembrokeshire 004A","W01000582","Total",809,79,179,402,149,416,24,53,227,112,393,55,126,175,37
"2011","Pembrokeshire 004B","W01000583","Total",691,65,147,336,143,356,19,30,199,108,335,46,117,137,35
"2011","Pembrokeshire 004C","W01000611","Total",789,88,155,408,138,415,27,36,247,105,374,61,119,161,33
"2011","Pembrokeshire 004D","W01000623","Total",977,84,220,449,224,512,20,45,272,175,465,64,175,177,49
"2011","Pembrokeshire 005A","W01000568","Total",1108,112,254,618,124,589,45,77,370,97,519,67,177,248,27
"2011","Pembrokeshire 005B","W01000569","Total",612,57,138,355,62,331,15,22,243,51,281,42,116,112,11
"2011","Pembrokeshire 005C","W01000570","Total",562,72,155,281,54,276,23,39,173,41,286,49,116,108,13
"2011","Pembrokeshire 005D","W01000572","Total",862,87,184,480,111,455,29,47,296,83,407,58,137,184,28
"2011","Pembrokeshire 006A","W01000571","Total",946,93,225,526,102,488,37,46,322,83,458,56,179,204,19
"2011","Pembrokeshire 006B","W01000573","Total",1265,110,271,758,126,634,34,47,447,106,631,76,224,311,20
"2011","Pembrokeshire 006C","W01000586","Total",987,101,241,537,108,501,26,52,339,84,486,75,189,198,24
"2011","Pembrokeshire 007A","W01000577","Total",766,76,157,370,163,383,26,41,205,111,383,50,116,165,52
"2011","Pembrokeshire 007B","W01000585","Total",741,72,148,329,192,408,22,38,204,144,333,50,110,125,48
"2011","Pembrokeshire 007C","W01000595","Total",849,70,232,429,118,434,21,63,262,88,415,49,169,167,30
"2011","Pembrokeshire 007D","W01000596","Total",740,77,158,378,127,392,18,53,225,96,348,59,105,153,31
"2011","Pembrokeshire 008A","W01000555","Total",704,79,142,333,150,385,27,50,193,115,319,52,92,140,35
"2011","Pembrokeshire 008B","W01000556","Total",546,64,127,263,92,292,29,42,157,64,254,35,85,106,28
"2011","Pembrokeshire 008C","W01000575","Total",1147,119,260,607,161,591,36,51,377,127,556,83,209,230,34
"2011","Pembrokeshire 008D","W01000614","Total",658,59,153,324,122,342,18,27,203,94,316,41,126,121,28
"2011","Pembrokeshire 008E","W01000622","Total",739,67,168,349,155,384,28,37,207,112,355,39,131,142,43
"2011","Pembrokeshire 009A","W01000554","Total",859,79,187,441,152,448,17,47,272,112,411,62,140,169,40
"2011","Pembrokeshire 009B","W01000580","Total",1085,102,254,584,145,556,35,50,353,118,529,67,204,231,27
"2011","Pembrokeshire 009C","W01000598","Total",977,94,231,528,124,525,29,42,351,103,452,65,189,177,21
"2011","Pembrokeshire 009D","W01000599","Total",896,92,226,470,108,458,19,51,301,87,438,73,175,169,21
"2011","Pembrokeshire 010A","W01000587","Total",868,55,222,473,118,486,16,73,300,97,382,39,149,173,21
"2011","Pembrokeshire 010B","W01000588","Total",845,86,210,454,95,436,19,47,289,81,409,67,163,165,14
"2011","Pembrokeshire 010C","W01000593","Total",1154,115,268,634,137,618,38,72,400,108,536,77,196,234,29
"2011","Pembrokeshire 011A","W01000553","Total",534,59,107,226,142,280,18,29,138,95,254,41,78,88,47
"2011","Pembrokeshire 011B","W01000563","Total",547,69,99,291,88,300,25,20,186,69,247,44,79,105,19
"2011","Pembrokeshire 011C","W01000564","Total",524,59,107,284,74,280,25,19,177,59,244,34,88,107,15
"2011","Pembrokeshire 011D","W01000576","Total",878,103,183,475,117,463,32,44,299,88,415,71,139,176,29
"2011","Pembrokeshire 011E","W01000615","Total",593,70,142,303,78,311,28,39,185,59,282,42,103,118,19
"2011","Pembrokeshire 011F","W01000616","Total",471,54,94,243,80,261,19,33,153,56,210,35,61,90,24
"2011","Pembrokeshire 012A","W01000589","Total",490,29,119,285,57,249,7,26,168,48,241,22,93,117,9
"2011","Pembrokeshire 012B","W01000590","Total",421,29,98,237,57,230,11,20,151,48,191,18,78,86,9
"2011","Pembrokeshire 012C","W01000591","Total",526,56,128,285,57,265,12,26,178,49,261,44,102,107,8
"2011","Pembrokeshire 012D","W01000592","Total",506,53,138,269,46,262,16,31,170,45,244,37,107,99,1
"2011","Pembrokeshire 012E","W01000594","Total",853,80,217,456,100,449,18,58,286,87,404,62,159,170,13
"2011","Pembrokeshire 013A","W01000600","Total",652,52,157,359,84,370,17,46,238,69,282,35,111,121,15
"2011","Pembrokeshire 013B","W01000601","Total",493,57,151,247,38,238,11,28,167,32,255,46,123,80,6
"2011","Pembrokeshire 013C","W01000602","Total",534,57,132,277,68,283,16,36,172,59,251,41,96,105,9
"2011","Pembrokeshire 013D","W01000603","Total",843,86,197,455,105,437,23,32,293,89,406,63,165,162,16
"2011","Pembrokeshire 013E","W01000604","Total",659,67,145,385,62,354,18,27,255,54,305,49,118,130,8
"2011","Pembrokeshire 013F","W01000605","Total",860,100,196,463,101,457,29,39,299,90,403,71,157,164,11
"2011","Pembrokeshire 014A","W01000557","Total",770,85,169,384,132,397,16,33,241,107,373,69,136,143,25
"2011","Pembrokeshire 014B","W01000578","Total",737,96,155,368,118,400,34,38,237,91,337,62,117,131,27
"2011","Pembrokeshire 014C","W01000584","Total",852,95,189,421,147,458,27,43,273,115,394,68,146,148,32
"2011","Pembrokeshire 014D","W01000609","Total",980,109,245,498,128,495,24,48,315,108,485,85,197,183,20
"2011","Pembrokeshire 015A","W01000574","Total",868,92,150,459,167,480,30,27,287,136,388,62,123,172,31
"2011","Pembrokeshire 015B","W01000606","Total",533,61,146,261,65,274,14,23,183,54,259,47,123,78,11
"2011","Pembrokeshire 015C","W01000607","Total",762,68,195,397,102,414,21,45,259,89,348,47,150,138,13
"2011","Pembrokeshire 015D","W01000608","Total",593,60,139,304,90,317,21,44,180,72,276,39,95,124,18
"2011","Pembrokeshire 016A","W01000610","Total",715,103,176,328,108,360,34,43,205,78,355,69,133,123,30
"2011","Pembrokeshire 016B","W01000619","Total",936,87,252,485,112,469,18,59,307,85,467,69,193,178,27
"2011","Pembrokeshire 016C","W01000620","Total",482,39,97,263,83,270,18,28,167,57,212,21,69,96,26
"2011","Pembrokeshire 016D","W01000621","Total",707,67,192,334,114,349,25,44,211,69,358,42,148,123,45
"2011","Carmarthenshire 001A","W01000685","Total",733,61,126,401,145,404,21,38,239,106,329,40,88,162,39
"2011","Carmarthenshire 001B","W01000686","Total",615,45,106,312,152,327,16,23,182,106,288,29,83,130,46
"2011","Carmarthenshire 001C","W01000701","Total",717,68,151,357,141,374,26,41,206,101,343,42,110,151,40
"2011","Carmarthenshire 001D","W01000702","Total",546,30,99,338,79,288,6,15,202,65,258,24,84,136,14
"2011","Carmarthenshire 002A","W01000647","Total",720,76,148,327,169,388,22,50,197,119,332,54,98,130,50
"2011","Carmarthenshire 002B","W01000650","Total",771,63,172,305,231,410,18,50,171,171,361,45,122,134,60
"2011","Carmarthenshire 002C","W01000678","Total",550,59,99,253,139,292,18,21,155,98,258,41,78,98,41
"2011","Carmarthenshire 002D","W01000679","Total",574,58,108,304,104,296,17,27,168,84,278,41,81,136,20
"2011","Carmarthenshire 003A","W01000646","Total",959,107,215,421,216,510,29,67,254,160,449,78,148,167,56
"2011","Carmarthenshire 003B","W01000688","Total",746,69,158,400,119,394,24,48,230,92,352,45,110,170,27
"2011","Carmarthenshire 003C","W01000689","Total",728,67,162,346,153,391,24,48,196,123,337,43,114,150,30
"2011","Carmarthenshire 003D","W01000728","Total",1024,69,185,431,339,569,17,47,265,240,455,52,138,166,99
"2011","Carmarthenshire 004A","W01000676","Total",703,61,146,349,147,375,18,42,210,105,328,43,104,139,42
"2011","Carmarthenshire 004B","W01000677","Total",603,44,139,346,74,294,14,29,199,52,309,30,110,147,22
"2011","Carmarthenshire 004C","W01000687","Total",945,86,184,403,272,501,30,44,228,199,444,56,140,175,73
"2011","Carmarthenshire 004D","W01000709","Total",1041,97,198,504,242,558,27,56,298,177,483,70,142,206,65
"2011","Carmarthenshire 005A","W01000624","Total",1143,96,227,583,237,592,25,55,340,172,551,71,172,243,65
"2011","Carmarthenshire 005B","W01000682","Total",664,57,136,330,141,343,22,35,185,101,321,35,101,145,40
"2011","Carmarthenshire 005C","W01000683","Total",560,58,129,236,137,300,16,43,139,102,260,42,86,97,35
"2011","Carmarthenshire 005D","W01000684","Total",852,73,190,419,170,454,24,58,239,133,398,49,132,180,37
"2011","Carmarthenshire 006A","W01000643","Total",759,89,166,445,59,344,21,39,242,42,415,68,127,203,17
"2011","Carmarthenshire 006B","W01000644","Total",810,151,145,401,113,376,42,38,210,86,434,109,107,191,27
"2011","Carmarthenshire 006C","W01000645","Total",746,80,183,401,82,358,27,44,224,63,388,53,139,177,19
"2011","Carmarthenshire 006D","W01000648","Total",760,63,133,372,192,421,21,34,211,155,339,42,99,161,37
"2011","Carmarthenshire 006E","W01000649","Total",755,68,153,378,156,399,26,47,207,119,356,42,106,171,37
"2011","Carmarthenshire 007A","W01000637","Total",621,54,162,362,43,306,23,36,211,36,315,31,126,151,7
"2011","Carmarthenshire 007B","W01000638","Total",480,32,136,271,41,251,12,40,169,30,229,20,96,102,11
"2011","Carmarthenshire 007C","W01000639","Total",630,63,141,364,62,318,28,40,202,48,312,35,101,162,14
"2011","Carmarthenshire 007D","W01000640","Total",595,45,100,370,80,307,19,35,191,62,288,26,65,179,18
"2011","Carmarthenshire 008A","W01000641","Total",934,125,167,536,106,506,49,60,313,84,428,76,107,223,22
"2011","Carmarthenshire 008B","W01000642","Total",764,68,158,462,76,387,28,40,261,58,377,40,118,201,18
"2011","Carmarthenshire 008C","W01000693","Total",435,49,113,231,42,201,12,32,127,30,234,37,81,104,12
"2011","Carmarthenshire 008D","W01000694","Total",620,67,130,325,98,332,28,47,185,72,288,39,83,140,26
"2011","Carmarthenshire 010A","W01000656","Total",845,62,173,516,94,450,22,46,307,75,395,40,127,209,19
"2011","Carmarthenshire 010B","W01000657","Total",432,30,111,260,31,220,8,19,167,26,212,22,92,93,5
"2011","Carmarthenshire 010C","W01000658","Total",505,39,113,294,59,268,13,27,180,48,237,26,86,114,11
"2011","Carmarthenshire 010D","W01000718","Total",559,40,126,318,75,296,12,28,198,58,263,28,98,120,17
"2011","Carmarthenshire 010E","W01000719","Total",629,50,138,369,72,331,15,37,227,52,298,35,101,142,20
"2011","Carmarthenshire 011A","W01000680","Total",902,84,141,542,135,469,24,28,308,109,433,60,113,234,26
"2011","Carmarthenshire 011B","W01000681","Total",787,63,166,435,123,400,17,32,253,98,387,46,134,182,25
"2011","Carmarthenshire 011C","W01000724","Total",823,80,158,480,105,415,24,40,268,83,408,56,118,212,22
"2011","Carmarthenshire 011D","W01000725","Total",878,85,177,503,113,436,30,45,273,88,442,55,132,230,25
"2011","Carmarthenshire 012A","W01000675","Total",942,87,194,461,200,479,29,42,260,148,463,58,152,201,52
"2011","Carmarthenshire 012B","W01000695","Total",676,69,140,388,79,360,25,34,243,58,316,44,106,145,21
"2011","Carmarthenshire 012C","W01000696","Total",693,44,128,402,119,382,16,34,236,96,311,28,94,166,23
"2011","Carmarthenshire 012D","W01000722","Total",614,47,130,313,124,319,16,36,169,98,295,31,94,144,26
"2011","Carmarthenshire 012E","W01000723","Total",634,57,120,336,121,329,18,33,188,90,305,39,87,148,31
"2011","Carmarthenshire 013A","W01000625","Total",455,31,120,259,45,236,9,24,162,41,219,22,96,97,4
"2011","Carmarthenshire 013B","W01000626","Total",572,53,113,341,65,310,18,35,215,42,262,35,78,126,23
"2011","Carmarthenshire 013C","W01000627","Total",939,62,170,587,120,474,21,26,337,90,465,41,144,250,30
"2011","Carmarthenshire 013D","W01000714","Total",601,47,136,342,76,308,11,28,208,61,293,36,108,134,15
"2011","Carmarthenshire 013E","W01000715","Total",570,49,109,338,74,291,19,28,182,62,279,30,81,156,12
"2011","Carmarthenshire 015A","W01000697","Total",801,57,187,453,104,421,26,49,264,82,380,31,138,189,22
"2011","Carmarthenshire 015B","W01000698","Total",837,67,185,498,87,419,22,47,284,66,418,45,138,214,21
"2011","Carmarthenshire 015C","W01000699","Total",779,71,138,425,145,407,20,41,238,108,372,51,97,187,37
"2011","Carmarthenshire 015D","W01000712","Total",724,64,127,438,95,388,16,34,265,73,336,48,93,173,22
"2011","Carmarthenshire 015E","W01000713","Total",646,49,135,401,61,348,10,34,252,52,298,39,101,149,9
"2011","Carmarthenshire 016A","W01000662","Total",969,72,188,588,121,490,20,45,335,90,479,52,143,253,31
"2011","Carmarthenshire 016B","W01000663","Total",1015,62,245,576,132,503,11,64,317,111,512,51,181,259,21
"2011","Carmarthenshire 016C","W01000664","Total",833,64,154,476,139,422,23,32,261,106,411,41,122,215,33
"2011","Carmarthenshire 016D","W01000716","Total",649,61,118,389,81,334,11,30,223,70,315,50,88,166,11
"2011","Carmarthenshire 016E","W01000717","Total",580,46,126,350,58,307,13,20,230,44,273,33,106,120,14
"2011","Carmarthenshire 017A","W01000665","Total",933,84,182,525,142,483,31,43,298,111,450,53,139,227,31
"2011","Carmarthenshire 017B","W01000666","Total",690,50,141,426,73,365,21,28,259,57,325,29,113,167,16
"2011","Carmarthenshire 017C","W01000731","Total",1166,81,224,688,173,612,26,50,399,137,554,55,174,289,36
"2011","Carmarthenshire 018A","W01000670","Total",610,58,149,342,61,315,23,40,207,45,295,35,109,135,16
"2011","Carmarthenshire 018B","W01000671","Total",781,61,183,434,103,399,20,40,264,75,382,41,143,170,28
"2011","Carmarthenshire 018C","W01000729","Total",482,44,95,300,43,249,10,31,175,33,233,34,64,125,10
"2011","Carmarthenshire 018D","W01000730","Total",565,49,114,320,82,296,14,28,197,57,269,35,86,123,25
"2011","Carmarthenshire 019A","W01000690","Total",793,57,172,460,104,412,17,33,279,83,381,40,139,181,21
"2011","Carmarthenshire 019B","W01000691","Total",673,58,156,384,75,357,21,45,228,63,316,37,111,156,12
"2011","Carmarthenshire 019C","W01000692","Total",727,50,166,437,74,370,20,39,262,49,357,30,127,175,25
"2011","Carmarthenshire 019D","W01000726","Total",770,74,137,435,124,411,30,37,254,90,359,44,100,181,34
"2011","Carmarthenshire 019E","W01000727","Total",399,32,104,227,36,198,10,20,143,25,201,22,84,84,11
"2011","Carmarthenshire 020A","W01000651","Total",770,66,166,470,68,393,18,47,281,47,377,48,119,189,21
"2011","Carmarthenshire 020B","W01000652","Total",720,56,176,434,54,367,15,42,264,46,353,41,134,170,8
"2011","Carmarthenshire 020C","W01000655","Total",796,65,206,449,76,404,21,62,261,60,392,44,144,188,16
"2011","Carmarthenshire 021A","W01000632","Total",573,47,142,329,55,282,10,44,185,43,291,37,98,144,12
"2011","Carmarthenshire 021B","W01000633","Total",514,66,117,273,58,267,19,31,171,46,247,47,86,102,12
"2011","Carmarthenshire 021C","W01000634","Total",521,39,136,297,49,273,12,38,187,36,248,27,98,110,13
"2011","Carmarthenshire 021D","W01000710","Total",983,78,193,554,158,511,23,35,331,122,472,55,158,223,36
"2011","Carmarthenshire 021E","W01000711","Total",738,71,179,400,88,362,19,50,225,68,376,52,129,175,20
"2011","Carmarthenshire 022A","W01000703","Total",791,64,166,495,66,390,25,41,271,53,401,39,125,224,13
"2011","Carmarthenshire 022B","W01000704","Total",681,53,194,372,62,341,19,54,222,46,340,34,140,150,16
"2011","Carmarthenshire 022C","W01000705","Total",721,54,190,409,68,392,23,53,267,49,329,31,137,142,19
"2011","Carmarthenshire 023A","W01000653","Total",617,47,115,368,87,308,12,28,207,61,309,35,87,161,26
"2011","Carmarthenshire 023B","W01000654","Total",769,65,191,447,66,416,28,61,279,48,353,37,130,168,18
"2011","Carmarthenshire 023C","W01000667","Total",599,52,123,367,57,310,21,29,212,48,289,31,94,155,9
"2011","Carmarthenshire 023F","W01001925","Total",989,72,231,574,112,509,18,69,344,78,480,54,162,230,34
"2011","Carmarthenshire 024A","W01000628","Total",734,71,172,415,76,395,28,38,274,55,339,43,134,141,21
"2011","Carmarthenshire 024B","W01000629","Total",805,49,197,490,69,413,17,46,294,56,392,32,151,196,13
"2011","Carmarthenshire 024C","W01000630","Total",760,67,165,464,64,401,30,52,269,50,359,37,113,195,14
"2011","Carmarthenshire 024D","W01000631","Total",630,60,183,337,50,339,22,56,219,42,291,38,127,118,8
"2011","Carmarthenshire 025A","W01000635","Total",1183,83,227,739,134,608,24,47,433,104,575,59,180,306,30
"2011","Carmarthenshire 025B","W01000636","Total",798,60,197,461,80,410,26,51,271,62,388,34,146,190,18
"2011","Carmarthenshire 025C","W01000706","Total",716,56,160,431,69,368,22,36,253,57,348,34,124,178,12
"2011","Carmarthenshire 025D","W01000707","Total",505,33,138,291,43,261,12,37,174,38,244,21,101,117,5
"2011","Carmarthenshire 025E","W01000708","Total",465,45,129,255,36,246,15,33,172,26,219,30,96,83,10
"2011","Carmarthenshire 026A","W01000659","Total",557,39,159,330,29,292,11,59,200,22,265,28,100,130,7
"2011","Carmarthenshire 026B","W01000660","Total",584,49,131,358,46,294,20,29,217,28,290,29,102,141,18
"2011","Carmarthenshire 026D","W01000732","Total",672,60,161,400,51,354,20,46,252,36,318,40,115,148,15
"2011","Carmarthenshire 026E","W01000733","Total",434,35,105,246,48,240,10,35,160,35,194,25,70,86,13
"2011","Carmarthenshire 026F","W01000734","Total",551,42,121,346,42,300,12,29,222,37,251,30,92,124,5
"2011","Carmarthenshire 026G","W01001923","Total",609,36,107,383,83,331,16,32,212,71,278,20,75,171,12
"2011","Carmarthenshire 026H","W01001924","Total",490,46,114,290,40,243,14,33,169,27,247,32,81,121,13
"2011","Carmarthenshire 027E","W01000672","Total",761,84,146,362,169,414,23,41,229,121,347,61,105,133,48
"2011","Carmarthenshire 027F","W01000673","Total",543,57,113,273,100,287,18,23,165,81,256,39,90,108,19
"2011","Carmarthenshire 027A","W01000674","Total",1021,106,196,442,277,561,26,64,259,212,460,80,132,183,65
"2011","Carmarthenshire 027G","W01000700","Total",942,87,176,490,189,483,26,43,268,146,459,61,133,222,43
"2011","Carmarthenshire 027B","W01000720","Total",794,60,147,458,129,422,25,43,258,96,372,35,104,200,33
"2011","Carmarthenshire 027C","W01000721","Total",664,41,146,373,104,335,16,41,200,78,329,25,105,173,26
"2011","Carmarthenshire 027D","W01000735","Total",1099,83,235,587,194,571,20,67,331,153,528,63,168,256,41
"2011","Swansea 001A","W01000845","Total",1021,92,182,631,116,510,29,37,345,99,511,63,145,286,17
"2011","Swansea 001B","W01000846","Total",828,61,178,496,93,419,24,43,272,80,409,37,135,224,13
"2011","Swansea 001C","W01000847","Total",560,46,105,345,64,298,13,26,206,53,262,33,79,139,11
"2011","Swansea 001D","W01000848","Total",472,32,114,278,48,228,5,27,158,38,244,27,87,120,10
"2011","Swansea 002A","W01000750","Total",623,42,149,386,46,324,15,33,238,38,299,27,116,148,8
"2011","Swansea 002B","W01000751","Total",653,55,143,394,61,338,15,37,240,46,315,40,106,154,15
"2011","Swansea 002C","W01000752","Total",619,50,150,356,63,332,21,51,212,48,287,29,99,144,15
"2011","Swansea 002D","W01000753","Total",634,52,147,390,45,321,15,37,229,40,313,37,110,161,5
"2011","Swansea 002E","W01000754","Total",696,57,182,407,50,353,17,53,242,41,343,40,129,165,9
"2011","Swansea 002F","W01000803","Total",894,60,186,501,147,502,18,66,304,114,392,42,120,197,33
"2011","Swansea 003A","W01000806","Total",668,68,162,384,54,331,23,41,223,44,337,45,121,161,10
"2011","Swansea 003B","W01000807","Total",820,79,165,531,45,428,38,38,312,40,392,41,127,219,5
"2011","Swansea 003C","W01000808","Total",619,58,141,380,40,324,22,40,232,30,295,36,101,148,10
"2011","Swansea 003D","W01000810","Total",461,39,117,283,22,219,15,36,153,15,242,24,81,130,7
"2011","Swansea 003E","W01000815","Total",807,91,152,493,71,432,30,39,305,58,375,61,113,188,13
"2011","Swansea 003F","W01000816","Total",944,59,181,616,88,494,19,43,362,70,450,40,138,254,18
"2011","Swansea 004A","W01000791","Total",839,59,163,550,67,427,19,32,317,59,412,40,131,233,8
"2011","Swansea 004B","W01000792","Total",837,68,166,509,94,419,23,28,300,68,418,45,138,209,26
"2011","Swansea 004C","W01000793","Total",1067,79,199,643,146,537,24,26,368,119,530,55,173,275,27
"2011","Swansea 004D","W01000837","Total",818,72,149,481,116,412,18,39,260,95,406,54,110,221,21
"2011","Swansea 004E","W01000838","Total",497,30,130,300,37,250,9,33,180,28,247,21,97,120,9
"2011","Swansea 005A","W01000773","Total",1281,95,270,788,128,664,25,63,481,95,617,70,207,307,33
"2011","Swansea 005B","W01000774","Total",696,57,148,433,58,374,21,48,255,50,322,36,100,178,8
"2011","Swansea 005C","W01000841","Total",652,60,148,390,54,349,22,39,249,39,303,38,109,141,15
"2011","Swansea 005D","W01000842","Total",639,50,139,381,69,326,14,34,221,57,313,36,105,160,12
"2011","Swansea 005E","W01000843","Total",679,71,142,401,65,328,25,38,216,49,351,46,104,185,16
"2011","Swansea 005F","W01000844","Total",487,45,121,276,45,252,11,31,173,37,235,34,90,103,8
"2011","Swansea 006A","W01000795","Total",880,56,185,543,96,453,19,32,322,80,427,37,153,221,16
"2011","Swansea 006B","W01000796","Total",1568,83,302,995,188,798,30,57,562,149,770,53,245,433,39
"2011","Swansea 006C","W01000800","Total",791,64,156,488,83,401,23,33,283,62,390,41,123,205,21
"2011","Swansea 006D","W01000801","Total",570,51,126,335,58,278,11,30,189,48,292,40,96,146,10
"2011","Swansea 007A","W01000784","Total",603,45,137,349,72,316,10,35,210,61,287,35,102,139,11
"2011","Swansea 007B","W01000785","Total",661,57,159,398,47,330,18,32,240,40,331,39,127,158,7
"2011","Swansea 007C","W01000786","Total",691,69,143,422,57,344,20,37,238,49,347,49,106,184,8
"2011","Swansea 007D","W01000802","Total",1060,96,234,639,91,550,35,64,377,74,510,61,170,262,17
"2011","Swansea 007E","W01000877","Total",711,51,181,427,52,369,17,43,266,43,342,34,138,161,9
"2011","Swansea 007F","W01000878","Total",542,47,134,310,51,259,10,31,177,41,283,37,103,133,10
"2011","Swansea 008A","W01000809","Total",783,69,177,475,62,403,19,57,275,52,380,50,120,200,10
"2011","Swansea 008B","W01000811","Total",694,69,148,411,66,372,23,37,263,49,322,46,111,148,17
"2011","Swansea 008C","W01000812","Total",612,52,135,378,47,323,14,40,234,35,289,38,95,144,12
"2011","Swansea 008D","W01000813","Total",771,56,145,509,61,407,25,28,316,38,364,31,117,193,23
"2011","Swansea 008E","W01000814","Total",608,36,148,371,53,318,7,42,225,44,290,29,106,146,9
"2011","Swansea 009A","W01000817","Total",587,46,162,340,39,297,15,42,210,30,290,31,120,130,9
"2011","Swansea 009B","W01000818","Total",589,45,167,328,49,293,14,33,207,39,296,31,134,121,10
"2011","Swansea 009C","W01000819","Total",653,57,157,374,65,359,18,45,243,53,294,39,112,131,12
"2011","Swansea 009D","W01000820","Total",658,48,154,416,40,353,24,40,258,31,305,24,114,158,9
"2011","Swansea 009E","W01000821","Total",674,55,166,390,63,358,21,58,239,40,316,34,108,151,23
"2011","Swansea 009F","W01000822","Total",507,36,101,312,58,282,9,26,199,48,225,27,75,113,10
"2011","Swansea 010A","W01000794","Total",1234,85,249,769,131,617,25,52,437,103,617,60,197,332,28
"2011","Swansea 010B","W01000797","Total",708,61,157,438,52,368,23,31,271,43,340,38,126,167,9
"2011","Swansea 010C","W01000798","Total",615,52,150,358,55,321,16,35,221,49,294,36,115,137,6
"2011","Swansea 010D","W01000799","Total",827,55,209,494,69,425,27,46,305,47,402,28,163,189,22
"2011","Swansea 011A","W01000830","Total",477,53,162,238,24,246,18,57,154,17,231,35,105,84,7
"2011","Swansea 011B","W01000832","Total",572,55,161,326,30,321,19,49,226,27,251,36,112,100,3
"2011","Swansea 011C","W01000833","Total",539,46,155,311,27,284,12,41,207,24,255,34,114,104,3
"2011","Swansea 011D","W01000834","Total",514,46,148,284,36,259,13,34,184,28,255,33,114,100,8
"2011","Swansea 011E","W01000836","Total",922,76,226,539,81,470,22,63,318,67,452,54,163,221,14
"2011","Swansea 012A","W01000759","Total",718,57,175,428,58,374,18,43,267,46,344,39,132,161,12
"2011","Swansea 012B","W01000777","Total",852,60,189,511,92,440,17,47,302,74,412,43,142,209,18
"2011","Swansea 012C","W01000778","Total",1004,77,250,597,80,491,29,60,343,59,513,48,190,254,21
"2011","Swansea 012D","W01000779","Total",714,70,160,414,70,381,23,39,260,59,333,47,121,154,11
"2011","Swansea 013A","W01000760","Total",813,80,171,485,77,424,28,49,282,65,389,52,122,203,12
"2011","Swansea 013B","W01000761","Total",711,48,159,429,75,379,9,46,262,62,332,39,113,167,13
"2011","Swansea 013C","W01000762","Total",626,62,173,343,48,331,23,47,218,43,295,39,126,125,5
"2011","Swansea 013D","W01000831","Total",667,55,182,373,57,361,17,53,244,47,306,38,129,129,10
"2011","Swansea 013E","W01000835","Total",476,33,145,265,33,241,7,38,171,25,235,26,107,94,8
"2011","Swansea 014A","W01000738","Total",623,55,174,349,45,313,15,51,213,34,310,40,123,136,11
"2011","Swansea 014B","W01000739","Total",889,72,157,558,102,490,25,45,341,79,399,47,112,217,23
"2011","Swansea 014C","W01000740","Total",750,67,164,451,68,409,25,41,285,58,341,42,123,166,10
"2011","Swansea 014D","W01000741","Total",586,43,134,357,52,302,11,31,221,39,284,32,103,136,13
"2011","Swansea 015A","W01000763","Total",742,74,162,453,53,373,19,25,284,45,369,55,137,169,8
"2011","Swansea 015B","W01000764","Total",853,68,214,515,56,450,23,39,340,48,403,45,175,175,8
"2011","Swansea 015C","W01000765","Total",779,56,189,490,44,413,18,44,318,33,366,38,145,172,11
"2011","Swansea 015D","W01000766","Total",732,63,191,424,54,352,16,37,255,44,380,47,154,169,10
"2011","Swansea 015E","W01000767","Total",599,60,159,344,36,311,18,47,216,30,288,42,112,128,6
"2011","Swansea 016A","W01000742","Total",529,58,168,265,38,284,25,56,172,31,245,33,112,93,7
"2011","Swansea 016B","W01000744","Total",701,73,185,397,46,380,32,62,246,40,321,41,123,151,6
"2011","Swansea 016C","W01000787","Total",768,52,185,454,77,413,15,48,291,59,355,37,137,163,18
"2011","Swansea 016D","W01000788","Total",692,60,180,402,50,368,19,52,259,38,324,41,128,143,12
"2011","Swansea 016E","W01000789","Total",642,52,166,381,43,311,14,43,220,34,331,38,123,161,9
"2011","Swansea 016F","W01000790","Total",673,64,188,384,37,366,22,79,239,26,307,42,109,145,11
"2011","Swansea 017A","W01000755","Total",882,71,220,519,72,443,24,58,297,64,439,47,162,222,8
"2011","Swansea 017B","W01000756","Total",642,62,179,354,47,336,17,47,233,39,306,45,132,121,8
"2011","Swansea 017C","W01000757","Total",616,68,152,337,59,317,21,35,212,49,299,47,117,125,10
"2011","Swansea 017D","W01000758","Total",881,84,191,527,79,468,22,52,330,64,413,62,139,197,15
"2011","Swansea 018A","W01000772","Total",741,98,167,360,116,375,33,27,215,100,366,65,140,145,16
"2011","Swansea 018B","W01000828","Total",782,69,160,416,137,420,22,45,240,113,362,47,115,176,24
"2011","Swansea 018C","W01000829","Total",875,74,216,484,101,442,28,53,281,80,433,46,163,203,21
"2011","Swansea 019A","W01000862","Total",477,45,172,226,34,255,21,59,148,27,222,24,113,78,7
"2011","Swansea 019B","W01000863","Total",438,50,139,229,20,221,23,39,143,16,217,27,100,86,4
"2011","Swansea 019C","W01000864","Total",478,40,181,232,25,243,14,58,149,22,235,26,123,83,3
"2011","Swansea 019D","W01000865","Total",531,69,145,289,28,257,32,38,166,21,274,37,107,123,7
"2011","Swansea 019E","W01000866","Total",380,41,108,195,36,190,14,25,119,32,190,27,83,76,4
"2011","Swansea 019F","W01000867","Total",439,48,133,235,23,215,13,34,153,15,224,35,99,82,8
"2011","Swansea 020A","W01000768","Total",641,61,158,375,47,318,23,38,221,36,323,38,120,154,11
"2011","Swansea 020B","W01000769","Total",626,59,147,362,58,303,17,31,206,49,323,42,116,156,9
"2011","Swansea 020C","W01000770","Total",767,69,189,445,64,393,24,38,277,54,374,45,151,168,10
"2011","Swansea 020D","W01000771","Total",577,52,130,329,66,297,17,31,200,49,280,35,99,129,17
"2011","Swansea 021A","W01000849","Total",738,67,205,398,68,377,17,47,256,57,361,50,158,142,11
"2011","Swansea 021B","W01000850","Total",1023,73,204,610,136,598,26,69,397,106,425,47,135,213,30
"2011","Swansea 021C","W01000851","Total",776,68,182,469,57,400,23,46,283,48,376,45,136,186,9
"2011","Swansea 021D","W01000852","Total",662,64,177,353,68,340,21,37,223,59,322,43,140,130,9
"2011","Swansea 022A","W01000853","Total",692,65,147,411,69,368,22,39,255,52,324,43,108,156,17
"2011","Swansea 022B","W01000854","Total",696,68,123,430,75,361,22,24,257,58,335,46,99,173,17
"2011","Swansea 022C","W01000855","Total",637,59,149,349,80,327,14,41,205,67,310,45,108,144,13
"2011","Swansea 022D","W01000856","Total",602,55,128,348,71,344,27,50,210,57,258,28,78,138,14
"2011","Swansea 022E","W01000857","Total",622,54,138,366,64,335,18,58,211,48,287,36,80,155,16
"2011","Swansea 023B","W01000781","Total",732,70,156,424,82,370,20,35,253,62,362,50,121,171,20
"2011","Swansea 023C","W01000782","Total",477,44,79,319,35,244,14,19,181,30,233,30,60,138,5
"2011","Swansea 023E","W01001956","Total",1072,257,220,502,93,533,117,62,282,72,539,140,158,220,21
"2011","Swansea 024A","W01000747","Total",750,194,156,355,45,441,93,83,230,35,309,101,73,125,10
"2011","Swansea 024B","W01000868","Total",603,80,119,349,55,298,23,30,198,47,305,57,89,151,8
"2011","Swansea 024C","W01000869","Total",657,98,133,365,61,359,39,53,227,40,298,59,80,138,21
"2011","Swansea 024D","W01000870","Total",666,126,136,339,65,340,43,51,194,52,326,83,85,145,13
"2011","Swansea 024E","W01000872","Total",670,68,146,371,85,339,21,33,221,64,331,47,113,150,21
"2011","Swansea 024F","W01000874","Total",786,244,150,328,64,376,93,56,187,40,410,151,94,141,24
"2011","Swansea 025B","W01000745","Total",869,156,243,401,69,514,75,134,255,50,355,81,109,146,19
"2011","Swansea 025C","W01000746","Total",732,111,154,422,45,390,53,66,243,28,342,58,88,179,17
"2011","Swansea 025E","W01001938","Total",531,48,72,327,84,327,17,34,211,65,204,31,38,116,19
"2011","Swansea 025F","W01001955","Total",542,53,134,307,48,363,27,92,207,37,179,26,42,100,11
"2011","Swansea 025G","W01001957","Total",307,46,73,149,39,188,27,28,99,34,119,19,45,50,5
"2011","Swansea 025H","W01001958","Total",576,77,59,339,101,351,30,28,215,78,225,47,31,124,23
"2011","Swansea 026A","W01000749","Total",665,108,162,337,58,359,50,58,208,43,306,58,104,129,15
"2011","Swansea 026B","W01000871","Total",722,167,179,335,41,393,68,86,207,32,329,99,93,128,9
"2011","Swansea 026C","W01000873","Total",672,236,166,225,45,339,94,80,131,34,333,142,86,94,11
"2011","Swansea 026D","W01000875","Total",764,225,183,305,51,425,105,88,195,37,339,120,95,110,14
"2011","Swansea 026E","W01000876","Total",680,238,150,263,29,349,108,65,157,19,331,130,85,106,10
"2011","Swansea 027A","W01000858","Total",838,84,174,477,103,430,26,60,263,81,408,58,114,214,22
"2011","Swansea 027B","W01000859","Total",519,72,123,246,78,270,23,32,148,67,249,49,91,98,11
"2011","Swansea 027C","W01000860","Total",578,65,134,306,73,284,18,43,167,56,294,47,91,139,17
"2011","Swansea 027D","W01000861","Total",522,146,114,215,47,255,61,41,112,41,267,85,73,103,6
"2011","Swansea 028A","W01000736","Total",718,82,150,392,94,364,23,37,232,72,354,59,113,160,22
"2011","Swansea 028B","W01000737","Total",655,85,132,343,95,332,19,32,213,68,323,66,100,130,27
"2011","Swansea 028C","W01000804","Total",525,56,106,276,87,275,18,27,158,72,250,38,79,118,15
"2011","Swansea 028D","W01000805","Total",559,78,114,289,78,280,27,27,165,61,279,51,87,124,17
"2011","Swansea 029A","W01000879","Total",776,98,174,399,105,388,30,37,236,85,388,68,137,163,20
"2011","Swansea 029B","W01000880","Total",628,56,159,322,91,329,20,53,189,67,299,36,106,133,24
"2011","Swansea 029C","W01000881","Total",464,37,107,279,41,244,10,32,170,32,220,27,75,109,9
"2011","Swansea 029D","W01000882","Total",668,51,170,392,55,336,21,52,218,45,332,30,118,174,10
"2011","Swansea 030A","W01000775","Total",884,96,173,427,188,462,31,49,254,128,422,65,124,173,60
"2011","Swansea 030B","W01000776","Total",818,88,151,417,162,427,30,38,244,115,391,58,113,173,47
"2011","Swansea 030C","W01000839","Total",425,40,101,223,61,221,17,28,135,41,204,23,73,88,20
"2011","Swansea 030D","W01000840","Total",676,83,152,350,91,356,28,50,208,70,320,55,102,142,21
"2011","Swansea 031A","W01000823","Total",703,79,160,374,90,349,27,24,232,66,354,52,136,142,24
"2011","Swansea 031B","W01000824","Total",632,69,116,328,119,346,20,31,201,94,286,49,85,127,25
"2011","Swansea 031C","W01000825","Total",685,63,123,397,102,345,22,29,224,70,340,41,94,173,32
"2011","Swansea 031D","W01000826","Total",595,58,102,344,91,321,19,25,207,70,274,39,77,137,21
"2011","Swansea 031E","W01000827","Total",660,50,126,379,105,331,17,27,214,73,329,33,99,165,32
"2011","Neath Port Talbot 002A","W01000918","Total",888,63,172,561,92,499,19,34,370,76,389,44,138,191,16
"2011","Neath Port Talbot 002B","W01000944","Total",462,33,110,265,54,249,6,27,172,44,213,27,83,93,10
"2011","Neath Port Talbot 002C","W01000965","Total",874,64,213,518,79,467,21,46,335,65,407,43,167,183,14
"2011","Neath Port Talbot 003A","W01000893","Total",805,87,152,499,67,431,25,30,322,54,374,62,122,177,13
"2011","Neath Port Talbot 003B","W01000925","Total",558,57,121,324,56,296,19,28,198,51,262,38,93,126,5
"2011","Neath Port Talbot 003C","W01000926","Total",813,61,165,488,99,424,14,37,284,89,389,47,128,204,10
"2011","Neath Port Talbot 004A","W01000888","Total",1126,84,232,679,131,570,20,55,388,107,556,64,177,291,24
"2011","Neath Port Talbot 004B","W01000946","Total",676,62,137,389,88,374,18,39,247,70,302,44,98,142,18
"2011","Neath Port Talbot 004C","W01000947","Total",815,57,186,496,76,417,20,35,301,61,398,37,151,195,15
"2011","Neath Port Talbot 004D","W01000948","Total",829,61,187,488,93,450,21,51,303,75,379,40,136,185,18
"2011","Neath Port Talbot 004E","W01000955","Total",556,42,122,325,67,287,12,27,193,55,269,30,95,132,12
"2011","Neath Port Talbot 004F","W01000956","Total",523,40,112,322,49,275,10,28,199,38,248,30,84,123,11
"2011","Neath Port Talbot 004G","W01000971","Total",635,48,140,368,79,337,10,28,237,62,298,38,112,131,17
"2011","Neath Port Talbot 005A","W01000887","Total",1072,84,231,651,106,569,23,52,404,90,503,61,179,247,16
"2011","Neath Port Talbot 005B","W01000953","Total",692,56,158,417,61,362,21,37,258,46,330,35,121,159,15
"2011","Neath Port Talbot 005C","W01000954","Total",610,44,138,363,65,313,14,29,225,45,297,30,109,138,20
"2011","Neath Port Talbot 005D","W01000970","Total",513,48,106,315,44,272,21,26,195,30,241,27,80,120,14
"2011","Neath Port Talbot 006A","W01000902","Total",421,34,109,237,41,217,8,24,155,30,204,26,85,82,11
"2011","Neath Port Talbot 006B","W01000903","Total",512,40,97,328,47,262,11,22,189,40,250,29,75,139,7
"2011","Neath Port Talbot 006C","W01000904","Total",799,50,141,514,94,401,12,30,289,70,398,38,111,225,24
"2011","Neath Port Talbot 006D","W01000905","Total",712,54,148,435,75,357,12,20,265,60,355,42,128,170,15
"2011","Neath Port Talbot 006E","W01000908","Total",737,64,138,446,89,391,18,27,276,70,346,46,111,170,19
"2011","Neath Port Talbot 007A","W01000906","Total",439,40,91,256,52,245,17,30,157,41,194,23,61,99,11
"2011","Neath Port Talbot 007B","W01000907","Total",673,57,140,415,61,345,20,31,246,48,328,37,109,169,13
"2011","Neath Port Talbot 007C","W01000922","Total",713,49,168,435,61,354,16,36,251,51,359,33,132,184,10
"2011","Neath Port Talbot 007D","W01000923","Total",688,71,138,411,68,355,22,40,247,46,333,49,98,164,22
"2011","Neath Port Talbot 008A","W01000934","Total",492,39,118,293,42,267,17,30,186,34,225,22,88,107,8
"2011","Neath Port Talbot 008B","W01000935","Total",607,56,123,374,54,327,16,33,234,44,280,40,90,140,10
"2011","Neath Port Talbot 008C","W01000938","Total",549,51,109,325,64,281,11,26,193,51,268,40,83,132,13
"2011","Neath Port Talbot 008D","W01000939","Total",435,44,88,261,42,252,24,26,166,36,183,20,62,95,6
"2011","Neath Port Talbot 008E","W01000940","Total",475,48,106,296,25,241,14,30,180,17,234,34,76,116,8
"2011","Neath Port Talbot 009A","W01000909","Total",460,37,111,270,42,231,12,17,170,32,229,25,94,100,10
"2011","Neath Port Talbot 009B","W01000910","Total",743,50,161,461,71,381,16,27,274,64,362,34,134,187,7
"2011","Neath Port Talbot 009C","W01000911","Total",658,57,136,405,60,344,17,27,250,50,314,40,109,155,10
"2011","Neath Port Talbot 009D","W01000969","Total",653,50,130,391,82,346,13,22,246,65,307,37,108,145,17
"2011","Neath Port Talbot 010A","W01000912","Total",526,31,131,324,40,259,8,28,189,34,267,23,103,135,6
"2011","Neath Port Talbot 010B","W01000913","Total",549,48,101,350,50,285,18,13,211,43,264,30,88,139,7
"2011","Neath Port Talbot 010C","W01000914","Total",632,53,143,380,56,354,20,42,245,47,278,33,101,135,9
"2011","Neath Port Talbot 010D","W01000915","Total",565,36,138,343,48,287,7,32,212,36,278,29,106,131,12
"2011","Neath Port Talbot 010E","W01000916","Total",578,39,107,385,47,297,12,19,223,43,281,27,88,162,4
"2011","Neath Port Talbot 010F","W01000917","Total",1374,110,269,852,143,714,30,50,518,116,660,80,219,334,27
"2011","Neath Port Talbot 011A","W01000920","Total",515,50,108,316,41,269,13,17,210,29,246,37,91,106,12
"2011","Neath Port Talbot 011B","W01000921","Total",417,47,120,219,31,212,9,25,155,23,205,38,95,64,8
"2011","Neath Port Talbot 011C","W01000924","Total",374,38,93,218,25,208,9,23,155,21,166,29,70,63,4
"2011","Neath Port Talbot 011D","W01000930","Total",442,29,121,252,40,245,9,32,175,29,197,20,89,77,11
"2011","Neath Port Talbot 012A","W01000936","Total",632,62,147,375,48,316,9,31,242,34,316,53,116,133,14
"2011","Neath Port Talbot 012B","W01000941","Total",594,41,141,355,57,318,17,31,224,46,276,24,110,131,11
"2011","Neath Port Talbot 012C","W01000942","Total",719,66,167,435,51,364,28,32,258,46,355,38,135,177,5
"2011","Neath Port Talbot 012D","W01000943","Total",737,58,173,444,62,374,18,26,281,49,363,40,147,163,13
"2011","Neath Port Talbot 013A","W01000894","Total",584,44,126,354,60,293,12,19,220,42,291,32,107,134,18
"2011","Neath Port Talbot 013B","W01000895","Total",647,38,154,392,63,338,11,30,241,56,309,27,124,151,7
"2011","Neath Port Talbot 013C","W01000896","Total",567,44,133,336,54,286,10,23,208,45,281,34,110,128,9
"2011","Neath Port Talbot 013D","W01000897","Total",537,51,113,328,45,283,13,28,203,39,254,38,85,125,6
"2011","Neath Port Talbot 013E","W01000937","Total",875,66,186,551,72,460,29,33,340,58,415,37,153,211,14
"2011","Neath Port Talbot 014A","W01000898","Total",645,64,128,396,57,354,25,23,260,46,291,39,105,136,11
"2011","Neath Port Talbot 014B","W01000899","Total",784,55,172,486,71,400,11,27,300,62,384,44,145,186,9
"2011","Neath Port Talbot 014C","W01000900","Total",664,54,143,383,84,345,15,26,241,63,319,39,117,142,21
"2011","Neath Port Talbot 014D","W01000901","Total",696,61,161,412,62,356,18,31,257,50,340,43,130,155,12
"2011","Neath Port Talbot 014E","W01000945","Total",506,30,104,306,66,273,4,25,191,53,233,26,79,115,13
"2011","Neath Port Talbot 015A","W01000889","Total",846,62,146,544,94,445,18,36,317,74,401,44,110,227,20
"2011","Neath Port Talbot 015B","W01000890","Total",793,71,149,499,74,420,25,25,313,57,373,46,124,186,17
"2011","Neath Port Talbot 015C","W01000891","Total",641,47,125,420,49,330,14,20,261,35,311,33,105,159,14
"2011","Neath Port Talbot 015D","W01000892","Total",804,47,159,520,78,426,20,37,310,59,378,27,122,210,19
"2011","Neath Port Talbot 016A","W01000883","Total",762,76,141,481,64,403,22,19,307,55,359,54,122,174,9
"2011","Neath Port Talbot 016B","W01000958","Total",502,36,143,282,41,260,11,32,186,31,242,25,111,96,10
"2011","Neath Port Talbot 016C","W01000961","Total",600,42,122,396,40,321,11,23,252,35,279,31,99,144,5
"2011","Neath Port Talbot 016D","W01000962","Total",523,54,155,283,31,281,16,50,188,27,242,38,105,95,4
"2011","Neath Port Talbot 016E","W01000963","Total",547,39,143,323,42,283,14,27,205,37,264,25,116,118,5
"2011","Neath Port Talbot 016F","W01000964","Total",596,51,144,360,41,317,14,28,241,34,279,37,116,119,7
"2011","Neath Port Talbot 017A","W01000884","Total",516,48,125,304,39,299,19,35,212,33,217,29,90,92,6
"2011","Neath Port Talbot 017B","W01000885","Total",484,32,106,309,37,247,11,17,193,26,237,21,89,116,11
"2011","Neath Port Talbot 017C","W01000886","Total",571,37,134,352,48,312,6,35,231,40,259,31,99,121,8
"2011","Neath Port Talbot 017D","W01000957","Total",533,54,129,303,47,278,19,28,196,35,255,35,101,107,12
"2011","Neath Port Talbot 017E","W01000959","Total",836,70,162,528,76,458,26,41,327,64,378,44,121,201,12
"2011","Neath Port Talbot 017F","W01000960","Total",713,52,152,461,48,364,21,26,279,38,349,31,126,182,10
"2011","Neath Port Talbot 018A","W01000949","Total",634,37,120,416,61,344,5,34,253,52,290,32,86,163,9
"2011","Neath Port Talbot 018B","W01000950","Total",749,69,120,511,49,421,25,30,323,43,328,44,90,188,6
"2011","Neath Port Talbot 018C","W01000951","Total",724,70,142,441,71,387,19,42,270,56,337,51,100,171,15
"2011","Neath Port Talbot 018D","W01000952","Total",562,41,127,335,59,289,14,28,199,48,273,27,99,136,11
"2011","Neath Port Talbot 018E","W01000966","Total",579,48,134,357,40,329,20,34,238,37,250,28,100,119,3
"2011","Neath Port Talbot 019A","W01000932","Total",430,27,74,290,39,244,11,13,189,31,186,16,61,101,8
"2011","Neath Port Talbot 019B","W01000933","Total",1041,91,185,600,165,534,27,38,348,121,507,64,147,252,44
"2011","Neath Port Talbot 019C","W01000967","Total",583,54,120,358,51,303,17,18,228,40,280,37,102,130,11
"2011","Neath Port Talbot 019D","W01000968","Total",869,46,198,552,73,450,18,30,346,56,419,28,168,206,17
"2011","Neath Port Talbot 020A","W01000919","Total",511,43,92,305,71,285,16,17,192,60,226,27,75,113,11
"2011","Neath Port Talbot 020B","W01000927","Total",762,48,150,498,66,398,14,29,299,56,364,34,121,199,10
"2011","Neath Port Talbot 020C","W01000928","Total",665,45,140,412,68,355,14,37,251,53,310,31,103,161,15
"2011","Neath Port Talbot 020D","W01000929","Total",495,35,110,307,43,260,9,37,180,34,235,26,73,127,9
"2011","Neath Port Talbot 020E","W01000931","Total",546,39,129,330,48,277,11,28,201,37,269,28,101,129,11
"2011","Neath Port Talbot 020F","W01000973","Total",579,42,135,368,34,305,17,37,223,28,274,25,98,145,6
"2011","Neath Port Talbot 020G","W01001900","Total",612,38,135,376,63,329,16,32,229,52,283,22,103,147,11
"2011","Bridgend 001A","W01000991","Total",312,42,88,172,10,161,12,17,123,9,151,30,71,49,1
"2011","Bridgend 001B","W01000992","Total",491,40,125,291,35,268,8,33,198,29,223,32,92,93,6
"2011","Bridgend 001C","W01000993","Total",534,38,134,326,36,285,8,29,218,30,249,30,105,108,6
"2011","Bridgend 001D","W01000994","Total",548,56,124,336,32,282,18,30,206,28,266,38,94,130,4
"2011","Bridgend 001E","W01000995","Total",585,36,134,364,51,306,10,26,230,40,279,26,108,134,11
"2011","Bridgend 002A","W01001014","Total",651,46,154,403,48,334,8,42,250,34,317,38,112,153,14
"2011","Bridgend 002B","W01001015","Total",558,46,131,333,48,290,10,25,215,40,268,36,106,118,8
"2011","Bridgend 002C","W01001017","Total",700,52,141,436,71,370,21,32,263,54,330,31,109,173,17
"2011","Bridgend 002D","W01001018","Total",579,51,123,359,46,303,14,25,228,36,276,37,98,131,10
"2011","Bridgend 002E","W01001020","Total",618,43,147,374,54,317,12,27,234,44,301,31,120,140,10
"2011","Bridgend 003A","W01000976","Total",442,31,100,268,43,234,8,19,172,35,208,23,81,96,8
"2011","Bridgend 003B","W01000977","Total",584,56,108,350,70,307,19,23,205,60,277,37,85,145,10
"2011","Bridgend 003C","W01001024","Total",486,48,106,286,46,270,16,30,182,42,216,32,76,104,4
"2011","Bridgend 003D","W01001025","Total",553,50,141,314,48,275,14,26,199,36,278,36,115,115,12
"2011","Bridgend 003E","W01001033","Total",798,72,187,485,54,425,24,49,305,47,373,48,138,180,7
"2011","Bridgend 003F","W01001034","Total",607,44,141,376,46,326,9,33,246,38,281,35,108,130,8
"2011","Bridgend 004A","W01000975","Total",758,70,214,413,61,402,20,57,275,50,356,50,157,138,11
"2011","Bridgend 004B","W01000978","Total",769,66,179,450,74,407,14,38,295,60,362,52,141,155,14
"2011","Bridgend 004C","W01001009","Total",560,52,116,337,55,288,16,26,205,41,272,36,90,132,14
"2011","Bridgend 004D","W01001042","Total",570,44,119,374,33,305,11,22,246,26,265,33,97,128,7
"2011","Bridgend 004E","W01001043","Total",492,53,110,292,37,267,16,28,193,30,225,37,82,99,7
"2011","Bridgend 005A","W01001012","Total",779,50,162,465,102,413,10,31,294,78,366,40,131,171,24
"2011","Bridgend 005B","W01001013","Total",591,36,128,359,68,321,14,32,222,53,270,22,96,137,15
"2011","Bridgend 005C","W01001016","Total",622,33,146,387,56,330,7,29,250,44,292,26,117,137,12
"2011","Bridgend 005D","W01001019","Total",583,45,143,343,52,312,13,30,223,46,271,32,113,120,6
"2011","Bridgend 006A","W01000974","Total",1040,80,223,637,100,555,27,57,397,74,485,53,166,240,26
"2011","Bridgend 006B","W01001057","Total",628,58,155,351,64,317,20,36,207,54,311,38,119,144,10
"2011","Bridgend 006C","W01001058","Total",972,85,180,604,103,480,27,24,345,84,492,58,156,259,19
"2011","Bridgend 007A","W01000986","Total",713,41,145,454,73,366,12,36,264,54,347,29,109,190,19
"2011","Bridgend 007B","W01000987","Total",985,64,224,609,88,525,22,51,378,74,460,42,173,231,14
"2011","Bridgend 007C","W01001055","Total",444,38,113,246,47,236,10,29,154,43,208,28,84,92,4
"2011","Bridgend 007D","W01001056","Total",551,44,133,318,56,304,13,36,203,52,247,31,97,115,4
"2011","Bridgend 008A","W01000996","Total",671,68,134,399,70,349,21,20,249,59,322,47,114,150,11
"2011","Bridgend 008B","W01001048","Total",728,61,145,456,66,381,13,38,279,51,347,48,107,177,15
"2011","Bridgend 008C","W01001049","Total",474,35,110,284,45,241,7,20,177,37,233,28,90,107,8
"2011","Bridgend 008D","W01001050","Total",703,52,145,445,61,374,13,30,283,48,329,39,115,162,13
"2011","Bridgend 008E","W01001051","Total",765,52,183,441,89,401,20,33,268,80,364,32,150,173,9
"2011","Bridgend 008F","W01001052","Total",548,36,121,357,34,289,8,30,226,25,259,28,91,131,9
"2011","Bridgend 009A","W01001004","Total",433,37,112,256,28,221,13,29,155,24,212,24,83,101,4
"2011","Bridgend 009B","W01001005","Total",838,57,159,506,116,447,15,44,295,93,391,42,115,211,23
"2011","Bridgend 009C","W01001006","Total",1173,112,227,719,115,619,31,46,440,102,554,81,181,279,13
"2011","Bridgend 009D","W01001007","Total",790,56,167,474,93,421,25,44,277,75,369,31,123,197,18
"2011","Bridgend 009E","W01001039","Total",833,60,160,514,99,436,13,34,312,77,397,47,126,202,22
"2011","Bridgend 009F","W01001040","Total",732,66,137,454,75,375,12,27,270,66,357,54,110,184,9
"2011","Bridgend 010A","W01000999","Total",526,38,135,296,57,265,13,28,179,45,261,25,107,117,12
"2011","Bridgend 010B","W01001000","Total",826,71,158,479,118,415,26,38,267,84,411,45,120,212,34
"2011","Bridgend 010C","W01001001","Total",572,49,134,322,67,296,13,25,200,58,276,36,109,122,9
"2011","Bridgend 010D","W01001002","Total",978,72,189,608,109,516,14,43,379,80,462,58,146,229,29
"2011","Bridgend 011A","W01000998","Total",865,92,185,474,114,545,57,112,283,93,320,35,73,191,21
"2011","Bridgend 011B","W01001008","Total",996,83,201,602,110,515,29,48,357,81,481,54,153,245,29
"2011","Bridgend 011C","W01001038","Total",957,72,182,604,99,495,24,50,340,81,462,48,132,264,18
"2011","Bridgend 012A","W01000997","Total",674,50,146,413,65,367,12,35,265,55,307,38,111,148,10
"2011","Bridgend 012B","W01001010","Total",570,48,142,327,53,282,17,27,195,43,288,31,115,132,10
"2011","Bridgend 012C","W01001011","Total",683,60,142,419,62,368,21,29,271,47,315,39,113,148,15
"2011","Bridgend 012D","W01001026","Total",769,65,184,436,84,420,18,51,281,70,349,47,133,155,14
"2011","Bridgend 013A","W01000989","Total",656,51,117,382,106,348,17,31,217,83,308,34,86,165,23
"2011","Bridgend 013B","W01001037","Total",742,54,152,465,71,386,15,36,273,62,356,39,116,192,9
"2011","Bridgend 013C","W01001041","Total",1175,86,240,702,147,601,22,48,426,105,574,64,192,276,42
"2011","Bridgend 014A","W01001021","Total",728,46,133,464,85,405,14,42,279,70,323,32,91,185,15
"2011","Bridgend 014B","W01001022","Total",493,52,121,284,36,254,17,43,163,31,239,35,78,121,5
"2011","Bridgend 014C","W01001023","Total",702,64,147,419,72,378,19,51,252,56,324,45,96,167,16
"2011","Bridgend 014D","W01001028","Total",891,77,180,540,94,470,24,42,332,72,421,53,138,208,22
"2011","Bridgend 014E","W01001035","Total",714,56,130,462,66,384,18,35,277,54,330,38,95,185,12
"2011","Bridgend 015A","W01000979","Total",887,79,178,537,93,453,31,36,309,77,434,48,142,228,16
"2011","Bridgend 015B","W01000983","Total",895,81,145,556,113,460,21,36,319,84,435,60,109,237,29
"2011","Bridgend 015C","W01000985","Total",802,59,149,497,97,404,19,25,281,79,398,40,124,216,18
"2011","Bridgend 015D","W01001003","Total",557,58,95,315,89,282,19,16,183,64,275,39,79,132,25
"2011","Bridgend 016A","W01000980","Total",711,61,131,463,56,379,17,30,284,48,332,44,101,179,8
"2011","Bridgend 016B","W01000981","Total",411,48,107,231,25,196,19,25,134,18,215,29,82,97,7
"2011","Bridgend 016C","W01000982","Total",740,70,143,446,81,387,19,37,266,65,353,51,106,180,16
"2011","Bridgend 016D","W01000984","Total",1191,74,236,743,138,617,19,54,438,106,574,55,182,305,32
"2011","Bridgend 017B","W01000990","Total",647,52,136,389,70,350,17,29,250,54,297,35,107,139,16
"2011","Bridgend 017C","W01001027","Total",644,64,120,391,69,333,22,27,225,59,311,42,93,166,10
"2011","Bridgend 017D","W01001036","Total",776,85,138,455,98,403,26,31,272,74,373,59,107,183,24
"2011","Bridgend 017E","W01001918","Total",898,44,171,545,138,473,14,30,321,108,425,30,141,224,30
"2011","Bridgend 017F","W01001919","Total",819,57,139,531,92,410,17,24,301,68,409,40,115,230,24
"2011","Bridgend 017G","W01001920","Total",692,46,121,429,96,357,15,19,252,71,335,31,102,177,25
"2011","Bridgend 017H","W01001921","Total",805,51,164,485,105,418,12,30,285,91,387,39,134,200,14
"2011","Bridgend 018A","W01001031","Total",660,50,137,383,90,343,14,33,233,63,317,36,104,150,27
"2011","Bridgend 018B","W01001032","Total",729,74,133,453,69,350,20,25,253,52,379,54,108,200,17
"2011","Bridgend 018C","W01001046","Total",665,59,168,340,98,341,18,48,196,79,324,41,120,144,19
"2011","Bridgend 018D","W01001047","Total",688,76,137,386,89,359,27,29,228,75,329,49,108,158,14
"2011","Bridgend 018E","W01001053","Total",390,36,82,219,53,224,14,23,142,45,166,22,59,77,8
"2011","Bridgend 018F","W01001054","Total",449,48,76,238,87,236,17,19,128,72,213,31,57,110,15
"2011","Bridgend 019A","W01001029","Total",733,65,137,433,98,391,23,40,254,74,342,42,97,179,24
"2011","Bridgend 019B","W01001030","Total",783,80,150,453,100,405,27,36,265,77,378,53,114,188,23
"2011","Bridgend 019C","W01001044","Total",613,54,139,370,50,342,19,35,243,45,271,35,104,127,5
"2011","Bridgend 019D","W01001045","Total",766,70,194,419,83,399,22,57,252,68,367,48,137,167,15
"2011","The Vale of Glamorgan 001A","W01001105","Total",1281,136,253,623,269,686,37,67,378,204,595,99,186,245,65
"2011","The Vale of Glamorgan 001B","W01001127","Total",536,53,102,295,86,282,19,27,177,59,254,34,75,118,27
"2011","The Vale of Glamorgan 001C","W01001128","Total",710,75,143,377,115,373,25,33,229,86,337,50,110,148,29
"2011","The Vale of Glamorgan 002A","W01001082","Total",621,77,115,342,87,343,33,39,206,65,278,44,76,136,22
"2011","The Vale of Glamorgan 002B","W01001083","Total",732,96,148,338,150,390,23,36,206,125,342,73,112,132,25
"2011","The Vale of Glamorgan 002C","W01001084","Total",714,94,159,338,123,383,31,52,204,96,331,63,107,134,27
"2011","The Vale of Glamorgan 002D","W01001085","Total",741,77,144,358,162,409,20,34,230,125,332,57,110,128,37
"2011","The Vale of Glamorgan 003A","W01001113","Total",1073,108,239,495,231,567,32,68,284,183,506,76,171,211,48
"2011","The Vale of Glamorgan 003B","W01001119","Total",890,89,161,442,198,469,22,46,254,147,421,67,115,188,51
"2011","The Vale of Glamorgan 003C","W01001135","Total",733,92,145,334,162,377,30,26,193,128,356,62,119,141,34
"2011","The Vale of Glamorgan 003D","W01001136","Total",563,51,115,319,78,290,18,26,190,56,273,33,89,129,22
"2011","The Vale of Glamorgan 004A","W01001075","Total",579,38,129,355,57,283,9,28,209,37,296,29,101,146,20
"2011","The Vale of Glamorgan 004B","W01001076","Total",765,69,152,489,55,379,18,45,273,43,386,51,107,216,12
"2011","The Vale of Glamorgan 004C","W01001077","Total",632,53,156,359,64,307,18,47,193,49,325,35,109,166,15
"2011","The Vale of Glamorgan 004D","W01001078","Total",607,68,147,340,52,316,23,40,210,43,291,45,107,130,9
"2011","The Vale of Glamorgan 004E","W01001104","Total",1007,95,197,608,107,512,43,53,343,73,495,52,144,265,34
"2011","The Vale of Glamorgan 004F","W01001129","Total",620,44,141,371,64,324,16,34,220,54,296,28,107,151,10
"2011","The Vale of Glamorgan 005A","W01001116","Total",869,94,158,464,153,452,24,43,266,119,417,70,115,198,34
"2011","The Vale of Glamorgan 005B","W01001123","Total",833,61,171,480,121,443,20,51,275,97,390,41,120,205,24
"2011","The Vale of Glamorgan 005C","W01001124","Total",780,67,154,478,81,399,25,42,273,59,381,42,112,205,22
"2011","The Vale of Glamorgan 005D","W01001125","Total",691,60,145,405,81,354,11,43,242,58,337,49,102,163,23
"2011","The Vale of Glamorgan 005E","W01001126","Total",1208,77,144,776,211,677,28,51,441,157,531,49,93,335,54
"2011","The Vale of Glamorgan 005F","W01001130","Total",630,69,124,326,111,334,25,27,194,88,296,44,97,132,23
"2011","The Vale of Glamorgan 006A","W01001086","Total",735,93,141,380,121,389,34,34,226,95,346,59,107,154,26
"2011","The Vale of Glamorgan 006B","W01001087","Total",701,73,157,394,77,351,29,31,230,61,350,44,126,164,16
"2011","The Vale of Glamorgan 006C","W01001088","Total",722,74,166,405,77,354,22,40,236,56,368,52,126,169,21
"2011","The Vale of Glamorgan 006D","W01001089","Total",731,62,169,411,89,373,22,33,249,69,358,40,136,162,20
"2011","The Vale of Glamorgan 006E","W01001090","Total",718,59,154,423,82,363,20,38,242,63,355,39,116,181,19
"2011","The Vale of Glamorgan 007A","W01001081","Total",574,47,160,318,49,288,14,37,194,43,286,33,123,124,6
"2011","The Vale of Glamorgan 007B","W01001092","Total",731,71,173,423,64,369,27,28,257,57,362,44,145,166,7
"2011","The Vale of Glamorgan 007C","W01001094","Total",557,38,145,315,59,264,13,27,180,44,293,25,118,135,15
"2011","The Vale of Glamorgan 007D","W01001095","Total",506,45,133,277,51,266,17,29,173,47,240,28,104,104,4
"2011","The Vale of Glamorgan 007E","W01001096","Total",589,49,109,380,51,307,17,27,221,42,282,32,82,159,9
"2011","The Vale of Glamorgan 007F","W01001097","Total",587,72,156,306,53,269,21,28,177,43,318,51,128,129,10
"2011","The Vale of Glamorgan 008A","W01001114","Total",677,73,151,342,111,354,26,37,203,88,323,47,114,139,23
"2011","The Vale of Glamorgan 008B","W01001115","Total",939,110,213,489,127,475,37,41,297,100,464,73,172,192,27
"2011","The Vale of Glamorgan 008C","W01001131","Total",783,69,186,445,83,375,17,40,251,67,408,52,146,194,16
"2011","The Vale of Glamorgan 008D","W01001132","Total",700,61,149,413,77,339,19,33,224,63,361,42,116,189,14
"2011","The Vale of Glamorgan 008E","W01001133","Total",943,89,190,507,157,509,22,55,302,130,434,67,135,205,27
"2011","The Vale of Glamorgan 008F","W01001134","Total",605,56,114,351,84,301,13,28,199,61,304,43,86,152,23
"2011","The Vale of Glamorgan 009A","W01001067","Total",540,49,123,324,44,271,16,32,189,34,269,33,91,135,10
"2011","The Vale of Glamorgan 009B","W01001068","Total",917,75,209,544,89,448,19,50,302,77,469,56,159,242,12
"2011","The Vale of Glamorgan 009C","W01001070","Total",487,38,112,300,37,261,18,33,176,34,226,20,79,124,3
"2011","The Vale of Glamorgan 009D","W01001071","Total",717,66,163,420,68,363,16,41,256,50,354,50,122,164,18
"2011","The Vale of Glamorgan 009E","W01001072","Total",1494,95,285,928,186,750,32,62,514,142,744,63,223,414,44
"2011","The Vale of Glamorgan 010A","W01001091","Total",827,72,204,462,89,417,27,47,275,68,410,45,157,187,21
"2011","The Vale of Glamorgan 010B","W01001098","Total",536,41,109,326,60,273,11,27,191,44,263,30,82,135,16
"2011","The Vale of Glamorgan 010C","W01001100","Total",734,69,143,441,81,396,29,29,270,68,338,40,114,171,13
"2011","The Vale of Glamorgan 010D","W01001103","Total",654,68,139,391,56,320,21,31,228,40,334,47,108,163,16
"2011","The Vale of Glamorgan 011A","W01001106","Total",697,78,112,428,79,343,20,25,239,59,354,58,87,189,20
"2011","The Vale of Glamorgan 011B","W01001107","Total",655,68,142,366,79,330,17,37,213,63,325,51,105,153,16
"2011","The Vale of Glamorgan 011C","W01001109","Total",636,62,149,373,52,332,15,43,235,39,304,47,106,138,13
"2011","The Vale of Glamorgan 011D","W01001110","Total",618,60,112,312,134,336,13,39,181,103,282,47,73,131,31
"2011","The Vale of Glamorgan 011E","W01001111","Total",632,64,139,368,61,317,17,30,224,46,315,47,109,144,15
"2011","The Vale of Glamorgan 011F","W01001112","Total",782,65,165,472,80,392,17,37,276,62,390,48,128,196,18
"2011","The Vale of Glamorgan 012A","W01001063","Total",829,72,188,488,81,444,18,48,309,69,385,54,140,179,12
"2011","The Vale of Glamorgan 012B","W01001065","Total",704,76,154,412,62,354,27,30,246,51,350,49,124,166,11
"2011","The Vale of Glamorgan 012C","W01001069","Total",635,56,147,378,54,316,19,37,220,40,319,37,110,158,14
"2011","The Vale of Glamorgan 012E","W01001079","Total",701,45,180,420,56,349,15,46,239,49,352,30,134,181,7
"2011","The Vale of Glamorgan 012F","W01001080","Total",713,81,165,409,58,347,28,25,242,52,366,53,140,167,6
"2011","The Vale of Glamorgan 012G","W01001910","Total",810,58,193,500,59,420,14,46,313,47,390,44,147,187,12
"2011","The Vale of Glamorgan 012H","W01001911","Total",517,45,116,317,39,271,22,27,194,28,246,23,89,123,11
"2011","The Vale of Glamorgan 013A","W01001062","Total",676,60,133,405,78,345,20,35,232,58,331,40,98,173,20
"2011","The Vale of Glamorgan 013B","W01001064","Total",486,43,120,277,46,230,11,27,153,39,256,32,93,124,7
"2011","The Vale of Glamorgan 013C","W01001093","Total",672,60,151,399,62,355,19,36,249,51,317,41,115,150,11
"2011","The Vale of Glamorgan 013D","W01001099","Total",538,39,138,324,37,265,11,33,196,25,273,28,105,128,12
"2011","The Vale of Glamorgan 013E","W01001101","Total",703,53,151,432,67,366,20,34,257,55,337,33,117,175,12
"2011","The Vale of Glamorgan 013F","W01001102","Total",764,49,182,460,73,373,15,37,266,55,391,34,145,194,18
"2011","The Vale of Glamorgan 014A","W01001108","Total",832,75,144,460,153,465,23,27,286,129,367,52,117,174,24
"2011","The Vale of Glamorgan 014B","W01001117","Total",644,52,135,388,69,321,16,30,224,51,323,36,105,164,18
"2011","The Vale of Glamorgan 014C","W01001118","Total",1192,114,230,685,163,610,36,43,405,126,582,78,187,280,37
"2011","The Vale of Glamorgan 014D","W01001120","Total",742,68,142,435,97,368,18,37,238,75,374,50,105,197,22
"2011","The Vale of Glamorgan 014E","W01001121","Total",638,49,108,394,87,349,13,27,245,64,289,36,81,149,23
"2011","The Vale of Glamorgan 014F","W01001122","Total",1708,115,189,987,417,1220,43,37,759,381,488,72,152,228,36
"2011","The Vale of Glamorgan 015A","W01001059","Total",623,52,103,362,106,343,19,28,212,84,280,33,75,150,22
"2011","The Vale of Glamorgan 015B","W01001060","Total",661,56,134,389,82,345,18,32,230,65,316,38,102,159,17
"2011","The Vale of Glamorgan 015C","W01001061","Total",1023,73,220,607,123,526,23,56,357,90,497,50,164,250,33
"2011","The Vale of Glamorgan 015D","W01001066","Total",726,44,180,436,66,367,10,43,260,54,359,34,137,176,12
"2011","The Vale of Glamorgan 015E","W01001073","Total",902,69,195,542,96,462,21,48,313,80,440,48,147,229,16
"2011","Cardiff 001A","W01001777","Total",658,98,118,331,111,352,34,30,197,91,306,64,88,134,20
"2011","Cardiff 001B","W01001778","Total",885,97,176,460,152,489,36,51,277,125,396,61,125,183,27
"2011","Cardiff 001C","W01001794","Total",798,55,161,506,76,373,14,28,271,60,425,41,133,235,16
"2011","Cardiff 001D","W01001799","Total",500,50,106,257,87,260,12,23,157,68,240,38,83,100,19
"2011","Cardiff 002A","W01001793","Total",841,74,143,528,96,415,21,18,309,67,426,53,125,219,29
"2011","Cardiff 002B","W01001795","Total",904,66,158,566,114,447,17,26,322,82,457,49,132,244,32
"2011","Cardiff 002C","W01001796","Total",828,72,143,514,99,393,22,25,276,70,435,50,118,238,29
"2011","Cardiff 002D","W01001798","Total",745,54,159,455,77,359,14,29,258,58,386,40,130,197,19
"2011","Cardiff 003A","W01001841","Total",1100,98,192,684,126,569,39,49,386,95,531,59,143,298,31
"2011","Cardiff 003B","W01001842","Total",1075,58,158,728,131,538,20,34,391,93,537,38,124,337,38
"2011","Cardiff 003C","W01001843","Total",1257,85,197,772,203,662,26,33,451,152,595,59,164,321,51
"2011","Cardiff 003D","W01001844","Total",1153,88,206,729,130,545,28,39,379,99,608,60,167,350,31
"2011","Cardiff 004A","W01001849","Total",732,72,161,409,90,364,21,36,230,77,368,51,125,179,13
"2011","Cardiff 004B","W01001852","Total",869,82,151,494,142,454,24,27,290,113,415,58,124,204,29
"2011","Cardiff 004C","W01001853","Total",627,56,122,384,65,332,24,32,224,52,295,32,90,160,13
"2011","Cardiff 004D","W01001854","Total",626,52,142,374,58,316,15,38,215,48,310,37,104,159,10
"2011","Cardiff 005A","W01001791","Total",735,79,152,414,90,382,29,36,248,69,353,50,116,166,21
"2011","Cardiff 005B","W01001792","Total",722,67,163,421,71,368,15,47,250,56,354,52,116,171,15
"2011","Cardiff 005C","W01001797","Total",727,65,135,437,90,380,30,34,245,71,347,35,101,192,19
"2011","Cardiff 005D","W01001800","Total",640,51,165,375,49,305,20,38,209,38,335,31,127,166,11
"2011","Cardiff 005F","W01001949","Total",777,33,100,556,88,377,11,20,290,56,400,22,80,266,32
"2011","Cardiff 005G","W01001953","Total",727,61,147,454,65,372,26,42,250,54,355,35,105,204,11
"2011","Cardiff 006A","W01001820","Total",612,56,116,374,66,308,16,19,227,46,304,40,97,147,20
"2011","Cardiff 006C","W01001846","Total",929,99,171,519,140,471,28,32,306,105,458,71,139,213,35
"2011","Cardiff 006D","W01001847","Total",701,90,138,360,113,371,36,35,208,92,330,54,103,152,21
"2011","Cardiff 006E","W01001948","Total",962,67,145,591,159,473,21,21,314,117,489,46,124,277,42
"2011","Cardiff 006F","W01001954","Total",687,64,141,356,126,371,26,42,211,92,316,38,99,145,34
"2011","Cardiff 007A","W01001802","Total",722,53,162,445,62,344,15,35,250,44,378,38,127,195,18
"2011","Cardiff 007B","W01001807","Total",531,35,147,315,34,262,13,32,192,25,269,22,115,123,9
"2011","Cardiff 007C","W01001808","Total",545,50,131,327,37,273,7,33,205,28,272,43,98,122,9
"2011","Cardiff 007D","W01001840","Total",949,87,168,584,110,486,26,53,327,80,463,61,115,257,30
"2011","Cardiff 008A","W01001730","Total",633,88,135,268,142,337,26,38,159,114,296,62,97,109,28
"2011","Cardiff 008B","W01001731","Total",667,77,125,362,103,336,17,20,218,81,331,60,105,144,22
"2011","Cardiff 008C","W01001736","Total",617,55,121,355,86,323,20,30,203,70,294,35,91,152,16
"2011","Cardiff 008D","W01001815","Total",672,69,143,404,56,333,22,34,227,50,339,47,109,177,6
"2011","Cardiff 009A","W01001811","Total",444,38,117,253,36,227,15,36,146,30,217,23,81,107,6
"2011","Cardiff 009B","W01001816","Total",1249,84,236,819,110,601,30,64,429,78,648,54,172,390,32
"2011","Cardiff 009C","W01001817","Total",721,67,150,435,69,346,17,32,244,53,375,50,118,191,16
"2011","Cardiff 009D","W01001818","Total",789,66,159,483,81,414,32,46,275,61,375,34,113,208,20
"2011","Cardiff 010A","W01001888","Total",867,78,164,544,81,433,28,35,307,63,434,50,129,237,18
"2011","Cardiff 010B","W01001893","Total",948,71,212,572,93,464,17,47,330,70,484,54,165,242,23
"2011","Cardiff 010C","W01001894","Total",777,66,163,470,78,396,26,29,282,59,381,40,134,188,19
"2011","Cardiff 010D","W01001895","Total",613,57,119,355,82,312,24,23,209,56,301,33,96,146,26
"2011","Cardiff 011A","W01001877","Total",974,81,185,601,107,501,22,38,361,80,473,59,147,240,27
"2011","Cardiff 011B","W01001878","Total",751,57,153,468,73,369,13,28,274,54,382,44,125,194,19
"2011","Cardiff 011C","W01001882","Total",976,62,175,649,90,481,21,42,353,65,495,41,133,296,25
"2011","Cardiff 011D","W01001885","Total",995,70,199,604,122,485,22,31,340,92,510,48,168,264,30
"2011","Cardiff 012A","W01001773","Total",1260,84,181,842,153,663,30,48,479,106,597,54,133,363,47
"2011","Cardiff 012B","W01001848","Total",727,54,153,449,71,371,19,32,267,53,356,35,121,182,18
"2011","Cardiff 012C","W01001850","Total",898,98,192,510,98,462,27,43,316,76,436,71,149,194,22
"2011","Cardiff 012D","W01001851","Total",660,57,124,426,53,351,15,24,273,39,309,42,100,153,14
"2011","Cardiff 013A","W01001879","Total",766,59,186,447,74,348,21,37,236,54,418,38,149,211,20
"2011","Cardiff 013B","W01001880","Total",506,32,136,302,36,248,13,33,173,29,258,19,103,129,7
"2011","Cardiff 013C","W01001881","Total",574,51,138,341,44,280,14,31,199,36,294,37,107,142,8
"2011","Cardiff 013D","W01001884","Total",393,30,157,182,24,148,8,27,97,16,245,22,130,85,8
"2011","Cardiff 014A","W01001727","Total",574,52,107,329,86,283,16,20,188,59,291,36,87,141,27
"2011","Cardiff 014B","W01001728","Total",763,69,137,441,116,393,20,32,252,89,370,49,105,189,27
"2011","Cardiff 014C","W01001729","Total",1228,94,222,706,206,630,32,44,403,151,598,62,178,303,55
"2011","Cardiff 014D","W01001819","Total",1125,120,230,633,142,568,49,58,353,108,557,71,172,280,34
"2011","Cardiff 015A","W01001803","Total",628,53,146,372,57,340,25,37,237,41,288,28,109,135,16
"2011","Cardiff 015B","W01001804","Total",694,50,152,431,61,357,17,44,255,41,337,33,108,176,20
"2011","Cardiff 015C","W01001805","Total",645,59,144,386,56,326,17,34,227,48,319,42,110,159,8
"2011","Cardiff 015D","W01001806","Total",733,51,143,461,78,403,16,37,288,62,330,35,106,173,16
"2011","Cardiff 016A","W01001866","Total",532,39,110,336,47,264,10,28,191,35,268,29,82,145,12
"2011","Cardiff 016B","W01001867","Total",483,35,118,283,47,244,11,26,170,37,239,24,92,113,10
"2011","Cardiff 016C","W01001883","Total",568,50,138,346,34,271,11,42,191,27,297,39,96,155,7
"2011","Cardiff 016D","W01001886","Total",469,34,115,279,41,227,10,31,153,33,242,24,84,126,8
"2011","Cardiff 017A","W01001809","Total",657,47,154,403,53,325,14,40,230,41,332,33,114,173,12
"2011","Cardiff 017B","W01001810","Total",646,66,177,357,46,315,28,40,208,39,331,38,137,149,7
"2011","Cardiff 017C","W01001812","Total",582,48,148,341,45,281,14,31,201,35,301,34,117,140,10
"2011","Cardiff 017D","W01001813","Total",566,55,132,340,39,291,23,37,205,26,275,32,95,135,13
"2011","Cardiff 017E","W01001814","Total",739,54,142,486,57,358,20,32,258,48,381,34,110,228,9
"2011","Cardiff 018A","W01001769","Total",838,65,179,480,114,430,22,35,289,84,408,43,144,191,30
"2011","Cardiff 018B","W01001770","Total",564,48,77,361,78,308,20,28,210,50,256,28,49,151,28
"2011","Cardiff 018C","W01001771","Total",830,64,167,500,99,430,19,38,299,74,400,45,129,201,25
"2011","Cardiff 018D","W01001774","Total",717,68,137,438,74,397,23,28,280,66,320,45,109,158,8
"2011","Cardiff 019A","W01001732","Total",736,68,140,435,93,387,29,33,255,70,349,39,107,180,23
"2011","Cardiff 019B","W01001733","Total",803,216,137,364,86,414,80,47,221,66,389,136,90,143,20
"2011","Cardiff 019C","W01001734","Total",669,74,125,384,86,351,23,34,222,72,318,51,91,162,14
"2011","Cardiff 019D","W01001735","Total",725,62,124,428,111,387,29,33,247,78,338,33,91,181,33
"2011","Cardiff 020A","W01001887","Total",810,80,144,473,113,423,29,41,272,81,387,51,103,201,32
"2011","Cardiff 020B","W01001889","Total",710,51,164,417,78,364,13,44,245,62,346,38,120,172,16
"2011","Cardiff 020C","W01001891","Total",764,61,153,467,83,374,14,27,268,65,390,47,126,199,18
"2011","Cardiff 020D","W01001892","Total",681,66,153,390,72,334,18,34,231,51,347,48,119,159,21
"2011","Cardiff 020E","W01001896","Total",787,67,162,458,100,416,22,37,276,81,371,45,125,182,19
"2011","Cardiff 021A","W01001772","Total",662,59,148,388,67,328,20,31,226,51,334,39,117,162,16
"2011","Cardiff 021B","W01001775","Total",841,59,158,532,92,423,22,46,290,65,418,37,112,242,27
"2011","Cardiff 021C","W01001776","Total",689,57,125,430,77,351,23,29,242,57,338,34,96,188,20
"2011","Cardiff 021D","W01001890","Total",760,102,145,429,84,372,38,41,231,62,388,64,104,198,22
"2011","Cardiff 022A","W01001863","Total",754,68,161,447,78,379,22,33,262,62,375,46,128,185,16
"2011","Cardiff 022B","W01001864","Total",764,71,141,470,82,405,20,30,284,71,359,51,111,186,11
"2011","Cardiff 022C","W01001865","Total",696,58,143,428,67,358,18,35,257,48,338,40,108,171,19
"2011","Cardiff 022D","W01001868","Total",577,44,148,337,48,263,8,31,183,41,314,36,117,154,7
"2011","Cardiff 023A","W01001785","Total",403,32,106,239,26,181,9,20,131,21,222,23,86,108,5
"2011","Cardiff 023B","W01001786","Total",737,39,141,489,68,365,14,41,266,44,372,25,100,223,24
"2011","Cardiff 023C","W01001787","Total",658,65,145,402,46,344,29,54,226,35,314,36,91,176,11
"2011","Cardiff 023D","W01001788","Total",544,43,141,313,47,302,17,50,200,35,242,26,91,113,12
"2011","Cardiff 023E","W01001789","Total",805,55,142,539,69,372,14,32,279,47,433,41,110,260,22
"2011","Cardiff 023F","W01001790","Total",507,39,140,277,51,243,8,31,165,39,264,31,109,112,12
"2011","Cardiff 024A","W01001821","Total",598,124,98,287,89,288,34,29,159,66,310,90,69,128,23
"2011","Cardiff 024B","W01001826","Total",601,72,133,317,79,309,28,31,189,61,292,44,102,128,18
"2011","Cardiff 024C","W01001827","Total",706,57,145,386,118,354,14,33,222,85,352,43,112,164,33
"2011","Cardiff 024D","W01001828","Total",726,84,129,433,80,380,28,43,247,62,346,56,86,186,18
"2011","Cardiff 025A","W01001755","Total",783,83,78,516,106,433,30,34,296,73,350,53,44,220,33
"2011","Cardiff 025B","W01001756","Total",977,308,168,447,54,472,113,61,254,44,505,195,107,193,10
"2011","Cardiff 025C","W01001757","Total",751,75,109,487,80,403,28,40,280,55,348,47,69,207,25
"2011","Cardiff 025D","W01001758","Total",928,138,149,558,83,440,38,52,300,50,488,100,97,258,33
"2011","Cardiff 026A","W01001779","Total",759,56,117,444,142,390,18,25,243,104,369,38,92,201,38
"2011","Cardiff 026B","W01001780","Total",853,141,171,422,119,390,49,38,225,78,463,92,133,197,41
"2011","Cardiff 026C","W01001781","Total",852,80,134,482,156,469,30,40,292,107,383,50,94,190,49
"2011","Cardiff 026D","W01001782","Total",760,71,157,432,100,385,19,34,260,72,375,52,123,172,28
"2011","Cardiff 026E","W01001783","Total",689,51,136,429,73,350,15,30,246,59,339,36,106,183,14
"2011","Cardiff 026F","W01001784","Total",711,75,136,428,72,359,21,37,247,54,352,54,99,181,18
"2011","Cardiff 027A","W01001747","Total",884,61,151,595,77,427,24,37,312,54,457,37,114,283,23
"2011","Cardiff 027B","W01001748","Total",669,56,180,385,48,333,14,44,232,43,336,42,136,153,5
"2011","Cardiff 027C","W01001749","Total",674,54,164,397,59,353,15,40,254,44,321,39,124,143,15
"2011","Cardiff 027D","W01001751","Total",651,54,160,385,52,334,10,34,247,43,317,44,126,138,9
"2011","Cardiff 028A","W01001718","Total",758,199,161,361,37,412,87,88,210,27,346,112,73,151,10
"2011","Cardiff 028B","W01001719","Total",784,199,130,388,67,395,77,40,232,46,389,122,90,156,21
"2011","Cardiff 028C","W01001720","Total",776,301,136,305,34,401,123,62,192,24,375,178,74,113,10
"2011","Cardiff 028D","W01001722","Total",634,212,102,289,31,305,77,38,169,21,329,135,64,120,10
"2011","Cardiff 028E","W01001726","Total",745,225,132,338,50,401,93,61,211,36,344,132,71,127,14
"2011","Cardiff 029A","W01001822","Total",845,75,147,530,93,418,19,42,302,55,427,56,105,228,38
"2011","Cardiff 029B","W01001823","Total",757,81,144,427,105,383,34,39,237,73,374,47,105,190,32
"2011","Cardiff 029C","W01001824","Total",845,70,110,567,98,464,32,45,316,71,381,38,65,251,27
"2011","Cardiff 029D","W01001825","Total",933,66,169,589,109,476,25,46,331,74,457,41,123,258,35
"2011","Cardiff 030A","W01001831","Total",871,120,157,527,67,460,50,56,311,43,411,70,101,216,24
"2011","Cardiff 030B","W01001836","Total",802,120,120,462,100,447,63,59,251,74,355,57,61,211,26
"2011","Cardiff 030C","W01001837","Total",642,139,133,315,55,359,57,67,190,45,283,82,66,125,10
"2011","Cardiff 030D","W01001838","Total",920,154,169,526,71,494,55,77,308,54,426,99,92,218,17
"2011","Cardiff 030E","W01001839","Total",792,157,124,452,59,425,66,51,265,43,367,91,73,187,16
"2011","Cardiff 031A","W01001750","Total",644,52,162,376,54,326,15,40,225,46,318,37,122,151,8
"2011","Cardiff 031B","W01001752","Total",838,84,169,505,80,432,24,41,299,68,406,60,128,206,12
"2011","Cardiff 031C","W01001753","Total",654,60,183,364,47,301,16,45,200,40,353,44,138,164,7
"2011","Cardiff 031D","W01001754","Total",819,64,187,496,72,407,27,43,282,55,412,37,144,214,17
"2011","Cardiff 032A","W01001721","Total",781,337,157,249,38,381,134,65,151,31,400,203,92,98,7
"2011","Cardiff 032C","W01001724","Total",651,342,108,181,20,293,117,55,110,11,358,225,53,71,9
"2011","Cardiff 032D","W01001725","Total",669,353,129,169,18,335,154,67,100,14,334,199,62,69,4
"2011","Cardiff 032E","W01001922","Total",518,293,94,110,21,267,140,37,77,13,251,153,57,33,8
"2011","Cardiff 032F","W01001939","Total",490,41,38,313,98,331,30,17,206,78,159,11,21,107,20
"2011","Cardiff 032G","W01001941","Total",595,37,60,384,114,380,20,24,250,86,215,17,36,134,28
"2011","Cardiff 033A","W01001829","Total",841,170,168,444,59,479,75,93,267,44,362,95,75,177,15
"2011","Cardiff 033B","W01001830","Total",913,88,173,560,92,519,41,92,315,71,394,47,81,245,21
"2011","Cardiff 033C","W01001832","Total",730,169,148,384,29,406,81,80,227,18,324,88,68,157,11
"2011","Cardiff 033D","W01001833","Total",849,71,156,531,91,469,31,57,320,61,380,40,99,211,30
"2011","Cardiff 033E","W01001834","Total",848,140,124,518,66,438,43,58,289,48,410,97,66,229,18
"2011","Cardiff 033F","W01001835","Total",701,72,113,455,61,387,28,51,262,46,314,44,62,193,15
"2011","Cardiff 034A","W01001858","Total",1043,59,134,695,155,551,16,51,388,96,492,43,83,307,59
"2011","Cardiff 034B","W01001859","Total",883,54,120,578,131,464,19,42,315,88,419,35,78,263,43
"2011","Cardiff 034C","W01001860","Total",1059,64,180,670,145,547,20,69,373,85,512,44,111,297,60
"2011","Cardiff 034D","W01001861","Total",1035,73,104,706,152,565,29,35,394,107,470,44,69,312,45
"2011","Cardiff 035A","W01001714","Total",767,64,131,480,92,373,17,30,259,67,394,47,101,221,25
"2011","Cardiff 035B","W01001715","Total",931,47,125,623,136,489,21,36,350,82,442,26,89,273,54
"2011","Cardiff 035C","W01001716","Total",682,60,131,404,87,353,21,40,229,63,329,39,91,175,24
"2011","Cardiff 035D","W01001717","Total",861,42,147,579,93,414,12,42,293,67,447,30,105,286,26
"2011","Cardiff 036A","W01001694","Total",875,68,178,561,68,491,30,82,326,53,384,38,96,235,15
"2011","Cardiff 036B","W01001695","Total",1098,302,251,476,69,595,132,116,292,55,503,170,135,184,14
"2011","Cardiff 036C","W01001696","Total",667,63,154,392,58,356,29,54,229,44,311,34,100,163,14
"2011","Cardiff 036D","W01001697","Total",863,68,138,595,62,452,27,55,328,42,411,41,83,267,20
"2011","Cardiff 036E","W01001698","Total",964,95,163,627,79,548,50,72,377,49,416,45,91,250,30
"2011","Cardiff 037A","W01001870","Total",705,37,151,455,62,368,8,52,266,42,337,29,99,189,20
"2011","Cardiff 037B","W01001871","Total",545,47,148,307,43,264,13,38,179,34,281,34,110,128,9
"2011","Cardiff 037C","W01001875","Total",1326,81,243,867,135,676,32,73,473,98,650,49,170,394,37
"2011","Cardiff 037D","W01001876","Total",554,48,134,321,51,269,15,32,184,38,285,33,102,137,13
"2011","Cardiff 038A","W01001869","Total",717,58,145,458,56,341,23,43,230,45,376,35,102,228,11
"2011","Cardiff 038B","W01001872","Total",721,65,143,459,54,382,24,48,269,41,339,41,95,190,13
"2011","Cardiff 038C","W01001873","Total",757,77,164,464,52,382,33,65,253,31,375,44,99,211,21
"2011","Cardiff 038D","W01001874","Total",537,46,144,325,22,268,19,50,183,16,269,27,94,142,6
"2011","Cardiff 039A","W01001737","Total",472,40,140,248,44,233,13,46,140,34,239,27,94,108,10
"2011","Cardiff 039B","W01001738","Total",427,34,125,233,35,209,14,36,133,26,218,20,89,100,9
"2011","Cardiff 039C","W01001739","Total",433,39,147,216,31,218,13,52,128,25,215,26,95,88,6
"2011","Cardiff 039D","W01001740","Total",498,41,143,273,41,246,14,40,160,32,252,27,103,113,9
"2011","Cardiff 039E","W01001741","Total",438,38,165,212,23,197,16,45,116,20,241,22,120,96,3
"2011","Cardiff 040A","W01001709","Total",966,76,180,600,110,516,26,51,362,77,450,50,129,238,33
"2011","Cardiff 040B","W01001710","Total",853,74,178,517,84,471,34,61,311,65,382,40,117,206,19
"2011","Cardiff 040C","W01001711","Total",679,70,168,385,56,349,25,53,227,44,330,45,115,158,12
"2011","Cardiff 040D","W01001712","Total",875,63,145,553,114,437,23,51,294,69,438,40,94,259,45
"2011","Cardiff 040E","W01001713","Total",956,64,170,621,101,496,22,46,366,62,460,42,124,255,39
"2011","Cardiff 041A","W01001704","Total",475,40,145,247,43,218,15,34,138,31,257,25,111,109,12
"2011","Cardiff 041B","W01001706","Total",550,65,112,332,41,272,20,29,191,32,278,45,83,141,9
"2011","Cardiff 041C","W01001707","Total",761,79,208,410,64,386,36,55,243,52,375,43,153,167,12
"2011","Cardiff 041D","W01001746","Total",543,40,136,312,55,285,13,37,192,43,258,27,99,120,12
"2011","Cardiff 042A","W01001855","Total",707,65,181,410,51,427,26,110,255,36,280,39,71,155,15
"2011","Cardiff 042B","W01001856","Total",746,93,175,412,66,482,48,110,276,48,264,45,65,136,18
"2011","Cardiff 042C","W01001857","Total",663,61,172,381,49,376,24,84,236,32,287,37,88,145,17
"2011","Cardiff 042D","W01001862","Total",746,87,168,420,71,495,50,103,285,57,251,37,65,135,14
"2011","Cardiff 043A","W01001742","Total",490,43,148,267,32,240,15,36,161,28,250,28,112,106,4
"2011","Cardiff 043B","W01001743","Total",716,50,140,451,75,350,13,30,249,58,366,37,110,202,17
"2011","Cardiff 043C","W01001744","Total",541,50,165,285,41,250,12,36,167,35,291,38,129,118,6
"2011","Cardiff 043D","W01001745","Total",698,68,151,416,63,344,20,35,237,52,354,48,116,179,11
"2011","Cardiff 044A","W01001764","Total",750,108,217,353,72,409,35,111,212,51,341,73,106,141,21
"2011","Cardiff 044B","W01001765","Total",546,56,122,316,52,321,24,59,196,42,225,32,63,120,10
"2011","Cardiff 044C","W01001766","Total",676,68,152,393,63,364,26,66,227,45,312,42,86,166,18
"2011","Cardiff 044D","W01001767","Total",777,62,170,474,71,442,23,74,297,48,335,39,96,177,23
"2011","Cardiff 044E","W01001768","Total",578,58,158,314,48,354,24,86,204,40,224,34,72,110,8
"2011","Cardiff 045A","W01001702","Total",868,68,199,508,93,422,21,41,294,66,446,47,158,214,27
"2011","Cardiff 045B","W01001703","Total",483,44,132,270,37,254,12,47,165,30,229,32,85,105,7
"2011","Cardiff 045C","W01001705","Total",754,68,175,439,72,385,22,48,257,58,369,46,127,182,14
"2011","Cardiff 045D","W01001708","Total",536,53,131,283,69,272,20,40,159,53,264,33,91,124,16
"2011","Cardiff 046A","W01001759","Total",848,51,182,549,66,454,13,61,325,55,394,38,121,224,11
"2011","Cardiff 046B","W01001760","Total",775,68,205,420,82,424,23,85,253,63,351,45,120,167,19
"2011","Cardiff 046C","W01001761","Total",681,57,152,399,73,396,25,64,255,52,285,32,88,144,21
"2011","Cardiff 046D","W01001762","Total",670,60,157,393,60,350,28,54,225,43,320,32,103,168,17
"2011","Cardiff 048A","W01001940","Total",874,36,57,659,122,526,22,25,386,93,348,14,32,273,29
"2011","Cardiff 048B","W01001943","Total",810,33,67,606,104,480,17,36,354,73,330,16,31,252,31
"2011","Cardiff 048C","W01001944","Total",776,23,64,595,94,454,9,23,353,69,322,14,41,242,25
"2011","Cardiff 048D","W01001945","Total",1072,66,80,756,170,627,24,37,442,124,445,42,43,314,46
"2011","Cardiff 048E","W01001947","Total",1134,52,131,789,162,579,25,42,401,111,555,27,89,388,51
"2011","Cardiff 049A","W01001699","Total",777,63,141,489,84,463,33,74,300,56,314,30,67,189,28
"2011","Cardiff 049B","W01001942","Total",633,38,92,413,90,358,19,34,233,72,275,19,58,180,18
"2011","Cardiff 049C","W01001946","Total",657,37,117,418,85,366,18,41,242,65,291,19,76,176,20
"2011","Cardiff 049D","W01001950","Total",774,33,63,547,131,454,11,33,324,86,320,22,30,223,45
"2011","Cardiff 049E","W01001951","Total",715,31,73,524,87,431,15,36,312,68,284,16,37,212,19
"2011","Cardiff 049F","W01001952","Total",706,28,76,522,80,395,14,35,294,52,311,14,41,228,28
"2011","Rhondda Cynon Taf 001A","W01001186","Total",817,63,148,513,93,432,20,40,296,76,385,43,108,217,17
"2011","Rhondda Cynon Taf 001B","W01001187","Total",611,61,128,357,65,330,23,30,221,56,281,38,98,136,9
"2011","Rhondda Cynon Taf 001C","W01001188","Total",392,31,77,249,35,206,8,20,151,27,186,23,57,98,8
"2011","Rhondda Cynon Taf 001D","W01001221","Total",463,54,85,282,42,244,13,20,176,35,219,41,65,106,7
"2011","Rhondda Cynon Taf 001E","W01001222","Total",454,59,112,242,41,254,26,33,161,34,200,33,79,81,7
"2011","Rhondda Cynon Taf 001F","W01001233","Total",709,65,140,405,99,385,22,36,244,83,324,43,104,161,16
"2011","Rhondda Cynon Taf 002A","W01001148","Total",706,46,163,429,68,371,10,48,257,56,335,36,115,172,12
"2011","Rhondda Cynon Taf 002B","W01001152","Total",667,47,142,387,91,342,11,31,233,67,325,36,111,154,24
"2011","Rhondda Cynon Taf 002C","W01001153","Total",567,43,140,332,52,291,14,37,197,43,276,29,103,135,9
"2011","Rhondda Cynon Taf 002D","W01001155","Total",617,60,127,366,64,311,19,27,215,50,306,41,100,151,14
"2011","Rhondda Cynon Taf 003A","W01001149","Total",618,55,135,369,59,324,16,45,217,46,294,39,90,152,13
"2011","Rhondda Cynon Taf 003B","W01001150","Total",680,40,159,420,61,354,11,42,251,50,326,29,117,169,11
"2011","Rhondda Cynon Taf 003C","W01001151","Total",689,55,131,435,68,362,17,31,261,53,327,38,100,174,15
"2011","Rhondda Cynon Taf 003D","W01001154","Total",545,53,118,324,50,281,19,32,189,41,264,34,86,135,9
"2011","Rhondda Cynon Taf 003E","W01001156","Total",866,59,156,563,88,445,16,30,331,68,421,43,126,232,20
"2011","Rhondda Cynon Taf 004A","W01001147","Total",782,62,146,483,91,394,19,31,276,68,388,43,115,207,23
"2011","Rhondda Cynon Taf 004B","W01001168","Total",556,42,116,349,49,272,7,22,203,40,284,35,94,146,9
"2011","Rhondda Cynon Taf 004C","W01001169","Total",658,53,156,399,50,344,14,46,244,40,314,39,110,155,10
"2011","Rhondda Cynon Taf 004D","W01001170","Total",544,41,100,344,59,279,9,21,202,47,265,32,79,142,12
"2011","Rhondda Cynon Taf 005A","W01001137","Total",977,81,206,609,81,499,21,46,368,64,478,60,160,241,17
"2011","Rhondda Cynon Taf 005B","W01001138","Total",508,41,133,285,49,258,9,26,183,40,250,32,107,102,9
"2011","Rhondda Cynon Taf 005C","W01001139","Total",662,56,152,390,64,354,23,30,239,62,308,33,122,151,2
"2011","Rhondda Cynon Taf 005D","W01001140","Total",571,41,123,354,53,306,12,30,221,43,265,29,93,133,10
"2011","Rhondda Cynon Taf 005E","W01001141","Total",577,49,118,369,41,316,12,24,245,35,261,37,94,124,6
"2011","Rhondda Cynon Taf 005F","W01001142","Total",530,55,141,293,41,307,20,45,208,34,223,35,96,85,7
"2011","Rhondda Cynon Taf 006A","W01001204","Total",593,42,117,381,53,299,13,21,224,41,294,29,96,157,12
"2011","Rhondda Cynon Taf 006B","W01001205","Total",660,43,133,421,63,340,9,37,248,46,320,34,96,173,17
"2011","Rhondda Cynon Taf 006C","W01001206","Total",576,47,117,365,47,307,9,27,230,41,269,38,90,135,6
"2011","Rhondda Cynon Taf 006D","W01001207","Total",455,36,100,281,38,231,8,24,170,29,224,28,76,111,9
"2011","Rhondda Cynon Taf 006E","W01001208","Total",601,46,131,372,52,305,6,26,233,40,296,40,105,139,12
"2011","Rhondda Cynon Taf 007A","W01001265","Total",595,42,129,380,44,316,11,22,245,38,279,31,107,135,6
"2011","Rhondda Cynon Taf 007B","W01001266","Total",409,36,93,241,39,215,11,16,159,29,194,25,77,82,10
"2011","Rhondda Cynon Taf 007C","W01001267","Total",492,45,96,317,34,268,13,19,204,32,224,32,77,113,2
"2011","Rhondda Cynon Taf 007D","W01001268","Total",543,35,117,348,43,298,9,15,238,36,245,26,102,110,7
"2011","Rhondda Cynon Taf 008A","W01001209","Total",396,35,86,245,30,206,3,24,150,29,190,32,62,95,1
"2011","Rhondda Cynon Taf 008B","W01001210","Total",552,41,128,338,45,303,9,34,222,38,249,32,94,116,7
"2011","Rhondda Cynon Taf 008C","W01001211","Total",629,46,151,387,45,332,13,46,237,36,297,33,105,150,9
"2011","Rhondda Cynon Taf 008D","W01001212","Total",531,37,128,326,40,268,9,24,201,34,263,28,104,125,6
"2011","Rhondda Cynon Taf 009A","W01001175","Total",591,38,143,370,40,308,11,32,231,34,283,27,111,139,6
"2011","Rhondda Cynon Taf 009B","W01001177","Total",512,36,106,333,37,266,6,27,200,33,246,30,79,133,4
"2011","Rhondda Cynon Taf 009C","W01001202","Total",579,57,126,351,45,312,21,24,234,33,267,36,102,117,12
"2011","Rhondda Cynon Taf 009D","W01001203","Total",395,34,101,231,29,208,7,29,150,22,187,27,72,81,7
"2011","Rhondda Cynon Taf 010A","W01001269","Total",574,35,139,359,41,297,14,30,219,34,277,21,109,140,7
"2011","Rhondda Cynon Taf 010B","W01001270","Total",565,34,120,372,39,300,13,29,227,31,265,21,91,145,8
"2011","Rhondda Cynon Taf 010C","W01001271","Total",624,43,138,391,52,334,14,31,251,38,290,29,107,140,14
"2011","Rhondda Cynon Taf 010D","W01001272","Total",601,48,143,361,49,330,18,36,235,41,271,30,107,126,8
"2011","Rhondda Cynon Taf 010E","W01001273","Total",683,63,113,457,50,348,21,25,261,41,335,42,88,196,9
"2011","Rhondda Cynon Taf 011A","W01001213","Total",533,27,119,353,34,266,5,21,211,29,267,22,98,142,5
"2011","Rhondda Cynon Taf 011B","W01001214","Total",594,34,109,396,55,327,14,30,237,46,267,20,79,159,9
"2011","Rhondda Cynon Taf 011C","W01001215","Total",408,31,97,249,31,217,9,25,159,24,191,22,72,90,7
"2011","Rhondda Cynon Taf 011D","W01001216","Total",656,51,137,399,69,349,15,30,247,57,307,36,107,152,12
"2011","Rhondda Cynon Taf 012A","W01001143","Total",722,44,144,455,79,394,13,31,287,63,328,31,113,168,16
"2011","Rhondda Cynon Taf 012B","W01001144","Total",547,40,124,343,40,295,15,30,218,32,252,25,94,125,8
"2011","Rhondda Cynon Taf 012C","W01001145","Total",769,48,154,491,76,418,12,39,299,68,351,36,115,192,8
"2011","Rhondda Cynon Taf 012D","W01001146","Total",685,50,129,430,76,371,15,33,264,59,314,35,96,166,17
"2011","Rhondda Cynon Taf 013A","W01001176","Total",605,41,144,377,43,303,9,24,236,34,302,32,120,141,9
"2011","Rhondda Cynon Taf 013B","W01001274","Total",338,26,95,192,25,174,6,22,124,22,164,20,73,68,3
"2011","Rhondda Cynon Taf 013C","W01001275","Total",699,59,153,435,52,358,11,22,286,39,341,48,131,149,13
"2011","Rhondda Cynon Taf 013D","W01001276","Total",524,34,124,312,54,275,9,30,193,43,249,25,94,119,11
"2011","Rhondda Cynon Taf 014A","W01001200","Total",432,37,103,266,26,236,13,29,172,22,196,24,74,94,4
"2011","Rhondda Cynon Taf 014B","W01001201","Total",454,31,117,273,33,241,11,30,170,30,213,20,87,103,3
"2011","Rhondda Cynon Taf 014C","W01001260","Total",375,29,101,219,26,199,12,29,137,21,176,17,72,82,5
"2011","Rhondda Cynon Taf 014D","W01001285","Total",571,45,99,362,65,302,12,22,214,54,269,33,77,148,11
"2011","Rhondda Cynon Taf 014E","W01001286","Total",666,54,159,399,54,338,14,25,256,43,328,40,134,143,11
"2011","Rhondda Cynon Taf 014F","W01001287","Total",592,51,107,385,49,303,10,20,231,42,289,41,87,154,7
"2011","Rhondda Cynon Taf 014G","W01001288","Total",525,44,131,305,45,259,12,27,185,35,266,32,104,120,10
"2011","Rhondda Cynon Taf 015A","W01001180","Total",511,45,139,281,46,275,14,34,189,38,236,31,105,92,8
"2011","Rhondda Cynon Taf 015B","W01001181","Total",647,57,143,383,64,334,18,36,229,51,313,39,107,154,13
"2011","Rhondda Cynon Taf 015C","W01001282","Total",817,59,193,491,74,427,15,35,312,65,390,44,158,179,9
"2011","Rhondda Cynon Taf 015D","W01001283","Total",652,59,132,405,56,326,17,30,232,47,326,42,102,173,9
"2011","Rhondda Cynon Taf 015E","W01001284","Total",624,47,112,401,64,329,15,23,236,55,295,32,89,165,9
"2011","Rhondda Cynon Taf 016A","W01001166","Total",505,40,107,312,46,275,6,28,200,41,230,34,79,112,5
"2011","Rhondda Cynon Taf 016B","W01001167","Total",584,59,130,352,43,285,14,20,218,33,299,45,110,134,10
"2011","Rhondda Cynon Taf 016C","W01001247","Total",701,48,155,439,59,377,12,31,284,50,324,36,124,155,9
"2011","Rhondda Cynon Taf 016D","W01001248","Total",855,62,172,547,74,462,22,39,337,64,393,40,133,210,10
"2011","Rhondda Cynon Taf 017A","W01001171","Total",562,48,122,343,49,278,13,25,201,39,284,35,97,142,10
"2011","Rhondda Cynon Taf 017B","W01001229","Total",646,49,124,416,57,339,15,27,249,48,307,34,97,167,9
"2011","Rhondda Cynon Taf 017C","W01001230","Total",697,48,126,454,69,377,19,23,280,55,320,29,103,174,14
"2011","Rhondda Cynon Taf 017D","W01001231","Total",663,56,165,395,47,348,21,32,254,41,315,35,133,141,6
"2011","Rhondda Cynon Taf 017E","W01001280","Total",581,53,140,335,53,303,10,33,217,43,278,43,107,118,10
"2011","Rhondda Cynon Taf 017F","W01001281","Total",705,49,158,443,55,367,14,35,273,45,338,35,123,170,10
"2011","Rhondda Cynon Taf 018A","W01001217","Total",461,40,109,249,63,257,9,31,167,50,204,31,78,82,13
"2011","Rhondda Cynon Taf 018B","W01001218","Total",711,45,150,451,65,390,14,31,286,59,321,31,119,165,6
"2011","Rhondda Cynon Taf 018C","W01001219","Total",457,32,122,276,27,245,14,37,171,23,212,18,85,105,4
"2011","Rhondda Cynon Taf 018D","W01001220","Total",620,55,149,378,38,325,16,34,243,32,295,39,115,135,6
"2011","Rhondda Cynon Taf 018E","W01001259","Total",682,46,159,411,66,362,14,32,257,59,320,32,127,154,7
"2011","Rhondda Cynon Taf 018F","W01001261","Total",525,55,121,310,39,283,30,28,193,32,242,25,93,117,7
"2011","Rhondda Cynon Taf 019A","W01001164","Total",741,62,147,464,68,388,18,37,280,53,353,44,110,184,15
"2011","Rhondda Cynon Taf 019B","W01001165","Total",625,52,121,390,62,312,12,29,219,52,313,40,92,171,10
"2011","Rhondda Cynon Taf 019C","W01001256","Total",560,47,105,361,47,301,12,27,226,36,259,35,78,135,11
"2011","Rhondda Cynon Taf 019D","W01001257","Total",591,56,122,340,73,317,18,37,208,54,274,38,85,132,19
"2011","Rhondda Cynon Taf 019E","W01001258","Total",579,42,128,370,39,289,12,30,219,28,290,30,98,151,11
"2011","Rhondda Cynon Taf 020A","W01001172","Total",594,48,139,367,40,295,10,27,221,37,299,38,112,146,3
"2011","Rhondda Cynon Taf 020B","W01001173","Total",472,31,110,299,32,246,6,20,194,26,226,25,90,105,6
"2011","Rhondda Cynon Taf 020C","W01001174","Total",466,47,99,286,34,239,11,24,173,31,227,36,75,113,3
"2011","Rhondda Cynon Taf 020D","W01001232","Total",553,32,117,350,54,291,9,26,217,39,262,23,91,133,15
"2011","Rhondda Cynon Taf 021A","W01001182","Total",681,62,146,410,63,358,20,36,249,53,323,42,110,161,10
"2011","Rhondda Cynon Taf 021B","W01001183","Total",439,58,77,279,25,228,28,23,158,19,211,30,54,121,6
"2011","Rhondda Cynon Taf 021C","W01001227","Total",648,53,125,419,51,332,15,26,256,35,316,38,99,163,16
"2011","Rhondda Cynon Taf 021D","W01001228","Total",684,65,136,416,67,369,24,39,252,54,315,41,97,164,13
"2011","Rhondda Cynon Taf 021E","W01001234","Total",727,56,147,464,60,383,24,40,273,46,344,32,107,191,14
"2011","Rhondda Cynon Taf 021F","W01001235","Total",661,65,148,402,46,354,22,35,257,40,307,43,113,145,6
"2011","Rhondda Cynon Taf 021G","W01001236","Total",709,67,145,433,64,369,20,29,274,46,340,47,116,159,18
"2011","Rhondda Cynon Taf 022A","W01001185","Total",674,60,141,423,50,342,16,36,250,40,332,44,105,173,10
"2011","Rhondda Cynon Taf 022B","W01001237","Total",568,49,143,323,53,292,11,35,202,44,276,38,108,121,9
"2011","Rhondda Cynon Taf 022C","W01001238","Total",479,46,148,260,25,232,19,38,156,19,247,27,110,104,6
"2011","Rhondda Cynon Taf 022D","W01001262","Total",548,97,138,265,48,314,53,57,171,33,234,44,81,94,15
"2011","Rhondda Cynon Taf 022E","W01001263","Total",620,218,143,219,40,318,97,67,120,34,302,121,76,99,6
"2011","Rhondda Cynon Taf 022F","W01001264","Total",671,291,137,205,38,379,146,69,135,29,292,145,68,70,9
"2011","Rhondda Cynon Taf 023A","W01001178","Total",733,33,143,486,71,380,10,32,281,57,353,23,111,205,14
"2011","Rhondda Cynon Taf 023B","W01001179","Total",589,44,134,347,64,302,11,33,204,54,287,33,101,143,10
"2011","Rhondda Cynon Taf 023C","W01001253","Total",602,49,138,374,41,305,14,27,226,38,297,35,111,148,3
"2011","Rhondda Cynon Taf 023E","W01001255","Total",592,42,122,381,47,306,15,29,223,39,286,27,93,158,8
"2011","Rhondda Cynon Taf 023F","W01001914","Total",950,49,162,632,107,490,14,28,359,89,460,35,134,273,18
"2011","Rhondda Cynon Taf 023G","W01001917","Total",597,50,136,353,58,297,18,31,200,48,300,32,105,153,10
"2011","Rhondda Cynon Taf 024A","W01001249","Total",598,22,135,395,46,328,9,29,250,40,270,13,106,145,6
"2011","Rhondda Cynon Taf 024B","W01001250","Total",601,54,109,374,64,321,10,26,231,54,280,44,83,143,10
"2011","Rhondda Cynon Taf 024C","W01001251","Total",494,35,114,303,42,249,5,20,192,32,245,30,94,111,10
"2011","Rhondda Cynon Taf 024D","W01001252","Total",768,55,146,479,88,422,24,31,293,74,346,31,115,186,14
"2011","Rhondda Cynon Taf 025A","W01001162","Total",680,50,154,396,80,355,11,32,249,63,325,39,122,147,17
"2011","Rhondda Cynon Taf 025B","W01001244","Total",564,49,108,349,58,292,13,31,204,44,272,36,77,145,14
"2011","Rhondda Cynon Taf 025C","W01001245","Total",619,53,131,372,63,317,22,29,217,49,302,31,102,155,14
"2011","Rhondda Cynon Taf 025D","W01001246","Total",563,51,104,360,48,297,17,18,217,45,266,34,86,143,3
"2011","Rhondda Cynon Taf 026A","W01001184","Total",882,71,193,542,76,467,23,43,339,62,415,48,150,203,14
"2011","Rhondda Cynon Taf 026B","W01001239","Total",509,33,107,327,42,263,13,20,201,29,246,20,87,126,13
"2011","Rhondda Cynon Taf 026C","W01001240","Total",1029,65,200,640,124,536,20,56,358,102,493,45,144,282,22
"2011","Rhondda Cynon Taf 026D","W01001241","Total",868,56,178,557,77,420,13,31,316,60,448,43,147,241,17
"2011","Rhondda Cynon Taf 027B","W01001196","Total",848,58,127,570,93,435,13,33,312,77,413,45,94,258,16
"2011","Rhondda Cynon Taf 027C","W01001197","Total",603,49,98,338,118,324,19,18,194,93,279,30,80,144,25
"2011","Rhondda Cynon Taf 027D","W01001198","Total",870,78,169,529,94,426,23,33,295,75,444,55,136,234,19
"2011","Rhondda Cynon Taf 027E","W01001199","Total",890,80,150,575,85,442,22,36,317,67,448,58,114,258,18
"2011","Rhondda Cynon Taf 027F","W01001915","Total",941,64,178,614,85,479,16,25,364,74,462,48,153,250,11
"2011","Rhondda Cynon Taf 027G","W01001916","Total",884,61,151,565,107,436,16,27,312,81,448,45,124,253,26
"2011","Rhondda Cynon Taf 028A","W01001157","Total",749,63,139,482,65,369,15,19,275,60,380,48,120,207,5
"2011","Rhondda Cynon Taf 028B","W01001158","Total",722,52,137,468,65,394,14,36,288,56,328,38,101,180,9
"2011","Rhondda Cynon Taf 028C","W01001159","Total",737,57,126,490,64,379,23,26,276,54,358,34,100,214,10
"2011","Rhondda Cynon Taf 028D","W01001277","Total",631,47,131,388,65,326,14,24,235,53,305,33,107,153,12
"2011","Rhondda Cynon Taf 028E","W01001278","Total",466,42,108,285,31,244,12,25,182,25,222,30,83,103,6
"2011","Rhondda Cynon Taf 028F","W01001279","Total",388,37,94,223,34,205,5,20,152,28,183,32,74,71,6
"2011","Rhondda Cynon Taf 029A","W01001160","Total",855,73,148,542,92,451,22,21,329,79,404,51,127,213,13
"2011","Rhondda Cynon Taf 029B","W01001161","Total",1122,71,203,737,111,573,17,43,432,81,549,54,160,305,30
"2011","Rhondda Cynon Taf 029C","W01001189","Total",733,61,156,446,70,378,19,34,270,55,355,42,122,176,15
"2011","Rhondda Cynon Taf 029D","W01001190","Total",1341,76,211,881,173,700,25,43,496,136,641,51,168,385,37
"2011","Rhondda Cynon Taf 030A","W01001193","Total",616,62,132,349,73,309,25,28,196,60,307,37,104,153,13
"2011","Rhondda Cynon Taf 030B","W01001194","Total",1198,87,210,772,129,601,26,36,434,105,597,61,174,338,24
"2011","Rhondda Cynon Taf 030C","W01001195","Total",730,50,136,440,104,379,12,35,260,72,351,38,101,180,32
"2011","Rhondda Cynon Taf 030D","W01001242","Total",601,65,101,365,70,303,17,22,213,51,298,48,79,152,19
"2011","Rhondda Cynon Taf 030E","W01001243","Total",556,40,137,333,46,283,17,30,202,34,273,23,107,131,12
"2011","Rhondda Cynon Taf 031A","W01001191","Total",1370,84,241,864,181,699,20,42,490,147,671,64,199,374,34
"2011","Rhondda Cynon Taf 031B","W01001192","Total",557,46,137,325,49,290,9,30,213,38,267,37,107,112,11
"2011","Rhondda Cynon Taf 031C","W01001223","Total",789,70,148,460,111,402,26,40,248,88,387,44,108,212,23
"2011","Rhondda Cynon Taf 031D","W01001224","Total",1162,76,213,706,167,582,12,27,421,122,580,64,186,285,45
"2011","Rhondda Cynon Taf 031E","W01001225","Total",807,76,135,485,111,411,24,32,275,80,396,52,103,210,31
"2011","Rhondda Cynon Taf 031F","W01001226","Total",810,47,163,515,85,399,14,28,292,65,411,33,135,223,20
"2011","Merthyr Tydfil 002A","W01001295","Total",594,43,139,374,38,308,18,27,230,33,286,25,112,144,5
"2011","Merthyr Tydfil 002B","W01001296","Total",842,57,180,523,82,445,13,44,326,62,397,44,136,197,20
"2011","Merthyr Tydfil 002C","W01001297","Total",898,65,171,579,83,463,25,30,346,62,435,40,141,233,21
"2011","Merthyr Tydfil 002D","W01001298","Total",751,58,164,475,54,375,10,43,278,44,376,48,121,197,10
"2011","Merthyr Tydfil 002E","W01001310","Total",733,55,154,444,80,373,22,30,258,63,360,33,124,186,17
"2011","Merthyr Tydfil 002F","W01001311","Total",547,34,117,336,60,281,10,26,196,49,266,24,91,140,11
"2011","Merthyr Tydfil 003A","W01001291","Total",880,58,190,547,85,457,19,45,326,67,423,39,145,221,18
"2011","Merthyr Tydfil 003B","W01001294","Total",829,72,145,518,94,431,27,36,300,68,398,45,109,218,26
"2011","Merthyr Tydfil 003C","W01001305","Total",587,70,111,357,49,302,28,26,213,35,285,42,85,144,14
"2011","Merthyr Tydfil 003D","W01001306","Total",774,58,146,497,73,399,24,31,281,63,375,34,115,216,10
"2011","Merthyr Tydfil 003E","W01001324","Total",871,55,187,544,85,450,24,57,297,72,421,31,130,247,13
"2011","Merthyr Tydfil 004A","W01001292","Total",605,50,160,349,46,308,16,50,206,36,297,34,110,143,10
"2011","Merthyr Tydfil 004B","W01001293","Total",672,52,130,436,54,341,15,33,248,45,331,37,97,188,9
"2011","Merthyr Tydfil 004C","W01001307","Total",554,33,100,364,57,302,16,28,216,42,252,17,72,148,15
"2011","Merthyr Tydfil 004D","W01001315","Total",703,48,139,432,84,388,12,49,262,65,315,36,90,170,19
"2011","Merthyr Tydfil 005A","W01001314","Total",989,69,215,609,96,502,20,53,354,75,487,49,162,255,21
"2011","Merthyr Tydfil 005B","W01001316","Total",1538,92,275,1020,151,804,29,65,582,128,734,63,210,438,23
"2011","Merthyr Tydfil 005C","W01001317","Total",668,55,129,438,46,347,14,36,260,37,321,41,93,178,9
"2011","Merthyr Tydfil 005D","W01001318","Total",685,50,138,437,60,375,19,36,268,52,310,31,102,169,8
"2011","Merthyr Tydfil 006A","W01001289","Total",597,42,121,379,55,309,17,31,220,41,288,25,90,159,14
"2011","Merthyr Tydfil 006B","W01001302","Total",477,37,98,306,36,260,7,26,196,31,217,30,72,110,5
"2011","Merthyr Tydfil 006C","W01001303","Total",408,37,102,239,30,221,11,33,149,28,187,26,69,90,2
"2011","Merthyr Tydfil 006D","W01001304","Total",675,61,135,424,55,359,24,27,264,44,316,37,108,160,11
"2011","Merthyr Tydfil 006E","W01001312","Total",549,41,119,345,44,287,15,29,207,36,262,26,90,138,8
"2011","Merthyr Tydfil 006F","W01001313","Total",713,40,131,470,72,366,13,24,277,52,347,27,107,193,20
"2011","Merthyr Tydfil 007A","W01001290","Total",782,51,148,502,81,417,16,37,294,70,365,35,111,208,11
"2011","Merthyr Tydfil 007B","W01001319","Total",864,61,148,568,87,441,20,31,323,67,423,41,117,245,20
"2011","Merthyr Tydfil 007C","W01001320","Total",699,56,132,442,69,371,17,33,267,54,328,39,99,175,15
"2011","Merthyr Tydfil 007D","W01001321","Total",624,50,130,392,52,315,10,25,236,44,309,40,105,156,8
"2011","Merthyr Tydfil 007E","W01001322","Total",730,60,137,459,74,376,21,33,266,56,354,39,104,193,18
"2011","Merthyr Tydfil 008A","W01001299","Total",525,49,140,289,47,264,19,28,177,40,261,30,112,112,7
"2011","Merthyr Tydfil 008B","W01001300","Total",585,58,150,326,51,290,21,38,188,43,295,37,112,138,8
"2011","Merthyr Tydfil 008C","W01001301","Total",641,65,151,380,45,341,23,37,239,42,300,42,114,141,3
"2011","Merthyr Tydfil 008D","W01001308","Total",435,47,110,233,45,230,14,33,145,38,205,33,77,88,7
"2011","Merthyr Tydfil 008E","W01001309","Total",451,47,115,266,23,221,14,31,161,15,230,33,84,105,8
"2011","Merthyr Tydfil 008F","W01001898","Total",624,45,141,363,75,317,9,33,213,62,307,36,108,150,13
"2011","Caerphilly 001A","W01001374","Total",582,44,108,382,48,314,18,27,231,38,268,26,81,151,10
"2011","Caerphilly 001B","W01001375","Total",604,40,113,393,58,302,14,22,221,45,302,26,91,172,13
"2011","Caerphilly 001C","W01001376","Total",496,35,109,298,54,251,8,19,186,38,245,27,90,112,16
"2011","Caerphilly 001D","W01001406","Total",804,78,142,525,59,432,27,31,324,50,372,51,111,201,9
"2011","Caerphilly 001E","W01001428","Total",337,19,95,198,25,177,6,28,121,22,160,13,67,77,3
"2011","Caerphilly 001F","W01001429","Total",489,32,95,308,54,252,12,24,177,39,237,20,71,131,15
"2011","Caerphilly 002A","W01001360","Total",617,53,102,387,75,341,9,26,245,61,276,44,76,142,14
"2011","Caerphilly 002B","W01001361","Total",419,31,82,263,43,239,10,24,169,36,180,21,58,94,7
"2011","Caerphilly 002C","W01001384","Total",721,53,123,468,77,382,15,26,280,61,339,38,97,188,16
"2011","Caerphilly 002D","W01001385","Total",586,37,106,391,52,312,10,19,236,47,274,27,87,155,5
"2011","Caerphilly 002E","W01001386","Total",497,29,110,311,47,266,10,32,187,37,231,19,78,124,10
"2011","Caerphilly 003A","W01001325","Total",575,39,139,342,55,308,15,33,217,43,267,24,106,125,12
"2011","Caerphilly 003B","W01001326","Total",828,63,157,532,76,427,18,34,315,60,401,45,123,217,16
"2011","Caerphilly 003C","W01001362","Total",828,65,161,532,70,431,14,34,323,60,397,51,127,209,10
"2011","Caerphilly 004A","W01001336","Total",572,29,126,368,49,310,11,23,232,44,262,18,103,136,5
"2011","Caerphilly 004B","W01001337","Total",665,51,124,422,68,342,17,21,248,56,323,34,103,174,12
"2011","Caerphilly 004C","W01001338","Total",759,47,163,475,74,421,16,38,299,68,338,31,125,176,6
"2011","Caerphilly 004D","W01001339","Total",397,36,90,237,34,194,11,22,135,26,203,25,68,102,8
"2011","Caerphilly 005A","W01001334","Total",531,42,142,312,35,274,10,40,193,31,257,32,102,119,4
"2011","Caerphilly 005B","W01001335","Total",608,57,118,368,65,315,14,23,227,51,293,43,95,141,14
"2011","Caerphilly 005C","W01001347","Total",609,39,123,382,65,312,8,31,219,54,297,31,92,163,11
"2011","Caerphilly 005D","W01001351","Total",770,64,130,484,92,427,21,32,301,73,343,43,98,183,19
"2011","Caerphilly 006A","W01001356","Total",580,51,102,374,53,311,12,22,231,46,269,39,80,143,7
"2011","Caerphilly 006B","W01001357","Total",792,50,138,502,102,418,18,26,296,78,374,32,112,206,24
"2011","Caerphilly 006C","W01001358","Total",580,51,107,372,50,300,15,19,221,45,280,36,88,151,5
"2011","Caerphilly 006D","W01001359","Total",759,48,137,491,83,402,17,18,304,63,357,31,119,187,20
"2011","Caerphilly 006E","W01001390","Total",910,70,137,587,116,489,16,32,349,92,421,54,105,238,24
"2011","Caerphilly 006F","W01001391","Total",732,66,137,480,49,364,12,31,284,37,368,54,106,196,12
"2011","Caerphilly 007A","W01001352","Total",741,72,171,445,53,375,25,29,273,48,366,47,142,172,5
"2011","Caerphilly 007B","W01001353","Total",597,49,132,353,63,327,18,41,215,53,270,31,91,138,10
"2011","Caerphilly 007C","W01001387","Total",500,30,86,322,62,269,8,22,190,49,231,22,64,132,13
"2011","Caerphilly 007D","W01001388","Total",752,56,155,480,61,399,19,33,300,47,353,37,122,180,14
"2011","Caerphilly 007E","W01001389","Total",502,36,115,292,59,266,9,21,187,49,236,27,94,105,10
"2011","Caerphilly 008A","W01001414","Total",614,41,134,393,46,321,9,35,235,42,293,32,99,158,4
"2011","Caerphilly 008B","W01001415","Total",810,62,141,524,83,425,24,38,290,73,385,38,103,234,10
"2011","Caerphilly 008C","W01001416","Total",644,42,120,422,60,337,12,25,258,42,307,30,95,164,18
"2011","Caerphilly 008D","W01001417","Total",793,39,147,528,79,401,12,29,295,65,392,27,118,233,14
"2011","Caerphilly 008E","W01001418","Total",576,33,95,383,65,295,8,17,217,53,281,25,78,166,12
"2011","Caerphilly 009A","W01001348","Total",694,55,158,425,56,348,18,44,236,50,346,37,114,189,6
"2011","Caerphilly 009B","W01001349","Total",1023,66,185,668,104,523,14,34,394,81,500,52,151,274,23
"2011","Caerphilly 009C","W01001350","Total",811,69,173,487,82,435,27,36,303,69,376,42,137,184,13
"2011","Caerphilly 009D","W01001392","Total",873,66,147,572,88,455,17,34,343,61,418,49,113,229,27
"2011","Caerphilly 010A","W01001380","Total",840,54,140,555,91,436,17,26,319,74,404,37,114,236,17
"2011","Caerphilly 010B","W01001381","Total",527,42,114,337,34,277,13,29,207,28,250,29,85,130,6
"2011","Caerphilly 010C","W01001382","Total",709,48,122,470,69,395,20,25,290,60,314,28,97,180,9
"2011","Caerphilly 010D","W01001383","Total",632,48,112,420,52,348,17,22,269,40,284,31,90,151,12
"2011","Caerphilly 011A","W01001401","Total",836,54,157,538,87,443,18,38,313,74,393,36,119,225,13
"2011","Caerphilly 011B","W01001402","Total",676,52,153,419,52,355,17,39,254,45,321,35,114,165,7
"2011","Caerphilly 011C","W01001403","Total",768,40,122,516,90,407,11,28,305,63,361,29,94,211,27
"2011","Caerphilly 011D","W01001404","Total",671,56,137,421,57,367,22,32,268,45,304,34,105,153,12
"2011","Caerphilly 011E","W01001405","Total",743,64,136,464,79,399,22,35,287,55,344,42,101,177,24
"2011","Caerphilly 012A","W01001363","Total",690,49,134,425,82,371,14,34,256,67,319,35,100,169,15
"2011","Caerphilly 012B","W01001364","Total",646,47,136,404,59,343,18,34,250,41,303,29,102,154,18
"2011","Caerphilly 012C","W01001365","Total",913,63,171,585,94,475,28,32,343,72,438,35,139,242,22
"2011","Caerphilly 012D","W01001369","Total",1004,85,182,640,97,532,29,42,382,79,472,56,140,258,18
"2011","Caerphilly 013A","W01001377","Total",705,48,142,435,80,361,14,35,253,59,344,34,107,182,21
"2011","Caerphilly 013B","W01001378","Total",597,37,134,362,64,304,14,38,207,45,293,23,96,155,19
"2011","Caerphilly 013C","W01001379","Total",694,59,124,439,72,367,16,33,260,58,327,43,91,179,14
"2011","Caerphilly 013D","W01001432","Total",1046,59,199,690,98,554,24,53,407,70,492,35,146,283,28
"2011","Caerphilly 013E","W01001433","Total",623,52,116,389,66,342,26,33,235,48,281,26,83,154,18
"2011","Caerphilly 013F","W01001434","Total",734,53,108,477,96,365,14,16,262,73,369,39,92,215,23
"2011","Caerphilly 014A","W01001327","Total",1163,77,192,777,117,594,18,42,446,88,569,59,150,331,29
"2011","Caerphilly 014B","W01001328","Total",690,53,138,438,61,366,12,43,260,51,324,41,95,178,10
"2011","Caerphilly 014C","W01001329","Total",648,61,122,404,61,328,14,26,239,49,320,47,96,165,12
"2011","Caerphilly 014D","W01001354","Total",801,48,157,533,63,431,13,36,328,54,370,35,121,205,9
"2011","Caerphilly 015A","W01001355","Total",636,51,123,403,59,338,18,24,247,49,298,33,99,156,10
"2011","Caerphilly 015B","W01001430","Total",1076,74,197,707,98,558,12,34,430,82,518,62,163,277,16
"2011","Caerphilly 015C","W01001431","Total",726,54,119,471,82,364,17,21,265,61,362,37,98,206,21
"2011","Caerphilly 016A","W01001407","Total",771,53,134,505,79,393,17,32,286,58,378,36,102,219,21
"2011","Caerphilly 016B","W01001408","Total",590,46,118,382,44,304,12,36,217,39,286,34,82,165,5
"2011","Caerphilly 016C","W01001409","Total",798,54,148,530,66,414,17,29,310,58,384,37,119,220,8
"2011","Caerphilly 016D","W01001410","Total",852,65,171,544,72,455,14,47,330,64,397,51,124,214,8
"2011","Caerphilly 017A","W01001411","Total",749,58,138,475,78,384,19,21,285,59,365,39,117,190,19
"2011","Caerphilly 017B","W01001412","Total",820,64,137,540,79,440,13,36,325,66,380,51,101,215,13
"2011","Caerphilly 017C","W01001413","Total",798,67,187,482,62,409,20,47,289,53,389,47,140,193,9
"2011","Caerphilly 018A","W01001330","Total",651,52,132,418,49,356,19,36,261,40,295,33,96,157,9
"2011","Caerphilly 018B","W01001331","Total",799,39,180,489,91,437,12,51,297,77,362,27,129,192,14
"2011","Caerphilly 018C","W01001332","Total",728,62,145,457,64,396,13,39,293,51,332,49,106,164,13
"2011","Caerphilly 018D","W01001333","Total",638,53,129,399,57,324,13,26,240,45,314,40,103,159,12
"2011","Caerphilly 019A","W01001366","Total",851,54,154,574,69,465,15,30,359,61,386,39,124,215,8
"2011","Caerphilly 019B","W01001367","Total",693,68,129,436,60,359,24,32,255,48,334,44,97,181,12
"2011","Caerphilly 019C","W01001368","Total",657,59,152,391,55,332,16,43,227,46,325,43,109,164,9
"2011","Caerphilly 019D","W01001393","Total",523,45,128,303,47,268,10,32,187,39,255,35,96,116,8
"2011","Caerphilly 019E","W01001397","Total",857,61,158,535,103,449,15,33,312,89,408,46,125,223,14
"2011","Caerphilly 019F","W01001400","Total",520,42,138,296,44,258,15,31,177,35,262,27,107,119,9
"2011","Caerphilly 020A","W01001340","Total",926,70,175,566,115,492,27,36,340,89,434,43,139,226,26
"2011","Caerphilly 020B","W01001341","Total",696,70,137,422,67,356,13,27,257,59,340,57,110,165,8
"2011","Caerphilly 020C","W01001344","Total",763,60,164,465,74,392,25,28,287,52,371,35,136,178,22
"2011","Caerphilly 020D","W01001346","Total",661,69,133,400,59,342,17,25,251,49,319,52,108,149,10
"2011","Caerphilly 021A","W01001342","Total",573,45,100,354,74,297,11,20,208,58,276,34,80,146,16
"2011","Caerphilly 021B","W01001343","Total",551,37,108,348,58,294,13,36,202,43,257,24,72,146,15
"2011","Caerphilly 021C","W01001345","Total",458,40,129,250,39,237,17,42,148,30,221,23,87,102,9
"2011","Caerphilly 021D","W01001419","Total",755,79,162,422,92,402,20,45,261,76,353,59,117,161,16
"2011","Caerphilly 022A","W01001371","Total",607,44,126,367,70,314,9,30,223,52,293,35,96,144,18
"2011","Caerphilly 022B","W01001372","Total",928,60,187,589,92,477,15,40,354,68,451,45,147,235,24
"2011","Caerphilly 022C","W01001373","Total",828,49,172,529,78,449,12,53,320,64,379,37,119,209,14
"2011","Caerphilly 022D","W01001420","Total",657,61,132,392,72,334,20,33,226,55,323,41,99,166,17
"2011","Caerphilly 022E","W01001421","Total",404,43,105,229,27,191,11,30,128,22,213,32,75,101,5
"2011","Caerphilly 022F","W01001422","Total",462,47,112,273,30,241,14,39,164,24,221,33,73,109,6
"2011","Caerphilly 023A","W01001370","Total",743,81,148,459,55,379,18,40,278,43,364,63,108,181,12
"2011","Caerphilly 023B","W01001394","Total",773,52,166,482,73,395,21,31,284,59,378,31,135,198,14
"2011","Caerphilly 023C","W01001395","Total",553,32,127,365,29,292,9,33,223,27,261,23,94,142,2
"2011","Caerphilly 023D","W01001396","Total",575,49,119,354,53,294,15,34,210,35,281,34,85,144,18
"2011","Caerphilly 023E","W01001399","Total",621,56,129,380,56,327,18,28,241,40,294,38,101,139,16
"2011","Caerphilly 024A","W01001398","Total",1435,93,221,946,175,735,29,41,530,135,700,64,180,416,40
"2011","Caerphilly 024B","W01001423","Total",668,61,115,415,77,358,20,32,249,57,310,41,83,166,20
"2011","Caerphilly 024C","W01001424","Total",622,45,123,399,55,322,12,36,229,45,300,33,87,170,10
"2011","Caerphilly 024D","W01001425","Total",794,58,144,513,79,426,18,34,311,63,368,40,110,202,16
"2011","Caerphilly 024E","W01001426","Total",687,50,133,408,96,367,22,32,242,71,320,28,101,166,25
"2011","Caerphilly 024F","W01001427","Total",1082,59,190,725,108,553,20,32,415,86,529,39,158,310,22
"2011","Blaenau Gwent 001A","W01001440","Total",570,46,119,354,51,278,15,18,203,42,292,31,101,151,9
"2011","Blaenau Gwent 001B","W01001441","Total",441,31,89,280,41,243,12,21,174,36,198,19,68,106,5
"2011","Blaenau Gwent 001C","W01001442","Total",577,41,128,355,53,306,17,40,206,43,271,24,88,149,10
"2011","Blaenau Gwent 001D","W01001470","Total",640,49,129,400,62,329,15,34,230,50,311,34,95,170,12
"2011","Blaenau Gwent 001E","W01001471","Total",628,54,135,394,45,341,21,40,242,38,287,33,95,152,7
"2011","Blaenau Gwent 002A","W01001446","Total",592,57,116,371,48,307,21,25,219,42,285,36,91,152,6
"2011","Blaenau Gwent 002B","W01001447","Total",589,41,129,366,53,313,14,29,224,46,276,27,100,142,7
"2011","Blaenau Gwent 002C","W01001448","Total",568,44,98,367,59,302,16,34,210,42,266,28,64,157,17
"2011","Blaenau Gwent 002D","W01001449","Total",621,43,115,413,50,324,13,25,245,41,297,30,90,168,9
"2011","Blaenau Gwent 003A","W01001472","Total",639,51,120,394,74,323,16,24,224,59,316,35,96,170,15
"2011","Blaenau Gwent 003B","W01001473","Total",393,26,111,222,34,207,8,25,145,29,186,18,86,77,5
"2011","Blaenau Gwent 003C","W01001474","Total",599,52,128,349,70,307,15,26,208,58,292,37,102,141,12
"2011","Blaenau Gwent 003D","W01001475","Total",518,43,94,328,53,268,15,15,193,45,250,28,79,135,8
"2011","Blaenau Gwent 003E","W01001480","Total",475,40,114,287,34,249,9,27,186,27,226,31,87,101,7
"2011","Blaenau Gwent 004A","W01001438","Total",580,49,120,365,46,288,23,23,204,38,292,26,97,161,8
"2011","Blaenau Gwent 004B","W01001439","Total",827,66,178,505,78,434,21,40,307,66,393,45,138,198,12
"2011","Blaenau Gwent 004C","W01001456","Total",505,41,109,311,44,261,12,30,183,36,244,29,79,128,8
"2011","Blaenau Gwent 004D","W01001457","Total",591,54,142,360,35,294,17,30,222,25,297,37,112,138,10
"2011","Blaenau Gwent 004E","W01001458","Total",692,58,138,451,45,358,22,32,264,40,334,36,106,187,5
"2011","Blaenau Gwent 005A","W01001443","Total",497,35,110,311,41,273,17,30,190,36,224,18,80,121,5
"2011","Blaenau Gwent 005B","W01001444","Total",815,48,183,528,56,427,20,45,317,45,388,28,138,211,11
"2011","Blaenau Gwent 005C","W01001445","Total",628,41,133,414,40,341,17,33,256,35,287,24,100,158,5
"2011","Blaenau Gwent 005D","W01001467","Total",744,49,175,447,73,383,12,46,270,55,361,37,129,177,18
"2011","Blaenau Gwent 005E","W01001468","Total",573,45,127,341,60,290,12,29,198,51,283,33,98,143,9
"2011","Blaenau Gwent 005F","W01001469","Total",461,36,98,283,44,236,8,30,161,37,225,28,68,122,7
"2011","Blaenau Gwent 006A","W01001462","Total",658,46,141,414,57,331,14,36,234,47,327,32,105,180,10
"2011","Blaenau Gwent 006B","W01001463","Total",880,66,158,575,81,447,17,40,328,62,433,49,118,247,19
"2011","Blaenau Gwent 006C","W01001478","Total",683,55,135,418,75,348,11,35,237,65,335,44,100,181,10
"2011","Blaenau Gwent 006D","W01001479","Total",437,32,117,257,31,216,11,29,155,21,221,21,88,102,10
"2011","Blaenau Gwent 006E","W01001481","Total",612,53,122,349,88,330,21,25,209,75,282,32,97,140,13
"2011","Blaenau Gwent 007A","W01001450","Total",521,36,117,331,37,276,11,28,204,33,245,25,89,127,4
"2011","Blaenau Gwent 007B","W01001451","Total",564,55,110,346,53,294,13,19,219,43,270,42,91,127,10
"2011","Blaenau Gwent 007C","W01001452","Total",812,45,155,529,83,432,12,33,326,61,380,33,122,203,22
"2011","Blaenau Gwent 007D","W01001459","Total",419,31,112,242,34,211,12,28,145,26,208,19,84,97,8
"2011","Blaenau Gwent 007E","W01001460","Total",820,50,163,523,84,445,18,44,315,68,375,32,119,208,16
"2011","Blaenau Gwent 007F","W01001461","Total",608,39,116,390,63,315,8,27,227,53,293,31,89,163,10
"2011","Blaenau Gwent 008A","W01001435","Total",658,53,123,424,58,359,14,28,273,44,299,39,95,151,14
"2011","Blaenau Gwent 008B","W01001436","Total",504,42,83,333,46,277,10,21,206,40,227,32,62,127,6
"2011","Blaenau Gwent 008C","W01001437","Total",669,43,141,437,48,352,14,38,261,39,317,29,103,176,9
"2011","Blaenau Gwent 008D","W01001453","Total",550,47,121,347,35,285,15,33,206,31,265,32,88,141,4
"2011","Blaenau Gwent 008E","W01001454","Total",593,47,109,390,47,308,14,28,227,39,285,33,81,163,8
"2011","Blaenau Gwent 008F","W01001455","Total",683,42,142,447,52,359,15,26,272,46,324,27,116,175,6
"2011","Blaenau Gwent 009A","W01001464","Total",567,47,101,377,42,326,14,24,251,37,241,33,77,126,5
"2011","Blaenau Gwent 009B","W01001465","Total",581,39,102,391,49,328,14,35,238,41,253,25,67,153,8
"2011","Blaenau Gwent 009C","W01001466","Total",687,47,133,453,54,394,19,36,297,42,293,28,97,156,12
"2011","Blaenau Gwent 009D","W01001476","Total",394,22,84,248,40,206,9,23,142,32,188,13,61,106,8
"2011","Blaenau Gwent 009E","W01001477","Total",628,57,126,403,42,345,21,25,262,37,283,36,101,141,5
"2011","Torfaen 001A","W01001487","Total",650,48,133,397,72,357,21,34,247,55,293,27,99,150,17
"2011","Torfaen 001B","W01001488","Total",571,40,120,356,55,307,12,25,224,46,264,28,95,132,9
"2011","Torfaen 001C","W01001489","Total",668,43,141,436,48,354,15,31,274,34,314,28,110,162,14
"2011","Torfaen 001D","W01001490","Total",606,32,101,427,46,323,7,20,256,40,283,25,81,171,6
"2011","Torfaen 002A","W01001482","Total",475,35,105,291,44,245,14,22,173,36,230,21,83,118,8
"2011","Torfaen 002B","W01001483","Total",471,41,102,295,33,249,11,26,186,26,222,30,76,109,7
"2011","Torfaen 002C","W01001484","Total",792,73,148,499,72,399,23,31,286,59,393,50,117,213,13
"2011","Torfaen 002D","W01001485","Total",438,32,97,269,40,224,7,19,165,33,214,25,78,104,7
"2011","Torfaen 002E","W01001486","Total",678,57,146,403,72,359,23,35,245,56,319,34,111,158,16
"2011","Torfaen 003A","W01001525","Total",555,59,129,310,57,297,15,28,211,43,258,44,101,99,14
"2011","Torfaen 003B","W01001529","Total",873,52,163,592,66,465,13,30,365,57,408,39,133,227,9
"2011","Torfaen 003C","W01001530","Total",615,65,166,340,44,321,17,37,234,33,294,48,129,106,11
"2011","Torfaen 003D","W01001531","Total",742,60,159,479,44,400,24,37,303,36,342,36,122,176,8
"2011","Torfaen 004A","W01001491","Total",773,77,149,470,77,408,27,30,293,58,365,50,119,177,19
"2011","Torfaen 004B","W01001496","Total",604,61,124,368,51,317,16,36,225,40,287,45,88,143,11
"2011","Torfaen 004C","W01001523","Total",723,39,149,464,71,372,12,33,274,53,351,27,116,190,18
"2011","Torfaen 004D","W01001524","Total",813,59,165,503,86,434,20,39,304,71,379,39,126,199,15
"2011","Torfaen 004E","W01001540","Total",682,55,137,436,54,354,19,30,258,47,328,36,107,178,7
"2011","Torfaen 004F","W01001541","Total",515,34,121,305,55,258,10,22,183,43,257,24,99,122,12
"2011","Torfaen 005A","W01001510","Total",694,73,149,400,72,338,25,34,225,54,356,48,115,175,18
"2011","Torfaen 005B","W01001511","Total",685,51,133,438,63,351,14,28,260,49,334,37,105,178,14
"2011","Torfaen 005C","W01001512","Total",660,60,129,413,58,346,19,29,255,43,314,41,100,158,15
"2011","Torfaen 005D","W01001513","Total",712,58,130,444,80,376,14,29,271,62,336,44,101,173,18
"2011","Torfaen 006A","W01001514","Total",569,42,101,371,55,294,11,26,214,43,275,31,75,157,12
"2011","Torfaen 006B","W01001515","Total",740,61,148,463,68,379,18,29,281,51,361,43,119,182,17
"2011","Torfaen 006C","W01001516","Total",632,49,119,415,49,343,14,25,265,39,289,35,94,150,10
"2011","Torfaen 006D","W01001517","Total",1059,60,190,708,101,551,22,32,412,85,508,38,158,296,16
"2011","Torfaen 006E","W01001518","Total",491,45,83,322,41,260,11,14,200,35,231,34,69,122,6
"2011","Torfaen 007A","W01001519","Total",562,52,112,353,45,303,16,26,217,44,259,36,86,136,1
"2011","Torfaen 007B","W01001520","Total",852,62,160,541,89,444,21,30,327,66,408,41,130,214,23
"2011","Torfaen 007C","W01001521","Total",688,64,139,436,49,361,28,29,270,34,327,36,110,166,15
"2011","Torfaen 007D","W01001522","Total",717,63,172,419,63,376,21,49,252,54,341,42,123,167,9
"2011","Torfaen 007E","W01001537","Total",636,63,136,361,76,329,20,27,221,61,307,43,109,140,15
"2011","Torfaen 008A","W01001493","Total",873,62,189,558,64,441,13,54,321,53,432,49,135,237,11
"2011","Torfaen 008B","W01001494","Total",654,48,132,422,52,342,11,37,248,46,312,37,95,174,6
"2011","Torfaen 008C","W01001495","Total",741,61,155,438,87,375,19,31,255,70,366,42,124,183,17
"2011","Torfaen 008D","W01001507","Total",863,81,173,539,70,428,24,33,318,53,435,57,140,221,17
"2011","Torfaen 009A","W01001501","Total",593,44,160,352,37,302,15,38,216,33,291,29,122,136,4
"2011","Torfaen 009B","W01001503","Total",563,41,141,336,45,273,9,27,199,38,290,32,114,137,7
"2011","Torfaen 009C","W01001536","Total",439,28,122,251,38,218,6,28,151,33,221,22,94,100,5
"2011","Torfaen 009D","W01001538","Total",519,33,127,314,45,253,8,26,182,37,266,25,101,132,8
"2011","Torfaen 009E","W01001539","Total",637,59,136,403,39,313,12,30,241,30,324,47,106,162,9
"2011","Torfaen 010A","W01001506","Total",593,46,123,361,63,338,16,37,229,56,255,30,86,132,7
"2011","Torfaen 010B","W01001526","Total",510,44,114,297,55,261,12,23,177,49,249,32,91,120,6
"2011","Torfaen 010C","W01001527","Total",506,42,91,332,41,275,11,24,210,30,231,31,67,122,11
"2011","Torfaen 010D","W01001528","Total",450,32,92,284,42,223,8,20,163,32,227,24,72,121,10
"2011","Torfaen 010E","W01001532","Total",678,65,173,374,66,356,19,34,247,56,322,46,139,127,10
"2011","Torfaen 011A","W01001497","Total",613,55,164,356,38,300,19,40,212,29,313,36,124,144,9
"2011","Torfaen 011B","W01001498","Total",426,30,94,263,39,215,9,24,153,29,211,21,70,110,10
"2011","Torfaen 011C","W01001499","Total",674,50,135,421,68,344,18,32,243,51,330,32,103,178,17
"2011","Torfaen 011D","W01001500","Total",759,53,116,510,80,377,20,20,274,63,382,33,96,236,17
"2011","Torfaen 011E","W01001502","Total",688,64,132,411,81,336,18,28,230,60,352,46,104,181,21
"2011","Torfaen 012A","W01001492","Total",1144,89,242,717,96,594,26,47,443,78,550,63,195,274,18
"2011","Torfaen 012B","W01001533","Total",934,83,178,549,124,468,22,33,318,95,466,61,145,231,29
"2011","Torfaen 012C","W01001534","Total",700,59,122,466,53,378,18,28,296,36,322,41,94,170,17
"2011","Torfaen 012D","W01001535","Total",695,53,155,413,74,359,19,42,238,60,336,34,113,175,14
"2011","Torfaen 013A","W01001504","Total",854,73,186,513,82,427,18,56,288,65,427,55,130,225,17
"2011","Torfaen 013B","W01001505","Total",994,86,173,598,137,532,24,39,357,112,462,62,134,241,25
"2011","Torfaen 013C","W01001508","Total",497,50,78,308,61,260,19,22,172,47,237,31,56,136,14
"2011","Torfaen 013D","W01001509","Total",723,68,121,430,104,376,20,28,244,84,347,48,93,186,20
"2011","Monmouthshire 001A","W01001545","Total",569,62,121,300,86,306,29,34,176,67,263,33,87,124,19
"2011","Monmouthshire 001B","W01001548","Total",1064,101,210,493,260,570,28,51,294,197,494,73,159,199,63
"2011","Monmouthshire 001C","W01001557","Total",876,86,158,520,112,428,31,34,282,81,448,55,124,238,31
"2011","Monmouthshire 001D","W01001571","Total",629,64,108,357,100,330,11,23,216,80,299,53,85,141,20
"2011","Monmouthshire 001E","W01001579","Total",676,69,125,390,92,346,28,34,217,67,330,41,91,173,25
"2011","Monmouthshire 002A","W01001546","Total",632,61,156,350,65,312,24,33,198,57,320,37,123,152,8
"2011","Monmouthshire 002C","W01001558","Total",603,53,136,344,70,314,16,36,209,53,289,37,100,135,17
"2011","Monmouthshire 002E","W01001580","Total",768,58,159,442,109,416,16,49,268,83,352,42,110,174,26
"2011","Monmouthshire 002F","W01001909","Total",1113,97,306,581,129,577,29,77,360,111,536,68,229,221,18
"2011","Monmouthshire 003A","W01001561","Total",603,60,132,318,93,323,22,41,187,73,280,38,91,131,20
"2011","Monmouthshire 003B","W01001562","Total",692,63,141,398,90,345,18,29,225,73,347,45,112,173,17
"2011","Monmouthshire 003C","W01001563","Total",453,45,101,253,54,233,8,26,155,44,220,37,75,98,10
"2011","Monmouthshire 003D","W01001564","Total",974,108,195,531,140,517,35,61,320,101,457,73,134,211,39
"2011","Monmouthshire 003E","W01001569","Total",628,52,138,350,88,324,20,40,202,62,304,32,98,148,26
"2011","Monmouthshire 004A","W01001552","Total",711,91,131,367,122,369,28,31,219,91,342,63,100,148,31
"2011","Monmouthshire 004B","W01001553","Total",1280,111,261,711,197,674,29,57,440,148,606,82,204,271,49
"2011","Monmouthshire 004C","W01001554","Total",624,62,114,307,141,329,25,27,183,94,295,37,87,124,47
"2011","Monmouthshire 004D","W01001576","Total",544,60,122,307,55,276,11,29,189,47,268,49,93,118,8
"2011","Monmouthshire 004E","W01001577","Total",484,51,118,261,54,246,10,30,161,45,238,41,88,100,9
"2011","Monmouthshire 004F","W01001599","Total",960,111,216,513,120,511,38,57,318,98,449,73,159,195,22
"2011","Monmouthshire 005A","W01001566","Total",613,54,116,314,129,332,14,40,178,100,281,40,76,136,29
"2011","Monmouthshire 005B","W01001567","Total",476,48,78,245,105,257,11,22,147,77,219,37,56,98,28
"2011","Monmouthshire 005C","W01001568","Total",906,92,181,403,230,478,26,43,229,180,428,66,138,174,50
"2011","Monmouthshire 005D","W01001575","Total",651,66,114,285,186,367,24,34,170,139,284,42,80,115,47
"2011","Monmouthshire 005E","W01001581","Total",956,98,178,481,199,505,19,42,291,153,451,79,136,190,46
"2011","Monmouthshire 006A","W01001555","Total",578,64,116,285,113,297,13,26,166,92,281,51,90,119,21
"2011","Monmouthshire 006B","W01001556","Total",544,38,119,322,65,278,12,25,189,52,266,26,94,133,13
"2011","Monmouthshire 006C","W01001560","Total",682,73,108,350,151,369,30,30,199,110,313,43,78,151,41
"2011","Monmouthshire 006D","W01001565","Total",927,117,147,411,252,519,39,35,249,196,408,78,112,162,56
"2011","Monmouthshire 006E","W01001596","Total",459,64,101,224,70,285,28,49,153,55,174,36,52,71,15
"2011","Monmouthshire 006F","W01001597","Total",771,87,135,425,124,416,30,32,256,98,355,57,103,169,26
"2011","Monmouthshire 007A","W01001549","Total",743,86,132,369,156,405,28,35,224,118,338,58,97,145,38
"2011","Monmouthshire 007B","W01001583","Total",768,84,127,387,170,417,15,31,244,127,351,69,96,143,43
"2011","Monmouthshire 007C","W01001585","Total",594,58,109,335,92,304,17,19,196,72,290,41,90,139,20
"2011","Monmouthshire 007D","W01001586","Total",1227,111,234,680,202,637,28,42,409,158,590,83,192,271,44
"2011","Monmouthshire 007E","W01001594","Total",684,87,140,310,147,360,28,41,182,109,324,59,99,128,38
"2011","Monmouthshire 007F","W01001595","Total",640,88,128,284,140,353,29,32,184,108,287,59,96,100,32
"2011","Monmouthshire 008A","W01001559","Total",590,60,121,325,84,306,21,19,199,67,284,39,102,126,17
"2011","Monmouthshire 008B","W01001584","Total",949,82,203,564,100,507,22,50,349,86,442,60,153,215,14
"2011","Monmouthshire 008C","W01001587","Total",917,65,154,582,116,489,17,34,350,88,428,48,120,232,28
"2011","Monmouthshire 008D","W01001592","Total",730,58,167,421,84,364,13,36,252,63,366,45,131,169,21
"2011","Monmouthshire 008E","W01001593","Total",911,64,167,577,103,467,19,27,345,76,444,45,140,232,27
"2011","Monmouthshire 009A","W01001542","Total",894,80,155,498,161,475,19,38,288,130,419,61,117,210,31
"2011","Monmouthshire 009B","W01001543","Total",737,99,125,405,108,395,30,24,258,83,342,69,101,147,25
"2011","Monmouthshire 009C","W01001578","Total",1078,99,193,626,160,579,29,46,378,126,499,70,147,248,34
"2011","Monmouthshire 009D","W01001590","Total",1062,116,200,544,202,597,45,46,348,158,465,71,154,196,44
"2011","Monmouthshire 010C","W01001551","Total",482,51,108,273,50,257,13,20,182,42,225,38,88,91,8
"2011","Monmouthshire 010D","W01001588","Total",804,85,168,482,69,412,26,38,297,51,392,59,130,185,18
"2011","Monmouthshire 010E","W01001589","Total",700,62,150,423,65,382,24,38,269,51,318,38,112,154,14
"2011","Monmouthshire 010F","W01001598","Total",717,62,159,413,83,390,19,28,272,71,327,43,131,141,12
"2011","Monmouthshire 010G","W01001908","Total",929,96,216,513,104,503,33,46,336,88,426,63,170,177,16
"2011","Monmouthshire 011A","W01001572","Total",743,79,149,405,110,380,28,19,245,88,363,51,130,160,22
"2011","Monmouthshire 011B","W01001573","Total",845,89,152,476,128,450,37,31,285,97,395,52,121,191,31
"2011","Monmouthshire 011C","W01001574","Total",816,69,139,502,106,425,24,35,285,81,391,45,104,217,25
"2011","Monmouthshire 011D","W01001582","Total",929,76,166,576,111,485,16,35,348,86,444,60,131,228,25
"2011","Monmouthshire 011E","W01001591","Total",882,68,156,536,122,452,9,27,325,91,430,59,129,211,31
"2011","Newport 001A","W01001623","Total",726,79,130,423,94,376,23,46,229,78,350,56,84,194,16
"2011","Newport 001B","W01001624","Total",677,49,129,419,80,331,15,15,242,59,346,34,114,177,21
"2011","Newport 001C","W01001625","Total",633,47,114,357,115,340,21,26,208,85,293,26,88,149,30
"2011","Newport 001D","W01001626","Total",616,65,119,354,78,330,22,30,211,67,286,43,89,143,11
"2011","Newport 001E","W01001627","Total",779,83,152,441,103,397,26,41,258,72,382,57,111,183,31
"2011","Newport 001F","W01001628","Total",437,56,83,247,51,214,20,17,138,39,223,36,66,109,12
"2011","Newport 002A","W01001651","Total",723,72,163,420,68,377,23,40,259,55,346,49,123,161,13
"2011","Newport 002B","W01001652","Total",600,48,181,310,61,307,15,47,196,49,293,33,134,114,12
"2011","Newport 002C","W01001653","Total",674,61,155,402,56,351,22,38,243,48,323,39,117,159,8
"2011","Newport 002D","W01001654","Total",816,75,173,491,77,413,28,30,294,61,403,47,143,197,16
"2011","Newport 002E","W01001655","Total",792,76,175,465,76,407,26,39,277,65,385,50,136,188,11
"2011","Newport 003A","W01001617","Total",437,37,130,233,37,228,9,37,148,34,209,28,93,85,3
"2011","Newport 003B","W01001618","Total",420,28,104,250,38,215,10,24,148,33,205,18,80,102,5
"2011","Newport 003C","W01001619","Total",529,48,158,288,35,260,17,35,179,29,269,31,123,109,6
"2011","Newport 003D","W01001620","Total",435,40,128,234,33,211,12,29,148,22,224,28,99,86,11
"2011","Newport 003E","W01001621","Total",499,39,140,271,49,261,10,34,176,41,238,29,106,95,8
"2011","Newport 003F","W01001622","Total",577,51,131,332,63,280,12,31,195,42,297,39,100,137,21
"2011","Newport 004A","W01001639","Total",1005,88,159,586,172,531,25,29,340,137,474,63,130,246,35
"2011","Newport 004B","W01001640","Total",517,62,100,266,89,273,17,26,151,79,244,45,74,115,10
"2011","Newport 004C","W01001641","Total",638,65,116,340,117,344,22,39,195,88,294,43,77,145,29
"2011","Newport 004D","W01001649","Total",682,40,145,375,122,369,11,39,217,102,313,29,106,158,20
"2011","Newport 004E","W01001650","Total",713,49,145,428,91,377,9,33,267,68,336,40,112,161,23
"2011","Newport 005A","W01001614","Total",522,38,144,307,33,266,9,43,190,24,256,29,101,117,9
"2011","Newport 005B","W01001615","Total",667,47,184,372,64,330,14,36,225,55,337,33,148,147,9
"2011","Newport 005C","W01001616","Total",713,49,145,453,66,370,26,30,265,49,343,23,115,188,17
"2011","Newport 005D","W01001678","Total",727,58,170,430,69,393,15,44,275,59,334,43,126,155,10
"2011","Newport 006A","W01001601","Total",605,41,156,341,67,318,17,44,201,56,287,24,112,140,11
"2011","Newport 006B","W01001681","Total",549,62,116,333,38,293,23,38,203,29,256,39,78,130,9
"2011","Newport 006C","W01001682","Total",584,42,148,342,52,286,13,34,195,44,298,29,114,147,8
"2011","Newport 006D","W01001683","Total",554,47,133,328,46,278,17,27,195,39,276,30,106,133,7
"2011","Newport 006E","W01001684","Total",781,50,148,520,63,411,10,42,312,47,370,40,106,208,16
"2011","Newport 007A","W01001675","Total",709,72,156,415,66,371,27,35,254,55,338,45,121,161,11
"2011","Newport 007B","W01001676","Total",765,82,162,453,68,403,35,41,271,56,362,47,121,182,12
"2011","Newport 007C","W01001677","Total",697,57,134,438,68,352,19,33,243,57,345,38,101,195,11
"2011","Newport 007D","W01001679","Total",566,44,141,334,47,293,19,35,199,40,273,25,106,135,7
"2011","Newport 007E","W01001680","Total",603,67,121,363,52,325,31,27,223,44,278,36,94,140,8
"2011","Newport 008A","W01001606","Total",591,65,122,365,39,294,20,34,210,30,297,45,88,155,9
"2011","Newport 008B","W01001608","Total",707,73,150,417,67,360,29,25,253,53,347,44,125,164,14
"2011","Newport 008C","W01001663","Total",572,51,141,335,45,286,19,35,194,38,286,32,106,141,7
"2011","Newport 008D","W01001665","Total",673,59,161,375,78,344,19,32,233,60,329,40,129,142,18
"2011","Newport 009A","W01001669","Total",707,66,143,403,95,371,19,27,245,80,336,47,116,158,15
"2011","Newport 009B","W01001670","Total",1180,95,240,700,145,625,34,44,436,111,555,61,196,264,34
"2011","Newport 009C","W01001672","Total",784,58,166,469,91,404,17,31,281,75,380,41,135,188,16
"2011","Newport 009D","W01001673","Total",700,64,135,420,81,365,22,28,245,70,335,42,107,175,11
"2011","Newport 009E","W01001674","Total",631,55,125,397,54,336,23,29,242,42,295,32,96,155,12
"2011","Newport 010A","W01001664","Total",498,44,133,285,36,265,10,26,198,31,233,34,107,87,5
"2011","Newport 010B","W01001666","Total",504,41,145,291,27,251,9,35,184,23,253,32,110,107,4
"2011","Newport 010C","W01001667","Total",440,32,125,246,37,215,6,26,151,32,225,26,99,95,5
"2011","Newport 010D","W01001668","Total",412,38,111,224,39,217,14,25,145,33,195,24,86,79,6
"2011","Newport 011A","W01001611","Total",587,53,140,338,56,303,13,39,207,44,284,40,101,131,12
"2011","Newport 011B","W01001612","Total",720,64,149,444,63,385,20,50,264,51,335,44,99,180,12
"2011","Newport 011C","W01001613","Total",754,57,187,450,60,396,16,53,284,43,358,41,134,166,17
"2011","Newport 011D","W01001691","Total",637,50,140,386,61,336,17,35,238,46,301,33,105,148,15
"2011","Newport 011E","W01001692","Total",862,98,188,503,73,516,49,78,327,62,346,49,110,176,11
"2011","Newport 012A","W01001600","Total",721,68,148,402,103,389,23,43,244,79,332,45,105,158,24
"2011","Newport 012B","W01001602","Total",703,48,129,415,111,366,10,28,248,80,337,38,101,167,31
"2011","Newport 012C","W01001603","Total",690,61,120,401,108,378,13,42,240,83,312,48,78,161,25
"2011","Newport 012D","W01001604","Total",635,63,125,343,104,340,17,33,209,81,295,46,92,134,23
"2011","Newport 013A","W01001642","Total",739,59,170,440,70,370,18,41,250,61,369,41,129,190,9
"2011","Newport 013B","W01001643","Total",587,49,156,332,50,300,10,45,200,45,287,39,111,132,5
"2011","Newport 013C","W01001644","Total",1422,80,252,950,140,776,19,82,559,116,646,61,170,391,24
"2011","Newport 013D","W01001690","Total",1009,81,234,612,82,528,37,63,368,60,481,44,171,244,22
"2011","Newport 013E","W01001693","Total",711,70,171,405,65,473,38,96,287,52,238,32,75,118,13
"2011","Newport 014A","W01001605","Total",611,51,127,373,60,351,14,49,246,42,260,37,78,127,18
"2011","Newport 014B","W01001685","Total",809,62,146,534,67,451,21,53,328,49,358,41,93,206,18
"2011","Newport 014C","W01001686","Total",687,58,124,426,79,355,28,31,241,55,332,30,93,185,24
"2011","Newport 014D","W01001687","Total",824,81,142,530,71,461,39,60,316,46,363,42,82,214,25
"2011","Newport 015A","W01001607","Total",440,44,108,254,34,223,16,24,158,25,217,28,84,96,9
"2011","Newport 015B","W01001609","Total",511,63,175,229,44,239,23,33,143,40,272,40,142,86,4
"2011","Newport 015C","W01001610","Total",551,43,135,317,56,284,11,25,200,48,267,32,110,117,8
"2011","Newport 015D","W01001645","Total",595,49,168,331,47,290,17,31,203,39,305,32,137,128,8
"2011","Newport 015E","W01001646","Total",568,139,168,224,37,293,44,50,168,31,275,95,118,56,6
"2011","Newport 015F","W01001647","Total",695,61,148,395,91,353,11,35,229,78,342,50,113,166,13
"2011","Newport 015G","W01001648","Total",705,72,147,426,60,358,19,28,256,55,347,53,119,170,5
"2011","Newport 016A","W01001635","Total",662,53,115,399,95,333,8,17,235,73,329,45,98,164,22
"2011","Newport 016B","W01001637","Total",720,59,148,406,107,376,14,38,236,88,344,45,110,170,19
"2011","Newport 016C","W01001638","Total",572,48,115,339,70,289,17,22,199,51,283,31,93,140,19
"2011","Newport 016D","W01001671","Total",811,66,157,504,84,405,23,29,292,61,406,43,128,212,23
"2011","Newport 017A","W01001629","Total",591,67,111,352,61,299,27,25,202,45,292,40,86,150,16
"2011","Newport 017B","W01001630","Total",531,52,140,302,37,271,22,28,192,29,260,30,112,110,8
"2011","Newport 017C","W01001631","Total",742,58,169,462,53,386,24,36,287,39,356,34,133,175,14
"2011","Newport 017D","W01001632","Total",609,51,174,350,34,314,22,51,211,30,295,29,123,139,4
"2011","Newport 018A","W01001659","Total",546,57,148,307,34,314,24,65,198,27,232,33,83,109,7
"2011","Newport 018B","W01001660","Total",677,63,182,392,40,365,17,68,244,36,312,46,114,148,4
"2011","Newport 018C","W01001661","Total",910,141,212,487,70,511,47,102,305,57,399,94,110,182,13
"2011","Newport 018D","W01001662","Total",390,35,99,219,37,229,14,48,141,26,161,21,51,78,11
"2011","Newport 019A","W01001633","Total",565,36,154,337,38,280,9,40,198,33,285,27,114,139,5
"2011","Newport 019B","W01001634","Total",668,48,164,395,61,317,9,38,226,44,351,39,126,169,17
"2011","Newport 019C","W01001688","Total",1360,83,276,883,118,690,29,60,507,94,670,54,216,376,24
"2011","Newport 019D","W01001689","Total",482,59,133,265,25,229,15,31,160,23,253,44,102,105,2
"2011","Newport 020A","W01001636","Total",1044,70,203,635,136,525,18,33,371,103,519,52,170,264,33
"2011","Newport 020C","W01001657","Total",798,57,144,456,141,410,21,32,248,109,388,36,112,208,32
"2011","Newport 020D","W01001658","Total",919,88,162,531,138,472,23,39,299,111,447,65,123,232,27
"2011","Newport 020E","W01001912","Total",758,53,131,450,124,390,16,38,249,87,368,37,93,201,37
"2011","Newport 020F","W01001913","Total",914,58,131,589,136,500,17,29,355,99,414,41,102,234,37
